0.0	0.007	0.005	0.0	0.0	0.0	0.0	100.0
0.005894020473478787	0.007	0.005	0.01937739156430341	6.390141349143365e-5	1.415905681719954e-5	2.8804518688193606e-5	99.9591541074734
0.010931453322188268	0.007	0.005	0.03497617292527197	0.00011057299664979362	4.781698183886701e-5	9.457281085426427e-5	99.92425763852209
0.017838121625366743	0.007	0.005	0.055011518106162435	0.00016452095762543577	0.0001241922372565361	0.00023667552014638537	99.8764319711283
0.024987434560376717	0.007	0.005	0.07421408694564308	0.00021015598602219403	0.00023755843700177832	0.0004364305486173773	99.82695020597069
0.03327327556275765	0.007	0.005	0.09466553720789683	0.00025252896178878085	0.0004091356881809822	0.0007219653615069341	99.76963298158933
0.042116521756992056	0.007	0.005	0.11453610974090116	0.00028783144112490516	0.0006357510392335354	0.001077282089357632	99.70849621665856
0.051775441387704076	0.007	0.005	0.13414432959149097	0.00031724313463139125	0.0009297166292673606	0.0015112594170118214	99.64176319244008
0.06204217571379733	0.007	0.005	0.15282529575475218	0.0003403895133059765	0.0012899438551815913	0.0020119058491963058	99.57087977163978
0.07297445425625887	0.007	0.005	0.1705277186822892	0.0003579028774346764	0.001721740523219649	0.0025772061818553254	99.49545674482502
0.0844916404019357	0.007	0.005	0.18700735810624683	0.0003700646660889873	0.0022242283278118835	0.0031972294403631593	99.41606017173604
0.09659677026553522	0.007	0.005	0.20221064178438147	0.0003771481561985635	0.0027985886817638835	0.003865250619601805	99.33267875412572
0.1092557914270756	0.007	0.005	0.2160737919417557	0.0003791778658212582	0.003443418403904789	0.004571418364143646	99.24555687962783
0.12246307983254201	0.007	0.005	0.22860384907430548	0.0003760203081860503	0.004157872647257803	0.0053060650012385965	99.15474316899575
0.1362059138307483	0.007	0.005	0.2398258550282626	0.0003674809166713237	0.004940164284699359	0.006057561952324203	99.06033525063904
0.15048341601775456	0.007	0.005	0.24979478541992303	0.00035348287470312586	0.005788724562063976	0.006813407357727718	98.96234957089607
0.16529603705439302	0.007	0.005	0.25857890066424444	0.0003342553081018496	0.006701782174688028	0.007560065268153186	98.86079383960337
0.18065182620116263	0.007	0.005	0.2662587266696068	0.00031044699137797795	0.007677854352943991	0.00828411514120598	98.75562415113455
0.19656631197263275	0.007	0.005	0.27292119616285615	0.0002831213124394651	0.0087158634336688	0.008973267777753136	98.64674608595833
0.2130669341112674	0.007	0.005	0.2786566966383823	0.00025362125731383614	0.009815525786552764	0.009617517615913498	98.53398475089907
0.23018867723678288	0.007	0.005	0.28355351947805557	0.00022337891351842374	0.010977140723697435	0.010209606445035742	98.41711508515854
0.24796176388565694	0.007	0.005	0.28769345123314627	0.00019373759454408733	0.012200770108238643	0.010744960686801643	98.29594610141034
0.2663974493009967	0.007	0.005	0.29115084791942936	0.00016581675264403499	0.0134852135361357	0.011221479371967477	98.17041743882417
0.2854888572742524	0.007	0.005	0.29399605636903314	0.00014041342672093123	0.014828010405747542	0.011639569505188551	98.04059291615248
0.3052294240143601	0.007	0.005	0.29629878785275326	0.00011795889821758546	0.016226735527895827	0.012002109083629123	97.90653455197388
0.32563121522132243	0.007	0.005	0.29812763262314224	9.855554308037411e-5	0.017680349735480386	0.01231388005825765	97.76817842471895
0.34673003616370973	0.007	0.005	0.2995470899243137	8.207042281868507e-5	0.019189618675569644	0.012580640296763462	97.6253009910311
0.36858227427652307	0.007	0.005	0.3006152135296947	6.823449012301862e-5	0.020756908101828755	0.012808313309566933	97.47754166427676
0.3912602985677899	0.007	0.005	0.30138274680279514	5.671931458870011e-5	0.02238584330672587	0.013002481611894913	97.32443505043749
0.41484909556124133	0.007	0.005	0.3018932950581058	4.718722339083234e-5	0.024081038944402618	0.013168140050578998	97.16543467606327
0.4394441972074745	0.007	0.005	0.3021839687653871	3.932027474735231e-5	0.02584791412514397	0.013309613986666757	96.99992791485793
0.46515009183964323	0.007	0.005	0.3022861622270553	3.283470310189522e-5	0.027692540177161017	0.013430567627765516	96.8272476362076
0.492080618072696	0.007	0.005	0.3022263149045365	2.7485722220929076e-5	0.02962163083792361	0.013534064947210019	96.64667056451583
0.5203591097786326	0.007	0.005	0.3020265569869549	2.3067257554410865e-5	0.031642514391519314	0.013622642788639866	96.45741744974897
0.5501192599760913	0.007	0.005	0.3017052473556092	1.940872329433666e-5	0.03376315628512346	0.013698388516322142	96.25864858749966
0.5815057052756833	0.007	0.005	0.3012774173147479	1.637060899200915e-5	0.03599215957478828	0.013763011372470785	96.04946142652955
0.6146749782984129	0.007	0.005	0.3007551361304446	1.3839695862350293e-5	0.03833878835077006	0.013817906875935182	95.82888596505356
0.6497954406866496	0.007	0.005	0.30014783591114097	1.1724563550925711e-5	0.04081291489161457	0.013864210716921479	95.59588720108962
0.6870463761308919	0.007	0.005	0.2994626164676304	9.951557945063564e-6	0.04342490438809889	0.013902844538097847	95.34937337032211
0.7266152928297441	0.007	0.005	0.298704559584428	8.46135013342984e-6	0.04618537270146669	0.013934554168510237	95.0882161548691
0.7686932588653032	0.007	0.005	0.2978770655080007	7.206060790186551e-6	0.049104809805185924	0.013959942454343016	94.81128378808835
0.8134682726297678	0.007	0.005	0.29698221497840843	6.146899207253763e-6	0.05219307584886222	0.013979498215732817	94.51748671868911
0.8611179333139005	0.007	0.005	0.29602113197964675	5.2522371879374476e-6	0.055458864717859276	0.013993622527999211	94.20582717039974
0.9118036791904833	0.007	0.005	0.294994300448831	4.496054180853231e-6	0.05890929498326947	0.014002652197527872	93.87543754847876
0.9656689312406552	0.007	0.005	0.2939017873187046	3.856712854795476e-6	0.06254978462359409	0.014006879049792234	93.52559258090697
1.022841859245092	0.007	0.005	0.2927433580297185	3.3160363588679158e-6	0.06638424681431733	0.014006563414532892	93.1556910660682
1.0834408791981547	0.007	0.005	0.2915185227631418	2.8586473490138894e-6	0.07041546518822799	0.014001941510799745	92.76522017217161
1.147579867114124	0.007	0.005	0.2902265718573463	2.4715026975979412e-6	0.07464543840350352	0.013993228363503404	92.35372218700464
1.2153707908680538	0.007	0.005	0.2888666424128471	2.14355095134225e-6	0.07907554299304373	0.013980618777372535	91.92077845034407
1.286923461120569	0.007	0.005	0.2874378183941242	1.8654547226437423e-6	0.08370650408856577	0.013964288333895597	91.46601194487077
1.3623426500306985	0.007	0.005	0.28593925817438	1.6293497302290102e-6	0.08853820200447465	0.013944395385746114	90.9891063858619
1.4417233657980388	0.007	0.005	0.2843703352808977	1.428629052525958e-6	0.09356937744325744	0.013921084213239369	90.48983621415483
1.5251444862357275	0.007	0.005	0.28273079119898703	1.2577514030292689e-6	0.09879725905323623	0.013894489255092611	89.9681056566964
1.612660790474001	0.007	0.005	0.2810209022770965	1.1120733049745686e-6	0.10421712704997889	0.013864740279144925	89.42399601607919
1.7042932052554958	0.007	0.005	0.27924166619922014	9.877045416444758e-7	0.1098218138243996	0.013831968428692958	88.8578216658577
1.8000171996111178	0.007	0.005	0.27739500988199023	8.813850409543777e-7	0.11560115134661292	0.013796313069098998	88.27019439449555
1.8997496231607032	0.007	0.005	0.2754840125900278	7.903806892591981e-7	0.12154139734286268	0.013757929231536561	87.6620934765041
2.0033352125377517	0.007	0.005	0.27351311995223987	7.123951999999384e-7	0.12762472414938966	0.0137169950665481	87.03493332727449
2.1105349262898296	0.007	0.005	0.27148830790148165	6.454955391143415e-7	0.13382889818372817	0.013673718289240397	86.39061546651183
2.2210224596098187	0.007	0.005	0.2694170798327498	5.880474408158813e-7	0.14012749717137368	0.01362833882271276	85.73152752619032
2.3343866677436083	0.007	0.005	0.2673083479767188	5.386631529521699e-7	0.14649048310440466	0.013581128315375486	85.06050546666317
2.450148493974535	0.007	0.005	0.2651720485302608	4.961567022638238e-7	0.15288555577563892	0.013532382931409818	84.38071109323191
2.567799075764698	0.007	0.005	0.2630183859145274	4.5950593683494657e-7	0.15928054534630412	0.013482406489512435	83.69539156566638
2.686844669494653	0.007	0.005	0.2608569900706553	4.278254452756824e-7	0.1656459419856288	0.013431490121809192	83.00761123857355
2.806852378967076	0.007	0.005	0.2586961031411127	4.003478238235069e-7	0.1719572057533095	0.013379891459731829	82.31999285375146
2.927483238796044	0.007	0.005	0.2565420353795051	3.764118796437925e-7	0.17819617095510876	0.013327819518391086	81.63454440443175
3.048503793049255	0.007	0.005	0.2543990319443898	3.554545665985421e-7	0.18435119002706904	0.013275429406141686	80.95261674753034
3.1697757854899686	0.007	0.005	0.2522695332332371	3.3700321055367e-7	0.1904161407835402	0.013222827114734147	80.27498644480944
3.2912310479932203	0.007	0.005	0.25015468210975544	3.20666011302282e-7	0.19638877890134368	0.013170081196539311	79.60201716828031
3.412842327690235	0.007	0.005	0.24805487786589653	3.061207493489921e-7	0.2022690357169356	0.013117236436230766	78.93383597710695
3.5345990946621355	0.007	0.005	0.2459702189509953	2.9310291681073434e-7	0.20805770477515662	0.013064325368428002	78.2704741989686
3.6564925434781173	0.007	0.005	0.243900768815383	2.813946583845303e-7	0.2137556771887692	0.013011375673495919	77.61195202447007
3.778509584341643	0.007	0.005	0.2418466579794509	2.7081537553287027e-7	0.21936365993790713	0.01295841349641449	76.95831098665928
3.9006329035494107	0.007	0.005	0.23980808009488974	2.6121423126353624e-7	0.22488219408834487	0.012905463975244775	76.30961270766991
4.022843872809256	0.007	0.005	0.23778524117101313	2.5246437764755486e-7	0.23031179747234448	0.012852550418254446	75.66592274196933
4.14512545516388	0.007	0.005	0.23577831135467145	2.444585462926765e-7	0.23565309353650368	0.012799693404381718	75.02729523218773
4.267463861154703	0.007	0.005	0.23378739939128437	2.3710562626442362e-7	0.24090687405721978	0.01274691036992065	74.3937647823338
4.389848891729849	0.007	0.005	0.23181254952165706	2.3032793826992133e-7	0.24607410008219713	0.012694215719349547	73.76534547032634
4.512273264816223	0.007	0.005	0.22985375479636028	2.2405900679586623e-7	0.25115586021344793	0.012641621335875028	73.14203508477935
4.634731638675931	0.007	0.005	0.22791097457561768	2.1824171819857262e-7	0.2561533200941537	0.012589137186417089	72.5238206936616
4.757219746505437	0.007	0.005	0.22598414945483353	2.1282679639384142e-7	0.261067680853638	0.012536771846554022	71.91068339376636
4.8797338703906075	0.007	0.005	0.22407321019882995	2.0777154946793482e-7	0.26590015465977146	0.012484532852852503	71.3026011536858
5.002270631062889	0.007	0.005	0.22217808137979303	2.0303884390814779e-7	0.2706519546905431	0.012432426898602156	70.69954997144598
5.12482693971512	0.007	0.005	0.2202986823667547	1.9859626278257412e-7	0.27532429215036175	0.012380459943692943	70.1015041893716
5.247400112078248	0.007	0.005	0.21843492581501164	1.9441541736486613e-7	0.27991837956326876	0.01232863724254421	69.50843601340101
5.369987828215417	0.007	0.005	0.21658671855429293	1.904713670433646e-7	0.28443542805251043	0.01227696342706351	68.92031579571211
5.492588149061926	0.007	0.005	0.21475396159469665	1.8674213734411136e-7	0.288876646875816	0.012225442556471419	68.33711203661143
5.615199467943593	0.007	0.005	0.21293655109867002	1.8320831123281468e-7	0.2932432406644548	0.012174078186930412	67.75879169382817
5.737820445783844	0.007	0.005	0.21113437954902847	1.7985268242812912e-7	0.2975364063298524	0.012122873441245333	67.18532055419219
5.8604499381316915	0.007	0.005	0.20934733698204466	1.766599600936265e-7	0.301757329969808	0.012071831076064706	66.61666362601564
5.9830869546342615	0.007	0.005	0.20757531169557336	1.73616519035932e-7	0.30590718515494636	0.012020953530460832	66.05278536442707
6.105730610360737	0.007	0.005	0.20581819104065163	1.707101853994708e-7	0.30998713111132115	0.011970242973635949	65.49364992326656
6.228380133966859	0.007	0.005	0.2040758613713005	1.6793005704185626e-7	0.3139983129291274	0.011919701325478501	64.9392211391127
6.351034843360293	0.007	0.005	0.20234820845431808	1.6526634702484557e-7	0.3179418607210041	0.011869330287658639	64.38946266168345
6.473694129479275	0.007	0.005	0.2006351177471124	1.627102491785337e-7	0.3218188891263117	0.011819131368739863	63.84433804224514
6.5963574806841025	0.007	0.005	0.19893647410265755	1.6025382527155183e-7	0.32563049812736766	0.011769105890482448	63.30381063972632
6.719024450279507	0.007	0.005	0.1972521622679475	1.5788990294448267e-7	0.329377772073467	0.011719255015613444	62.76784377933187
6.84169462402965	0.007	0.005	0.19558206735852718	1.556119865140395e-7	0.33306177881385857	0.011669579773731594	62.23640090354352
6.964367660788116	0.007	0.005	0.1939260743268776	1.5341418532388495e-7	0.33668357107386787	0.011620081056073896	61.70944540295419
7.087043243759501	0.007	0.005	0.19228406864918626	1.5129114387821717e-7	0.34024418513880106	0.011570759645327762	61.18694083480601
7.209721104878176	0.007	0.005	0.1906559360118021	1.4923798660556766e-7	0.3437446417540169	0.011521616214704397	60.668850823216985
7.332400984189065	0.007	0.005	0.18904156286541932	1.4725026378970838e-7	0.34718594514621254	0.011472651352221579	60.155139235528246
7.455082662349825	0.007	0.005	0.18744083600152384	1.453239102864829e-7	0.3505690841605162	0.01142386555477196	59.645770047524735
7.577765952509246	0.007	0.005	0.18585364267354043	1.434552058515623e-7	0.35389503221228275	0.011375259237844841	59.140707381985294
7.7004506759342215	0.007	0.005	0.18427987091970816	1.4164073839111428e-7	0.3571647468322874	0.011326832750958188	58.63991561142573
7.823136670136151	0.007	0.005	0.18271940945811618	1.398773742451129e-7	0.3603791701211756	0.01127858637955374	58.14335932469756
7.9458237888722385	0.007	0.005	0.18117214768892928	1.381622311852917e-7	0.36353922897175867	0.011230520349653264	57.65100332769648
8.068511910271978	0.007	0.005	0.17963797559526362	1.364926552707242e-7	0.36664583549300217	0.011182634828911638	57.162812611819774
8.191200920587423	0.007	0.005	0.17811678394997846	1.3486619789583235e-7	0.3696998868093723	0.011134929936823655	56.678752419769864
8.313890714193738	0.007	0.005	0.17660846431306532	1.3328059673933525e-7	0.3727022652937602	0.011087405748154425	56.19878824472336
8.4365812098407	0.007	0.005	0.17511290883172442	1.317337604702611e-7	0.375653839184839	0.011040062289798015	55.72288576671349
8.559272301900092	0.007	0.005	0.17363001083274093	1.302237484227476e-7	0.37855546163764087	0.010992899562467268	55.251011041130305
8.68196393349572	0.007	0.005	0.17215966393032892	1.287487646708623e-7	0.38140797269836996	0.010945917515082287	54.783130214827075
8.804656023373834	0.007	0.005	0.17070176290925052	1.2730713805230022e-7	0.3842121977871456	0.010899116075318743	54.31920980713867
8.92734851465672	0.007	0.005	0.1692562031334694	1.2589731636437853e-7	0.3869689490653444	0.010852495133046236	53.85921652170803
9.050041350466122	0.007	0.005	0.16782288083492214	1.2451785384560345e-7	0.389679025084779	0.01080605455167082	53.403117338377285
9.172734457672016	0.007	0.005	0.16640169329391435	1.2316740037919746e-7	0.39234321066462247	0.010759794176041193	52.95087957059079
9.295427787520943	0.007	0.005	0.16499253835954378	1.2184469792391297e-7	0.39496227800397427	0.010713713818726807	52.502470712789304
9.418121315636249	0.007	0.005	0.16359531445469871	1.2054857332781066e-7	0.3975369868565303	0.010667813261705994	52.057858441999926
9.540815001389781	0.007	0.005	0.1622099210376142	1.1927792711734812e-7	0.40006808387286397	0.010622092273058808	51.61701076470889
9.66350880415324	0.007	0.005	0.16083625840586632	1.180317292920767e-7	0.402556303169452	0.010576550602104972	51.17989595448976
9.78620267517253	0.007	0.005	0.1594742277792841	1.1680901289871559e-7	0.405002366377634	0.010531187983590163	50.74648257838775
9.908896590070583	0.007	0.005	0.15812373093305743	1.1560887289776806e-7	0.40740698349488896	0.010486004126766375	50.31673938016979
10.031590516344613	0.007	0.005	0.15678467055554166	1.1443045785770365e-7	0.4097708524260274	0.010440998728494712	49.890635394182326
10.154284429617528	0.007	0.005	0.15545695006253293	1.1327296776225471e-7	0.4120946595017215	0.010396171468196809	49.46813988625182
10.276978297386558	0.007	0.005	0.15414047376786155	1.1213564829595516e-7	0.414379079361982	0.010351522014696038	49.049222407969005
10.399672119651719	0.007	0.005	0.15283514644255206	1.110177923937273e-7	0.41662477589973773	0.010307050012261131	48.63385265640891
10.522365863910299	0.007	0.005	0.15154087400558205	1.0991872914764303e-7	0.4188324012410745	0.01026275510504079	48.222000693938355
10.645059489533983	0.007	0.005	0.15025756324870765	1.0883782381931527e-7	0.42100259641032034	0.010218636928778144	47.81363686065163
10.767752972145907	0.007	0.005	0.14898512157461088	1.0777447825560946e-7	0.4231359919459784	0.010174695102689502	47.40873169104681
10.890446303620585	0.007	0.005	0.14772345699759323	1.0672812855494781e-7	0.425233208057097	0.010130929230195878	47.00725591424599
11.013139475832569	0.007	0.005	0.14647247830913246	1.0569824082571686e-7	0.4272948545070979	0.0100873389053814	46.609180506677546
11.135832472530813	0.007	0.005	0.14523209515313282	1.0468430807631185e-7	0.42932153065644185	0.0100439237164029	46.214476716021316
11.258525285589956	0.007	0.005	0.14400221785375464	1.0368585042573798e-7	0.4313138259083444	0.010000683240214404	45.823116006422325
11.381217882507883	0.007	0.005	0.14278275773414253	1.0270240909187141e-7	0.4332723193527881	0.009957617054493757	45.43507015991363
11.503910263284975	0.007	0.005	0.14157362654166092	1.0173355227607193e-7	0.4351975808512129	0.009914724718050381	45.050311093519646
11.626602403544918	0.007	0.005	0.1403747370086751	1.0077886617833388e-7	0.4370901702868373	0.009872005791255233	44.66881103770324
11.74929428703709	0.007	0.005	0.13918600252259997	9.983795792321931e-8	0.4389506382467993	0.009829459825002244	44.29054243137129
11.871985905636501	0.007	0.005	0.13800733712310573	9.891045434138426e-8	0.4407795261698493	0.009787086361135204	43.91547792098554
11.994677251218214	0.007	0.005	0.13683865557635908	9.799599971944661e-8	0.4425773663738732	0.009744884935644856	43.543590384187134
12.117368315657345	0.007	0.005	0.1356798733688987	9.709425471606584e-8	0.44434468220939144	0.009702855078997201	43.1748529278477
12.24005907457813	0.007	0.005	0.1345309068531021	9.620489306831349e-8	0.4460819879823286	0.00966099632198193	42.80923893435829
12.362749527981332	0.007	0.005	0.13339167285910492	9.532760633466064e-8	0.44778978968245536	0.009619308182102907	42.44672193813804
12.485439675867712	0.007	0.005	0.1322620889219581	9.44620996787272e-8	0.4494685847693562	0.009577790172264752	42.08727569791806
12.608129510112622	0.007	0.005	0.13114207334951236	9.360808989240111e-8	0.4511188622078386	0.009536441803770303	41.73087421834293
12.730818998215334	0.007	0.005	0.1300315453598343	9.276530223811755e-8	0.4527411024054474	0.009495262591961427	41.37749179369807
12.853508140176823	0.007	0.005	0.12893042455777717	9.19334779474607e-8	0.4543357781112301	0.009454252037295663	41.02710284134876
12.976196935998066	0.007	0.005	0.12783863122966382	9.111236895748686e-8	0.4559033541038402	0.00941340963660123	40.67968199551166
13.09888536942942	0.007	0.005	0.12675608648028844	9.03017348869219e-8	0.45744428712352636	0.009372734888670865	40.335204150849925
13.221573440471952	0.007	0.005	0.12568271193800004	8.950134725321546e-8	0.45895902641925496	0.009332227283633494	39.99364436862785
13.34426113287621	0.007	0.005	0.12461843003586079	8.87109841264517e-8	0.46044801347000563	0.009291886313931987	39.65497796617844
13.466948454768602	0.007	0.005	0.1235631636521147	8.793043573084495e-8	0.4619116826096066	0.009251711461106605	39.31918040249659
13.589635373649408	0.007	0.005	0.12251683666555335	8.715949414987032e-8	0.4633504603714154	0.009211702217308554	38.98622745496253
13.712321889519952	0.007	0.005	0.12147937331956585	8.639796396772614e-8	0.46476476648797077	0.009171858061468738	38.656095016975534
13.83500800238156	0.007	0.005	0.12045069849978365	8.564565699122871e-8	0.46615501361451367	0.009132178470174892	38.32875918630355
13.957693712235553	0.007	0.005	0.11943073772863334	8.490239187243665e-8	0.46752160744830007	0.00909266291782218	38.00419626334996
14.080379002833059	0.007	0.005	0.11841941729332199	8.41679911854748e-8	0.46886494666949446	0.009053310881963789	37.68238279187965
14.203063866050439	0.007	0.005	0.11741666403644921	8.344228488265701e-8	0.4701854233316163	0.009014121835562681	37.36329549238983
14.325748293764143	0.007	0.005	0.11642240541916268	8.272510872662939e-8	0.47148342288180883	0.00897509524975923	37.04691128220651
14.448432294100726	0.007	0.005	0.11543656938591602	8.201630662448213e-8	0.4727593244396216	0.008936230588854874	36.7332072324491
14.571115842686734	0.007	0.005	0.1144590847515694	8.13157225113651e-8	0.47401350039800855	0.008897527325902254	36.42216069121
14.693798939523829	0.007	0.005	0.11348988073783874	8.062320922815507e-8	0.4752463171260078	0.00885898492475838	36.11374913604793
14.816481584613674	0.007	0.005	0.11252888716654538	7.993862439577492e-8	0.47645813481458676	0.008820602847972694	35.80795023548154
14.939163761708153	0.007	0.005	0.111576034580198	7.926182748351108e-8	0.4776493074243852	0.008782380561950067	35.50474188736045
15.061845470809052	0.007	0.005	0.11063125398240595	7.859268494247688e-8	0.47882018310897195	0.00874431752687437	35.20410213626154
15.184526703793331	0.007	0.005	0.10969447702357187	7.793106598628924e-8	0.47997110407527077	0.00870641320443425	34.90600923257868
15.307207460662836	0.007	0.005	0.10876563587080695	7.727684511261969e-8	0.48110240683755884	0.00866866705286987	34.610441591128094
15.429887733294654	0.007	0.005	0.10784466332711731	7.662989919077315e-8	0.4822144221622155	0.00863107853208848	34.317377829074935
15.552567513565966	0.007	0.005	0.10693149276373316	7.599010864297637e-8	0.48330747524140694	0.008593647101222256	34.02679674439959
15.67524680147875	0.007	0.005	0.10602605805560501	7.535735869299306e-8	0.4843818858574982	0.008556372216245441	33.73867729537183
15.797925588910319	0.007	0.005	0.10512829369758632	7.473153642436778e-8	0.48543796833064096	0.008519253335017204	33.452998637521546
15.920603867738086	0.007	0.005	0.10423813473846727	7.411253201729023e-8	0.48647603168378645	0.008482289914861389	33.16974010264749
16.0	0.007	0.005	0.10366605448669214	7.073900597198243e-8	0.4871383965085737	0.008458455192891422	32.98769776932245
