0.0	0.007	0.005	0.0	0.0	0.0	0.0	100.0
0.006182803903771684	0.007	0.005	0.017670773556496197	6.492202382374914e-5	1.354621149629577e-5	3.282751267076371e-5	99.95715325090384
0.011769285466713074	0.007	0.005	0.032731404900002044	0.00011643006875876362	4.818464375022031e-5	0.00011427418076246637	99.91845479580296
0.0192859989303525	0.007	0.005	0.05172197411401197	0.00017642698865755655	0.00012623849615180208	0.0002911018729521324	99.86640895455966
0.027200625109882193	0.007	0.005	0.07024342824590704	0.0002296835031259523	0.0002447591683064672	0.0005486310076657861	99.81163725965474
0.03633507331773378	0.007	0.005	0.08988486454716682	0.00028052204380583863	0.0004241991210212891	0.0009215627437740548	99.74846135370868
0.04613530914500397	0.007	0.005	0.10906516953598705	0.0003244994220305457	0.0006631423446940081	0.0013952786027496907	99.68072517495047
0.056831465474332	0.007	0.005	0.1279697423678538	0.0003620760060204489	0.000973552997167215	0.0019812003776557086	99.60684916887784
0.06822218104222805	0.007	0.005	0.14600440651827343	0.00039190926681834635	0.0013552410636828126	0.0026654836527770405	99.52823619334151
0.08035642641768159	0.007	0.005	0.16308898985008471	0.00041349080576796594	0.0018134879130626287	0.0034431196188210444	99.44455999978408
0.09315601892410452	0.007	0.005	0.1789990732853316	0.000425760692100674	0.0023478846621735727	0.004296734882211316	99.35637189768492
0.10661751428084701	0.007	0.005	0.19366990533333658	0.00042771605088381807	0.0029594866885885754	0.005208431016036491	99.26370771676935
0.12069940620072428	0.007	0.005	0.20703484752497045	0.0004186478377616331	0.003646630496461473	0.0061526756780616275	99.16686543258447
0.13538484452387065	0.007	0.005	0.21909297749505705	0.00039873467789956687	0.004407810831958452	0.00710182202166173	99.06597315144485
0.1506470512481968	0.007	0.005	0.22986452202062824	0.00036939555805455196	0.005240284342371207	0.008026585556837698	98.961227113649
0.16647287466191577	0.007	0.005	0.2394033010490619	0.00033314927158849467	0.006141463574688136	0.008901073661441376	98.85272987932406
0.18287961433424216	0.007	0.005	0.24779240586757162	0.0002930213964872587	0.007110221469017874	0.009706318482070701	98.74037563251825
0.19991608291043753	0.007	0.005	0.25512874291479565	0.00025190539235080025	0.008147325611241405	0.010431041307282571	98.62384411193646
0.21761837747814194	0.007	0.005	0.2614971240080596	0.00021223145482883468	0.009252898455063495	0.011069408063856001	98.50290395394377
0.23598237253731666	0.007	0.005	0.26696823986092943	0.0001758011492766613	0.010424521056755566	0.011619973222043039	98.3775998526435
0.2549807254722051	0.007	0.005	0.2716126785953931	0.0001436874559931739	0.011658128520412502	0.012085856423704936	98.24813505024028
0.27460340781575454	0.007	0.005	0.27551025804059415	0.00011626479022344294	0.012950667798811686	0.012474294385054312	98.11459460112142
0.29487066335061546	0.007	0.005	0.2787448963181694	9.340198566579595e-5	0.014301121699473625	0.012794789930808141	97.97685811440219
0.3158275776804942	0.007	0.005	0.28139733855607946	7.468027044616799e-5	0.015710275541112893	0.01305734461902671	97.83463803629344
0.33753567989207434	0.007	0.005	0.28354118784443505	5.955631665340099e-5	0.017180198431252035	0.01327139000394278	97.68753783641174
0.36006768484158697	0.007	0.005	0.28524184634137056	4.746289015853151e-5	0.018713880710014816	0.013445306739244094	97.53508856038899
0.38350466763063024	0.007	0.005	0.2865567995944635	3.7864647125130184e-5	0.020315012868668787	0.013586278201433117	97.37676872457989
0.4079348673995083	0.007	0.005	0.2875363834367879	3.0285182150860986e-5	0.02198786802567077	0.013700315960967536	97.21201312680267
0.4334530032410755	0.007	0.005	0.2882246167088938	2.4316902860846414e-5	0.023737218485752047	0.013792363037573498	97.0402182084764
0.4601615624455853	0.007	0.005	0.2886599939610092	1.962068250476339e-5	0.025568388608157303	0.013866432759552627	96.86073420660838
0.4881719496548224	0.007	0.005	0.2888760927556378	1.5920595554137764e-5	0.027487299025434946	0.01392574731083617	96.67285842513371
0.5176067673564191	0.007	0.005	0.2889020534492192	1.2996095746296022e-5	0.029500587303658215	0.013972869838603335	96.47582114285711
0.5486024276969669	0.007	0.005	0.2887629343545917	1.067349233261382e-5	0.031615747701012914	0.014009821511964973	96.26876963852001
0.5813129328153894	0.007	0.005	0.28847997675769177	8.817595633031428e-6	0.03384134415486671	0.0140381829888896	96.05074484500454
0.615912864615948	0.007	0.005	0.2880708212052475	7.324200921701846e-6	0.03618715964005506	0.014059178071898897	95.82066384088327
0.6526026958549234	0.007	0.005	0.2875496781800335	6.113462159094698e-6	0.0386644903391841	0.0140737437155122	95.57728757102191
0.6916137809129208	0.007	0.005	0.2869274822603644	5.1244235362920886e-6	0.0412864000340775	0.014082584818475933	95.31919164502058
0.7332147020460152	0.007	0.005	0.2862120259677209	4.310569145763315e-6	0.0440680433647027	0.014086217093410701	95.04472931062347
0.7777179429202006	0.007	0.005	0.2854080902252654	3.6363267995410276e-6	0.04702698208314551	0.01408499932579655	94.75199375852571
0.8254868700032538	0.007	0.005	0.28451757571017827	3.0743712018103075e-6	0.05018348651260747	0.014079157263973591	94.43878023194128
0.8769411048111558	0.007	0.005	0.28353967033468525	2.603591026998565e-6	0.05356068910844125	0.014068801469898626	94.10256086895765
0.9325569130285891	0.007	0.005	0.2824711168242296	2.2075792365078415e-6	0.05718436846807803	0.014053942492058599	93.74049438566865
0.9928552187742976	0.007	0.005	0.2813067192967205	1.8735278994056837e-6	0.06108189825424621	0.014034508658662752	93.34951798297413
1.058367120619247	0.007	0.005	0.28004027536870973	1.5914117972204565e-6	0.06527976026785273	0.014010374037522073	92.92658449992238
1.1295666112403564	0.007	0.005	0.2786661127878495	1.3533583301046165e-6	0.0697990765828842	0.013981404794230247	92.4691055618926
1.206794843900817	0.007	0.005	0.2771807314682177	1.1530590317184378e-6	0.07465086899106177	0.01394751586992817	91.97543602147478
1.2902421505631794	0.007	0.005	0.27558326521824966	9.85182859425617e-7	0.07983524870053793	0.013908702027984225	91.44497406997884
1.380014246319118	0.007	0.005	0.2738742965155228	8.449580446870303e-7	0.08534591974163311	0.013865018050802463	90.87772190491184
1.4762067396412784	0.007	0.005	0.2720545276737864	7.28059549233943e-7	0.09117496992430965	0.013816540105607872	90.27380520690478
1.578925256830985	0.007	0.005	0.27012449689338963	6.306636317937891e-7	0.09731411571043912	0.013763348075160647	89.63334699100321
1.6882709102453721	0.007	0.005	0.2680849261661518	5.494835764975982e-7	0.10375382598942626	0.013705527330387823	88.95656028043017
1.8043079229567915	0.007	0.005	0.26593735997823204	4.817528515885479e-7	0.11048150088226157	0.013643183146805253	88.24394583484586
1.9270297559763083	0.007	0.005	0.2636847809707613	4.2517011662064855e-7	0.11747976339150229	0.01357645827565898	87.49648855576775
2.056320817208018	0.007	0.005	0.2613322560856831	3.7783395884899965e-7	0.12472473599239799	0.013505553875708285	86.71586794415221
2.1919162008838002	0.007	0.005	0.25888756491229653	3.3817847174021377e-7	0.1321844867148649	0.013430751584972572	85.90466479999114
2.3333632520320644	0.007	0.005	0.25636173976890025	3.049148662243142e-7	0.1398178747321894	0.013352433976301875	85.06653968338802
2.479997014002969	0.007	0.005	0.2537693072812861	2.769797376969517e-7	0.14757441283084538	0.013271096285452548	84.20631278931863
2.630947014877719	0.007	0.005	0.25112794707129127	2.5348979383843336e-7	0.15539591714944267	0.013187339593935178	83.32985059256602
2.7852086269501726	0.007	0.005	0.24845704126004475	2.3370173819343968e-7	0.16322133325217603	0.013101827426698012	82.44358450825644
2.9417352278253146	0.007	0.005	0.24577595310253025	2.169839652877028e-7	0.1709920511468936	0.013015231114967635	81.55393969484213
3.099593490321325	0.007	0.005	0.24310135623762538	2.02794145790632e-7	0.17865956263001453	0.012928141782258047	80.66644883708962
3.2580786655928176	0.007	0.005	0.24044541641070336	1.9066967888378989e-7	0.18619017028018042	0.0128410070843926	79.78514880043107
3.4167620483003964	0.007	0.005	0.23781522606197122	1.8022441692438337e-7	0.19356583943753553	0.012754107808122533	78.91239301460718
3.575461221578945	0.007	0.005	0.23521354945952605	1.7114528519772943e-7	0.20078133288787733	0.012667578233647022	78.049098725386
3.734158927642819	0.007	0.005	0.2326403586181775	1.631846196003783e-7	0.20783934239595808	0.012581454496819132	77.19525664665719
3.892911656511381	0.007	0.005	0.23009444043147415	1.5614865014479311e-7	0.21474572507833536	0.01249572739411353	76.35046424265951
4.0517805360975	0.007	0.005	0.2275745515023761	1.4988518380150397e-7	0.22150624643352793	0.012410381623720098	75.51430892653889
4.2107970258398115	0.007	0.005	0.2250799563126889	1.4427303740644287e-7	0.22812515965332536	0.012325415067958433	74.68654663696356
4.369958161005562	0.007	0.005	0.2226104741145083	1.392141190034428e-7	0.234605160932739	0.012240841573673418	73.86711739774985
4.529238321465467	0.007	0.005	0.22016626960751512	1.346279183774824e-7	0.2409480117888387	0.012156684747017784	73.05607585992301
4.688604905835	0.007	0.005	0.21774759741393854	1.3044776372066388e-7	0.24715524100311168	0.012072969781250152	72.2535065128145
4.848029881821088	0.007	0.005	0.21535462430752617	1.2661819573753578e-7	0.2532286054990234	0.011989717632391872	71.4594646956712
5.007494697887657	0.007	0.005	0.21298736100717694	1.2309297469436104e-7	0.2591702475519536	0.011906942787609887	70.67395396526264
5.166989770443202	0.007	0.005	0.21064567783155397	1.198334410518457e-7	0.2649826340889588	0.011824653874281148	69.89693129043064
5.326511301217219	0.007	0.005	0.20832935815690892	1.168071204293943e-7	0.27066840697892625	0.01174285559097189	69.1283247905868
5.486057793928663	0.007	0.005	0.20603815289736663	1.1398655040525047e-7	0.2762302401511302	0.011661550702859345	68.3680518134856
5.645627815023611	0.007	0.005	0.2037718139777967	1.1134833564801457e-7	0.28167075598515584	0.011580741319137906	67.61603004226912
5.805219063522272	0.007	0.005	0.2015301073721137	1.0887240806255131e-7	0.2869924953909067	0.011500429451492988	66.87218182186538
5.964828550393778	0.007	0.005	0.19931280995353842	1.065414629738595e-7	0.2921979277169348	0.011420616985968031	66.13643311383562
6.124453148195098	0.007	0.005	0.19711970147103514	1.0434052123139242e-7	0.29728947135482225	0.01134130546232828	65.40871083397678
6.284090077569217	0.007	0.005	0.19495055789146762	1.0225657786986295e-7	0.30226950994030655	0.011262495884956583	64.68894064310034
6.4437371506870855	0.007	0.005	0.19280514842682303	1.0027831028875088e-7	0.30714039920466885	0.011184188653719947	63.97704596059936
6.6033927926304266	0.007	0.005	0.19068323570203216	9.839583100543566e-8	0.31190446637718827	0.011106383600616873	63.27294802013457
6.763055861798601	0.007	0.005	0.18858457855362884	9.660047362201526e-8	0.3165640038257634	0.011029080118232192	62.576566798292475
6.92272548081271	0.007	0.005	0.18650893452259465	9.48846128380731e-8	0.32112126379742045	0.010952277275044341	61.887821841765856
7.082400899093806	0.007	0.005	0.18445606178738996	9.324151333822677e-8	0.3255784547388779	0.010875973908514079	61.206632908777976
7.242081418862456	0.007	0.005	0.18242572017275502	9.166520437184447e-8	0.3299377398670811	0.010800168682276066	60.53292030382365
7.401766395154431	0.007	0.005	0.18041767116817525	9.015037695299184e-8	0.33420123796498696	0.010724860104379737	59.86660488379806
7.561455235834235	0.007	0.005	0.17843167794525674	8.869229688129404e-8	0.33837102416908516	0.010650046543213753	59.20760806376073
7.7211473910304145	0.007	0.005	0.176467505503386	8.728673029199855e-8	0.3424491304813877	0.010575726246373991	58.55585186526997
7.880842427179207	0.007	0.005	0.1745249197822623	8.59298847832248e-8	0.3464375483978247	0.010501897318653378	57.911258621900764
8.040539953000605	0.007	0.005	0.172603688604254	8.461835166262179e-8	0.3503382277079735	0.010428557767775385	57.27375129193943
8.200239661810324	0.007	0.005	0.17070358117932213	8.334906213864967e-8	0.35415307828173737	0.010355705494605565	56.6432532941068
8.359941257488828	0.007	0.005	0.16882436900371792	8.211924335702792e-8	0.357883969025087	0.0102833383356518	56.019688805765504
8.519644517944478	0.007	0.005	0.1669658251085795	8.092638766531306e-8	0.3615327301644685	0.01021145404158321	55.402982513587844
8.679349210502078	0.007	0.005	0.1651277250518591	7.976821787757816e-8	0.3651011520532709	0.01014005032213096	54.793059942699536
8.839055155365442	0.007	0.005	0.16330984616877467	7.86426650992647e-8	0.36859098741926044	0.010069124823197214	54.18984720796266
8.998762183311406	0.007	0.005	0.1615119680542629	7.754784365290779e-8	0.37200395117580837	0.009998675151036687	53.59327117406426
9.158470125113544	0.007	0.005	0.15973387266198033	7.648203064885396e-8	0.3753417209977951	0.009928698881295514	53.00325948836718
9.318178864428408	0.007	0.005	0.15797534370068156	7.544365202776531e-8	0.3786059391932689	0.009859193539867472	52.41974038061488
9.477888263756531	0.007	0.005	0.15623616744362617	7.443126275445812e-8	0.3817982119077682	0.009790156638997615	51.84264293151097
9.637598217328483	0.007	0.005	0.15451613212481521	7.34435368066568e-8	0.3849201109667098	0.009721585657387951	51.271896872376615
9.79730862995103	0.007	0.005	0.15281502815756717	7.247925408336601e-8	0.38797317416319205	0.009653478052406994	50.70743265767917
9.957019385275679	0.007	0.005	0.1511326484487315	7.153728785821107e-8	0.3909589053914146	0.009585831276123257	50.14918156929483
10.11673043041683	0.007	0.005	0.14946878748556283	7.061660122964756e-8	0.39387877694670087	0.00951864274173971	49.59707541351402
10.276441723065886	0.007	0.005	0.14782324189007745	6.971623551598263e-8	0.3967342291733749	0.009451909848560496	49.05104670498822
10.436153178604929	0.007	0.005	0.14619581093666434	6.883529928001364e-8	0.39952667022949023	0.009385630005855053	48.51102883848546
10.595864733570387	0.007	0.005	0.14458629586830574	6.797296614961211e-8	0.4022574779261116	0.009319800607833906	47.976955861996736
10.755576313921317	0.007	0.005	0.14299450019938928	6.712846681279744e-8	0.40492799983020067	0.009254419048411615	47.448762577216236
10.915287877348602	0.007	0.005	0.14142022927182094	6.630108685940832e-8	0.4075395546224214	0.009189482705279427	46.926384392249375
11.074999370965877	0.007	0.005	0.13986329065931125	6.549015914050802e-8	0.4100934320107895	0.009124988958636672	46.409757455763895
11.234710773618644	0.007	0.005	0.13832349373293668	6.46950627040918e-8	0.4125908940313581	0.009060935175264937	45.89881851283402
11.394422042997943	0.007	0.005	0.13680065015660853	6.391521517922984e-8	0.4150331748077887	0.008997318731013827	45.393505069347135
11.554133157949403	0.007	0.005	0.1352945734563674	6.315007253699991e-8	0.417421481814905	0.008934136994773965	44.89375524908714
11.713844055009828	0.007	0.005	0.13380507959751015	6.23991212191608e-8	0.4197569955142792	0.008871387354503126	44.39950798523717
11.873554713025104	0.007	0.005	0.13233198616442862	6.166188182210113e-8	0.4220408711950429	0.008809067184530964	43.9107027482324
12.033265110841219	0.007	0.005	0.13087511274410504	6.093790344148226e-8	0.4242742388837513	0.008747173863214538	43.42727967301201
12.192975206149939	0.007	0.005	0.1294342810939849	6.022675971778232e-8	0.4264582036101307	0.00868570478173225	42.949179614723334
12.352684977797555	0.007	0.005	0.12800931473445004	5.9528050123114715e-8	0.42859384653793886	0.008624657328298271	42.47634401349516
12.512394404630491	0.007	0.005	0.12660003912357298	5.8841396461821975e-8	0.4306822251870869	0.008564028897022258	42.00871495242556
12.672103465495313	0.007	0.005	0.12520628163590872	5.8166441178040295e-8	0.43272437395014784	0.008503816888435567	41.546235150543765
12.831812118084612	0.007	0.005	0.12382787172308106	5.750284403877957e-8	0.4347213043360481	0.008444018717875222	41.088848016097074
12.991520351822398	0.007	0.005	0.12246464043411624	5.685028511693752e-8	0.4366740061326525	0.008384631796048715	40.636497487386244
13.151228156132769	0.007	0.005	0.12111642067635299	5.6208460933461076e-8	0.4385834474712998	0.008325653541541089	40.18912811934191
13.310935509862935	0.007	0.005	0.11978304728285069	5.5577082366480526e-8	0.4404505751780711	0.008267081385063227	39.746685105891345
13.470642402437228	0.007	0.005	0.11846435681366266	5.495587538274171e-8	0.44227631548966845	0.008208912761985819	39.30911421401729
13.630348791549357	0.007	0.005	0.11716018788433714	5.434457635181652e-8	0.44406157402499546	0.008151145128058831	38.87636189276109
13.790054666624043	0.007	0.005	0.11587038062228805	5.3742936679702846e-8	0.44580723695316266	0.008093775936582219	38.44837509283528
13.94976000650927	0.007	0.005	0.11459477699766021	5.315071829802907e-8	0.44751417094011914	0.008036802654131293	38.0251013764112
14.109464811206836	0.007	0.005	0.11333322055011756	5.2567695756723495e-8	0.44918322391303706	0.00798022274947185	37.606488826461685
14.269169048988257	0.007	0.005	0.11208555678984711	5.199365072944891e-8	0.4508152249159419	0.00792403371261171	37.19248617982344
14.428872688125397	0.007	0.005	0.11085163292118341	5.1428374180259896e-8	0.45241098486510756	0.007868233043576402	36.78304273548849
14.588575718043826	0.007	0.005	0.10963129766336584	5.0871667766583694e-8	0.45397129714925527	0.00781281824529413	36.3781082951286
14.7482781493225	0.007	0.005	0.10842440124109895	5.032334339305272e-8	0.4554969379940599	0.0077577868240383	35.97763315996194
14.907979971387071	0.007	0.005	0.10723079568946269	4.9783218723457855e-8	0.456988666428962	0.007703136304288843	35.58156823192999
15.06768115251021	0.007	0.005	0.10605033482697579	4.925111660470686e-8	0.4584472246813349	0.0076488642286374805	35.18986500475877
15.227381671541476	0.007	0.005	0.10488287399847415	4.8726867652068115e-8	0.45987333884123055	0.007594968147006274	34.80247547864036
15.38708151790716	0.007	0.005	0.10372827006184013	4.821030989802291e-8	0.461267719205447	0.007541445616908424	34.419352155829586
15.546780681033677	0.007	0.005	0.10258638144999027	4.7701287406863475e-8	0.4626310605252741	0.007488294207206337	34.04044806121237
15.706479139771222	0.007	0.005	0.10145706822794223	4.71996488516216e-8	0.4639640422592587	0.007435511501711101	33.665716761242415
15.866176872970268	0.007	0.005	0.100340191998042	4.6705248222259765e-8	0.46526732900089496	0.007383095095703338	33.295112332493225
16.0	0.007	0.005	0.09941374862150391	4.455162952991342e-8	0.4663370647830624	0.007339455656795843	32.98769776932261
