0.0	0.007	0.005	0.0	0.0	0.0	0.0	100.0
0.00019627723746062754	0.007	0.005	2.5733736525972575e-5	0.00017536734223334434	1.4603851890397583e-9	2.8224067071989153e-6	99.99853978968245
0.00028591096541205304	0.007	0.005	3.7484879127389723e-5	0.0002260281317624142	3.0986971372343644e-9	5.515930336385056e-6	99.9978729640023
0.0004444531590111656	0.007	0.005	5.826903675492344e-5	0.00028731027359227285	7.487757047633486e-9	1.1631515267599205e-5	99.99669350809285
0.0005779195865744654	0.007	0.005	7.576487707025502e-5	0.0003199383694721161	1.2659589648575927e-8	1.7684102740467557e-5	99.99570061116586
0.0007464372052184823	0.007	0.005	9.785420191420319e-5	0.00034577669796552625	2.1117985303260985e-8	2.6058421921778846e-5	99.99444697196073
0.0009170340098383759	0.007	0.005	0.00012021458429980873	0.0003611972994837286	3.1872615602662794e-8	3.5047729580339764e-5	99.9931778812479
0.001113258760102859	0.007	0.005	0.0001459322159216037	0.0003712459553122671	4.69696241387666e-8	4.5753693814844885e-5	99.9917181609982
0.00132490135423484	0.007	0.005	0.0001736683308949192	0.0003769969797384973	6.652244853405533e-8	5.754299167970652e-5	99.9901437709541
0.0015639233177668617	0.007	0.005	0.0002049897978798178	0.0003802269668297348	9.268410859101129e-8	7.101260345583149e-5	99.98836573807343
0.001830053846309813	0.007	0.005	0.00023986013018131	0.00038186832802760334	1.2690311932885031e-7	8.61024786234009e-5	99.98638608761837
0.002133358391640414	0.007	0.005	0.00027959684445655385	0.0003826398710304864	1.7244008630126839e-7	0.00010335181272107164	99.98412996064837
0.0024807071641237913	0.007	0.005	0.0003250981178350429	0.000382957780202715	2.3314316576091275e-7	0.0001231320025747384	99.98154627379324
0.002886571911051778	0.007	0.005	0.0003782569155211566	0.0003830667213185557	3.1563924323122935e-7	0.00014625566829558394	99.97852741173104
0.0033686750178652664	0.007	0.005	0.00044139019379308396	0.0003830898452464281	4.2982380828895864e-7	0.00017372617194179787	99.9749415996636
0.003956457778978	0.007	0.005	0.0005183465322120649	0.0003830819901415348	5.928153994432425e-7	0.00020721740846892808	99.97056993184114
0.004694460464478599	0.007	0.005	0.0006149455915515792	0.00038306252132863704	8.344400169541473e-7	0.0002492643193687338	99.96508126544808
0.005654674428788819	0.007	0.005	0.0007405887197794142	0.0003830353381927881	1.2104069865139862e-6	0.00030396464383600783	99.95794042259557
0.006914458180525643	0.007	0.005	0.000905358729582422	0.0003829993176909109	1.8092202129232973e-6	0.0003757186466056217	99.948572536594
0.008384155445811912	0.007	0.005	0.0010974812171164264	0.0003829563316173098	2.6590663284352707e-6	0.0004594117950923899	99.93764482093071
0.009817748446719829	0.007	0.005	0.0012847776691912113	0.0003829103399082404	3.6448006395915616e-6	0.0005410314861606913	99.9269867042614
0.011095684504078798	0.007	0.005	0.0014516492715967821	0.0003828656672925393	4.653878729432654e-6	0.0006137745310030307	99.91748678492742
0.012238134363810925	0.007	0.005	0.0016007585998471575	0.00038283160640176396	5.659907812623439e-6	0.0006787933814775705	99.90899480730204
0.013310384457191158	0.007	0.005	0.0017406450256080167	0.0003828052819798482	6.693296228979692e-6	0.0007398066978453908	99.9010252901968
0.014369420383605527	0.007	0.005	0.0018787499187507505	0.00038277890078257024	7.798637827220187e-6	0.0008000585465054283	99.8931546116204
0.01544741845992242	0.007	0.005	0.0020192688217907048	0.0003827501432475063	9.01013621107798e-6	0.0008613795338301032	99.88514364455719
0.01655385769576178	0.007	0.005	0.0021634334394581923	0.0003827192677212185	1.0344132331655953e-5	0.0009243081904601116	99.87692198974108
0.017682930621736256	0.007	0.005	0.0023104827891276196	0.0003826869861447266	1.17998825652724e-5	0.0009885134750848314	99.86853284765095
0.018822335229882206	0.007	0.005	0.0024588118575657484	0.000382654053403864	1.3365604884919058e-5	0.0010532953390640263	99.86006765431593
0.01996119975680984	0.007	0.005	0.002607004520083462	0.0003826211177904571	1.5027521746642245e-5	0.0011180355031669208	99.85160719053627
0.02222692447910165	0.007	0.005	0.0029016314020163386	0.00038256490209914853	1.8621675257261175e-5	0.0012468003095774999	99.83477757292603
0.025163453545532562	0.007	0.005	0.003283098632742155	0.0003824796400622545	2.384905227577292e-5	0.0014136239092975957	99.8129694961259
0.030941387777837392	0.007	0.005	0.004032396605281764	0.00038231560160017765	3.600479712531378e-5	0.0017416538448678197	99.77007368522221
0.04227818033147329	0.007	0.005	0.005497662979070766	0.0003819932357049721	6.702439684963265e-5	0.0023844557525101776	99.68596206075631
0.0527841061185922	0.007	0.005	0.006849739509950692	0.00038169479072020185	0.00010419082007531982	0.0029791780808399474	99.60807823434976
0.06764955755327885	0.007	0.005	0.008753377090008951	0.0003812728834262563	0.00017048425119625628	0.003819095907669544	99.49797978435559
0.08162704101316152	0.007	0.005	0.010533196620500502	0.0003808765693320578	0.00024731961394594873	0.004607146333660054	99.394568928838
0.09891630645188751	0.007	0.005	0.012721239421648857	0.0003803868063882963	0.00036156828744111235	0.005579645840956733	99.26680490040323
0.11542854593212643	0.007	0.005	0.014797097773297224	0.00037991933038830964	0.0004902693153069459	0.00650610077384274	99.144936258915
0.13425731450229	0.007	0.005	0.017147768803262475	0.0003793861955003894	0.0006600524106270227	0.0075597481472529475	99.00615302725717
0.15248302295020502	0.007	0.005	0.019406590450084693	0.0003788691836524896	0.0008474392651657446	0.008576830007345706	98.87199987456695
0.1722593628323906	0.007	0.005	0.021839278490103992	0.0003783056153993071	0.001076021895539358	0.009677309571611743	98.72663868238588
0.19158449616776624	0.007	0.005	0.024198166255355633	0.0003777495516830587	0.001324394307546916	0.010749524767240093	98.58480042862135
0.21187859975713827	0.007	0.005	0.026655988498239976	0.0003771557450292657	0.0016114022746384303	0.011872127840385032	98.43606969700086
0.23173002591073733	0.007	0.005	0.029041152286787497	0.0003765584292446358	0.0019176870504770069	0.012966869332434322	98.29080034298146
0.25194472968402754	0.007	0.005	0.03145073738935137	0.00037592451421679856	0.0022551055420765177	0.014078161392246694	98.14309288815593
0.2713689473280629	0.007	0.005	0.03374793818454437	0.00037527856957899475	0.002603206809687565	0.015142605257622014	98.00137058493551
0.2904002306788938	0.007	0.005	0.0359815203413184	0.00037459640755615656	0.0029665977223528187	0.016182180965251657	97.86271368197521
0.3081593980368416	0.007	0.005	0.038050587545374916	0.00037389900058646005	0.0033253272447013047	0.01714915491396331	97.73350203368852
0.3250730391727329	0.007	0.005	0.040007569840609394	0.0003731636249186856	0.003684333769947712	0.018067140444922237	97.61060085769462
0.34058543221167464	0.007	0.005	0.04179084217804051	0.00037241067700973706	0.004028277136152752	0.018906379958187298	97.49801758216918
0.3552267431878654	0.007	0.005	0.04346386639368872	0.0003716157865874648	0.004365621260092756	0.019695960615164824	97.3918754246419
0.36860081683719237	0.007	0.005	0.04498354751818247	0.0003708026891820289	0.004684426247740384	0.020414890490618613	97.29502108927146
0.38125595674616564	0.007	0.005	0.04641406352024439	0.00036994420380613135	0.004995356631204272	0.021092984198373847	97.20346192837475
0.3928482921846571	0.007	0.005	0.047718091091467144	0.00036906884925000144	0.0052879945687789595	0.02171211575331148	97.11966770637325
0.4039009181693515	0.007	0.005	0.048955773703155306	0.0003681451967794599	0.005573901237082878	0.022300488827265492	97.03984199837413
0.4140826613309653	0.007	0.005	0.0500910860047209	0.00036720680025333286	0.005843178891985422	0.022840704254419093	96.9663641549926
0.42388017867561006	0.007	0.005	0.0511791810380143	0.0003662170364632474	0.006107587964253335	0.02335878538431579	96.89571165382458
0.4329636607336788	0.007	0.005	0.05218415630059191	0.00036521463487525923	0.0063573259964996446	0.023837467187391007	96.83025424036656
0.44178503940503133	0.007	0.005	0.053156625654448515	0.0003641573212052418	0.006604059221730607	0.024300719083048865	96.76672792131171
0.4500147249665167	0.007	0.005	0.05406075959622952	0.0003630891151390466	0.006837947332844286	0.024731365028523307	96.70750020208699
0.4580738922658071	0.007	0.005	0.05494326135419111	0.00036196207555246637	0.007070429574041929	0.025151560679917043	96.64953480789586
0.46563581560731254	0.007	0.005	0.055768712067996294	0.0003608254561887987	0.007291642093500029	0.02554437088027572	96.59517742551928
0.473094529807976	0.007	0.005	0.056580435643324226	0.0003596258911841483	0.007512731440139941	0.025930352226664857	96.541591890127
0.48012917417905304	0.007	0.005	0.05734377406675767	0.00035841768991392816	0.0077238691695893985	0.02629297589835728	96.49108023310811
0.4871099154370603	0.007	0.005	0.05809912464142395	0.0003571423663231678	0.007935885994356849	0.02665138999720848	96.44098174807323
0.4937239195265497	0.007	0.005	0.05881283134971486	0.0003558590600216063	0.008139045280218936	0.026989589130978556	96.39353921281598
0.500320248531963	0.007	0.005	0.05952273448282532	0.00035450447937817	0.008343858941148084	0.02732547211693821	96.34624670680286
0.5065954946104109	0.007	0.005	0.0601963284282666	0.0003531423335114656	0.008540728139491248	0.027643631221482192	96.30127774711896
0.5128798805730056	0.007	0.005	0.060869193187930444	0.00035170483379253013	0.008739851688179397	0.027960845618127023	96.2562643250596
0.5188802414285012	0.007	0.005	0.06151005361491151	0.00035025997429543915	0.008931803256431553	0.028262347072636435	96.21330493654477
0.5249098141059437	0.007	0.005	0.06215246866559228	0.0003487357672069037	0.009126477792991873	0.028563900648988512	96.1701557200325
0.5306860664543553	0.007	0.005	0.0627664252302074	0.00034720419506062216	0.009314646005605522	0.028851396009506695	96.12883747981593
0.5365067927221774	0.007	0.005	0.06338365792914599	0.00034558935492085295	0.009505909881661292	0.029139671514173855	96.08721906956693
0.542100184241335	0.007	0.005	0.06397541421053309	0.00034396691748625995	0.009691253356831627	0.029415276837974444	96.04724308797367
0.547749909674672	0.007	0.005	0.06457177016511736	0.00034225733254389205	0.009879997400124864	0.029692197726674387	96.00688137138934
0.5531947616886098	0.007	0.005	0.06514520955529915	0.00034053966282121724	0.01006334854444473	0.02995763457839997	95.96799932313144
0.5587054427806102	0.007	0.005	0.06572429388580492	0.0003387309584617375	0.010250359753827338	0.030224785105550094	95.92866321869718
0.5640310743404106	0.007	0.005	0.06628270345859091	0.0003369133884865443	0.010432464024386426	0.030481483233911522	95.89066334722206
0.569430450039085	0.007	0.005	0.06684761433512629	0.0003350008242363377	0.010618460774405187	0.030740196692550983	95.85215265749225
0.5746626383482734	0.007	0.005	0.06739385278333647	0.0003330782715480563	0.010800008799927823	0.03098937017946232	95.8148491761825
0.5799755162827109	0.007	0.005	0.06794732844479257	0.00033105661103906465	0.01098567013269736	0.031240794867288008	95.77698526420691
0.5851376402444965	0.007	0.005	0.06848395569531715	0.00032902343634850427	0.011167325023175132	0.031483499686643816	95.74021008050262
0.5903869315726868	0.007	0.005	0.06902849075166109	0.00032688678342579437	0.011353316473773044	0.0317286496870294	95.7028283929702
0.5955009189938021	0.007	0.005	0.06955787325944954	0.0003247366089558765	0.011535738782292347	0.031965828907034526	95.66642427904887
0.6007085259058668	0.007	0.005	0.07009581622790757	0.0003224781972447393	0.011722737017352682	0.032205624916394684	95.62936796140728
0.6057956963914447	0.007	0.005	0.07062021836645466	0.0003202036705686204	0.011906609549019684	0.03243814601011395	95.59318250563369
0.6109833371146179	0.007	0.005	0.07115385987634522	0.0003178155876939995	0.012095328034423734	0.032673450132834625	95.55629649748964
0.6160652247253873	0.007	0.005	0.07167553056152796	0.00031540806641067615	0.012281382942237346	0.03290213807301478	95.52017623313127
0.6212552852051427	0.007	0.005	0.07220719168977421	0.0003128808796544894	0.012472601491035627	0.0331337862495404	95.48330120662168
0.6263545352666962	0.007	0.005	0.07272845603369257	0.0003103299947969996	0.012661652925396477	0.03335945601909089	95.44708524595299
0.6315710504355075	0.007	0.005	0.07326058723110876	0.00030765222492631103	0.012856254935118898	0.03358829175899373	95.41005065730587
0.6367125037965091	0.007	0.005	0.0737839545308881	0.00030494525750516366	0.013049241675324412	0.03381178402900795	95.37356303030606
0.6419824062211235	0.007	0.005	0.07431925868999598	0.00030210261443045644	0.01324826466389108	0.034038697771302556	95.33617831313143
0.647194548717101	0.007	0.005	0.07484756408644899	0.00029922356887115926	0.013446310138802788	0.034260923211250266	95.29921775933197
0.6525494197601215	0.007	0.005	0.07538916652772176	0.00029619778980881557	0.013651019552969993	0.03448690438351157	95.2612600061341
0.6578665014257628	0.007	0.005	0.07592577566539573	0.00029312595170938863	0.013855522357117244	0.03470890553588142	95.22358508013073
0.6633452374868589	0.007	0.005	0.07647748061669804	0.0002898929479817025	0.014067526586834871	0.034935119186764285	95.18478031568495
0.6688106293649728	0.007	0.005	0.07702661167551442	0.00028660051767540767	0.01428030629027908	0.03515816615561748	95.14608582104333
0.6744638466538673	0.007	0.005	0.07759332403389159	0.00028312723479467	0.014501748917760857	0.03538607773212684	95.10607808913164
0.6801358378857212	0.007	0.005	0.07816060220227194	0.00027957516482775806	0.014725299808861282	0.03561183223791278	95.06595440094566
0.6860338421139935	0.007	0.005	0.07874908927020614	0.00027581382759296407	0.014959209094451828	0.03584343298074382	95.02424984854672
0.6919966825163885	0.007	0.005	0.07934260196968258	0.0002719438194327837	0.01519718475162544	0.036074261499018136	94.98210544029723
0.6982455907128522	0.007	0.005	0.079963034076193	0.00026782021666687514	0.015448181176587443	0.03631252697957348	94.93795920832974
0.7046334675503791	0.007	0.005	0.08059562298930513	0.00026353726839600653	0.015706446097594716	0.03655218622178507	94.89285242210087
0.7114132854966807	0.007	0.005	0.08126521485053345	0.0002589230024675605	0.015982411187220394	0.03680217010536509	94.84500146128143
0.7184732627256563	0.007	0.005	0.08196049849431648	0.00025404950501472416	0.01627179574913478	0.03705762640118436	94.79519882281822
0.7261542029057084	0.007	0.005	0.08271465011255988	0.0002486771529372268	0.016588953180443334	0.037329852714938036	94.74104547646878
0.734475380735799	0.007	0.005	0.08352898183986242	0.00024278559602318334	0.016935255211946727	0.037617992364426055	94.6824131388752
0.7441533594472597	0.007	0.005	0.08447259569994539	0.0002358573384045	0.0173415367987495	0.037944156456893606	94.61426620828438
0.7559045289833295	0.007	0.005	0.08561330827922584	0.00022736364265471095	0.017839881540465268	0.03832712692530603	94.53158695358599
0.7668016264353819	0.007	0.005	0.08666619217704782	0.00021944240018835116	0.018306886295288306	0.038669389181012974	94.45498137224111
0.7767486344953349	0.007	0.005	0.08762315790617868	0.00021220050299438018	0.018737230164058042	0.03897097322934308	94.385109028612
0.7859440450609596	0.007	0.005	0.0885043291112174	0.00020551644038454707	0.019138466917897123	0.039240582110520526	94.32056222812892
0.7944605043667273	0.007	0.005	0.08931746008678111	0.00019935083091474014	0.01951297353360866	0.03948244302407841	94.26082067136788
0.8024436546688322	0.007	0.005	0.09007707883796019	0.00019360515735644465	0.01986653527099691	0.03970235277097717	94.20485454930764
0.8099314272979357	0.007	0.005	0.09078728651081187	0.00018825555654679744	0.020200344951926363	0.0399026767142522	94.15239148837998
0.8170379528452185	0.007	0.005	0.09145930200343011	0.00018322125791078863	0.020519102223071396	0.04008752993431683	94.10262665788375
0.8237815514008009	0.007	0.005	0.09209517306026756	0.00017848909712086245	0.02082331881472915	0.04025824246602391	94.0554276175168
0.8302540352762074	0.007	0.005	0.09270381244479517	0.00017399336230525315	0.021116885992756962	0.04041783251720001	94.01014839797871
0.8364592548476528	0.007	0.005	0.09328578937607135	0.00016973013051401929	0.021399775705597854	0.0405669597465745	93.96675933195152
0.8424720784862765	0.007	0.005	0.09384829572698289	0.0001656462174957714	0.021675234914337677	0.040707889178003144	93.92473466959065
0.8482862083272945	0.007	0.005	0.094390881900388	0.00016174453852417855	0.021942838813397456	0.040840857584076753	93.88411658589628
0.8539639807326461	0.007	0.005	0.09491948133659742	0.00015798161191528398	0.022205343169734906	0.040967612535518456	93.84446806107601
0.8594924018319193	0.007	0.005	0.09543298060217917	0.00015436487957452337	0.02246205313032627	0.04108813350259395	93.80587856256658
0.8649246157057862	0.007	0.005	0.09593639688506023	0.00015085818028186135	0.022715357160644416	0.04120380826779687	93.76797606647023
0.8702434202053144	0.007	0.005	0.09642820374986023	0.00014747170682415567	0.02296438666510016	0.041314465076630585	93.73087970647576
0.8754951599684125	0.007	0.005	0.09691274391992591	0.0001441748269173997	0.02321125496934236	0.04142123593519721	93.69426549363345
0.8806601326058348	0.007	0.005	0.09738824786717004	0.00014097923782128857	0.02345498815811286	0.04152386447076266	93.65827015623641
0.8857795619529093	0.007	0.005	0.0978585519216608	0.000137858546055051	0.023697490617937522	0.04162329578834084	93.62260586199197
0.8908323879378782	0.007	0.005	0.09832175594546959	0.00013482511873997105	0.023937730041774793	0.04171923026960757	93.5874188741533
0.8958558911189016	0.007	0.005	0.09878130700173933	0.00013185588134972742	0.02417744907813508	0.041812472431124154	93.55244919488655
0.9008284099173716	0.007	0.005	0.09923524810945629	0.00012896332666933918	0.024415588745233013	0.04190270496120603	93.5178472972694
0.9057841140067787	0.007	0.005	0.09968671946835929	0.00012612704084675463	0.024653763703312317	0.0419906235486289	93.48337514016042
0.9107012351182315	0.007	0.005	0.10013375510845691	0.00012335929693319054	0.024890909449082538	0.04207590879817577	93.44918392740742
0.9156114301514221	0.007	0.005	0.10057924735655403	0.00012064186370280829	0.025128537114846347	0.04215916988595808	93.41505335406328
0.9204931442462849	0.007	0.005	0.1010212519275461	0.00011798658227349092	0.025365590625865436	0.04224009469504675	93.3811331079252
0.9253759602129511	0.007	0.005	0.10146245640498534	0.00011537704989668057	0.025603495652643887	0.04231922197860915	93.34721752657036
0.9302387387357279	0.007	0.005	0.10190095735458032	0.0001128245527009072	0.02584121354537787	0.04239625229914575	93.31345336568495
0.935109317671216	0.007	0.005	0.10233926988037732	0.00011031424803906913	0.026080098151237647	0.04247166589599842	93.27964728556918
0.9399670965420328	0.007	0.005	0.10277554292441059	0.00010785680272145397	0.02631913388050404	0.042545178913129145	93.24594224831213
0.9448384202108424	0.007	0.005	0.1032121437415857	0.00010543872641226692	0.026559613253533024	0.04261722210559931	93.21215546204752
0.9497032995995323	0.007	0.005	0.10364728027741923	0.00010307003966178101	0.02680054719401483	0.04268752855655532	93.17842559040722
0.9545867851738038	0.007	0.005	0.10408319128188764	0.00010073843921973461	0.027043175225189217	0.04275648656632244	93.1445789913618
0.9594695355300001	0.007	0.005	0.10451814686377263	9.845329786421757e-5	0.02728653664190476	0.042823846511522	93.11074977981896
0.9643754681361812	0.007	0.005	0.10495427291296047	9.620336456979842e-5	0.02753182480116073	0.04288995984921805	93.07677232851815
0.9692859020374388	0.007	0.005	0.10538990262649635	9.399737865525762e-5	0.02777810818167881	0.04295459399496413	93.04277611812826
0.9742237554816331	0.007	0.005	0.10582706192866405	9.182502925950752e-5	0.02802653969323858	0.04301806812499902	93.00860259638846
0.9791710048861366	0.007	0.005	0.10626414653479489	8.969444643115658e-5	0.028276217093497917	0.043080166070578345	92.97437663517762
0.9841496828022066	0.007	0.005	0.10670309326963227	8.759616459315714e-5	0.028528257757541794	0.043141178505285274	92.9399459608393
0.9891424117198597	0.007	0.005	0.10714235901547157	8.553773358370934e-5	0.02878178844778149	0.043200904868868226	92.9054309195687
0.9941704363545911	0.007	0.005	0.10758380078830342	8.351045177445784e-5	0.029037895297401195	0.04325961050216928	92.87068483089521
0.9992170077267026	0.007	0.005	0.10802593470243939	8.152132085791799e-5	0.02929573350890976	0.04331710953909471	92.83582364208755
1.0043026690702062	0.007	0.005	0.10847054608151925	7.956233233278856e-5	0.029556361824241196	0.043373644687420665	92.80070566221755
1.0094112791261467	0.007	0.005	0.10891620803026215	7.763997285621345e-5	0.02981896316774655	0.043429043823561386	92.7654425892622
1.0145627565042001	0.007	0.005	0.10936464132308571	7.574686498607829e-5	0.03008457237709765	0.04348352933959482	92.72989718575484
1.019741546362618	0.007	0.005	0.10981447375777517	7.38890129715582e-5	0.030352399360481886	0.04353694191649617	92.69417705363166
1.0249670134555229	0.007	0.005	0.11026736804421264	7.20596151010264e-5	0.03062345833249721	0.043589485651176874	92.6581489166113
1.0302241670660772	0.007	0.005	0.11072200427999108	7.026422533966594e-5	0.03089698539845559	0.0436410131095059	92.6219164408361
1.035531882187534	0.007	0.005	0.11117999289835677	6.849656873862396e-5	0.031173977181993384	0.04369171184866581	92.58534986661792
1.0408757116220866	0.007	0.005	0.11164006404142389	6.676177945490419e-5	0.031453695286196764	0.043741445452343014	92.54854907308146
1.0462741018032644	0.007	0.005	0.11210378129253558	6.505406492816371e-5	0.031737121713820295	0.043790386495270534	92.51138739406106
1.0517131280580874	0.007	0.005	0.11256992253927625	6.33781690333452e-5	0.032023542846620165	0.04383840874506452	92.47396107330744
1.0572108646048288	0.007	0.005	0.11304000941679686	6.172874207783306e-5	0.03231392886502287	0.043885671158295766	92.43614615008974
1.06275389376828	0.007	0.005	0.11351286571552936	6.011016433951858e-5	0.03260759049909505	0.04393205693935654	92.3980353470344
1.0683599709121012	0.007	0.005	0.11398997566235895	5.8517493437577706e-5	0.0329054888277622	0.04397771263375611	92.35950704283064
1.0740161697994697	0.007	0.005	0.1144702070850732	5.695477176942892e-5	0.03320695850324491	0.04402253016827385	92.32065055380023
1.0797399791462443	0.007	0.005	0.1149550111378437	5.5417431810967e-5	0.03351295423918392	0.04406664475954108	92.28134624152733
1.085518952129798	0.007	0.005	0.11544329809610665	5.390920181938382e-5	0.033822834379910384	0.04410995640323993	92.24168010698092
1.0913703607700176	0.007	0.005	0.11593649007550254	5.242585991658599e-5	0.03413754996645912	0.044152589946864815	92.2015341552374
1.0972822292555873	0.007	0.005	0.11643353848215668	5.097084213505896e-5	0.03445648301219468	0.044194452857244756	92.16099113856536
1.1032716604577435	0.007	0.005	0.1169358401107375	4.954024606521173e-5	0.03478058352537166	0.044235660461314996	92.11993438433763
1.1093271461470693	0.007	0.005	0.11744238655563682	4.813723545033713e-5	0.03510925745222092	0.04427612715867074	92.07844342938682
1.1154656686627678	0.007	0.005	0.11795455297684242	4.675820318584791e-5	0.035443456544038646	0.044315959526431685	92.03640259668994
1.1216761851559347	0.007	0.005	0.11847137026021441	4.5406059806270523e-5	0.035782611036649065	0.04435507838526829	91.99388823342483
1.1279756063125361	0.007	0.005	0.11899419550810954	4.4077471449356366e-5	0.036127677296136446	0.044393582256133955	91.95078533169146
1.1343533583479561	0.007	0.005	0.11952209842217772	4.2775112705041287e-5	0.0364781105576694	0.04443139792278314	91.90716703562552
1.1408263276927229	0.007	0.005	0.12005642135759688	4.1495903271708754e-5	0.03683487467897035	0.044468616461339545	91.8629186923217
1.147384417993107	0.007	0.005	0.12059627265735083	4.0242297728428776e-5	0.0371974509025677	0.04450517019970741	91.81811019886136
1.154044542345034	0.007	0.005	0.12114298337323563	3.901145088269049e-5	0.0375668137396117	0.04454114333367687	91.77262692157862
1.160797096336032	0.007	0.005	0.12169570071225497	3.780561189175095e-5	0.03794247184019321	0.04457647335573857	91.72653542626719
1.1676590685466182	0.007	0.005	0.12225574751554423	3.662215451948025e-5	0.03832541351370072	0.04461123806977361	91.67972077990419
1.1746213673378623	0.007	0.005	0.12282231046255512	3.546313589517843e-5	0.0387151766330452	0.044645379787800164	91.63224609174358
1.18170111100628	0.007	0.005	0.1233967075198773	3.432613339490574e-5	0.03911276685857245	0.04467897037881447	91.58399577703267
1.1888897448914235	0.007	0.005	0.1239781655607276	3.321302506699311e-5	0.03951775336756328	0.04471195664195649	91.53502934285494
1.1962045756526962	0.007	0.005	0.12456800114135826	3.212157761620045e-5	0.039931163091161966	0.044744404930743144	91.48523017393907
1.2036376210966524	0.007	0.005	0.12516548276811096	3.105350141530078e-5	0.04035259932006379	0.04477626624351636	91.43465395587344
1.2112064342413185	0.007	0.005	0.12577192873123952	3.0006740102740693e-5	0.04078311427312921	0.044807601776921266	91.38318267281365
1.2189036501157757	0.007	0.005	0.12638665111442332	2.89828468663583e-5	0.041222348801284135	0.04483836646632476	91.33086791038488
1.2267471322996721	0.007	0.005	0.12701097327943914	2.7979930644066426e-5	0.041671384926355866	0.044868616683002446	91.27758984484298
1.234730186954331	0.007	0.005	0.12764425326932646	2.6999397324198106e-5	0.042129905163695205	0.044898311053963885	91.22339562595978
1.2428710598163262	0.007	0.005	0.12828782308416686	2.6039510214853205e-5	0.04259902644231431	0.044927501431613844	91.16816317042311
1.2511637921914411	0.007	0.005	0.12894108955447525	2.5101537291716166e-5	0.043078477785902375	0.044956149902606435	91.11193479351704
1.2596270929147473	0.007	0.005	0.12960539719787728	2.4183885901052866e-5	0.04356941686329965	0.04498430408592959	91.05458564430143
1.2682558142798037	0.007	0.005	0.13028020496152445	2.3287695020697023e-5	0.044071624922276266	0.045011929308198	90.99615273183845
1.2770692178878609	0.007	0.005	0.13096687393641226	2.241150649376936e-5	0.04458630692800241	0.04503906921375918	90.93650787879736
1.286063058513617	0.007	0.005	0.1316649192160057	2.155633857246995e-5	0.04511330319944243	0.04506569216675643	90.8756822190043
1.2952572499584944	0.007	0.005	0.13237572267558687	2.072085882148851e-5	0.04565387337283644	0.0450918380699175	90.81354363400432
1.3046485581280738	0.007	0.005	0.13309886027668108	1.990597254291187e-5	0.046207924950703076	0.04511747813503661	90.75011670804213
1.314257660002293	0.007	0.005	0.13383573905870944	1.9110464902980145e-5	0.04677678057512452	0.045142648733681436	90.68526470097629
1.3240824628199823	0.007	0.005	0.13458600145064156	1.8335135436165328e-5	0.047360424620957124	0.04516732375088814	90.61900484073534
1.334144531429239	0.007	0.005	0.13535108421726127	1.7578879349219044e-5	0.047960252202737	0.045191536217781346	90.55119500718197
1.3444430632003932	0.007	0.005	0.13613070231824867	1.684239751886563e-5	0.04857633571617631	0.04521526251695869	90.48184415601557
1.3550006529172953	0.007	0.005	0.1369263270806673	1.6124687948632e-5	0.04921015361114303	0.04523853251721786	90.41080392962976
1.365817960118959	0.007	0.005	0.1377377526572576	1.5426359692166088e-5	0.049861879247089944	0.04526132492746046	90.33807395897814
1.3769187667124234	0.007	0.005	0.13856648965194682	1.4746506842663772e-5	0.05053308658351395	0.04528366661222387	90.26349871165536
1.388305385808661	0.007	0.005	0.13941241812254587	1.408565351271192e-5	0.05122406450526225	0.045305538428211146	90.1870673354618
1.4000029580118996	0.007	0.005	0.14027709223430265	1.3442983602850906e-5	0.0519364959602326	0.04532696437619722	90.10861611563676
1.4120156588908395	0.007	0.005	0.14116048428634803	1.2818943161165246e-5	0.052670801466015126	0.04534792727489423	90.02812247048895
1.4243701625678151	0.007	0.005	0.142064194757341	1.2212800306283781e-5	0.05342878708059976	0.045368448373437176	89.94541350519033
1.437072730273253	0.007	0.005	0.1429882936071221	1.1624929668175675e-5	0.054211022428099234	0.045388512264496444	89.86045360145793
1.450151734190011	0.007	0.005	0.14393442759035288	1.1054678636078435e-5	0.05501945057750109	0.04540813752856463	89.77305979259324
1.4636157215264882	0.007	0.005	0.14490276583497974	1.050235778790207e-5	0.05585480676194114	0.04542731030644579	89.68318231072924
1.4774948809609383	0.007	0.005	0.14589499578025975	9.96738963894029e-6	0.05671918238761618	0.04544604655337654	89.59062757522914
1.4918001932436127	0.007	0.005	0.1469113810606622	9.4500282184698e-6	0.05761349177300485	0.045464333708235945	89.49533095274415
1.5065636720933413	0.007	0.005	0.14795363415848659	8.94976802591727e-6	0.058539979118828155	0.045482185091663636	89.39708848281649
1.521798729494214	0.007	0.005	0.1490220957010652	8.46681496061735e-6	0.059499741778451555	0.04549958913109658	89.29582099366908
1.5375389894343483	0.007	0.005	0.15011847015602978	8.00073338066361e-6	0.060495166548312836	0.04551655643953233	89.1913159024077
1.5538000030498005	0.007	0.005	0.15124313601640244	7.551690105702922e-6	0.06152751853682921	0.04553307606141828	89.08348178463449
1.5706163746620043	0.007	0.005	0.15239772766863666	7.119318119468155e-6	0.06259928891157404	0.04554915575659719	88.97210196368118
1.5880049752222603	0.007	0.005	0.1535825868731857	6.703754461349464e-6	0.06371185935409063	0.045564784751273964	88.85707854316074
1.6060000545749327	0.007	0.005	0.1547991708359533	6.304699471895616e-6	0.06486773855376923	0.04557996775239657	88.7381999110266
1.6246181385651968	0.007	0.005	0.15604765806731558	5.922268087209315e-6	0.06606831466563702	0.04559469372325418	88.61537299641193
1.643890745257605	0.007	0.005	0.157329160848341	5.5562237119538205e-6	0.06731595342705773	0.045608964165987025	88.48840715287191
1.6638312264553867	0.007	0.005	0.1586435037562136	5.20666122059149e-6	0.06861185608202759	0.04562276747818585	88.35723289926909
1.6844647400714174	0.007	0.005	0.1599912233199062	4.873393955843724e-6	0.06995799347172124	0.04563610209281834	88.221704379548
1.7057975005675954	0.007	0.005	0.16137155034072562	4.556485457363194e-6	0.07135510078520912	0.04564895602191613	88.08180151389139
1.7278438182623783	0.007	0.005	0.16278419140695854	4.255768465885931e-6	0.07280443214331293	0.04566132547347052	87.93745216219689
1.7505985590626514	0.007	0.005	0.16422756487942572	3.971242673769286e-6	0.07430594723802354	0.045673199185405	87.78871245547926
1.7740613648571761	0.007	0.005	0.16570037724692613	3.7027066035256323e-6	0.07585989183953684	0.04568457311328098	87.63560781899554
1.7982133035590433	0.007	0.005	0.1672001669798318	3.45004323360018e-6	0.07746524631400202	0.04569543896752971	87.4782851912351
1.8230385102714224	0.007	0.005	0.16872469203205484	3.2129502987076337e-6	0.07912114768111707	0.04570579540439214	87.31687131927909
1.848505623402337	0.007	0.005	0.17027080241879589	2.9911415916847286e-6	0.08082564730889982	0.04571563986574086	87.15159324623713
1.8745866940950993	0.007	0.005	0.17183562686239406	2.7841648894109494e-6	0.08257696489030837	0.04572497652451701	86.98265491791136
1.9012430807765217	0.007	0.005	0.1734157340206583	2.5915463001560966e-6	0.08437254100673604	0.045733810404075384	86.81032840660802
1.9284410115218178	0.007	0.005	0.17500808102386173	2.4126814143282108e-6	0.0862100803969433	0.045742152431427	86.63485283048989
1.9561409524479592	0.007	0.005	0.17660938892022968	2.2469406706456275e-6	0.08808683768271935	0.04575001508772649	86.45650296153117
1.9843094223502642	0.007	0.005	0.1782168372177695	2.0936123426256014e-6	0.09000041850464148	0.045757415248080885	86.27551292495164
2.0129109036292956	0.007	0.005	0.17982759158923686	1.9519773811156426e-6	0.09194823664246564	0.04576437099615424	86.09212833802279
2.0419161736857703	0.007	0.005	0.181439273468512	1.8212822573810557e-6	0.09392808524274128	0.04577090306669627	85.90655285709988
2.0712961549500526	0.007	0.005	0.18304960318026345	1.7007885566725461e-6	0.0959377241425154	0.045777032628273095	85.71898777351086
2.1010274984260233	0.007	0.005	0.18465670021094444	1.5897598845959484e-6	0.09797526652102145	0.045782781988219584	85.52959644787164
2.1310879861988843	0.007	0.005	0.18625881897532492	1.4874919085235303e-6	0.10003886997914122	0.04578817315216727	85.33853386317874
2.161460137679888	0.007	0.005	0.18785453308543695	1.393304940580615e-6	0.10212698836104678	0.045793228185038864	85.14592383014627
2.1921278841413168	0.007	0.005	0.18944254670773694	1.3065602114898047e-6	0.1042381477832875	0.04579796834698387	84.95188031850843
2.2230788338965937	0.007	0.005	0.1910218040468163	1.2266545534115246e-6	0.10637110585632434	0.045802414305820605	84.75649325586603
2.254301920365533	0.007	0.005	0.19259135811219644	1.1530279931152437e-6	0.1085246928095047	0.04580658565907177	84.55984357482947
2.2857888120117	0.007	0.005	0.19415043496279621	1.0851592209807906e-6	0.11069791103203383	0.045810501086642925	84.36199444848691
2.317532286555235	0.007	0.005	0.1956983446740105	1.0225681615376425e-6	0.11288982490776026	0.045814178114035514	84.16300166148247
2.3495270991497867	0.007	0.005	0.19723451845999207	9.648119320665966e-7	0.11509962224260169	0.045817633237055934	83.96290826136324
2.3817688585808434	0.007	0.005	0.19875844850181953	9.114847952273667e-7	0.11732653786069175	0.045820881824178455	83.76175170268216
2.414254584082931	0.007	0.005	0.200269710401235	8.622145291417756e-7	0.1195698929510433	0.04582393822707653	83.55956044471286
2.4469819221550297	0.007	0.005	0.20176792232769278	8.166611765575073e-7	0.12182904164615528	0.04582681575823302	83.35635891066302
2.4799495089714814	0.007	0.005	0.20325275885596306	7.745138749792041e-7	0.1241033965311505	0.04582952678873801	83.15216529033331
2.5131564276035614	0.007	0.005	0.20472392345368723	7.354891523387515e-7	0.12639239151786313	0.04583208276477793	82.9469949625705
2.5466024476566145	0.007	0.005	0.20618115719539556	6.99328226870991e-7	0.12869549860846052	0.04583449429282042	82.74085905266904
2.5802876482270523	0.007	0.005	0.2076242202512121	6.657952439398028e-7	0.13101220205136982	0.04583677117373259	82.53376679894723
2.6142125721339258	0.007	0.005	0.20905289722778025	6.346750242431745e-7	0.13334200905174648	0.045838922475422705	82.32572463115278
2.6483779796898426	0.007	0.005	0.2104669854234753	6.057714084692748e-7	0.13568443287707507	0.04584095657405683	82.11673771005674
2.6827849261732535	0.007	0.005	0.21186629721565478	5.789054216295344e-7	0.13803899819818014	0.04584288121401276	81.90680947197286
2.717434617707102	0.007	0.005	0.21325065335125945	5.539137948626936e-7	0.1404052312040789	0.04584470355040714	81.69594252760034
2.7523284457283954	0.007	0.005	0.21461988381170485	5.306474714074765e-7	0.14278266195477593	0.04584643019879241	81.4841384649058
2.787467893683246	0.007	0.005	0.2159738236606397	5.089703459906295e-7	0.1451708179991873	0.045848067274364156	81.2713984279826
2.822854546542625	0.007	0.005	0.2173123131484706	4.887580485104934e-7	0.1475692250267839	0.04584962043333124	81.05772306714604
2.858490043565974	0.007	0.005	0.2186351956945715	4.698968804170218e-7	0.14997740366554038	0.04585109490826538	80.8431128313532
2.8943760676483605	0.007	0.005	0.2199423173920544	4.52282829505356e-7	0.15239486878820577	0.04585249554223403	80.62756803672963
2.9305143149873825	0.007	0.005	0.22123352586319558	4.35820689732834e-7	0.15482112751025826	0.04585382681931099	80.41108905184224
2.966906497645039	0.007	0.005	0.2225086703837469	4.204232501254439e-7	0.15725567942746213	0.045855092893772396	80.19367628380617
3.0035542924253242	0.007	0.005	0.22376760017131328	4.0601058484300443e-7	0.15969801328325978	0.04585629761496781	79.97533048405408
3.0404593740982415	0.007	0.005	0.2250101656944676	3.925093763925132e-7	0.16214760931125	0.04585744455294252	79.75605254863243
3.077623355626679	0.007	0.005	0.22623621680776934	3.798523408888586e-7	0.16460393540160248	0.04585853701888559	79.53584387198963
3.115047806173053	0.007	0.005	0.22744560361495195	3.679776783280096e-7	0.16706644848926075	0.04585957808630165	79.3147062358931
3.1527342345871507	0.007	0.005	0.22863817617471793	3.5682858885528565e-7	0.1695345936724709	0.04586057060931354	79.09264190316671
3.1906840647533636	0.007	0.005	0.22981378401956656	3.463528363483767e-7	0.17200780285034994	0.045861517239272426	78.86965375749031
3.22889864834572	0.007	0.005	0.2309722768895572	3.3650234269393804e-7	0.17448549584860162	0.045862420440922834	78.64574522178805
3.267379234455926	0.007	0.005	0.23211350414471532	3.272328322837805e-7	0.1769670787679148	0.045863282506157635	78.42092042940605
3.306126974393017	0.007	0.005	0.2332373152993285	3.185035003374987e-7	0.17945194466859257	0.045864105567472876	78.19518418753407
3.3451429111077258	0.007	0.005	0.2343435600988841	3.102767164780255e-7	0.1819394732927295	0.045864891609944836	77.96854203017904
3.3844279578423015	0.007	0.005	0.23543208833507911	3.025177572303413e-7	0.18442903015488946	0.04586564248203798	77.74100033226806
3.423982915690518	0.007	0.005	0.23650275077491845	2.9519455589482074e-7	0.18691996815266038	0.04586635990627776	77.51256619707249
3.4638084413952037	0.007	0.005	0.23755539871318823	2.882774846695245e-7	0.1894116260593989	0.045867045488122656	77.28324763140083
3.503905056914029	0.007	0.005	0.23858988470176845	2.817391487134529e-7	0.19190332971120633	0.04586770072488792	77.05305347792778
3.5442731351943983	0.007	0.005	0.2396060626398308	2.755542034813824e-7	0.19439439173572207	0.04586832701353627	76.82199348433048
3.584912896414895	0.007	0.005	0.24060378815929373	2.696991861774756e-7	0.19688411198548836	0.045868925658030524	76.59007831117631
3.6258244042204932	0.007	0.005	0.24158291901132858	2.641523627265152e-7	0.19937177801002387	0.045869497876100465	76.35731953930815
3.667007561957466	0.007	0.005	0.2425433154534129	2.5889358801804403e-7	0.20185666556670648	0.04587004480547649	76.12372967669201
3.708462100623583	0.007	0.005	0.24348484045059196	2.5390417973850466e-7	0.20433803867623904	0.045870567509535366	75.88932221149958
3.750187586031397	0.007	0.005	0.244407360324839	2.49166800722313e-7	0.20681515087661725	0.04587106698275758	75.65411155564391
3.792183412353196	0.007	0.005	0.24531074507435377	2.446653534234205e-7	0.20928724568444018	0.045871544155586565	75.41811306533087
3.834448798419307	0.007	0.005	0.24619486875720828	2.4038488281607613e-7	0.2117535572608361	0.045871999898957544	75.18134304539274
3.8769827982234335	0.007	0.005	0.2470596101566302	2.3631148670958835e-7	0.21421331193099452	0.04587243502862965	74.94381867388319
3.9197842833855425	0.007	0.005	0.24790485284741426	2.3243223608514072e-7	0.21666572809353296	0.045872850308899725	74.70555808351351
3.9628519625281875	0.007	0.005	0.2487304860038726	2.2873509884375255e-7	0.21911001829198903	0.04587324645640893	74.46658023660336
4.006184372532192	0.007	0.005	0.24953640460889528	2.2520887269995979e-7	0.22154538966935974	0.045873624143385576	74.22690495727194
4.049779884195683	0.007	0.005	0.25032250993196414	2.2184312217631176e-7	0.2239710452654689	0.04587398400078569	73.98655288331457
4.093636711135322	0.007	0.005	0.25108871002675204	2.1862812093578723e-7	0.22638618548756534	0.045874326621219576	73.74554540080604
4.137752910276793	0.007	0.005	0.25183492004233593	2.1555479922177817e-7	0.2287900091063855	0.04587465256159194	73.50390462557613
4.182126391362186	0.007	0.005	0.2525610626616273	2.12614695279421e-7	0.23118171474326138	0.04587496234561693	73.26165333552692
4.226754926861438	0.007	0.005	0.2532670684988462	2.0979991050282785e-7	0.23356050235188505	0.04587525646614375	73.01881490172872
4.271636156304694	0.007	0.005	0.25395287636576197	2.0710306872060873e-7	0.23592557437607614	0.045875535387272244	72.77541325075735
4.3167675998602135	0.007	0.005	0.2546184336432914	2.0451727818815022e-7	0.23827613737178496	0.04587579954637112	72.53147277758632
4.362146663317967	0.007	0.005	0.25526369647601305	2.020360969921334e-7	0.24061140313802407	0.045876049355893525	72.28701830616278
4.407770661519483	0.007	0.005	0.2558886301859248	1.99653500410484e-7	0.2429305907570359	0.045876285205158226	72.04207495166186
4.453636808889674	0.007	0.005	0.2564932091761896	1.973638524044554e-7	0.24523292689803092	0.04587650746182438	71.79666816103648
4.49974225888604	0.007	0.005	0.25707741746075335	1.9516187688047723e-7	0.24751764855636443	0.04587671647350211	71.55082349216305
4.546084095148926	0.007	0.005	0.25764124848854747	1.930426336758351e-7	0.24978400328223901	0.045876912569004745	71.30456665356587
4.592659356547985	0.007	0.005	0.25818470537370947	1.910014945811629e-7	0.2520312510540356	0.045877096059666264	71.05792336402779
4.639465041058076	0.007	0.005	0.2587078008127617	1.8903412230166556e-7	0.25425866503669214	0.04587726724046757	70.81091932653997
4.686498131634415	0.007	0.005	0.25921055721484587	1.8713645000917528e-7	0.2564655333317322	0.04587742639116121	70.56358008725456
4.733755600675605	0.007	0.005	0.25969300653934513	1.853046632594753e-7	0.2586511596209022	0.04587757377722948	70.31593100937567
4.781234427190971	0.007	0.005	0.26015519023918465	1.83535182804696e-7	0.2608148643452883	0.045877709650815134	70.06799718139628
4.828931614318216	0.007	0.005	0.26059715915764403	1.8182464864712216e-7	0.2629559858080654	0.045877834251576086	69.81980332549519
4.876844188051045	0.007	0.005	0.2610189732158646	1.8016990585870409e-7	0.265073880358029	0.04587794780742586	69.57137380521262
4.9249692278817605	0.007	0.005	0.26142070136499745	1.7856799038630749e-7	0.26716792393237887	0.045878050535297685	69.32273246847346
4.9733038626695905	0.007	0.005	0.26180242119134434	1.7701611692883854e-7	0.2692375119712775	0.04587814264176439	69.07390267279465
5.021845292157101	0.007	0.005	0.26216421872310725	1.755116669565727e-7	0.2712820603964975	0.04587822432366855	68.82490717879284
5.070590799121601	0.007	0.005	0.26250618812229815	1.7405217770206335e-7	0.27330100609096963	0.045878295768678294	68.57576809394364
5.119537748653382	0.007	0.005	0.2628284312705316	1.7263533250320652e-7	0.27529380678326504	0.045878357155782354	68.32650688320918
5.168683606921394	0.007	0.005	0.26313105748099874	1.7125895099057768e-7	0.2772599416842237	0.045878408655776394	68.07714428096433
5.218025947084959	0.007	0.005	0.26341418310097287	1.6992098051325976e-7	0.2791989115203751	0.04587845043169035	67.82770026994514
5.267562458503651	0.007	0.005	0.2636779311270193	1.686194878753726e-7	0.28111023864594914	0.04587848263918644	67.57819404434065
5.317290946096171	0.007	0.005	0.2639224307624183	1.6735265203322784e-7	0.28299346672466874	0.045878505426920325	67.32864402331495
5.36720934617077	0.007	0.005	0.26414781705916024	1.661187566968797e-7	0.28484816100023386	0.04587851893688478	67.0790677823131
5.4173157257931495	0.007	0.005	0.2643542304699637	1.6491618396249383e-7	0.2866739078858408	0.04587852330471593	66.82948206802884
5.467608292065533	0.007	0.005	0.264541816450184	1.6374340802796044e-7	0.2884703148890784	0.04587851865998009	66.57990276425201
5.518085391409077	0.007	0.005	0.2647107250202554	1.6259898956774345e-7	0.29023701013408126	0.04587850512643687	66.33034490811708
5.568745512102519	0.007	0.005	0.26486111035287485	1.6148157042899507e-7	0.291973641982137	0.045878482822285085	66.0808226902942
5.619587293533336	0.007	0.005	0.26499313038470956	1.6038986844782075e-7	0.29367987885050456	0.04587845186038603	65.83134942261265
5.670609518570655	0.007	0.005	0.2651069463874112	1.5932267305181926e-7	0.2953554084307553	0.0458784123484774	65.58193758908283
5.7218111159302785	0.007	0.005	0.2652027225866609	1.5827884081624085e-7	0.29699993724652424	0.045878364389371006	65.33259884751602
5.7731911693362745	0.007	0.005	0.26528062579929784	1.572572912646369e-7	0.29861319040246953	0.045878308081127056	65.08334399850766
5.824748909639721	0.007	0.005	0.265340825048477	1.5625700319679525e-7	0.30019491076875104	0.04587824351723019	64.83418303764776
5.876483717051199	0.007	0.005	0.2653834912161589	1.5527701108459382e-7	0.3017448584920504	0.045878170786746386	64.58512515825888
5.928395119904411	0.007	0.005	0.26540879670375517	1.5431640179928982e-7	0.3032628103911705	0.04587808997447239	64.33617877098067
5.980482793346697	0.007	0.005	0.2654169151089506	1.5337431145483485e-7	0.30474855935151096	0.04587800116107597	64.08735152355739
6.032746561434044	0.007	0.005	0.26540802091736043	1.524499224427109e-7	0.30620191381539913	0.04587790442322086	63.83865030429949
6.085186482852074	0.007	0.005	0.2653822891490474	1.5154245921324305e-7	0.3076226994972602	0.0458777998335078	63.590080850141575
6.1378026828052	0.007	0.005	0.26533989510132405	1.5065118870141246e-7	0.30901075412552237	0.04587768746089454	63.34164856033708
6.1905954135760535	0.007	0.005	0.2652810141309723	1.4977541672858963e-7	0.31036592869208907	0.045877567370713565	63.09335821813424
6.243565070327719	0.007	0.005	0.26520582140296317	1.4891448545435881e-7	0.3116880873419622	0.045877439624740966	62.8452139284104
6.296712171834561	0.007	0.005	0.2651144916870566	1.4806777155228286e-7	0.3129771063589479	0.04587730428133618	62.59721922036253
6.350037376306015	0.007	0.005	0.2650071991239446	1.4723468395571235e-7	0.31423287404938177	0.045877161395493575	62.34937698526194
6.403541454798837	0.007	0.005	0.2648841170776594	1.464146623955959e-7	0.3154552896078712	0.045877011018996515	62.10168961188285
6.457225321247481	0.007	0.005	0.26474541788940636	1.4560717512922672e-7	0.31664426333268497	0.04587685320041543	61.854158858428
6.511089998565909	0.007	0.005	0.2645912727819856	1.4481171780501926e-7	0.31779971537035523	0.04587668798527661	61.60678602075227
6.565136652408001	0.007	0.005	0.2644218516086725	1.4402781146012873e-7	0.3189215759876842	0.04587651541603074	61.35957178796277
6.619366539010963	0.007	0.005	0.26423732285981527	1.4325500173034195e-7	0.3200097840142888	0.04587633553228076	61.11251649234405
6.67378105701235	0.007	0.005	0.2640378533665234	1.4249285680294455e-7	0.3210642874859252	0.045876148370679166	60.86561988269789
6.72838169856112	0.007	0.005	0.2638236083388579	1.4174096676735958e-7	0.32208504223198847	0.0458759539651469	60.618881357534946
6.783170090613996	0.007	0.005	0.26359475109932534	1.4099894187048973e-7	0.32307201226410304	0.04587575234678567	60.37229978779352
6.8381479456118	0.007	0.005	0.26335144317341536	1.4026641203158642e-7	0.32402516846256196	0.04587554354410586	60.125873749435925
6.893317102962631	0.007	0.005	0.26309384402536545	1.395430252191503e-7	0.32494448895265876	0.04587532758292425	59.879601346069485
6.948679497673343	0.007	0.005	0.26282211110613507	1.3882844687988333e-7	0.3258299581798923	0.045875104486526465	59.633480359313175
7.004237180129547	0.007	0.005	0.2625363996838549	1.3812235873878844e-7	0.32668156688589767	0.045874874275632624	59.38750816971163
7.059992288063975	0.007	0.005	0.2622368629148973	1.374244582463458e-7	0.3274993113277698	0.04587463696855207	59.141681890167355
7.115947073816929	0.007	0.005	0.2619236516433879	1.3673445744548745e-7	0.3282831933728184	0.045874392581109105	58.89599825400804
7.17210387984477	0.007	0.005	0.2615969144761809	1.3605208250128308e-7	0.32903321981960937	0.04587414112678196	58.650453731837594
7.22846515125581	0.007	0.005	0.26125679766808146	1.353770727748698e-7	0.3297494022817638	0.04587388261668315	58.405044484796186
7.285033429787403	0.007	0.005	0.2609034451135406	1.3470918025975677e-7	0.3304317568132939	0.04587361705961696	58.15976639947816
7.341811351457786	0.007	0.005	0.2605369983267376	1.3404816893999824e-7	0.33108030360659035	0.04587334446212047	57.91461510634075
7.3988016517627795	0.007	0.005	0.26015759637805275	1.3339381414610757e-7	0.33169506678689853	0.045873064828466134	57.66958596546998
7.45600714816622	0.007	0.005	0.25976537598653554	1.3274590218092524e-7	0.332276073972258	0.04587277816077385	57.42467414990518
7.5134307680777885	0.007	0.005	0.25936047131198176	1.3210422948412312e-7	0.33282335632740223	0.045872484458896794	57.17987453353439
7.57107551989809	0.007	0.005	0.2589430141361886	1.314686024685566e-7	0.33333694803205166	0.045872183720587906	56.93518182318685
7.628944509681674	0.007	0.005	0.2585131337380589	1.3083883683364666e-7	0.33381688623028377	0.04587187594143739	56.69059049515401
7.687040927238199	0.007	0.005	0.25807095698893295	1.3021475736027397e-7	0.3342632107015899	0.04587156111496552	56.446094861859166
7.7453680707510655	0.007	0.005	0.25761660816306653	1.295961971455484e-7	0.33467596385262494	0.045871239232507674	56.201688975951114
7.80392931349553	0.007	0.005	0.2571502091915933	1.2898299765420182e-7	0.33505519027130337	0.045870910283411434	55.95736677811366
7.8627281285409465	0.007	0.005	0.25667187947786996	1.2837500809841857e-7	0.3354009367335141	0.04587057425491774	55.71312200090133
7.92176808648864	0.007	0.005	0.25618173591661686	1.27772085067643e-7	0.3357132519958242	0.04587023113218436	55.46894818653353
7.981052829521208	0.007	0.005	0.2556798931211765	1.2717409258591952e-7	0.3359921865013372	0.045869880898450656	55.224838801758494
8.040586124101546	0.007	0.005	0.2551664629941262	1.2658090120841857e-7	0.3362377924869397	0.04586952353474035	54.98078702817795
8.100371795517118	0.007	0.005	0.25464155529738813	1.259923884455037e-7	0.3364501235315316	0.04586915902025931	54.73678603945614
8.160413792813676	0.007	0.005	0.25410527711153746	1.25408437894693e-7	0.33662923469063466	0.04586878733201621	54.492828742788525
8.220716134820453	0.007	0.005	0.2535577333272278	1.2482893950375135e-7	0.33677518216475594	0.04586840844515873	54.24890800734033
8.281282951691388	0.007	0.005	0.25299902629933146	1.2425378899160238e-7	0.33688802331090356	0.045868022332725744	54.00501650304357
8.342118462629234	0.007	0.005	0.25242925606975847	1.236828878334973e-7	0.33696781645856577	0.04586762896579159	53.76114679915709
8.403226985642062	0.007	0.005	0.2518485203052954	1.2311614301504467e-7	0.3370146208251526	0.045867228313410655	53.51729133286273
8.464612935279032	0.007	0.005	0.25125691434650266	1.2255346690927877e-7	0.33702849640961163	0.045866820342636574	53.27344242656359
8.526280820323556	0.007	0.005	0.2506545312613691	1.219947770852843e-7	0.33700950390324924	0.04586640501854271	53.029592305102334
8.58823541457137	0.007	0.005	0.2500414601795838	1.2143999475123194e-7	0.33695770442759626	0.04586598230305498	52.78573243301486
8.650481451223481	0.007	0.005	0.24941778930561667	1.2088904729115334e-7	0.3368731595200213	0.045865552157007945	52.541854732519134
8.71302377611429	0.007	0.005	0.24878360448093045	1.2034186686339373e-7	0.33675593110793467	0.04586511453913059	52.29795098301954
8.775867312251933	0.007	0.005	0.2481389895813562	1.1979839052217915e-7	0.336606081511716	0.04586466940629637	52.054012968008294
8.839017103346855	0.007	0.005	0.247484026117617	1.1925855982048078e-7	0.33642367331752104	0.045864216713221856	51.81003231365053
8.902478273949352	0.007	0.005	0.2468187936869873	1.1872232105244535e-7	0.3362087694316611	0.045863756412751575	51.56600065202599
8.966256056513144	0.007	0.005	0.24614336974112389	1.181896249444007e-7	0.3359614329878599	0.0458632884556693	51.32190952449824
9.030355793545585	0.007	0.005	0.24545782960596868	1.176604266463248e-7	0.33568172729896634	0.04586281279068174	51.07775038270592
9.094782922663482	0.007	0.005	0.24476224668804666	1.1713468573792193e-7	0.33536971589992903	0.0458623293645304	50.83351465444077
9.159542991440807	0.007	0.005	0.24405669236576288	1.1661236613958606e-7	0.33502546247828385	0.04586183812188397	50.589193695774945
9.224641659644625	0.007	0.005	0.24334123601307156	1.1609343605972236e-7	0.33464903084844333	0.04586133900532091	50.3447787920493
9.29008467103314	0.007	0.005	0.2426159453627845	1.1557786820697982e-7	0.33424048512739085	0.045860831955548506	50.100261272561376
9.355877894483436	0.007	0.005	0.24188088610936	1.1506563947215531e-7	0.3337998895175768	0.045860316911090444	49.85563236503227
9.4220273001639	0.007	0.005	0.241136122225607	1.1455673112819191e-7	0.33332730846655606	0.04585979380847138	49.61088329431019
9.488538943908974	0.007	0.005	0.24038171620036858	1.1405112898096037e-7	0.33282280683707793	0.04585926258234769	49.36600534835398
9.55541901350418	0.007	0.005	0.23961772857549035	1.1354882301833715e-7	0.33228644961729853	0.04585872316514434	49.12098971626765
9.622673768768962	0.007	0.005	0.23884421868775949	1.1304980794376011e-7	0.3317183024404908	0.045858175487539704	48.875827717571816
9.690309583535745	0.007	0.005	0.2380612442567171	1.1255408289034142e-7	0.3311184313424575	0.04585761947813743	48.63051065627192
9.75833292992161	0.007	0.005	0.23726886162890973	1.1206165159068639e-7	0.33048690296913963	0.04585705506360057	48.385029887252536
9.8267503484598	0.007	0.005	0.2364671261965227	1.1157252267527815e-7	0.32982378497265624	0.04585648216891274	48.13937693159485
9.895568495267886	0.007	0.005	0.23565609191844727	1.1108670944308092e-7	0.3291291456945138	0.04585590071699979	47.893543314131
9.964794089140483	0.007	0.005	0.2348358120122816	1.1060423024367935e-7	0.3284030548126702	0.04585531062918776	47.64752076092069
10.03443393590705	0.007	0.005	0.2340063387445187	1.1012510846148464e-7	0.3276455832656816	0.0458547118250183	47.40130111844506
10.104494902155611	0.007	0.005	0.23316772381932874	1.0964937281434886e-7	0.32685680370579884	0.04585410422249498	47.1548764531035
10.174983916304969	0.007	0.005	0.23232001844679923	1.0917705739234768e-7	0.3260367906943353	0.04585348773810197	46.90823905237381
10.245907955501243	0.007	0.005	0.23146327358180896	1.0870820193946617e-7	0.32518562107144977	0.04585286228694859	46.661381475288884
10.317274036827655	0.007	0.005	0.2305975401137787	1.082428519982649e-7	0.32430337430395	0.045852227782882	46.41429658656152
10.3890892034152	0.007	0.005	0.22972286912000664	1.0778105913240544e-7	0.3233901329197621	0.045851584138650335	46.16697760723405
10.461360495622552	0.007	0.005	0.22883931230412466	1.0732288128497623e-7	0.32244598316996287	0.04585093126620816	45.919418214777124
10.534094960030558	0.007	0.005	0.22794692197514846	1.0686838284699978e-7	0.3214710152354986	0.04585026907668922	45.67161251148513
10.607299605013415	0.007	0.005	0.2270457516800112	1.0641763508517692e-7	0.32046532415513423	0.04584959748086823	45.423555174362846
10.680981394105824	0.007	0.005	0.22613585637595662	1.0597071637342753e-7	0.3194290102988947	0.04584891638929116	45.175241473019696
10.755147209445319	0.007	0.005	0.22521729297117601	1.0552771254187128e-7	0.3183621802812877	0.0458482257126886	44.926667386791244
10.829803838844779	0.007	0.005	0.22429012057430134	1.0508871715360452e-7	0.3172649475824365	0.045847525362182194	44.677829639194655
10.904957922313555	0.007	0.005	0.22335440124601966	1.0465383196628296e-7	0.3161374337939178	0.045846815249881115	44.42872586490596
10.980615947189609	0.007	0.005	0.222410200146278	1.0422316713044396e-7	0.31497976919340165	0.04584609528903626	44.17935461092757
11.056784171989428	0.007	0.005	0.2214575865667661	1.037968418216433e-7	0.3137920944283552	0.045845365394881696	43.929715570075196
11.133468614126617	0.007	0.005	0.2204966341651227	1.0337498442647217e-7	0.3125745612831267	0.04584462548488791	43.67980959831501
11.210674996040089	0.007	0.005	0.2195274217128732	1.0295773304610641e-7	0.3113273341131463	0.04584387547942454	43.42963886497578
11.288408679140462	0.007	0.005	0.21855003399216436	1.0254523596904008e-7	0.31005059153458586	0.04584311530256299	43.179207035934645
11.366674632081738	0.007	0.005	0.21756456225444595	1.021376520064808e-7	0.3087445276009127	0.04584234488256429	42.92851933963376
11.44547734549847	0.007	0.005	0.21657110534304805	1.0173515104865058e-7	0.3074093538948528	0.04584156415290954	42.67758279934837
11.524820775698965	0.007	0.005	0.21556977044156167	1.0133791447670469e-7	0.3060453011940256	0.04584077305307096	42.42640636432571
11.604708297289724	0.007	0.005	0.21456067369547807	1.0094613546766545e-7	0.30465262100002016	0.045839971529211425	42.17500100639276
11.685142579365788	0.007	0.005	0.2135439417838068	1.0056001969809957e-7	0.3032315884253028	0.0458391595356722	41.92338004944399
11.766125560427007	0.007	0.005	0.21251971222641164	1.0017978548219257e-7	0.30178250339590845	0.04583833703549651	41.67155917875414
11.847658314197053	0.007	0.005	0.21148813504924002	9.980566439160073e-8	0.3003056937879403	0.04583750400207509	41.4195567834549
11.929741026420048	0.007	0.005	0.21044937302314645	9.943790133214063e-8	0.2988015165971211	0.0458366604196905	41.16739394384974
12.012372844915685	0.007	0.005	0.2094036034798514	9.907675516518189e-8	0.2972703613928389	0.04583580628537644	40.915094801753156
12.095551841989163	0.007	0.005	0.20835101867751205	9.872249867723156e-8	0.29571265172422456	0.04583494160965087	40.66268657393698
12.179274898572624	0.007	0.005	0.20729182712503313	9.83754189411516e-8	0.2941288479321956	0.045834066418073215	40.41019979657596
12.263537636442301	0.007	0.005	0.20622625426385935	9.803581734999927e-8	0.29251944903556454	0.04583318075232431	40.1576684130065
12.348334321537665	0.007	0.005	0.20515454347893108	9.770400967273235e-8	0.2908849951062232	0.04583228467160357	39.90512993972135
12.433657822871009	0.007	0.005	0.20407695636873957	9.738032584893273e-8	0.2892260685073765	0.045831378253453126	39.65262545766427
12.51949950926145	0.007	0.005	0.20299377376205277	9.706510998207433e-8	0.2875432962377728	0.04583046159524623	39.40019978146001
12.605849243029832	0.007	0.005	0.2019052954704371	9.675871982635818e-8	0.28583735028656354	0.045829534814649846	39.14790133507803
12.692695300807728	0.007	0.005	0.2008118409221229	9.646152647821504e-8	0.2841089492808124	0.04582859805085935	38.89578223832697
12.780024393707144	0.007	0.005	0.19971374850570883	9.617391375488311e-8	0.282358858032832	0.04582765146475965	38.64389809959484
12.86782162081597	0.007	0.005	0.19861137571924467	9.589627753422782e-8	0.28058788824953823	0.04582669523978719	38.39230800231208
12.956070536192952	0.007	0.005	0.19750509786120743	9.562902492717261e-8	0.27879689679972536	0.04582572958153981	38.141074165358035
13.0447531617182	0.007	0.005	0.19639530737791913	9.537257329776681e-8	0.27698678487840367	0.04582475471794022	37.89026176505062
13.133850080546315	0.007	0.005	0.19528241218157655	9.512734935954545e-8	0.27515849535173104	0.04582377089848063	37.63993853451035
13.22334050014722	0.007	0.005	0.19416683433870538	9.489378801934666e-8	0.27331301052968004	0.04582277839375471	37.39017445990553
13.313202397465517	0.007	0.005	0.1930490077305266	9.467233123734932e-8	0.271451348070077	0.04582177749403182	37.141041258827585
13.403412627861583	0.007	0.005	0.19192937617315586	9.44634269003311e-8	0.26957455744874503	0.045820768508173716	36.892611976360946
13.493947134940724	0.007	0.005	0.19080839030123245	9.426752759869263e-8	0.2676837141752249	0.04581975176136453	36.64496032041732
13.58478105749745	0.007	0.005	0.18968650575622115	9.40850896223753e-8	0.26577991600546236	0.045818727593926634	36.39816030112567
13.675888997263106	0.007	0.005	0.18856417941968448	9.391657179516222e-8	0.2638642756820552	0.045817696358267004	36.15228545173917
13.767245158214346	0.007	0.005	0.18744186728302337	9.37624346545825e-8	0.261937916267092	0.04581665841720107	35.90740842418402
13.85882359171149	0.007	0.005	0.18632002106456355	9.362313954747667e-8	0.2600019641983236	0.0458156141410203	35.663600321009554
13.950598383646847	0.007	0.005	0.1851990856034787	9.349914807316127e-8	0.2580575435350608	0.04581456390515506	35.42093020859413
14.042543873532903	0.007	0.005	0.18407949592835524	9.339092150641368e-8	0.2561057695359262	0.04581350808741962	35.17946456849073
14.134634813426276	0.007	0.005	0.18296167512969952	9.329892065153158e-8	0.25414774354915726	0.04581244706589836	34.93926692990681
14.22684661222622	0.007	0.005	0.1818460312661522	9.322360555227294e-8	0.2521845461561025	0.04581138121580897	34.700397299586946
14.319155402080021	0.007	0.005	0.18073295650057047	9.316543582912562e-8	0.25021723419035147	0.045810310908382876	34.462912074203935
14.41153828671186	0.007	0.005	0.17962282410129987	9.312487079978203e-8	0.2482468340019419	0.04580923650762105	34.2268634964985
14.503973379942757	0.007	0.005	0.178515988045133	9.310237000878584e-8	0.24627433932309226	0.04580815836946055	33.99229966773884
14.596439976556946	0.007	0.005	0.17741278108577718	9.309839394035364e-8	0.2443007064612129	0.04580707683939784	33.75926423095167
14.688918585993536	0.007	0.005	0.1763135145253017	9.3113404695894e-8	0.24232685257368447	0.045805992251706874	33.52779641289767
14.781391000183335	0.007	0.005	0.1752184776207445	9.314786702953758e-8	0.24035365337483397	0.045804904928268005	33.29793098338864
14.873840358812755	0.007	0.005	0.1741279370672747	9.320224936183027e-8	0.23838194105798727	0.04580381517743559	33.06969822610242
14.966251114157524	0.007	0.005	0.17304213770306853	9.327702487808306e-8	0.23641250451665213	0.04580272329410438	32.843124159384004
15.058609091573256	0.007	0.005	0.1719613021109963	9.337267282328565e-8	0.2344460876748404	0.04580162955867034	32.61823051913613
15.1509014255493	0.007	0.005	0.17088563170620907	9.348967970238117e-8	0.23248339061073475	0.04580053423748337	32.39503504534342
15.243116567370713	0.007	0.005	0.16981530699511568	9.362854066498717e-8	0.230525069283345	0.0457994375824807	32.17355158837509
15.335244217940888	0.007	0.005	0.16875048871641066	9.378976067160973e-8	0.22857173696846894	0.045798339831734806	31.953790391501137
15.427275296031132	0.007	0.005	0.16769131856995934	9.39738560950175e-8	0.22662396504408489	0.04579724120960995	31.73575828070696
15.51920188114337	0.007	0.005	0.1666379202386648	9.418135587143154e-8	0.2246822844057725	0.04579614192724864	31.51945890854275
15.611017137441749	0.007	0.005	0.1655904006188779	9.44128028873335e-8	0.22274718735776633	0.045795042183313234	31.30489303419538
15.702715273687657	0.007	0.005	0.16454885062798652	9.466875537731846e-8	0.2208191288076891	0.045793942164324315	31.09205871075458
15.794291454274907	0.007	0.005	0.1635133465579474	9.494978817930602e-8	0.21889852854495973	0.0457928420456103	30.880951578892187
15.885741746594267	0.007	0.005	0.16248395099846535	9.525649408459052e-8	0.21698577279385978	0.0457917419918469	30.671565067255084
15.97706304416878	0.007	0.005	0.16146071401828874	9.558948507412807e-8	0.21508121630643645	0.04579064215791027	30.46389064100038
16.0	0.007	0.005	0.16120445257590904	9.567934205176845e-8	0.21460375421921252	0.04579036571989365	30.411950950976834
