0.0	0.007	0.005	0.0	0.0	0.0	0.0	100.0
0.00023522228350294277	0.007	0.005	3.0238886597662803e-5	0.0001771462862910993	1.6253909266905597e-9	2.752725570604495e-6	99.9982008530641
0.00034321206727049876	0.007	0.005	4.412060927640826e-5	0.00022881425028436255	3.4603092528340368e-9	5.399652874047433e-6	99.99737488141083
0.0005337283937713427	0.007	0.005	6.860953418758859e-5	0.00029131444284923546	8.367791727912383e-9	1.1404888050045617e-5	99.99591771311903
0.0006944185118972037	0.007	0.005	8.926330852026094e-5	0.00032476440156111553	1.4164339319539764e-8	1.7367651734706633e-5	99.99468868774235
0.0008971004505999916	0.007	0.005	0.00011531267102931597	0.00035130647491037065	2.3638236546403784e-8	2.5617529089806617e-5	99.9931385128636
0.0011023883880432691	0.007	0.005	0.0001416950412770154	0.00036721207284125745	3.569283950134157e-8	3.4484623618792786e-5	99.99156843098832
0.0013383696442411295	0.007	0.005	0.00017201954014999082	0.00037761000764880223	5.260654219135378e-8	4.504444945628862e-5	99.98976363112887
0.0015928610401139665	0.007	0.005	0.00020471979610520635	0.00038358679757273366	7.45104595520837e-8	5.667606468434746e-5	99.98781730103674
0.0018800953611774365	0.007	0.005	0.0002416237011937298	0.000386958462614432	1.0379865251810713e-7	6.996081055282935e-5	99.98562060115032
0.0021997395417024117	0.007	0.005	0.0002826871745157528	0.0003886809826538201	1.4208284749601764e-7	8.483836726572305e-5	99.9831760950903
0.00256373253176721	0.007	0.005	0.0003294422567190137	0.00038949526641815746	1.9297772036638353e-7	0.00010183264126747509	99.98039250051481
0.0029802003924453376	0.007	0.005	0.0003829302992752566	0.0003898325558611912	2.6074134594449123e-7	0.00012130340478817589	99.9772077054554
0.0034662399852781753	0.007	0.005	0.00044534354841773896	0.00038994803528053293	3.526844425423135e-7	0.00014403817847143637	99.97349101273218
0.00404272539419962	0.007	0.005	0.0005193570528632349	0.00038997117718732256	4.796874120802834e-7	0.00017100671247135114	99.96908286966674
0.004744244365067687	0.007	0.005	0.0006094027241002361	0.0003899601759346897	6.604985766865477e-7	0.0002038230473371121	99.9637189093667
0.005622985479283418	0.007	0.005	0.0007221644370559215	0.00038993575399972664	9.27644248147516e-7	0.0002449251734455047	99.95700027766665
0.006763667189337148	0.007	0.005	0.0008684860186211469	0.00038990194948673154	1.3418217784161632e-6	0.0002982711246314894	99.94827958813094
0.008263564265059222	0.007	0.005	0.0010607953290609601	0.00038985712185508474	2.002217017134964e-6	0.00036840223972677195	99.93681379905367
0.010035933000744656	0.007	0.005	0.0012879066581842095	0.00038980330289231516	2.9519555204894396e-6	0.00045125266828890324	99.92326682742994
0.011782930822582489	0.007	0.005	0.001511626100195892	0.0003897464578845728	4.0674436019944e-6	0.0005328952915318965	99.90991557366591
0.013344622305243808	0.007	0.005	0.0017114970090859735	0.00038969153615391977	5.215153214330569e-6	0.0006058596788252822	99.89798201495084
0.014737556831550251	0.007	0.005	0.0018896755969369297	0.00038964787292999496	6.35861358395879e-6	0.0006709245382524585	99.88733920365094
0.016039780459065282	0.007	0.005	0.0020561705156781442	0.00038961312303431974	7.529645909859389e-6	0.0007317393998581665	99.87739050066267
0.017322067874924296	0.007	0.005	0.002220040713335444	0.00038957881267982254	8.779009149165077e-6	0.0007916113795484399	99.86759507420541
0.018625575061014327	0.007	0.005	0.0023865456430931034	0.00038954202863079434	1.0146857201009772e-5	0.000852462182474621	99.8576385340384
0.0199634501665246	0.007	0.005	0.002557359843712429	0.0003895028685726099	1.1653220881658367e-5	0.0009149047963507468	99.84742051465766
0.021329623690334483	0.007	0.005	0.0027317026817696302	0.00038946207238919986	1.3298445317019707e-5	0.0009786550183699518	99.8369874451181
0.02270939586335537	0.007	0.005	0.002907694387959654	0.0003894204890490123	1.5069677519180334e-5	0.0010430262804430978	99.82645163313592
0.024089248125317674	0.007	0.005	0.0030836093995774286	0.00038937886488183	1.695108856720707e-5	0.0011073876791979384	99.81591632154463
0.026834883325192523	0.007	0.005	0.0034333873744168755	0.00038930533065888135	2.102171770355667e-5	0.0012354133507460762	99.79495642621012
0.030394974817996263	0.007	0.005	0.0038864106594897465	0.0003891976338905201	2.6946739290149466e-5	0.0014013365796689626	99.76778560883135
0.03740748495365145	0.007	0.005	0.004777068226372255	0.00038898920233361553	4.074709454619374e-5	0.0017279001200168134	99.71428737406102
0.05050108013450113	0.007	0.005	0.006434105311896591	0.0003885993302588005	7.40332215170606e-5	0.0023367136727832746	99.61447349340857
0.06275087426553622	0.007	0.005	0.007977328554412078	0.0003882338614173489	0.00011397408355014638	0.002905187301082009	99.52118246392183
0.07968909706724929	0.007	0.005	0.010100053932914922	0.0003877249525852449	0.00018307182501189662	0.0036894738785099	99.39232956958152
0.09548681160800333	0.007	0.005	0.012068242348501738	0.00038724002466654855	0.00026187232611747733	0.004419099215690813	99.27230314301477
0.1138779461341475	0.007	0.005	0.01434549788434026	0.0003866505404173654	0.0003708468505597274	0.00526621743582461	99.13275524227518
0.12985091296206192	0.007	0.005	0.016311131075342825	0.00038609425590382365	0.0004803615960306469	0.005999895672414327	99.01171505089874
0.1462521180810983	0.007	0.005	0.018317725344082676	0.00038545520400595226	0.0006070181095628581	0.006751150206591194	98.88758353225167
0.15982083982582793	0.007	0.005	0.019968831954707823	0.00038484182280074596	0.0007225605168981015	0.007370940649845787	98.78500713217244
0.17193496892569526	0.007	0.005	0.021436118523703716	0.0003842076730423496	0.0008338637189698668	0.007922850224243893	98.69351702476081
0.18303375339887934	0.007	0.005	0.022774799198822075	0.0003835314964951857	0.0009425237544645539	0.008427192014953254	98.60976953334387
0.19323054499940887	0.007	0.005	0.023999960318314962	0.0003828092075271384	0.0010479418633861427	0.008889325503354969	98.53289079848277
0.20263154540295628	0.007	0.005	0.025125508577252195	0.00038203899114760617	0.0011498388390770485	0.009314244085926371	98.46206503731389
0.2113182213570769	0.007	0.005	0.026162133971783547	0.0003812218637785368	0.0012479786719543921	0.009705789827926923	98.3966661472942
0.21938926426082292	0.007	0.005	0.027122374139239992	0.00038035744640198006	0.0013425717111986194	0.010068552299577831	98.33594106957665
0.2269144402311038	0.007	0.005	0.028015144130568024	0.000379447449927556	0.0014337070391145705	0.010405790914240766	98.27935675724505
0.23397484829653653	0.007	0.005	0.02885056325568815	0.0003784912322024042	0.0015217787409641812	0.010721248012065539	98.22629679585224
0.24062264854123297	0.007	0.005	0.02963520759338049	0.0003774903574305662	0.0016069614379799922	0.01101734780664983	98.17636382498755
0.24692071875076801	0.007	0.005	0.030376829012846152	0.0003764434996920175	0.0016896728672269475	0.011296972126016797	98.12908116264951
0.2529058430473843	0.007	0.005	0.031080030286349328	0.0003753519009476361	0.0017700782651845397	0.01156182418667541	98.08416903962662
0.2586258872267284	0.007	0.005	0.03175065997384235	0.00037421361594034384	0.0018485579375626452	0.01181408252573783	98.04126527702891
0.2641059083863628	0.007	0.005	0.032391843049056256	0.00037302967283500276	0.001925237192254901	0.012054904034881552	98.00017943335057
0.2693826680387947	0.007	0.005	0.03300803812042031	0.0003717976371457292	0.0020004470708746944	0.012285948651187872	97.96063379173296
0.274472975422274	0.007	0.005	0.033601341036063534	0.00037051841477785536	0.0020742724875463456	0.012507990203593233	97.92250060208863
0.2794055151084919	0.007	0.005	0.03417520841975079	0.0003691892219153655	0.0021469978211622674	0.012722312004255946	97.8855634640774
0.28419143171363026	0.007	0.005	0.03473103377103311	0.00036781091059442293	0.002218674895260015	0.012929425171810876	97.84973762544276
0.28885355865214424	0.007	0.005	0.03527155246382147	0.00036638045090217245	0.002289548752384436	0.01313034015654365	97.81485104446307
0.2933992139933676	0.007	0.005	0.03579768515844999	0.0003648986708434639	0.00235964691166582	0.013325390454222416	97.78084799358446
0.29784696844783126	0.007	0.005	0.03631164417137568	0.00036336236016278013	0.0024291828831075665	0.013515387322263994	97.74758871597548
0.3022015923734619	0.007	0.005	0.03681403550063639	0.00036177232174190136	0.002498167776164422	0.013700545431555309	97.71503680693128
0.3064785221077152	0.007	0.005	0.03730668802190149	0.00036012520025881787	0.002566790493634688	0.013881528871045145	97.68307623357951
0.3106808642831452	0.007	0.005	0.03779000158036802	0.00035842175068677553	0.0026350521650305896	0.014058473778264963	97.65168321876446
0.31482172803981684	0.007	0.005	0.0382655207896903	0.0003566584849510096	0.0027031228608449085	0.01423193400160536	97.62075933862698
0.31890317219693526	0.007	0.005	0.03873351440960113	0.0003548360712414997	0.0027709988304529276	0.014401994855067962	97.59028878583408
0.3229365680259333	0.007	0.005	0.039195314702664324	0.00035295088196361855	0.002838836108803872	0.014569126585977197	97.56018628764801
0.326923359709578	0.007	0.005	0.03965111175864414	0.00035100344815268213	0.0029066300842802983	0.014733382779831175	97.53044073587168
0.3308736249711558	0.007	0.005	0.04010207927904943	0.0003489899780241717	0.002974526860821119	0.014895169781605573	97.50097665364318
0.3347885076861971	0.007	0.005	0.04054836637298677	0.00034691080347114283	0.00304252426959155	0.015054522840091842	97.47178526326867
0.33867714006908595	0.007	0.005	0.040991029912805815	0.000344761925797323	0.0031107621530062305	0.015211799359928665	97.4427982610296
0.3425406067273669	0.007	0.005	0.04143020656346077	0.0003425434012426705	0.0031792437245901847	0.01536702596344797	97.41400738836722
0.3463873858049559	0.007	0.005	0.04186687086677096	0.00034025095823785826	0.003248106138508211	0.015520523055758226	97.38534932458006
0.35021870218680173	0.007	0.005	0.04230117026467503	0.0003378842815800974	0.0033173608702798205	0.015672316006844236	97.35681483621254
0.3540426445453148	0.007	0.005	0.04273402778796539	0.000335438729771535	0.0033871461896725213	0.015822698342184614	97.32834360400095
0.35786076809099504	0.007	0.005	0.04316562330435101	0.00033291348876710465	0.0034574850948624215	0.01597170045667259	97.29992400305956
0.3616810379918325	0.007	0.005	0.04359685874439379	0.00033030340490264646	0.0035285214257044415	0.016119598308330846	97.27149673150303
0.3655055482768039	0.007	0.005	0.04402796966071802	0.00032760698890518667	0.003600293824737046	0.01626643343106363	97.24304622571464
0.36934244259094906	0.007	0.005	0.04445987078601519	0.0003248183619643504	0.0036729574540259173	0.016412473819629857	97.2145119570376
0.3731946209728543	0.007	0.005	0.04489288269892834	0.0003219351005056865	0.0037465724023625505	0.016557779307778304	97.18587244656727
0.37707078937924543	0.007	0.005	0.045327975370840747	0.0003189502739627712	0.0038213131901170894	0.016702621088813603	97.15706309541365
0.38097504125992254	0.007	0.005	0.04576559655308679	0.00031586012220422276	0.003897270207606499	0.016847087178135885	97.12805364894261
0.38491719585036444	0.007	0.005	0.04620683172403445	0.0003126561363787263	0.003974649584238162	0.01699146697618722	97.0987713652954
0.38890315880197196	0.007	0.005	0.04665232282004553	0.0003093325570055217	0.0040535865048134155	0.01713589216331461	97.06917264934093
0.39294473989356404	0.007	0.005	0.04710336617072477	0.0003058784003398301	0.00413433889641487	0.017280693288816044	97.03917013997312
0.39705074456083117	0.007	0.005	0.04756091549081789	0.00030228472946696003	0.004217112430698204	0.017426072930033617	97.00869888104266
0.4012365351189572	0.007	0.005	0.048026647187208886	0.0002985364320456809	0.004302253377147801	0.017572442905178436	96.97764536833765
0.4055159233971096	0.007	0.005	0.048502054464228866	0.0002946191022287622	0.004390087747938233	0.017720129819456944	96.94590774997641
0.4099109774795515	0.007	0.005	0.04898953504561344	0.000290510104132539	0.004481124364358688	0.01786970752340652	96.91332312028786
0.4144451746368414	0.007	0.005	0.04949162548353753	0.0002861844918952022	0.004575919605387369	0.018021745536727727	96.87971837098317
0.4191547852108475	0.007	0.005	0.050012256105728	0.0002816039777223561	0.004675321285330614	0.018177172900350674	96.84482589997414
0.4240854133337307	0.007	0.005	0.050556355539348445	0.00027671951662235224	0.004780409345385762	0.018337124174501982	96.80830942380584
0.42931065325473355	0.007	0.005	0.051131891136923735	0.0002714520648912902	0.0048929126184643085	0.018503487530277196	96.76962606553988
0.4349445596075415	0.007	0.005	0.05175120257941969	0.00026567811672208934	0.00501551908759714	0.018679177984435268	96.72793459654052
0.4412071339252455	0.007	0.005	0.05243811721254236	0.0002591592631765482	0.005153387983745046	0.01886991899796871	96.68161200180467
0.4486034520894458	0.007	0.005	0.053247352335610516	0.0002513465552010143	0.005318349144096561	0.01908892801946179	96.62693197592715
0.45802399948181877	0.007	0.005	0.05427487572222501	0.0002412603199799846	0.005531781755361884	0.019357926544481707	96.55733186058599
0.46500920396282647	0.007	0.005	0.05503447220404736	0.00023372614447985388	0.005692429332006972	0.01955013069928429	96.50575671634773
0.4718703185274296	0.007	0.005	0.05577867436580072	0.0002262978625469639	0.005852192239442392	0.019732876672583232	96.45512460672326
0.4776526299562712	0.007	0.005	0.05640440278146588	0.00022004006298328147	0.00598834247587369	0.019882235928361292	96.41247423393101
0.48364141314572673	0.007	0.005	0.057051069642625685	0.00021357007015043665	0.0061308006909238525	0.020032449698225978	96.36832080495375
0.48875944212824807	0.007	0.005	0.05760258187954737	0.0002080674648968101	0.006253706974256261	0.02015722662901926	96.3306031997266
0.4941144462776064	0.007	0.005	0.05817851640471939	0.00020233910164003686	0.006383444575323749	0.020284252481230454	96.29115499583915
0.49873784302195423	0.007	0.005	0.05867485113085177	0.00019743138553349462	0.006496391694981937	0.02039104215416547	96.25710925009805
0.5036192595217319	0.007	0.005	0.059197966280819386	0.00019228745684989374	0.006616578090043839	0.02050091639925704	96.22117656367817
0.5078797909538979	0.007	0.005	0.05965377430182026	0.00018784123311193915	0.006722260418921614	0.02059442381885208	96.18982524912151
0.512408048982419	0.007	0.005	0.06013743884039538	0.0001831576540872749	0.006835380667921969	0.020691387299865163	96.15651505419818
0.5164045082637369	0.007	0.005	0.06056362988143747	0.00017907018296051485	0.00693589598948707	0.02077491384917436	96.12712639235089
0.5206684045146708	0.007	0.005	0.061017647223930715	0.000174753578337724	0.007043838127174181	0.02086193447537359	96.09578098980249
0.5244734391476248	0.007	0.005	0.06142220120067159	0.00017094894463107264	0.00714077265707045	0.020937785210447948	96.06781747112986
0.5285380410588557	0.007	0.005	0.06185372402682301	0.00016693055924808442	0.007244951768308716	0.021016952541925538	96.03795535954698
0.5322045090967652	0.007	0.005	0.0622424221955182	0.00016335399164243438	0.0073394847204371096	0.0210867400237956	96.01102624997262
0.5361180737281075	0.007	0.005	0.06265673459038527	0.0001595830931981377	0.007440971066698173	0.021159552184982902	95.98229062128043
0.5396847688131857	0.007	0.005	0.06303380292625439	0.00015619511937699874	0.007533984703344339	0.02122442168961724	95.95610939796086
0.5434836436570853	0.007	0.005	0.06343486981867184	0.00015263397381561625	0.007633599290810685	0.02129197414584116	95.9282317196508
0.5469794342792788	0.007	0.005	0.06380344027471978	0.0001494059904305852	0.007725762581656182	0.021352753959021666	95.90258535155921
0.5506915309531449	0.007	0.005	0.0641942942289464	0.000146026164696475	0.007824147669317856	0.021415864885130982	95.87535959104939
0.5541382932365179	0.007	0.005	0.06455672951457657	0.00014293723049576244	0.007915977684928417	0.02147316626442351	95.85008680206394
0.5577855133017713	0.007	0.005	0.064939739509201	0.00013971696178495413	0.008013647407864723	0.021532459891853838	95.82335144533164
0.5612001857957354	0.007	0.005	0.06529785954571204	0.00013675153313322827	0.008105553462588962	0.021586743648732278	95.79832750021079
0.564800109007389	0.007	0.005	0.06567491732400975	0.00013367388222404336	0.008202929790351261	0.02164270610880773	95.77195304765495
0.5681961280485541	0.007	0.005	0.0660301568137027	0.00013082023217333088	0.008295244911563412	0.021694327227685994	95.74707913318005
0.5717631954468552	0.007	0.005	0.06640280705518675	0.00012787178704825672	0.008392683272569076	0.021747344474962176	95.72095934294084
0.5751515022252768	0.007	0.005	0.06675632564769637	0.00012512090405195433	0.008485686668325594	0.021796582315021927	95.69615512312379
0.5786978516997754	0.007	0.005	0.06712585764452929	0.00012229086682744546	0.00858349430377057	0.021846966241678624	95.67020083034237
0.582087602336912	0.007	0.005	0.06747861736354177	0.00011963568767687825	0.008677427452075896	0.02189404519061966	95.64539920075937
0.5856236659962459	0.007	0.005	0.0678461303836665	0.00011691522605106697	0.00877587671131626	0.021942051900357414	95.61953390138477
0.589022738052713	0.007	0.005	0.06819895066743531	0.00011435009855380876	0.008870955018628326	0.021987155691173266	95.5946772501304
0.5925576757516449	0.007	0.005	0.0685654012491861	0.00011173187996052528	0.008970293141134154	0.022032998505209785	95.56883389804682
0.5959730329070535	0.007	0.005	0.0689189984301072	0.00010925218509535613	0.009066714475712426	0.02207628025966521	95.54387141586099
0.5995150518336193	0.007	0.005	0.06928523512519988	0.0001067300380957738	0.009167170913934044	0.022120139128490084	95.51799006360321
0.6029530094956698	0.007	0.005	0.06964025105544913	0.00010433192288371189	0.009265121938246492	0.02216172849401248	95.49287578666154
0.6065096046349334	0.007	0.005	0.07000704045210136	0.00010190058733832126	0.009366913974552	0.02220375693078755	95.46690181200852
0.6099760269382972	0.007	0.005	0.07036406361079604	9.958077419610662e-5	0.009466574953190629	0.022243765230939672	95.44159317214707
0.6135541649143105	0.007	0.005	0.0707321101150176	9.723571490892676e-5	0.00956991209586635	0.022284095494364543	95.41547592401587
0.6170546138294365	0.007	0.005	0.0710916914597857	9.499136428210418e-5	0.009671460644987157	0.022322619503004012	95.38993265326937
0.6206608775028694	0.007	0.005	0.07146165273152089	9.272862941487991e-5	0.009776548194856374	0.022361366544254944	95.36362438850993
0.6242007281659173	0.007	0.005	0.07182431783194689	9.055723997011329e-5	0.009880162293924353	0.02239849129124554	95.33780767373662
0.6278414329595157	0.007	0.005	0.07219681707610974	8.837335213671027e-5	0.009987204325942417	0.02243575580218459	95.31126270372297
0.6314259642257676	0.007	0.005	0.07256307551217067	8.627268813164744e-5	0.01009306479383626	0.0224715566804375	95.28513452479262
0.6351072533467704	0.007	0.005	0.0729387114104479	8.416456000356047e-5	0.010202266711174485	0.022507427472764012	95.25830851879448
0.6387417225345003	0.007	0.005	0.073309064394635	8.213259698452661e-5	0.010310559368298866	0.022541971860226565	95.2318311043741
0.6424696473597428	0.007	0.005	0.07368841935437997	8.009746489252175e-5	0.010422130176854384	0.022576527749894364	95.20468050352586
0.6461593544344229	0.007	0.005	0.0740633661384533	7.813234845985458e-5	0.010533047822697513	0.022609876279217657	95.17781586585107
0.6499399458128121	0.007	0.005	0.07444701346827597	7.616771879230918e-5	0.01064720227307142	0.02264318760964148	95.1502973654704
0.6536902871668	0.007	0.005	0.07482705656720874	7.426773467099571e-5	0.010760946465869583	0.022675395146503116	95.12300691274038
0.6575296186613804	0.007	0.005	0.07521556669725814	7.237134111057502e-5	0.010877907077944381	0.022707525016534596	95.0950770053607
0.6613461398396336	0.007	0.005	0.07560121689047981	7.0534890277599e-5	0.010994689986166938	0.0227386414744156	95.06732116354316
0.6652503865350431	0.007	0.005	0.07599516301362715	6.87046589156477e-5	0.011114689055770132	0.022769646745948578	95.03893571616138
0.6691388295025412	0.007	0.005	0.07638694367753694	6.693023950523521e-5	0.011234735245537895	0.022799717724584726	95.01067359226612
0.6731143232702373	0.007	0.005	0.07678690690485399	6.516426055741426e-5	0.011358016855225033	0.02282964984936647	94.98178745128287
0.6770806724319507	0.007	0.005	0.07718535810409509	6.345045366461804e-5	0.01148156513847399	0.022858717157736096	94.95297650746538
0.6811339576479465	0.007	0.005	0.07759193253555081	6.174695737256237e-5	0.011608387294846057	0.022887622878052554	94.92354310232193
0.6851844887860983	0.007	0.005	0.07799761528526843	6.0092414670761006e-5	0.01173569277137177	0.02291572498642623	94.89413881067135
0.6893223762290644	0.007	0.005	0.07841141275966536	5.8449752132949884e-5	0.011866329602742342	0.022943646908022038	94.86410977281913
0.6934637042160265	0.007	0.005	0.07882491303191075	5.685318699571275e-5	0.011997665774499167	0.02297081930744145	94.8340652810918
0.6976933273948326	0.007	0.005	0.0792465679741924	5.526981368886863e-5	0.012132409926439472	0.022997796390342454	94.80339004757849
0.7019324584488114	0.007	0.005	0.0796685010146094	5.3729993228227976e-5	0.012268071072969159	0.023024071909004577	94.77265581420137
0.7062613330598774	0.007	0.005	0.08009867543407376	5.22044549825693e-5	0.012407236335772657	0.0230501398870256	94.74128121105765
0.710605720934964	0.007	0.005	0.08052969030767808	5.072019346143698e-5	0.012547540146832884	0.023075548960219294	94.70980461414221
0.7150418073735345	0.007	0.005	0.08096907892016034	4.925111489189295e-5	0.012691464326444246	0.023100740694091775	94.67767442043328
0.7194994133746999	0.007	0.005	0.08140986325347081	4.782126860990307e-5	0.012836754804301695	0.023125311589488117	94.64539934194535
0.7240511840132637	0.007	0.005	0.08185919887483921	4.640734335672537e-5	0.012985802908249335	0.023149657368517883	94.61245382244117
0.7286305449820814	0.007	0.005	0.08231048417800824	4.5030805753077176e-5	0.01313645369396972	0.023173416390994434	94.57932017793388
0.733307058792097	0.007	0.005	0.08277054361334156	4.367078786214167e-5	0.013291021538617706	0.02319694419803308	94.54549556623458
0.7380173604464664	0.007	0.005	0.08323311088824144	4.234648601287386e-5	0.013447439603395327	0.02321991585640209	94.51143879965603
0.7428283438707205	0.007	0.005	0.08370472117189354	4.1039182990478006e-5	0.013607957833866405	0.023242651589353833	94.47666674027566
0.7476795050576617	0.007	0.005	0.08417940731419574	3.9766074014662975e-5	0.013770587747362943	0.023264858752060066	94.44161724427123
0.7526354453544938	0.007	0.005	0.08466345286704381	3.85103400519703e-5	0.013937526509364426	0.02328682643011733	94.40582414941912
0.7576382115871355	0.007	0.005	0.08515115764949824	3.7287408412860765e-5	0.0141068552701691	0.0233082904548645	94.36970662375373
0.7627504574891957	0.007	0.005	0.08564858779144241	3.608213958875991e-5	0.014280729402989134	0.02332951237975335	94.33281298299715
0.7679165095913039	0.007	0.005	0.08615028193746375	3.4908394125237314e-5	0.014457292070601575	0.023350253238140925	94.29554569000507
0.7731973894935655	0.007	0.005	0.08666211968779383	3.3752523288240306e-5	0.014638667212147266	0.023370750151711858	94.25746526009488
0.7785394655988547	0.007	0.005	0.08717885378635047	3.2626995084354735e-5	0.014823053338285428	0.023390786531129935	94.21895919107182
0.7840024189858144	0.007	0.005	0.08770620544854235	3.151948809196022e-5	0.015012552858788107	0.02341057774109143	94.17959809828159
0.7895344538277421	0.007	0.005	0.08823912000447799	3.044122867864031e-5	0.01520541391519831	0.023429927133117413	94.1397560238609
0.7951941833397419	0.007	0.005	0.08878318615503933	2.9381080785859466e-5	0.015403727002835139	0.023449030628833814	94.09901172706965
0.800931471193989	0.007	0.005	0.08933352327634	2.8349160061601837e-5	0.015605785106506497	0.023467709415916447	94.05772708757553
0.8068041177381624	0.007	0.005	0.08989561126262914	2.73353927693139e-5	0.015813676178902017	0.023486141969780976	94.01548718683438
0.8127634996360145	0.007	0.005	0.09046472790229813	2.634889739036619e-5	0.01602573423673802	0.02350416549755468	93.97264282047274
0.8188668471023449	0.007	0.005	0.09104626632408323	2.5380555341939204e-5	0.016244054017669315	0.02352194275981113	93.92878366637495
0.8250669278542377	0.007	0.005	0.0916356494379006	2.443858736226722e-5	0.01646700760389224	0.023539325399362068	93.88425033819098
0.8314206373571814	0.007	0.005	0.0922382044133223	2.3514736195624575e-5	0.016696705995180444	0.023556461970459346	93.83863544576472
0.8378820412730762	0.007	0.005	0.09284948866764196	2.2616411454370275e-5	0.016931557425534517	0.023573217179869807	93.79227011700414
0.8445079264032355	0.007	0.005	0.09347478274369178	2.1736135637103417e-5	0.017173698744279813	0.023589726678119018	93.74474830546374
0.8512535946676336	0.007	0.005	0.09410977078427382	2.0880582624084655e-5	0.017421573637566818	0.023605867050432175	93.69639212654991
0.8581759471801821	0.007	0.005	0.09475970508175006	2.004298317105108e-5	0.01767735476557255	0.023621762177183217	93.64679532225335
0.8652314896177884	0.007	0.005	0.09542039123369567	1.9229341771106718e-5	0.017939521779664704	0.023637299485953587	93.596271263543
0.8724774598418129	0.007	0.005	0.09609707085100112	1.8433534629398184e-5	0.018210293634837515	0.023652592074003335	93.54441194173938
0.8798715686009054	0.007	0.005	0.09678566853256693	1.7660955179728875e-5	0.018488187935118135	0.02366753730816016	93.49152201518889
0.8874716186338528	0.007	0.005	0.09749143242950749	1.690606943055206e-5	0.01877548124266631	0.023682238369008155	93.4371901590638
0.895236564300588	0.007	0.005	0.09821040665778086	1.6173711326736343e-5	0.019070732818338345	0.023696601771729414	93.38171209299433
0.9032250040514815	0.007	0.005	0.09894786234478947	1.5458887835292023e-5	0.019376288954287824	0.02371072152987316	93.32467160828972
0.9113972178232805	0.007	0.005	0.09969996697936234	1.4765919060238829e-5	0.01969075636060399	0.023724512614743315	93.26635496093337
0.9198128455594907	0.007	0.005	0.10047203124778022	1.4090309095697685e-5	0.02001656457487716	0.02373806053735159	93.20633940442167
0.9284336205839504	0.007	0.005	0.10126035316360585	1.3435905233570357e-5	0.020352375904562424	0.02375128810888299	93.14490089451995
0.9373204863422745	0.007	0.005	0.10207029954733957	1.2798669439445865e-5	0.02070071824728642	0.02376427292312596	93.08160840227912
0.9464368162376146	0.007	0.005	0.10289831024408244	1.218201290592041e-5	0.021060320729831414	0.023776945086967316	93.01672634774926
0.955845136846937	0.007	0.005	0.103749824561385	1.1582320350259698e-5	0.021433826569950708	0.02378937478923296	92.94981358025514
0.9655107120906087	0.007	0.005	0.10462143964163059	1.100260027959578e-5	0.02182004647045396	0.02380149894169404	92.88112132253887
0.9754979591570281	0.007	0.005	0.10551868390522648	1.0439628109448934e-5	0.02222175841245049	0.023813380786159417	92.81019630307482
0.9857743544691862	0.007	0.005	0.10643833156487095	9.896040483515587e-6	0.02263787360542071	0.023824963588690882	92.73727441370988
0.9964065388038901	0.007	0.005	0.10738601628285091	9.368974362708294e-6	0.023071326915923465	0.023836304048410726	92.66188812970684
1.0073646069681967	0.007	0.005	0.10835871382639854	8.860723030730924e-6	0.023521154058450417	0.023847351369901026	92.58425533102009
1.0187177813881807	0.007	0.005	0.10936217800966197	8.368758224281904e-6	0.023990471900998456	0.0238581560681458	92.50389198936544
1.0304392588242766	0.007	0.005	0.11039361391761641	7.89505704306912e-6	0.024478469940761055	0.023868672883825416	92.42099480394174
1.0426012054919493	0.007	0.005	0.11145890654330733	7.437401540524824e-6	0.02498847463641472	0.0238789464579227	92.33506103815478
1.055180467229391	0.007	0.005	0.11255551908201017	6.9974788735413636e-6	0.02551986370808308	0.02388893666686539	92.24626267190999
1.0682524693953868	0.007	0.005	0.11368946955678563	6.573359256440501e-6	0.026076201402627758	0.023898682533735643	92.15407647665803
1.0817982529080037	0.007	0.005	0.11485850243241306	6.166466078272306e-6	0.026657090902121473	0.023908148647657935	92.05864628080644
1.095896656706471	0.007	0.005	0.11606875093848716	5.775137893807325e-6	0.027266358153404308	0.023917368606113668	91.95942781949701
1.110533310350137	0.007	0.005	0.11731824465712636	5.400561195095466e-6	0.027903865279536907	0.023926311237478105	91.85653452383627
1.1257901883710384	0.007	0.005	0.11861317156579981	5.041326174955164e-6	0.028573706959851577	0.023935004809630504	91.74940369750185
1.1416574154081909	0.007	0.005	0.11995180316279336	4.698410655765639e-6	0.029276018151867058	0.02394342183267624	91.6381196592522
1.1582188627762453	0.007	0.005	0.1213402372533695	4.370643068379999e-6	0.030015126371033277	0.02395158521656327	91.52211070206714
1.175467907981973	0.007	0.005	0.12277684581666079	4.058822116854798e-6	0.030791400493337763	0.023959470484393886	91.40144141771421
1.1934872390326132	0.007	0.005	0.12426734234801255	3.7620019807177276e-6	0.03160927583805247	0.023967095062296245	91.27555334923112
1.2122698116713277	0.007	0.005	0.12580986581111106	3.4808332250010104e-6	0.03246919627869295	0.023974436668079312	91.14451761638188
1.2318909719198778	0.007	0.005	0.12740922059495047	3.2145767849049558e-6	0.03337542041716849	0.023981507178852213	91.00783241266792
1.2523359945120818	0.007	0.005	0.12906272090173537	2.963754396030778e-6	0.03432811703100705	0.023988285853896184	90.86562607314019
1.2736625470444822	0.007	0.005	0.13077345525777653	2.7277964515897284e-6	0.03533084968051393	0.023994779354796998	90.71752498873722
1.2958387335655441	0.007	0.005	0.13253721576793384	2.507070888906781e-6	0.0363830089219025	0.02400096895454867	90.56377966574593
1.318892725488065	0.007	0.005	0.13435454956380927	2.3010948633276793e-6	0.037486813010872644	0.024006857773162377	90.40422483439856
1.3427682993039556	0.007	0.005	0.13621931664520232	2.110008090930507e-6	0.03864042270816606	0.024012431207415922	90.23928020093173
1.3674591623007801	0.007	0.005	0.1381293458358963	1.933281170924706e-6	0.0398443301318603	0.024017692465745363	90.0690196616536
1.3928882590525826	0.007	0.005	0.1400770567504046	1.7707360756260329e-6	0.04109549934440814	0.02402263436140912	89.89400427623156
1.419023313928795	0.007	0.005	0.1420584563997926	1.621685743528825e-6	0.0423929673759606	0.024027264146704	89.71448450604638
1.4457808249958508	0.007	0.005	0.1440658093297456	1.4856234689080793e-6	0.04373311111749916	0.02403158391041182	89.53106053596163
1.473118523736117	0.007	0.005	0.14609467602755408	1.3617037870960007e-6	0.04511422545043857	0.02403560634978624	89.34404664685336
1.5009611917998364	0.007	0.005	0.1481383395276927	1.2491931604757011e-6	0.04653281804359233	0.024039341488170968	89.15397984500105
1.5292691579224873	0.007	0.005	0.1501928896754121	1.1471786862658205e-6	0.047987074532270635	0.02404280594671619	88.96115123189301
1.5579827839604208	0.007	0.005	0.1522531212665763	1.0548443061772315e-6	0.04947405004269351	0.024046014405024088	88.76598540452342
1.587070502918646	0.007	0.005	0.15431600696263106	9.71310488981124e-7	0.0509921487435888	0.024048984880087148	88.56871343615674
1.6164888373583903	0.007	0.005	0.1563777971687502	8.957909951433442e-7	0.052539073799627085	0.024051733576775272	88.36964515632728
1.6462149883268313	0.007	0.005	0.1584363142172569	8.275030344744302e-7	0.054113540239900025	0.024054277898679664	88.16894841170183
1.676219018506245	0.007	0.005	0.16048897524248593	7.657500640757799e-7	0.05571382884840088	0.024056633514464437	87.9668377701236
1.7064855149007192	0.007	0.005	0.16253427722033056	7.098697781677699e-7	0.05733894321510455	0.024058816104257866	87.7634285190259
1.7369947403134924	0.007	0.005	0.1645704862423669	6.592748979649012e-7	0.05898761638818263	0.02406083976547871	87.5588640023805
1.7677368488644813	0.007	0.005	0.16659658651709922	6.134219901149765e-7	0.06065908105575604	0.024062718048713978	87.35322028464448
1.7986993241153177	0.007	0.005	0.16861142679809313	5.71829972816693e-7	0.062352398719734664	0.024064463126853643	87.14659064814201
1.8298762634214958	0.007	0.005	0.17061432397438744	5.340607236685384e-7	0.06406696907819219	0.024066086427063836	86.93902363360752
1.8612600943627622	0.007	0.005	0.17260451361826112	4.997263985875168e-7	0.06580208212101654	0.02406759821770098	86.73057850950343
1.8928476054668981	0.007	0.005	0.1745815317512315	4.6847698931239677e-7	0.06755725269621525	0.02406900800393083	86.52128522333545
1.9246345249091765	0.007	0.005	0.17654486413483214	4.400023170048323e-7	0.0693319239421165	0.024070324336786037	86.31118053663045
1.9566194341800938	0.007	0.005	0.17849418747597331	4.1402380152165765e-7	0.07112568652771616	0.024071555068050542	86.1002821628525
1.9888002381872374	0.007	0.005	0.18042914687934342	3.90294113155743e-7	0.072938083474904	0.024072707273738773	85.88861218466718
2.021176697761085	0.007	0.005	0.18234950776287234	3.685915827902874e-7	0.07476875323559491	0.02407378742275701	85.67618040160437
2.05374813606175	0.007	0.005	0.1842550150450987	3.4871896648409137e-7	0.07661730162299822	0.024074801356990846	85.46299947256489
2.086515081088663	0.007	0.005	0.18614548902418793	3.304995504384607e-7	0.07848339528157941	0.02407575440622661	85.2490741693356
2.119477779581262	0.007	0.005	0.18802073658619003	3.1377570201931565e-7	0.08036667796860984	0.024076651394605544	85.03441114032982
2.152637259605223	0.007	0.005	0.1898806115385257	2.984060976971506e-7	0.08226683139223505	0.024077496720924924	84.81901199353179
2.1859943603381864	0.007	0.005	0.19172495826377992	2.842643523416645e-7	0.08418352011013673	0.024078294375746188	84.60287963903482
2.2195504316805135	0.007	0.005	0.1935536503676187	2.7123700162861837e-7	0.0861164317781433	0.024079047999254043	84.38601375777738
2.2533066941989266	0.007	0.005	0.19536655458306393	2.592223138909872e-7	0.08806524053384955	0.024079760901321617	84.16841496456725
2.28726470418679	0.007	0.005	0.1971635557668277	2.4812879703120566e-7	0.09002963384844737	0.02408043610415762	83.9500818112631
2.3214259268627866	0.007	0.005	0.19894453355732297	2.3787421134594184e-7	0.09200928795096305	0.024081076361842247	83.73101354843703
2.3557920453772634	0.007	0.005	0.20070937854561843	2.2838444970001124e-7	0.09400388571277975	0.024081684192325876	83.51120814421928
2.3903646825558362	0.007	0.005	0.20245797752937394	2.195927323770787e-7	0.09601310053444774	0.024082261895189718	83.29066407562176
2.425145593883828	0.007	0.005	0.20419022335516135	2.1143876090260926e-7	0.09803660752806119	0.024082811575821875	83.069379097611
2.4601364979883726	0.007	0.005	0.20590600623216102	2.03868066173676e-7	0.10007407365063434	0.02408333516108576	82.8473513288957
2.49533919279269	0.007	0.005	0.20760521951075972	1.9683136247693285e-7	0.10212516443364532	0.024083834417842377	82.62457851510369
2.5307554439530495	0.007	0.005	0.20928775419748233	1.9028402629730888e-7	0.10418953746123943	0.02408431096621651	82.40105873906295
2.5663870716815014	0.007	0.005	0.2109535031804305	1.84185593885179e-7	0.10626684740058522	0.024084766294276475	82.17678987270014
2.602235858690523	0.007	0.005	0.21260235690062032	1.7849934922620717e-7	0.10835674061152797	0.024085201768875245	81.95177015913251
2.638303628343763	0.007	0.005	0.21423420707744736	1.731919283913633e-7	0.11045885968016911	0.02408561864753337	81.72599772129279
2.6745921535341397	0.007	0.005	0.2158489426134819	1.6823299489606684e-7	0.11257283809060149	0.024086018087141087	81.49947113383486
2.711103240352632	0.007	0.005	0.2174464534901683	1.6359492474712125e-7	0.11469830509023421	0.024086401153774	81.27218889900239
2.7478386478924564	0.007	0.005	0.2190266273021277	1.5925254856653775e-7	0.11683488101428287	0.024086768829781828	81.04414994697868
2.7848001410349377	0.007	0.005	0.22058935172014055	1.5518290408463735e-7	0.11898218036415822	0.024087122021572992	80.81535330582217
2.8219894482315224	0.007	0.005	0.22213451280764077	1.513650267480105e-7	0.12113980936514915	0.024087461565711524	80.585798362499
2.8594082853040232	0.007	0.005	0.22366199619235744	1.4777975495151692e-7	0.12330736737342139	0.024087788235061962	80.35548471368462
2.8970583348337278	0.007	0.005	0.22517168636788165	1.4440956038689916e-7	0.12548444571362055	0.02408810274395487	80.12441229122167
2.934941252686461	0.007	0.005	0.22666346714196134	1.4123839334173688e-7	0.12767062810306368	0.024088405753109582	79.89258131953959
2.9730586569719866	0.007	0.005	0.22813722138180886	1.3825154546079082e-7	0.12986549007149614	0.02408869787395979	79.65999238075749
3.011412132006852	0.007	0.005	0.22959283136867842	1.3543552530933513e-7	0.1320685992610004	0.024088979672702925	79.4266463874209
3.0500032221287605	0.007	0.005	0.23103017875869758	1.3277794721334523e-7	0.13427951515329117	0.024089251673906267	79.19254461709087
3.088833430508686	0.007	0.005	0.23244914474820677	1.3026743099804366e-7	0.13649778909929372	0.02408951436382787	78.95768871604159
3.127904212736194	0.007	0.005	0.23384961005567548	1.2789351189485232e-7	0.13872296406474138	0.024089768193408932	78.7220807342542
3.167216972844069	0.007	0.005	0.23523145501216472	1.2564655915548942e-7	0.14095457453342655	0.0240900135810226	78.48572314502285
3.206773067139156	0.007	0.005	0.23659455993103115	1.2351770215330316e-7	0.14319214686907827	0.024090250915031353	78.24861881735347
3.2465737896099993	0.007	0.005	0.23793880484212596	1.2149876465491845e-7	0.14543519864951002	0.024090480556014964	78.01077109865291
3.2866203809239614	0.007	0.005	0.2392640700544466	1.195822040899736e-7	0.14768323935479818	0.024090702838947393	77.77218375544152
3.3269140162516324	0.007	0.005	0.24057023599840976	1.177610577045071e-7	0.14993576987643817	0.024090918075070283	77.53286104054956
3.3674558116539064	0.007	0.005	0.24185718369590392	1.1602889283299661e-7	0.15219228308870483	0.02409112655371138	77.29280764917306
3.4082468089535167	0.007	0.005	0.24312479453819652	1.1437976281943966e-7	0.15445226323571365	0.02409132854384203	77.05202880237124
3.4492879875212203	0.007	0.005	0.2443729509287042	1.1280816585626838e-7	0.156715186837002	0.0240915242956423	76.8105301707008
3.490580246195458	0.007	0.005	0.24560153599449452	1.1130900876209511e-7	0.1589805219545756	0.024091714041795526	76.5683179740024
3.5321244095985183	0.007	0.005	0.2468104340652393	1.0987757315269072e-7	0.16124772883295257	0.024091897998795492	76.32539893668373
3.5739212263336393	0.007	0.005	0.24799953089263088	1.0850948492780947e-7	0.1635162601042034	0.024092076368110758	76.08178029088093
3.6159713587636233	0.007	0.005	0.24916871363904783	1.0720068679044823e-7	0.1657855605578848	0.024092249337223683	75.8374698281816
3.6582753894362705	0.007	0.005	0.2503178713456906	1.0594741268192324e-7	0.16805506783551488	0.024092417080658388	75.59247585387938
3.700833816410106	0.007	0.005	0.2514468950779313	1.0474616476187514e-7	0.17032421253760832	0.02409257976088357	75.34680720584686
3.743647048486944	0.007	0.005	0.2525556780788241	1.0359369243423893e-7	0.1725924183493434	0.024092737529148082	75.10047327334688
3.786715408960549	0.007	0.005	0.2536441161454979	1.0248697293384082e-7	0.17485910263709548	0.024092890526285073	74.85348396647578
3.830039127984364	0.007	0.005	0.25471210770658764	1.0142319390990477e-7	0.17712367645815044	0.024093038883415498	74.60584975090623
3.8736183434758673	0.007	0.005	0.25575955412249946	1.0039973722282549e-7	0.17938554504200008	0.024093182722630654	74.3575816331428
3.917453110864365	0.007	0.005	0.25678636017833095	9.94141639477164e-8	0.18164410873698741	0.02409332215765167	74.10869109568367
3.9615433808710137	0.007	0.005	0.2577924338130806	9.84642013765199e-8	0.18389876231824023	0.024093457294340405	73.85919021382959
4.0058890210071	0.007	0.005	0.2587776868790048	9.754773009721701e-8	0.18614889656920336	0.024093588231310366	73.60909152374415
4.05048979913322	0.007	0.005	0.2597420350056244	9.666277294592282e-8	0.1883938979213755	0.02409371506037882	73.35840810579656
4.09534540245369	0.007	0.005	0.2606853982484538	9.580748421566025e-8	0.19063314990619432	0.024093837867089535	73.10715346781137
4.140455418051187	0.007	0.005	0.26160770088660756	9.498014041378946e-8	0.19286603267352603	0.024093956731091774	72.85534164477461
4.1858193491803775	0.007	0.005	0.2625088719798463	9.417913111096646e-8	0.19509192431534486	0.024094071726590397	72.60298709766457
4.23143660777293	0.007	0.005	0.2633888454078485	9.340295100158602e-8	0.19731020100377597	0.02409418292270195	72.35010474576667
4.277306528169662	0.007	0.005	0.2642475603179025	9.265019218650654e-8	0.19952023817380327	0.024094290383838694	72.0967098810217
4.323428350570375	0.007	0.005	0.26508496097584705	9.191953756151371e-8	0.20172141023643955	0.024094394169995113	71.84281825034019
4.369801247311933	0.007	0.005	0.26590099740601103	9.120975406718906e-8	0.20391309235656932	0.02409449433711276	71.58844590144545
4.416424300237865	0.007	0.005	0.2666956251147024	9.051968721173561e-8	0.2060946598844381	0.024094590937312223	71.33360929860953
4.463296533679369	0.007	0.005	0.26746880578271715	8.98482551615979e-8	0.20826549041628284	0.02409468401922704	71.07832513338415
4.510416895025016	0.007	0.005	0.26822050701982275	8.919444409749218e-8	0.21042496337251304	0.024094773628206584	70.82261042309483
4.557784269501155	0.007	0.005	0.2689507026934124	8.855730337316269e-8	0.21257246117528766	0.02409485980657442	70.56648242239564
4.605397476357735	0.007	0.005	0.26965937293038533	8.793594136247552e-8	0.21470736955297393	0.02409494259383368	70.3099586365533
4.653255287288203	0.007	0.005	0.27034650443770747	8.732952125548925e-8	0.21682907883461464	0.024095022026897277	70.05305671514665
4.7013564197326465	0.007	0.005	0.2710120904176593	8.673725755793324e-8	0.21893698409139764	0.024095098140258755	69.79579448202858
4.749699546121086	0.007	0.005	0.27165613070654404	8.615841258070448e-8	0.2210304859809281	0.02409517096617868	69.53818987972483
4.798283300134607	0.007	0.005	0.2722786318419405	8.559229328109383e-8	0.2231089914313689	0.024095240534852472	69.28026093074051
4.847106279885784	0.007	0.005	0.2728796070689284	8.503824833460054e-8	0.22517191417079183	0.024095306874561996	69.02202571588953
4.896167067511552	0.007	0.005	0.273459076522236	8.44956652297223e-8	0.22721867592014702	0.024095370011837685	68.76350226669943
4.9454642065947905	0.007	0.005	0.274017066879696	8.396396806623862e-8	0.2292487057902802	0.024095429971554512	68.5047086811349
4.99499624167007	0.007	0.005	0.2745536117365088	8.344261481585723e-8	0.2312614422499463	0.024095486777099162	68.24566291259016
5.044761692434738	0.007	0.005	0.2750687512016787	8.293109543754722e-8	0.2332563323561937	0.024095540450445777	67.98638290314823
5.094759090551207	0.007	0.005	0.2755625321703491	8.242892954374511e-8	0.23523283351720012	0.024095591012297184	67.7268863895647
5.144986960479452	0.007	0.005	0.2760350079768391	8.193566473117455e-8	0.23719041295677468	0.02409563848215447	67.4671910024958
5.195443843489491	0.007	0.005	0.276486238477459	8.14508746371519e-8	0.23912854887877602	0.024095682878425406	67.20731414151011
5.246128291852053	0.007	0.005	0.27691628982043714	8.09741573835661e-8	0.24104673041927538	0.02409572421849515	66.94727300570747
5.297038876419586	0.007	0.005	0.2773252343372234	8.050513403300366e-8	0.24294445810231696	0.02409576251880432	66.68708455538166
5.348174201152862	0.007	0.005	0.2777131504655172	8.004344705492975e-8	0.24482124451121628	0.02409579779492442	66.42676543933537
5.3995328906049656	0.007	0.005	0.27808012244828295	7.958875916441345e-8	0.24667661392884208	0.024095830061607856	66.16633206082876
5.451113625132738	0.007	0.005	0.27842624037806857	7.914075176193522e-8	0.2485101036921877	0.024095859332864494	65.90580040147447
5.502915104476142	0.007	0.005	0.27875159971834723	7.869912417889314e-8	0.25032126292875967	0.024095885621987882	65.64518620904735
5.554936097020489	0.007	0.005	0.27905630140570375	7.826359216533642e-8	0.2521096543292439	0.024095908941627314	65.38450475246216
5.607175413628074	0.007	0.005	0.2793404514365089	7.783388715182078e-8	0.2538748532088251	0.0240959293038123	65.1237709584101
5.659631919252579	0.007	0.005	0.27960416070629696	7.740975522418577e-8	0.25561644789248605	0.024095946719995077	64.8629993574465
5.712304544756536	0.007	0.005	0.2798475448259001	7.699095616252182e-8	0.257334040054796	0.024095961201086577	64.60220403049344
5.765192281344605	0.007	0.005	0.28007072384447007	7.657726270295538e-8	0.2590272444554443	0.024095972757482778	64.34139864233694
5.818294192496686	0.007	0.005	0.2802738220551792	7.616845967069316e-8	0.2606956892287776	0.024095981399093188	64.08059638870851
5.87160940482976	0.007	0.005	0.28045696771050826	7.576434336272937e-8	0.2623390154774716	0.024095987135361655	63.819810047675034
5.92513712720932	0.007	0.005	0.28062029284589873	7.536472073858607e-8	0.26395687773478577	0.024095989975289087	63.559051892618655
5.978876638042335	0.007	0.005	0.28076393298708874	7.496940888969086e-8	0.2655489434160106	0.024095989927449105	63.29833376157146
6.032827304562764	0.007	0.005	0.28088802696080556	7.457823431329712e-8	0.26711489322603116	0.024095987000003642	63.03766697078755
6.086988562845675	0.007	0.005	0.28099271660085395	7.419103253941479e-8	0.2686544203848995	0.024095981200716154	62.777062419202394
6.1413599443877915	0.007	0.005	0.2810781465700393	7.380764742586082e-8	0.270167231199639	0.024095972536961146	62.51653046784113
6.195941055993972	0.007	0.005	0.2811444640834172	7.342793077682195e-8	0.2716530442761667	0.024095961015735166	62.256081044760755
6.250731592023836	0.007	0.005	0.2811918187042939	7.305174186207531e-8	0.2731115906491699	0.024095946643663543	61.995723594142106
6.305731343185259	0.007	0.005	0.2812203621205111	7.267894691831215e-8	0.27454261377320893	0.02409592942700343	61.735467043152525
6.360940176100845	0.007	0.005	0.28123024791020057	7.23094188675253e-8	0.27594586874279786	0.02409590937165453	61.47531990728603
6.4163580566656275	0.007	0.005	0.2812216313424278	7.194303682475191e-8	0.27732112265518155	0.024095886483155835	61.21529018821985
6.471985136684778	0.007	0.005	0.2811946690976375	7.157968516324894e-8	0.2786681563982276	0.024095860766643742	60.955384979419435
6.527821604553014	0.007	0.005	0.2811495190578242	7.121925417579476e-8	0.2799867606216057	0.024095832226910453	60.695611177495536
6.583867682119485	0.007	0.005	0.28108634020710627	7.086163978315482e-8	0.28127673556366656	0.024095800868420125	60.43597549998407
6.640123718715362	0.007	0.005	0.28100529238627175	7.050674261543066e-8	0.28253789303583465	0.02409576669526349	60.17648405553103
6.696590110508624	0.007	0.005	0.2809065362097076	7.015446825955706e-8	0.28377005430817004	0.02409572971120331	59.917142725780174
6.753267376568037	0.007	0.005	0.28079023279282206	6.980472650803764e-8	0.2849730515618516	0.02409568991962844	59.65795682256526
6.8101560964141505	0.007	0.005	0.2806565436941677	6.945743152279646e-8	0.2861467262523043	0.024095647323592786	59.39893138344301
6.867256952666145	0.007	0.005	0.28050563068287687	6.91125013297195e-8	0.2872909297693099	0.02409560192578524	59.14007098438291
6.924570705895448	0.007	0.005	0.2803376556459283	6.876985775266833e-8	0.2884055226469166	0.024095553728545802	58.881379862829384
6.982098203412552	0.007	0.005	0.28015278043161596	6.842942616210471e-8	0.289490374492805	0.024095502733857337	58.62286188560443
7.039840392046	0.007	0.005	0.27995116666967357	6.809113521897146e-8	0.2905453639589779	0.024095448943330683	58.364520500012794
7.097798284917263	0.007	0.005	0.2797329757562299	6.775491687180222e-8	0.29157037786855183	0.024095392358231875	58.106358890903365
7.155972989458275	0.007	0.005	0.2794983686437004	6.742070602834576e-8	0.2925653114900591	0.02409533297945404	57.84837986279273
7.214365701013188	0.007	0.005	0.2792475057436111	6.708844044433598e-8	0.2935300681567908	0.024095270807518884	57.59058587688711
7.272977688519954	0.007	0.005	0.2789805468827381	6.675806063406345e-8	0.29446455878670946	0.02409520584258853	57.33297912205626
7.3318103151150895	0.007	0.005	0.2786976511143776	6.642950963293293e-8	0.29536870198092896	0.02409513808443985	57.07556143163227
7.3908650080884355	0.007	0.005	0.2783989767661624	6.610273301212553e-8	0.29624242331885386	0.024095067532494737	56.818334422741195
7.450143295255679	0.007	0.005	0.2780846811774208	6.577767856753851e-8	0.2970856556851772	0.024094994185774328	56.561299344724524
7.509646766861941	0.007	0.005	0.27775492080998593	6.545429639841815e-8	0.29789833847971403	0.02409491804294054	56.30445725253782
7.569377100288411	0.007	0.005	0.2774098510483955	6.513253866803806e-8	0.29868041776476445	0.024094839102262754	56.047808906399055
7.629336041384185	0.007	0.005	0.2770496262352252	6.481235959917659e-8	0.29943184580077303	0.024094757361638127	55.79135485942157
7.689525429453697	0.007	0.005	0.2766743994595794	6.44937152235221e-8	0.3001525811590334	0.024094672818554153	55.535095357587686
7.749947154437947	0.007	0.005	0.27628432276150977	6.417656354431118e-8	0.30084258799924857	0.024094585470144304	55.27903052933448
7.8106032100468195	0.007	0.005	0.2758795467464325	6.386086413954214e-8	0.30150183650967394	0.024094495313109487	55.02316016626387
7.871495626476085	0.007	0.005	0.27546022097649103	6.354657845325385e-8	0.3021303019660083	0.02409440234381268	54.767484014495935
7.932626548121619	0.007	0.005	0.2750264934074044	6.323366930287499e-8	0.3027279653934023	0.02409430655815963	54.51200145353611
7.993998145528954	0.007	0.005	0.27457851095888924	6.292210125793797e-8	0.3032948124930599	0.0240942079517304	54.256711872154014
8.055612693561613	0.007	0.005	0.27411641893297184	6.261184016284396e-8	0.30383083425983937	0.024094106519654917	54.00161434735966
8.11747252362369	0.007	0.005	0.2736403613231883	6.230285333451755e-8	0.304336026357472	0.02409400225668464	53.74670785027182
8.179580024481428	0.007	0.005	0.2731504807956003	6.199510948050572e-8	0.3048103890097618	0.024093895157190653	53.49199124752894
8.241937663833935	0.007	0.005	0.27264691850167344	6.168857853057344e-8	0.30525392703518056	0.02409378521512451	53.23746321828588
8.304547972853596	0.007	0.005	0.2721298141790443	6.138323168050496e-8	0.30566664958370016	0.024093672424041413	52.98312232377678
8.367413542953328	0.007	0.005	0.27159930616796724	6.107904132289665e-8	0.3060485699978271	0.024093556777104178	52.72896702573799
8.43053703508121	0.007	0.005	0.2710555313245852	6.077598098336869e-8	0.306399705754473	0.02409343826706416	52.47499565415202
8.493921159703063	0.007	0.005	0.27049862518692336	6.047402535269441e-8	0.30672007824212794	0.02409331688629668	52.2212064931349
8.55756870292854	0.007	0.005	0.26992872174650395	6.017315012013018e-8	0.30700971280167394	0.024093192626749974	51.967597681055395
8.621482489427867	0.007	0.005	0.26934595377740184	5.987333212784677e-8	0.30726863845251545	0.02409306548001521	51.71416736370024
8.685665421400024	0.007	0.005	0.2687504524918035	5.957454912354163e-8	0.30749688798556396	0.024092935437249167	51.4609135437563
8.75012043692064	0.007	0.005	0.26814234792691904	5.927677992195169e-8	0.30769449771749774	0.02409280248925612	51.20783425057484
8.814850557807679	0.007	0.005	0.26752176850750387	5.8980004180405806e-8	0.3078615075808937	0.024092666626389255	50.95492735618691
8.879858817451542	0.007	0.005	0.26688884174400535	5.868420265775647e-8	0.3079979608563083	0.024092527838700122	50.70219086236575
8.945148343413871	0.007	0.005	0.26624369345554894	5.838935683259681e-8	0.30810390433033846	0.024092386115764926	50.44962258207828
9.010722276084962	0.007	0.005	0.2655864485771986	5.809544924217775e-8	0.3081793880717583	0.02409224144685767	50.19722045994331
9.076583830122892	0.007	0.005	0.2649172305767504	5.780246315579988e-8	0.30822446550588567	0.02409209382081806	49.94498233779229
9.142736242839428	0.007	0.005	0.26423616199303096	5.7510382826610135e-8	0.30823919332129884	0.02409194322616576	49.69290615703033
9.20918281425607	0.007	0.005	0.26354336405483997	5.721919324455691e-8	0.3082236314805329	0.02409178965101196	49.44098980834224
9.275926970257265	0.007	0.005	0.26283895602401347	5.6928879860402235e-8	0.30817784310337704	0.024091633082908036	49.18923089911098
9.342972122003365	0.007	0.005	0.2621230566815584	5.6639429201573436e-8	0.3081018944622988	0.02409147350916972	48.937627290734675
9.410321678962134	0.007	0.005	0.2613957842509647	5.63508287586746e-8	0.30799585508222377	0.02409131091685669	48.68617704762473
9.477979093739153	0.007	0.005	0.2606572559610815	5.6063066793019124e-8	0.3078597977341758	0.024091145292670972	48.43487826989271
9.545947835583581	0.007	0.005	0.25990758836766154	5.577613242178859e-8	0.30769379850249473	0.024090976623024368	48.183729194057435
9.61423139961883	0.007	0.005	0.25914689729277157	5.549001556748313e-8	0.3074979368122565	0.02409080489402074	47.93272815970249
9.68283329802523	0.007	0.005	0.25837529796141295	5.520470697548572e-8	0.30727229549738355	0.024090630091482667	47.681873643002795
9.751757069353477	0.007	0.005	0.25759290493641007	5.492019815922918e-8	0.307016960821072	0.024090452200932738	47.43116422344144
9.821006241974331	0.007	0.005	0.2567998325743909	5.463648154129827e-8	0.30673202267204813	0.02409027120769354	47.180598717091165
9.890584370728096	0.007	0.005	0.25599619465349427	5.435355028731189e-8	0.30641757450475293	0.024090087096799887	46.93017604291813
9.96049499070794	0.007	0.005	0.255182104947243	5.407139848374445e-8	0.30607371361443286	0.024089899853127077	46.67989538915126
10.030741658739204	0.007	0.005	0.25435767678983334	5.3790020938464344e-8	0.3057005410387712	0.02408970946128893	46.42975606288921
10.101327883122023	0.007	0.005	0.2535230239433009	5.35094134822426e-8	0.30529816201910653	0.02408951590583593	46.179757739129066
10.172257197982173	0.007	0.005	0.2526782597711576	5.3229572631910636e-8	0.30486668571522085	0.024089319171063227	45.92990019369691
10.243533073417037	0.007	0.005	0.25182349834792384	5.295049595363862e-8	0.30440622583900423	0.024089119241267668	45.680183618419214
10.315158975960966	0.007	0.005	0.2509588537898768	5.267218178802984e-8	0.303916900432914	0.024088916100592838	45.430608403635745
10.387138310779722	0.007	0.005	0.2500844409953807	5.2394629498337056e-8	0.303398832382208	0.024088709733203602	45.181175336348865
10.459474453894899	0.007	0.005	0.24920037530505978	5.211783930108118e-8	0.30285214935250326	0.024088500123208883	44.93188548233046
10.532170693279726	0.007	0.005	0.24830677326776252	5.1841812496194304e-8	0.30227698438905526	0.02408828725484655	44.68274038335399
10.605230280317627	0.007	0.005	0.24740375205963472	5.1566551244441334e-8	0.3016734757029554	0.024088071112350624	44.433741872596286
10.678656355489448	0.007	0.005	0.24649143044512223	5.1292058860190915e-8	0.30104176744580635	0.024087851680186664	44.184892320969965
10.752451990070005	0.007	0.005	0.2455699283101422	5.101833960515745e-8	0.30038200957134825	0.024087628942948348	43.93619448510023
10.826620130152373	0.007	0.005	0.2446393674031332	5.0745398904867454e-8	0.2996943585242554	0.024087402885545405	43.687651686437206
10.90116362857052	0.007	0.005	0.24369987098047396	5.047324322408719e-8	0.2989789771708344	0.024087173493129353	43.4392676919303
10.976085182894678	0.007	0.005	0.24275156462693168	5.0201880244282155e-8	0.2982360356014611	0.02408694075130635	43.191046908640566
11.051387367097796	0.007	0.005	0.2417945758972097	4.993131875149019e-8	0.297465711064691	0.024086704646065413	42.94299426361852
11.127072558258806	0.007	0.005	0.2408290352828879	4.966156888245512e-8	0.2966681889485831	0.02408646516403427	42.69511543017087
11.203143003203753	0.007	0.005	0.23985507539860845	4.9392641852742776e-8	0.29584366234163345	0.024086222292298533	42.44741659146344
11.279600698582232	0.007	0.005	0.23887283254364056	4.912455038545411e-8	0.2949923335602649	0.024085976018812467	42.199904813910386
11.356447477650727	0.007	0.005	0.23788244561836053	4.885730834388232e-8	0.29411441347660106	0.024085726332154972	41.95258774366942
11.43368490910658	0.007	0.005	0.23688405744428034	4.859093108389393e-8	0.29321012290083653	0.024085473221888757	41.70547391257605
11.51131433292416	0.007	0.005	0.23587781432048358	4.8325435311724034e-8	0.29227969245127056	0.024085216678481097	41.45857259819713
11.589336808900267	0.007	0.005	0.23486386669886974	4.806083920187976e-8	0.2913233634206376	0.024084956693509848	41.21189396315887
11.667753095305192	0.007	0.005	0.23384236946755946	4.7797162468460366e-8	0.2903413883181674	0.02408469325977556	40.96544909437832
11.746563658585668	0.007	0.005	0.23281348182197747	4.7534426256151615e-8	0.28933403101450067	0.024084426371310502	40.719249943246375
11.82576863072344	0.007	0.005	0.2317773678093796	4.727265330676787e-8	0.28830156752975916	0.02408415602356452	40.47330942904056
11.905367781566005	0.007	0.005	0.230734196673005	4.701186796354542e-8	0.28724428665317553	0.024083882213544943	40.2276414915595
11.985360511939417	0.007	0.005	0.22968414291564798	4.6752096171302254e-8	0.2861624902846505	0.024083604939887454	39.98226107720809
12.065745825387559	0.007	0.005	0.22862738663363583	4.649336553199802e-8	0.28505649404586986	0.02408332420300171	39.73718418941485
12.146522326315758	0.007	0.005	0.2275641134943704	4.6235705247573126e-8	0.28392662752036124	0.02408304000512684	39.49242785627583
12.22768815891521	0.007	0.005	0.22649451548293206	4.597914628660981e-8	0.28277323530450593	0.024082752350596516	39.248010275953405
12.309241048005246	0.007	0.005	0.22541879029651904	4.572372118665639e-8	0.2815966766162426	0.024082461245746836	39.00395065138401
12.391178221196315	0.007	0.005	0.2243371422908038	4.5469464271728445e-8	0.28039732655761	0.024082166699244567	38.760269381651774
12.47349643909635	0.007	0.005	0.22324978199098816	4.5216411468974166e-8	0.27917557581639296	0.02408186872203311	38.51698792661991
12.556191949549527	0.007	0.005	0.22215692659295544	4.496460043269447e-8	0.27793183143505146	0.02408156732755005	38.274128897637866
12.639260502005511	0.007	0.005	0.22105879965872155	4.4714070396075017e-8	0.27666651666608316	0.024081262531728397	38.031715968563205
12.722697312669386	0.007	0.005	0.21995563145018557	4.4464862272744825e-8	0.27538007152747446	0.024080954353176264	37.789773931020264
12.806497073916955	0.007	0.005	0.2188476586661185	4.4217018515584274e-8	0.27407295265537845	0.0240806428131947	37.54832861906221
12.890653953184644	0.007	0.005	0.21773512430670205	4.3970583092598753e-8	0.27274563326628065	0.0240803279358317	37.30740686535504
12.975161575453571	0.007	0.005	0.21661827774401263	4.372560146782844e-8	0.2713986033371457	0.024080009747996445	37.0670365042248
13.060013034088877	0.007	0.005	0.21549737440715655	4.348212048658804e-8	0.27003236929843744	0.02407968827946625	36.82724629341042
13.145200913746274	0.007	0.005	0.21437267529872703	4.324018827571984e-8	0.2686474534746591	0.024079363562843865	36.58806580378646
13.230717263072059	0.007	0.005	0.2132444471658022	4.299985425060864e-8	0.26724439428888536	0.024079035633702728	36.34952545176136
13.316553653008953	0.007	0.005	0.21211296153337916	4.2761168892187376e-8	0.26582374502771394	0.024078704530402822	36.11165629283728
13.402701156530288	0.007	0.005	0.21097849476907135	4.2524183725629984e-8	0.26438607383467755	0.024078370294202362	35.87449003776497
13.489150408961828	0.007	0.005	0.20984132708098527	4.228895114537784e-8	0.26293196232450583	0.024078032969055026	35.63805884746261
13.575891594895676	0.007	0.005	0.20870174248019252	4.205552433647052e-8	0.26146200536689235	0.024077692601686185	35.40239533392216
13.662914510527306	0.007	0.005	0.20756002774967422	4.1823957108485466e-8	0.25997680956035246	0.02407734924137074	35.16753235748536
13.750208575227752	0.007	0.005	0.20641647208240016	4.159430379810542e-8	0.258476992512317	0.02407700293990318	34.93350296715885
13.8377628844018	0.007	0.005	0.20527136618047823	4.136661908857103e-8	0.25696318137586466	0.02407665375139955	34.70034023325277
13.925566240142665	0.007	0.005	0.20412500165119035	4.114095789311144e-8	0.25543601172454083	0.024076301732180644	34.4680771448656
14.013607200153034	0.007	0.005	0.20297767017126542	4.091737522273665e-8	0.25389612607806805	0.024075946940576357	34.236746463426854
14.101874127556428	0.007	0.005	0.20182966264983024	4.069592598994857e-8	0.25234417237893253	0.024075589436719374	34.00638057971384
14.190355212137796	0.007	0.005	0.2006812687739542	4.0476664990567065e-8	0.25078080294816063	0.02407522928244854	33.77701145049887
14.279038556724032	0.007	0.005	0.19953277572039438	4.025964662685371e-8	0.2492066722759756	0.02407486654094194	33.548670370788784
14.367912176094757	0.007	0.005	0.19838446801767096	4.0044924957087794e-8	0.24762243634347098	0.02407450127669964	33.32138797850463
14.45696411999246	0.007	0.005	0.19723662581781914	3.983255335524212e-8	0.24602874973412361	0.024074133555012672	33.09519394529197
14.546182431478305	0.007	0.005	0.19608952531419244	3.962258464545505e-8	0.2444262656767689	0.024073763442102446	32.87011709438914
14.63555525895977	0.007	0.005	0.19494343719237375	3.9415070848701776e-8	0.24281563335460207	0.02407339100462332	32.64618513070183
14.72507087396355	0.007	0.005	0.19379862631726275	3.9210063162578957e-8	0.24119749690772646	0.02407301630954831	32.4234246163342
14.814717718531163	0.007	0.005	0.1926553510572305	3.9007611884160254e-8	0.2395724939243033	0.024072639423928722	32.20186087504821
14.904484464573152	0.007	0.005	0.19151386247744856	3.880776630676658e-8	0.23794125373460823	0.024072260414598798	31.98151787230043
14.994360001750769	0.007	0.005	0.19037440446243992	3.861057480700382e-8	0.23630439703044323	0.02407187934817867	31.762418274835067
15.084333526356895	0.007	0.005	0.18923721257242196	3.8416084667946483e-8	0.23466253368197326	0.02407149629064891	31.544583265215692
15.17439453474224	0.007	0.005	0.18810251413244874	3.8224342169356054e-8	0.23301626232360004	0.024071111307325917	31.32803259375393
15.264532882031359	0.007	0.005	0.18697052751259094	3.803539251299382e-8	0.23136616878837246	0.024070724462558778	31.112784474091452
15.354738780865812	0.007	0.005	0.18584146218292985	3.784927989410193e-8	0.22971282567720716	0.024070335819680603	30.898855625947647
15.44500282364618	0.007	0.005	0.18471551848630874	3.766604751311155e-8	0.22805679154172662	0.024069945440859924	30.686261262137325
15.535316028361056	0.007	0.005	0.18359288713429517	3.7485737554317936e-8	0.22639860967574368	0.02406955338684906	30.475015022289806
15.625669806272592	0.007	0.005	0.18247374969120914	3.730839133362586e-8	0.2247388083837981	0.024069159717071034	30.26512909134812
15.716056000991335	0.007	0.005	0.181358278179439	3.713404929165995e-8	0.22307789998310204	0.02406876448939875	30.056614150230722
15.806466891283721	0.007	0.005	0.18024663514911207	3.696275105631133e-8	0.22141638051308057	0.024068367760091827	29.84947941241997
15.896895187509921	0.007	0.005	0.1791389738346414	3.679453556013945e-8	0.21975472960369197	0.024067969583763234	29.643732674588787
15.987334039681164	0.007	0.005	0.17803543817634043	3.662944106588971e-8	0.21809341017027067	0.024067570013296773	29.439380340040483
16.0	0.007	0.005	0.17788123061210498	3.660669083947747e-8	0.2178608034099249	0.024067513947188316	29.41087353607048
