0.0	0.007	0.005	0.0	0.0	0.0	0.0	100.0
0.00022842079142125114	0.007	0.005	3.3221891442825515e-5	0.00021123431070510604	1.689007180696551e-9	1.912068528970817e-6	99.99828452989837
0.0003332894607918944	0.007	0.005	4.8473297716287056e-5	0.00027395689640924545	3.5957640617769096e-9	3.7611800611092898e-6	99.9974969622943
0.0005175887027673014	0.007	0.005	7.527524487703941e-5	0.00035068726606125313	8.671538408191113e-9	7.960332633330922e-6	99.99611288316737
0.0006730391307510227	0.007	0.005	9.788051247623145e-5	0.0003925536093622257	1.4661861460021778e-8	1.2149729454053644e-5	99.99494547224688
0.0008683295643517825	0.007	0.005	0.00012627753603549572	0.0004263189246619752	2.4403657820034554e-8	1.794623908389268e-5	99.99347888778566
0.0010658231638326122	0.007	0.005	0.00015499300389198724	0.0004470220409221101	3.676487329435687e-8	2.418883062238472e-5	99.99199577995061
0.0012919008820288834	0.007	0.005	0.0001878622224985353	0.0004608787985780102	5.4012569728096327e-8	3.1613549234729214e-5	99.99029804238835
0.001534933223142333	0.007	0.005	0.0002231936411503366	0.0004690861690706085	7.624074581685074e-8	3.978426958067776e-5	99.98847301571412
0.001807878420320181	0.007	0.005	0.0002628702357787938	0.0004738776203936638	1.0575839136991661e-7	4.908567407357805e-5	99.98642340119893
0.002110104642619616	0.007	0.005	0.00030679896459986184	0.00047643300836309	1.4406192180407762e-7	5.946236492550695e-5	99.9841539570773
0.002452015433350127	0.007	0.005	0.0003564904262010296	0.0004777072249120364	1.9451263680354786e-7	7.124681556195574e-5	99.98158658003146
0.0028403031491325997	0.007	0.005	0.00041291505797329156	0.00047827473746651136	2.609670160257317e-7	8.465388963939468e-5	99.97867104281548
0.00328922074434993	0.007	0.005	0.00047814093566228815	0.0004784931067487814	3.499371257168664e-7	0.00010016585650993389	99.97530035979821
0.0038156151540070142	0.007	0.005	0.0005546112016468698	0.00047855517252059165	4.708383636879407e-7	0.0001183591274774598	99.97134808941496
0.0044469496710210065	0.007	0.005	0.000646308265822306	0.0004785554494355089	6.394309588318528e-7	0.00014017954234121056	99.96660811460899
0.005223609226874345	0.007	0.005	0.0007590858220295871	0.0004785325277801805	8.821048226753444e-7	0.00016702054788047212	99.96077736720778
0.006211574504294203	0.007	0.005	0.0009025037483118684	0.0004784977926873664	1.2470022734597603e-6	0.00020115980645557936	99.9533607401564
0.00750930642092247	0.007	0.005	0.0010908157697636508	0.0004784512134702719	1.8218493434252618e-6	0.0002459953993160654	99.9436195399364
0.009172990934547362	0.007	0.005	0.0013321091720779254	0.0004783911372749934	2.717322008262202e-6	0.0003034615561902042	99.93113276848395
0.010986276308542655	0.007	0.005	0.001594944637607318	0.000478323884772138	3.895912314500436e-6	0.0003660788075834015	99.91752494571371
0.01267730729257093	0.007	0.005	0.001839913372972932	0.00047825607149119836	5.1851982524175245e-6	0.0004244590502523249	99.90483625236489
0.014173604298124382	0.007	0.005	0.0020565548301815888	0.0004781955149193494	6.4788480821699625e-6	0.0004761040223602693	99.89361009401206
0.015531027202489618	0.007	0.005	0.002252994056029484	0.0004781481098207873	7.776417550864657e-6	0.0005229454497444973	99.88342694752914
0.016830393789024827	0.007	0.005	0.0024409467440191434	0.0004781059548655466	9.12885999010968e-6	0.0005677744318456981	99.87368030169507
0.018131312173306765	0.007	0.005	0.002629040708929136	0.00047806233106862604	1.0590953548510988e-5	0.0006126482045887904	99.86392296849435
0.019462311749768577	0.007	0.005	0.002821397861670621	0.00047801591500757783	1.2198615543353163e-5	0.0006585505470180066	99.85394100263233
0.02082720088659274	0.007	0.005	0.00301856233923025	0.00047796718143916294	1.3964476705157023e-5	0.0007056121185105336	99.84370591477028
0.02221473071051767	0.007	0.005	0.0032189035537700255	0.0004779170176883303	1.5881206263012437e-5	0.0007534444439366689	99.83330212332487
0.023609547393153782	0.007	0.005	0.003420201600863484	0.00047786635137310305	1.79314076279891e-5	0.0008015178984571384	99.8228447871631
0.02500047105408786	0.007	0.005	0.0036208427048175203	0.0004778158897690705	2.0098959650603438e-5	0.0008494471137660706	99.8124177288921
0.027766147492153646	0.007	0.005	0.0040195102472803685	0.00047772487630374626	2.47734295989916e-5	0.0009447182052354692	99.7916880731338
0.03133653222032351	0.007	0.005	0.00453362054718157	0.00047759459310061666	3.1523946414283155e-5	0.0010676512297839306	99.76493323006449
0.03846840278792853	0.007	0.005	0.00555869113090024	0.0004773374206585384	4.7414736198396154e-5	0.0013130124575850529	99.71151170058386
0.04944877723996349	0.007	0.005	0.007132051824929818	0.00047693703972777953	7.811442955459653e-5	0.0016902577111436523	99.6293187347052
0.06080059282880048	0.007	0.005	0.008752458539012223	0.0004765125957820045	0.00011773687144325999	0.0020795991884211265	99.54441659550521
0.07348903464249276	0.007	0.005	0.010556252910827986	0.00047601501926628213	0.00017142104568155158	0.002513969640140651	99.44960323242019
0.08533823567626303	0.007	0.005	0.012233702607142091	0.000475511092119885	0.00023042440310259347	0.0029188086483509707	99.3611425758697
0.09733889599576213	0.007	0.005	0.013925689720350496	0.0004749423310374416	0.00029882630533131674	0.003327992937110361	99.27163139500448
0.10803036061996518	0.007	0.005	0.015427258193225045	0.0004743615625111705	0.00036702474966747206	0.0036917852372298854	99.19195323922692
0.11855278992790949	0.007	0.005	0.016899735890813377	0.0004737006162644866	0.0004407624668796177	0.004049072624979208	99.11359726295484
0.127760364319439	0.007	0.005	0.018183874542489164	0.0004730247846075246	0.0005106268743438542	0.004361040770786377	99.04508322247109
0.13681697518732133	0.007	0.005	0.01944301613969746	0.00047225402677776763	0.0005841698990784905	0.004667215174557849	98.97773871278146
0.14470396046123993	0.007	0.005	0.020536366920379474	0.0004714754522115648	0.0006520844237311487	0.0049332406664395105	98.9191287839474
0.15254288497754456	0.007	0.005	0.021620130759259438	0.0004705904479931369	0.0007231297460803951	0.0051970234357139895	98.86091039470242
0.15937925858804622	0.007	0.005	0.022562912750605436	0.00046970980941180777	0.0007879556102435344	0.005426511162644203	98.81016575636315
0.16626736608134784	0.007	0.005	0.023510595820527242	0.0004687121505089847	0.0008559570548867231	0.005657155094341317	98.75906345399949
0.17230076361126023	0.007	0.005	0.024338847340854904	0.0004677317123674914	0.0009177226644205749	0.005858654988465727	98.7143238882937
0.17845999452629951	0.007	0.005	0.025182605310843355	0.000466623540201083	0.0009828862970734137	0.006063805051567969	98.66867213411658
0.18388615797959001	0.007	0.005	0.02592446246784213	0.00046554400551727644	0.0010420516911042517	0.006244035896607265	98.62847131362263
0.1894862656367045	0.007	0.005	0.026688652303868896	0.00046432604602981374	0.0011048316276707259	0.006429509482586968	98.58699896762944
0.19445202012902624	0.007	0.005	0.027365049254634774	0.00046314601153572924	0.0011619533412919004	0.006593483656475173	98.55023899664887
0.1996193497984709	0.007	0.005	0.028067678409648942	0.00046181737263561686	0.001222837560594955	0.0067635881998415375	98.51200137833054
0.2042331624272842	0.007	0.005	0.02869398873360032	0.00046053372212297866	0.0012784391450820377	0.0069149862733851476	98.47787225728965
0.209061481897809	0.007	0.005	0.029348354190321342	0.0004590922325433157	0.0013378724333422889	0.007072899502030267	98.4421690555011
0.2134038852338838	0.007	0.005	0.029935937335277954	0.00045770059349234735	0.0013924091807808723	0.007214433810405295	98.41007003593536
0.21796332625643006	0.007	0.005	0.03055194412484167	0.0004561432131832674	0.001450772973376788	0.0073625150228265965	98.37637793929481
0.22209448263253195	0.007	0.005	0.031109252857518224	0.000454638489842621	0.001504624991878287	0.007496192855528782	98.34586062283131
0.22643857737989653	0.007	0.005	0.031694433252556574	0.0004529615014597028	0.00156224435811736	0.007636225809060446	98.31378051790517
0.23040428268953608	0.007	0.005	0.03222787791598325	0.0004513381015066242	0.0016157292413003618	0.007763556389886722	98.28450386582996
0.23457482813154787	0.007	0.005	0.03278809079897706	0.00044953722450439225	0.001672884185463698	0.00789691653306144	98.253724395408
0.23841072750029768	0.007	0.005	0.033302641628974596	0.0004477891683537802	0.0017262714974080255	0.008019055637892089	98.22542319088137
0.2424412245548063	0.007	0.005	0.03384256344759985	0.0004458595739048287	0.0017832092417165157	0.008146827586800867	98.19569503042806
0.24617580308809553	0.007	0.005	0.034342175017340465	0.00044398050063454523	0.0018367342728732665	0.008264679409412883	98.16815753804477
0.2500938965788403	0.007	0.005	0.03486564597956699	0.00044191675121323657	0.001893680534740151	0.008387739539162449	98.13927517070589
0.25375062306467605	0.007	0.005	0.03535355952138408	0.0004398998442563813	0.001947556452110085	0.008502028927997866	98.11232714592322
0.2575798565646436	0.007	0.005	0.03586383109182481	0.0004376957742091676	0.002004725325418373	0.00862110394801211	98.08411577258752
0.26117875015895187	0.007	0.005	0.036342793964087454	0.0004355336203553367	0.002059153795587994	0.008732428308998409	98.0576087928963
0.2649398651791224	0.007	0.005	0.03684271080237428	0.0004331821608033508	0.0021167565773562713	0.008848137658287469	98.0299146565658
0.2684986827853491	0.007	0.005	0.03731514144089522	0.00043086654164027096	0.0021719374208636153	0.008957005216042315	98.00371729427155
0.27221062982398186	0.007	0.005	0.03780728163978778	0.00042835947960326185	0.002230191037647283	0.009069892872166987	97.97640016649083
0.2757458141619226	0.007	0.005	0.03827539983041993	0.0004258810849926411	0.002286331583913336	0.009176751907585445	97.95039095777925
0.2794265939121819	0.007	0.005	0.03876219010206524	0.0004232087384023664	0.002345467314458282	0.009287311418371313	97.92331790517318
0.2829540947411994	0.007	0.005	0.03922812821404237	0.00042055677499813423	0.002402792342890718	0.009392574004776314	97.89737927922073
0.2866215330399432	0.007	0.005	0.03971194826626914	0.0004177075442211487	0.002463065839590796	0.009501269851434107	97.87041894189437
0.2901575968759239	0.007	0.005	0.04017785641746606	0.0004148691937726415	0.0025218291883446144	0.009605332824776878	97.84443140456145
0.2938301506097266	0.007	0.005	0.04066114555438844	0.00041182892531488763	0.0025835331206075377	0.009712620734670841	97.81744806932048
0.2973921840498316	0.007	0.005	0.04112930463173445	0.00040878857137054115	0.002644032591109225	0.009815886595250827	97.79128386816194
0.30108989404926423	0.007	0.005	0.04161468574834162	0.0004055396239242179	0.0027075139346350655	0.0099222355774533	97.76413048538208
0.30469753878633465	0.007	0.005	0.04208764617600963	0.0004022777042502152	0.0027701120858027225	0.010025136493848777	97.73764574495779
0.3084432999175513	0.007	0.005	0.04257808901566194	0.0003987975220819205	0.0028357974671687396	0.01013105631052803	97.71015464510448
0.31211993684007294	0.007	0.005	0.043058863066692814	0.0003952887470786891	0.0029009528110031644	0.010234085854692742	97.68317838534625
0.31594138371059893	0.007	0.005	0.04355792476176844	0.0003915475695330464	0.002969388255177274	0.010340166166096773	97.6551475179672
0.31971646957435995	0.007	0.005	0.04405028371000219	0.0003877579956926156	0.003037705563125449	0.01044392712157659	97.6274646131806
0.32364905757996215	0.007	0.005	0.04456250018700455	0.00038371495420794807	0.0031096232961663034	0.010550900167318212	97.59863508217997
0.32756213691024916	0.007	0.005	0.045071483220633354	0.00037959682115471123	0.0031819414493295347	0.010656185693150579	97.56995701809274
0.3316547146896294	0.007	0.005	0.0456030758688373	0.00037519273515952104	0.0032583821715325353	0.01076503908186657	97.5399724661947
0.33576308994569326	0.007	0.005	0.04613596226502011	0.0003706744758685242	0.0033359430785862114	0.010872987911428118	97.50988144107077
0.340089250982149	0.007	0.005	0.04669627689566395	0.0003658170474550874	0.0034185058140678167	0.010985195165133885	97.47820531897102
0.3444848326287072	0.007	0.005	0.04726472204913495	0.00036078125534473804	0.003503325280452371	0.011097634970476996	97.4460314386128
0.34917018655766346	0.007	0.005	0.04786968712701455	0.0003553094088751005	0.003594766460457474	0.011215714214793508	97.41174823476901
0.3540248356123385	0.007	0.005	0.048495474238167344	0.000349533535068195	0.003690628355292128	0.011336095532245368	97.37623900449131
0.3593335263097701	0.007	0.005	0.04917858298599411	0.00034310445643343846	0.003796751130905827	0.01146540760601789	97.33742351241065
0.36507485646152565	0.007	0.005	0.04991594617054445	0.0003360312927256764	0.003913038313388992	0.011602475607453868	97.29546211040538
0.3718688905889916	0.007	0.005	0.0507866105642318	0.00032752110740012996	0.004052671375027706	0.011760880545899768	97.2458302257769
0.38074486428539955	0.007	0.005	0.05192098435708503	0.00031621463583731996	0.0042383773801297365	0.011961530202785491	97.18102746531653
0.38817570157572934	0.007	0.005	0.05286797597420771	0.00030663263515463466	0.0043966898273138525	0.012123959893417259	97.12680873883666
0.3951495908317724	0.007	0.005	0.05375450879680337	0.00029757333430897783	0.004547606789562184	0.012271758147233443	97.07595162725292
0.4011927948639711	0.007	0.005	0.054520992322459834	0.00028969765017597404	0.004680204434081653	0.012396181651667214	97.031903077535
0.40706389048042374	0.007	0.005	0.05526410310001413	0.0002820386968862931	0.004810635754940998	0.012513811054133538	96.98912815722746
0.4122516137665721	0.007	0.005	0.05591945478303005	0.00027528266653838147	0.004927199091707254	0.012615086392438997	96.95134776105523
0.4173812346432327	0.007	0.005	0.05656630234825802	0.00026862015777572436	0.005043662876700802	0.012712778194851802	96.91400497504823
0.4219781213473745	0.007	0.005	0.05714498971985585	0.0002626774244154903	0.005149045632919757	0.012798264270676356	96.88055262557172
0.4265854516017466	0.007	0.005	0.057724061526422565	0.00025675094697614277	0.005255625590236964	0.012882001215240628	96.847035862862
0.43076767014491885	0.007	0.005	0.05824889783025393	0.0002514069361522274	0.005353198461471028	0.012956338191227568	96.81662168355751
0.4350014955323632	0.007	0.005	0.05877943068821894	0.0002460327780768561	0.005452773683556809	0.013029981612874822	96.78584193475598
0.4388899491145403	0.007	0.005	0.059265995328295004	0.00024113668419482984	0.005544931107673678	0.013096201070663194	96.75758164650846
0.44285257594987315	0.007	0.005	0.059761162102577904	0.00023618638628340104	0.0056395383444192634	0.013162299991742956	96.72879077523285
0.44653059324609395	0.007	0.005	0.06022015142065984	0.0002316336281268594	0.005727973357057306	0.013222412800683198	96.70207542984836
0.4502933829016165	0.007	0.005	0.0606891097666917	0.00022701727082689467	0.005819064970038338	0.013282688646853695	96.67475197438738
0.4538190216113071	0.007	0.005	0.061127952657001015	0.00022273536153727023	0.005904981096212182	0.013338054730543707	96.64915759374037
0.4574326982715741	0.007	0.005	0.06157719292505596	0.00021838937773957238	0.005993608566125154	0.013393699510554542	96.62293113337189
0.4608471194627388	0.007	0.005	0.06200114124105124	0.00021432762523820216	0.006077873902539235	0.013445260340609829	96.59815731969323
0.46434849867187233	0.007	0.005	0.062435361232727624	0.00021020644281911566	0.006164813066940585	0.01349712069476714	96.5727591664967
0.4676814736589574	0.007	0.005	0.06284820299623059	0.00020632893868814437	0.006248065671384754	0.013545544144649506	96.54858878038519
0.47109789641201333	0.007	0.005	0.0632708817536515	0.00020239931994615534	0.006333902087073496	0.013594237033480878	96.52381951827171
0.47437144488881444	0.007	0.005	0.06367541035641175	0.00019868022291663422	0.006416621694111619	0.01364000889893354	96.50009206435674
0.47772371380247375	0.007	0.005	0.06408918675637737	0.0001949174613010157	0.006501808591532081	0.013685995367137325	96.47580007082729
0.4809545221643951	0.007	0.005	0.06448751179537016	0.00019133783661281302	0.006584365381830429	0.013729477998733286	96.4523940198235
0.48425886476510327	0.007	0.005	0.06489443697065511	0.0001877231970837909	0.006669263175744219	0.013773110995054233	96.42846111344298
0.4874599084325512	0.007	0.005	0.06528819218667828	0.0001842688935217689	0.006751951097676138	0.013814581430411999	96.405282050224
0.49072930477841825	0.007	0.005	0.06568989981592036	0.00018078787989690988	0.006836854520413297	0.01385613734035859	96.38161379012897
0.4939109487405447	0.007	0.005	0.06608038381030652	0.00017744809550425663	0.006919914244980429	0.013895812495320748	96.3585863779712
0.4971560401026139	0.007	0.005	0.06647820644080374	0.00017408926795179494	0.007005071150570201	0.013935512294600728	96.33510542733393
0.5003267925532101	0.007	0.005	0.06686647883263204	0.00017085557581200013	0.007088705993297172	0.013973565845471174	96.31216790771404
0.5035565134252887	0.007	0.005	0.0672615286360534	0.00016760973363035442	0.007174330583059075	0.014011589564841368	96.28880941976477
0.50672354930155	0.007	0.005	0.0676484767226465	0.00016447541347879433	0.007258717698478421	0.014048163456079094	96.26590979321706
0.5099455723139923	0.007	0.005	0.06804170224903158	0.00016133502476452493	0.007344999921005817	0.0140846602378065	96.24261816438111
0.5131151001839778	0.007	0.005	0.06842808762971408	0.0001582946017893231	0.007430298231340008	0.014119872634438483	96.21971151527677
0.5163361558766385	0.007	0.005	0.06882031451775386	0.0001552533984982196	0.007517410611992243	0.014154967871641128	96.19643805259916
0.5195136800091585	0.007	0.005	0.06920680631924268	0.00015230232056720605	0.007603766540618821	0.014188918761789028	96.17348463923916
0.5227397884837419	0.007	0.005	0.06959876673082352	0.00014935500896987817	0.007691869177606733	0.014222719236347221	96.15018587135692
0.5259302988408684	0.007	0.005	0.06998596562659892	0.00014648941839891152	0.00777942086433556	0.014255494443165843	96.12714974224347
0.5291669439530481	0.007	0.005	0.07037832030727154	0.00014363146583264058	0.007868665249885493	0.014288092126882092	96.1037861502676
0.53237505575832	0.007	0.005	0.07076677610000603	0.00014084803665558412	0.007957545699444325	0.01431976622468765	96.08063412844444
0.5356273145565685	0.007	0.005	0.07116013072230412	0.0001380755158287732	0.00804807759836203	0.014351241097890407	96.05716920356738
0.5388573727849111	0.007	0.005	0.07155035544506369	0.00013537133622934375	0.008138417088853333	0.014381879569664241	96.03387012705818
0.5421300185330987	0.007	0.005	0.07194527353745833	0.0001326808055000004	0.00823037889915771	0.014412301796547728	96.01026962152093
0.5453861785887937	0.007	0.005	0.07233775150069473	0.00013005329113889978	0.008322306899040822	0.014441962664807774	95.98679375777294
0.5486837594818333	0.007	0.005	0.0727347642700768	0.00012744170543267763	0.008415839499729686	0.014471394249299798	95.96302511331328
0.5519700506942368	0.007	0.005	0.07312995989879736	0.0001248885348770192	0.00850948623468845	0.01450012932687965	95.93934369928121
0.5552969560561463	0.007	0.005	0.0735295744094708	0.00012235317459159047	0.008604730610980186	0.014528625436415967	95.91537556754002
0.5586173322403959	0.007	0.005	0.07392793841286312	0.00011987224112890326	0.008700228369675937	0.014556481294767686	95.89146044440974
0.5619778457388516	0.007	0.005	0.07433064409105015	0.00011741065762001379	0.00879732697666051	0.014584091298949754	95.86726230234173
0.5653362279054827	0.007	0.005	0.07473261859749057	0.00011500003176390913	0.008894811278111125	0.014611110041001747	95.84308560798983
0.5687345737973879	0.007	0.005	0.07513889280423416	0.00011261000320798085	0.008993909293923621	0.014637878357677095	95.81862742469333
0.5721348875234918	0.007	0.005	0.07554491577578752	0.00011026790302368497	0.009093519975350028	0.01466409824427006	95.7941613256296
0.5755752706142022	0.007	0.005	0.07595522854205561	0.00010794739920049161	0.00919476645074853	0.014690065025995054	95.7694132755329
0.5790214767101257	0.007	0.005	0.07636573731502552	0.00010567216852230179	0.009296648625418071	0.014715520967500973	95.74462974803612
0.5825081177431254	0.007	0.005	0.07678055545414665	0.00010341932238288874	0.00940019756912291	0.014740722664648268	95.71956195796362
0.5860042427146922	0.007	0.005	0.07719599018885673	0.00010120941170703912	0.00950450263672238	0.014765446645288697	95.69443257155713
0.5895414120308131	0.007	0.005	0.077615781129595	9.902249530521128e-5	0.009610514114289554	0.014789916482461607	95.66901488119815
0.5930915747663241	0.007	0.005	0.07803658774476754	9.687644753090852e-5	0.009717400716317146	0.01481393790013432	95.64351061014071
0.5966836227547644	0.007	0.005	0.07846182291156185	9.475385286059888e-5	0.009826041915094494	0.014837706266953122	95.61771235652134
0.6002920608656961	0.007	0.005	0.07888845591348254	9.267029120782626e-5	0.009935676933695256	0.014861052223804235	95.59180339463755
0.6039434466112831	0.007	0.005	0.07931961382293633	9.061051458328739e-5	0.010047123232293807	0.014884147000970285	95.56559321047877
0.6076145432563055	0.007	0.005	0.07975253912510528	8.858813211428024e-5	0.010159682858550368	0.014906842555312562	95.53924878340935
0.6113298656270851	0.007	0.005	0.08019010869843572	8.658975946792306e-5	0.010274119030175423	0.014929289409704966	95.51259437893182
0.615068175013038	0.007	0.005	0.08062980621454446	8.462731120054007e-5	0.010389789848744118	0.01495135778183036	95.48578256682657
0.618852200567025	0.007	0.005	0.08107428963765541	8.268900742799086e-5	0.010507411229367585	0.014973180399095651	95.45865053541851
0.6226624756061756	0.007	0.005	0.08152125605488553	8.078530290579319e-5	0.01062639142748383	0.01499464315728488	95.43133808115438
0.6265201687489669	0.007	0.005	0.0819731718236448	7.89058019895431e-5	0.01074740521627898	0.015015863451343653	95.40369368997005
0.630407388606374	0.007	0.005	0.08242792328204018	7.705969961693892e-5	0.010869905852146493	0.01503674066583086	95.37584580925568
0.6343439422762814	0.007	0.005	0.0828878092219988	7.523779648811485e-5	0.010994532496151227	0.015057378956711116	95.34765278721844
0.6383133435524384	0.007	0.005	0.08335088433137369	7.344819773571485e-5	0.011120778948647568	0.015077689344542651	95.31923295385128
0.6423342129883713	0.007	0.005	0.08381930088193722	7.168274067189613e-5	0.011249253697915131	0.01509776452001721	95.29045325888183
0.6463913204316847	0.007	0.005	0.0842912635847541	6.994858627047229e-5	0.01137948717596107	0.0151175255586134	95.2614229947267
0.6505022563667634	0.007	0.005	0.08476879691009473	6.823847152460375e-5	0.011512061700189095	0.01513705520185173	95.2320165865359
0.6546529180481433	0.007	0.005	0.08525023975599241	6.655873729592781e-5	0.011646540974553327	0.015156283238702105	95.20233522105042
0.658860004329593	0.007	0.005	0.08573750525423682	6.490290368272501e-5	0.011783485207762009	0.015175283748902061	95.17225980386213
0.6631104287704858	0.007	0.005	0.08622905277757194	6.32765973788048e-5	0.011922488496500638	0.015193994093154283	95.1418842213537
0.6674201238928312	0.007	0.005	0.08672669891000287	6.167402133151666e-5	0.012064092706273311	0.01521248079441176	95.11109496048681
0.6717769220234971	0.007	0.005	0.0872290114271156	6.0100179417547514e-5	0.012207919818242164	0.015230687803270488	95.07997931476814
0.676196101566844	0.007	0.005	0.08773772350107492	5.854987177692366e-5	0.012354496813283317	0.01524867502808113	95.04842854883582
0.6806663311839165	0.007	0.005	0.08825150103704636	5.702755721207896e-5	0.012503471487243508	0.015266392176497088	95.01652396222788
0.6852023382297457	0.007	0.005	0.08877200573862948	5.552855915280535e-5	0.01265535920884779	0.015283893354208955	94.98416086071899
0.6897935558779217	0.007	0.005	0.08929799262674429	5.40568586009086e-5	0.012809831827022939	0.015301133306729836	94.95141507257546
0.6944542540218	0.007	0.005	0.08983106265365391	5.2608239010438464e-5	0.012967396166669094	0.015318161031088016	94.91818527765604
0.6991745703187529	0.007	0.005	0.0903700523193683	5.118626113907381e-5	0.01312774673054641	0.015334935697065085	94.88454227125267
0.7039684037511406	0.007	0.005	0.09091651159901505	4.978711397429762e-5	0.013291384740799786	0.015351501790128194	94.85038749228622
0.7088265461494901	0.007	0.005	0.09146935195411163	4.8413987673087154e-5	0.013458026263706827	0.015367822376240344	94.8157870720437
0.7137626075064483	0.007	0.005	0.09203008148738512	4.7063429461273116e-5	0.013628169812414038	0.015383937947304457	94.7806446283887
0.7187679915772723	0.007	0.005	0.09259768101491873	4.5738302049628285e-5	0.013801552194016114	0.015399815007058658	94.74502194031038
0.7238560969944128	0.007	0.005	0.09317362523578214	4.443547001167713e-5	0.013978672071493337	0.015415490501327315	94.70882425707467
0.7290189064577974	0.007	0.005	0.09375695974135785	4.3157505734620435e-5	0.01415928649409025	0.015430933978309566	94.67210925150454
0.7342696805999858	0.007	0.005	0.09434913365504176	4.190155602775643e-5	0.014343897101578237	0.015446179221407428	94.63478328926179
0.7396009563114669	0.007	0.005	0.0949492536509208	4.0669935075863236e-5	0.01453228099109515	0.015461198483626055	94.59690012529335
0.7450259292572421	0.007	0.005	0.0955587508982151	3.9460041085227205e-5	0.0147249457168481	0.01547602272303882	94.5583667313243
0.7505376739871059	0.007	0.005	0.09617679032121287	3.827395788368859e-5	0.014921688552367307	0.015490626603739652	94.51923307526101
0.7561493906719462	0.007	0.005	0.09680479216946553	3.710930887865562e-5	0.015123025909063401	0.015505038543742255	94.47940625244064
0.7618546834887095	0.007	0.005	0.0974419776488981	3.5967971607257225e-5	0.015328775716071143	0.01551923536509495	94.4389325155308
0.7676668288234559	0.007	0.005	0.09808976316799341	3.4847771457100574e-5	0.015539466405730708	0.015533243198746308	94.3977185880475
0.7735799606738867	0.007	0.005	0.09874742504454499	3.3750400654424114e-5	0.015754937405782488	0.015547040804619505	94.35580702261518
0.7796075040788064	0.007	0.005	0.09941638277007914	3.267386646867207e-5	0.015975732516813643	0.015560652244911929	94.31310367364895
0.7857441308557304	0.007	0.005	0.1000959673194792	3.16196942638073e-5	0.016201713879865513	0.015574058024138361	94.26964735582793
0.7920034892727844	0.007	0.005	0.1007876081611174	3.058605569883691e-5	0.016433444263226252	0.015587280324990767	94.22534254582426
0.7983808072734825	0.007	0.005	0.10149069142066612	2.9574325202236442e-5	0.016670810226158867	0.015600301230605643	94.1802242122829
0.8048900357136306	0.007	0.005	0.10220666365511215	2.8582823381322615e-5	0.01691439747775137	0.015613141210807592	94.13419491606572
0.811526987737485	0.007	0.005	0.10293496757677674	2.7612787609845272e-5	0.017164119242491692	0.015625783783482054	94.08728559906619
0.8183059995637995	0.007	0.005	0.1036770739552494	2.6662674207551502e-5	0.017420588496007125	0.015638247846979064	94.03939634931268
0.8252235084025737	0.007	0.005	0.10443248429565077	2.573359588394873e-5	0.017683747917352527	0.01565051822546842	93.99055383645437
0.8322943291952424	0.007	0.005	0.10520270143601293	2.4824132525840265e-5	0.01795424273181091	0.01566261237571209	93.94065505003691
0.839515576181862	0.007	0.005	0.10598728904071925	2.39352829457399e-5	0.018232048613927944	0.015674516317498294	93.88972204794842
0.8469026406281797	0.007	0.005	0.10678778982175724	2.3065740520728928e-5	0.018517848485573602	0.015686246171190875	93.837648073081
0.8544533818211957	0.007	0.005	0.10760383413455474	2.2216399604858276e-5	0.01881165539962966	0.01569778905575379	93.78445013274654
0.86218387812349	0.007	0.005	0.10843701319035147	2.1386057877603848e-5	0.019114196277985038	0.01570915985044224	93.73001699100968
0.8700928194201724	0.007	0.005	0.10928702987491218	2.057551357076864e-5	0.01942552694063433	0.015720346688812413	93.67436005086697
0.8781970961046397	0.007	0.005	0.11015553331090555	1.978366048280503e-5	0.01974642557918816	0.015731363292557417	93.61736277648298
0.8864963324458583	0.007	0.005	0.11104230598193573	1.90112083344109e-5	0.02007699728241197	0.01574219873228838	93.55903029524548
0.8950083697420305	0.007	0.005	0.11194906493125577	1.8257139994407093e-5	0.02041807981848243	0.015752865641446522	93.49923986550434
0.903733894493034	0.007	0.005	0.11287568097172841	1.752208337296701e-5	0.02076983548248615	0.015763353959861802	93.43798951204145
0.9126918585490519	0.007	0.005	0.11382395019556579	1.680510399721877e-5	0.02113317133127285	0.015773675294143884	93.37514925175428
0.921884161990156	0.007	0.005	0.1147938418385747	1.61067542812565e-5	0.02150831633236718	0.015783820388104698	93.31070903169415
0.9313310490432767	0.007	0.005	0.1157872431751586	1.5426176705317412e-5	0.021896258122534706	0.015793799873402684	93.24453045610015
0.9410358173934936	0.007	0.005	0.11680423399450172	1.4763853750392869e-5	0.022297303840916695	0.01580360524030672	93.17659421120636
0.9510202072160412	0.007	0.005	0.11784680552130411	1.4119000032188348e-5	0.022712534692432017	0.015813246184591685	93.10675218983164
0.9612891245334	0.007	0.005	0.11891516127017299	1.3492033672653117e-5	0.023142349428906642	0.015822714881804374	93.03497447380535
0.9718660359948772	0.007	0.005	0.12001140998089355	1.2882237057756742e-5	0.023587937867285528	0.015832020123082356	92.96110178775193
0.9827577007058604	0.007	0.005	0.12113589343561645	1.2289969157759081e-5	0.024049806220886934	0.015841154709255872	92.8850920606952
0.9939895588474013	0.007	0.005	0.12229085070076065	1.1714576727062779e-5	0.024529269737964966	0.015850126541391257	92.80677331450383
1.0055704913270038	0.007	0.005	0.12347677618692997	1.115636489149976e-5	0.025026960091071658	0.015858928978520197	92.72608965043206
1.0175281652341586	0.007	0.005	0.12469604979828457	1.0614742183781288e-5	0.0255443362379725	0.01586756902929968	92.64285485459075
1.0298738520515818	0.007	0.005	0.1259493297719273	1.008996576020677e-5	0.02608217454285115	0.015876040527092763	92.55699757437728
1.0426376749125215	0.007	0.005	0.12723914146368379	9.581504270820693e-6	0.026642096124584146	0.015884349563531755	92.46831604973156
1.0558335237046559	0.007	0.005	0.12856631037192381	9.089573465219077e-6	0.027225040692704882	0.015892490339617545	92.37672219001628
1.0694941060515166	0.007	0.005	0.1299334980168464	8.613702043159175e-6	0.027832806619322945	0.01590046796697128	92.28199813826285
1.083636021711246	0.007	0.005	0.13134168314590056	8.154072080145548e-6	0.028466510477566855	0.01590827687010271	92.18403878930397
1.0982944561554557	0.007	0.005	0.13279362717265525	7.710274077885098e-6	0.029128132969907596	0.015915921066442608	92.08261132739172
1.113488491643277	0.007	0.005	0.13429041332746613	7.282465802205059e-6	0.02981896672765171	0.01592339500415822	91.97759561834994
1.1292551922452716	0.007	0.005	0.13583481599731584	6.870303518480747e-6	0.03054115658772732	0.01593070142093647	91.86874847302464
1.1456152546927383	0.007	0.005	0.13742791066189855	6.4739316613103795e-6	0.03129613916626416	0.015937834517467782	91.75594116007957
1.1626061241789503	0.007	0.005	0.1390723122991087	6.093077448328635e-6	0.03208615998553604	0.0159447954932244	91.6389308817313
1.1802481055230745	0.007	0.005	0.1407688715895041	5.7278831597187475e-6	0.03291270879011195	0.0159515779645544	91.5175945188267
1.1985760563352472	0.007	0.005	0.1425197412154602	5.378150411478426e-6	0.033777990249702954	0.015958181295654413	91.39171040541841
1.2176062137248946	0.007	0.005	0.14432518805273106	5.044024821016169e-6	0.034683364948205585	0.015964598209106444	91.26118647067884
1.2373659938903003	0.007	0.005	0.14618644788946977	4.725375230514639e-6	0.03563074796068573	0.01597082606108827	91.12585546843944
1.2578621445047893	0.007	0.005	0.1481027172791114	4.422338572186159e-6	0.03662108282363993	0.01597685664347274	90.9856932385639
1.2791084533937074	0.007	0.005	0.15007378522457898	4.134817783497026e-6	0.03765565476954513	0.015982685609277045	90.84062863745905
1.3010964727150214	0.007	0.005	0.15209732348133473	3.862895762550373e-6	0.038734658876311646	0.015988304475218828	90.69074335180294
1.3238213869534106	0.007	0.005	0.1541713221646146	3.6064384011536486e-6	0.03985843882189712	0.015993708389492232	90.53609476247776
1.3472569876970066	0.007	0.005	0.1562918242046046	3.3653950567618213e-6	0.04102623875585052	0.01599889019469824	90.37688598302424
1.371379892830718	0.007	0.005	0.15845517684080282	3.139501498581019e-6	0.04223738040658274	0.01600384656992135	90.21330043061195
1.3961496993622948	0.007	0.005	0.16065627068420094	2.9284967772722314e-6	0.04349025849100268	0.01600857371047351	90.04563612854463
1.4215307101761465	0.007	0.005	0.16289052011431598	2.731924506890623e-6	0.04478341864038426	0.0160130717363526	89.87415787864046
1.4474766191133182	0.007	0.005	0.1651525217811804	2.549295305964291e-6	0.046114777147753264	0.016017341434466505	89.69920061615622
1.4739482787758384	0.007	0.005	0.16743763241946577	2.379972165583622e-6	0.0474825238788116	0.016021387021173148	89.52104913968553
1.5009016749468893	0.007	0.005	0.1697409213623272	2.2232923414560824e-6	0.04888450915036962	0.01602521363224698	89.34001916542879
1.528301096743672	0.007	0.005	0.17205830471064978	2.0785088268927873e-6	0.05031892967355018	0.016028828856721463	89.15636871322526
1.5561096464664357	0.007	0.005	0.17438572262503202	1.9448758079360055e-6	0.05178384405465743	0.016032240886442294	88.97036200516659
1.5842983369557915	0.007	0.005	0.176719896808982	1.8216196594827617e-6	0.05327765777007148	0.016035459317756778	88.78220865365108
1.6128387983309909	0.007	0.005	0.17905770333301824	1.707993159448151e-6	0.05479874907693064	0.016038493890902686	88.59211268735606
1.6417093015244406	0.007	0.005	0.18139665674869668	1.6032596990458397e-6	0.05634579685879718	0.0160413549150621	88.40023255887117
1.6708893660973518	0.007	0.005	0.183734451808128	1.506724260072931e-6	0.05791750199088449	0.016044052475408823	88.20671730680344
1.7003636670483748	0.007	0.005	0.18606926631777693	1.4177231592573962e-6	0.05951280376217751	0.01604659667810302	88.01168079449208
1.7301181730025506	0.007	0.005	0.1883994377138972	1.3356398829818408e-6	0.061130678519948314	0.01604899718492595	87.81522753398852
1.7601426465881964	0.007	0.005	0.19072364998371855	1.2598973844147444e-6	0.06277028019493572	0.016051263370891897	87.61743631101335
1.7904279685640863	0.007	0.005	0.19304071323444455	1.1899649090276341e-6	0.06443079946731421	0.016053404071173925	87.4183780209703
1.8209677161907514	0.007	0.005	0.19534967740782186	1.125351819866295e-6	0.06611155351687945	0.016055427692038677	87.21810540332388
1.8517563388302842	0.007	0.005	0.1976496847397044	1.0656095557639895e-6	0.06781188907595552	0.01605734208488809	87.01666515887987
1.8827901561557154	0.007	0.005	0.19994003911713396	1.0103265516024354e-6	0.06953123967429546	0.01605915463047141	86.81409150127345
1.914066147656775	0.007	0.005	0.20222011000513765	9.591277660918783e-7	0.07126906074139029	0.01606087218620936	86.6104141681938
1.9455825556200574	0.007	0.005	0.20448937267493886	9.116705644155472e-7	0.07302486444705558	0.016062501150891778	86.4056545553262
1.9773380937364795	0.007	0.005	0.20674734666407446	8.676431952481398e-7	0.07479817690600779	0.0160640474516505	86.19983093397654
2.0093323197373123	0.007	0.005	0.2089936197125443	8.267614365145933e-7	0.07658855978919644	0.016065516595829776	85.9929560789071
2.041565122145249	0.007	0.005	0.21122780869638916	7.887667599880327e-7	0.07839558234461846	0.016066913677616004	85.78504063909764
2.0740369323909325	0.007	0.005	0.21344957263352915	7.534236374183051e-7	0.08021883374702843	0.016068243419312733	85.57609179930459
2.1067484031279196	0.007	0.005	0.2156585887522307	7.205177264701258e-7	0.08205790543588182	0.01606951018714915	85.36611538436732
2.139700524939772	0.007	0.005	0.21785455930844663	6.898537083956478e-7	0.08391239792452251	0.016070718024603296	85.15511512989454
2.1728944260331624	0.007	0.005	0.22003719708335856	6.612536545847483e-7	0.08578190973185588	0.016071870671179777	84.94309398670555
2.2063314253514816	0.007	0.005	0.2222062282807819	6.345552971109432e-7	0.08766604050322016	0.016072971589313263	84.73005379380503
2.2400129167648775	0.007	0.005	0.22436138441329986	6.096106168454756e-7	0.08956438458840016	0.01607402398334721	84.51599602883937
2.2739403847152393	0.007	0.005	0.22650240304387745	5.862844591657598e-7	0.09147653199872867	0.016075030821402006	84.30092171527178
2.3081153337532854	0.007	0.005	0.22862902312732308	5.644533518086868e-7	0.09340206450211545	0.01607599485278631	84.08483187491981
2.3425392843508703	0.007	0.005	0.2307409847622927	5.44004391865385e-7	0.0953405554523628	0.016076918625963298	83.86772755624607
2.3772137315424557	0.007	0.005	0.23283802673445325	5.248342684484779e-7	0.09729156753231522	0.016077804503961384	83.64961009576336
2.4121401300177934	0.007	0.005	0.23491988584163548	5.068483661274741e-7	0.0992546520034692	0.016078654679205155	83.4304812096223
2.447319871653958	0.007	0.005	0.23698629585503805	4.899599620835114e-7	0.1012293475518031	0.01607947118688037	83.21034313092534
2.4827542622648413	0.007	0.005	0.2390369865506349	4.7408950356972884e-7	0.1032151791189186	0.01608025591715457	82.98919874961923
2.518444507080747	0.007	0.005	0.24107168335228227	4.5916395213376247e-7	0.10521165725735851	0.01608101062655424	82.76705169570832
2.554391695768866	0.007	0.005	0.24309010702041042	4.4511619372839996e-7	0.10721827749688047	0.01608173694835085	82.54390642374271
2.5905967821624385	0.007	0.005	0.24509197312275685	4.3188450854001614e-7	0.1092345194574293	0.016082436401958815	82.31976832837948
2.6270605657880464	0.007	0.005	0.24707699170038133	4.1941209140235763e-7	0.11125984611175947	0.016083110401585707	82.09464384665866
2.663783694889552	0.007	0.005	0.2490448681638164	4.076466119372839e-7	0.11329370429040564	0.01608376026453521	81.8685404260619
2.700766620351986	0.007	0.005	0.2509953015968874	3.9653983314632537e-7	0.11533552251545708	0.016084387217947343	81.64146679375321
2.7380096201705566	0.007	0.005	0.25292798691630186	3.860472441089248e-7	0.1173847127997331	0.01608499240619042	81.41343278957524
2.7755127549124823	0.007	0.005	0.2548426134024243	3.7612774885948894e-7	0.11944066868535251	0.01608557689648548	81.18444962209429
2.8132758872727583	0.007	0.005	0.25673886663447043	3.6674336648853085e-7	0.12150276687395185	0.01608614168508867	80.95452973015979
2.8512986340432294	0.007	0.005	0.2586164270048181	3.578589770964472e-7	0.12357036520977302	0.016086687701941955	80.72368705601211
2.8895804008787334	0.007	0.005	0.2604749724442884	3.4944207122798483e-7	0.1256428052486293	0.016087215816148782	80.49193681265365
2.9281203362432637	0.007	0.005	0.26231417713472766	3.414625415864037e-7	0.1277194104788446	0.01608772683986112	80.25929574177319
2.9669173538794613	0.007	0.005	0.26413371361842103	3.338924787108775e-7	0.12979948832436855	0.016088221532786936	80.02578195479182
3.005970104211962	0.007	0.005	0.26593325244575117	3.2670599620903383e-7	0.13188232944236053	0.01608870060566511	79.79141508206001
3.045276992237061	0.007	0.005	0.26771246402893145	3.1987906260302485e-7	0.13396720957387184	0.016089164724043245	79.55621614107383
3.0848361540784626	0.007	0.005	0.2694710185666948	3.133893564262693e-7	0.1360533892342221	0.016089614511256217	79.32020765260815
3.124645480832813	0.007	0.005	0.2712085881060505	3.0721612585389343e-7	0.13814011596093592	0.016090050551711227	79.08341347329302
3.164702595400163	0.007	0.005	0.27292484647034226	3.013400688940202e-7	0.14022662411548598	0.01609047339338845	78.84585890895004
3.205004877223793	0.007	0.005	0.27461947127045594	2.9574321672119667e-7	0.14231213724020428	0.016090883550658935	78.60757054244839
3.2455494610564983	0.007	0.005	0.27629214471203634	2.9040883131716684e-7	0.1443958690693365	0.016091281506600243	78.36857621693837
3.2863332413971955	0.007	0.005	0.2779425546113433	2.8532131127376413e-7	0.1464770248617894	0.01609166771519177	78.1289049855596
3.327352885526181	0.007	0.005	0.2795703957029738	2.80466104751626e-7	0.1485548031858339	0.01609204260341828	77.8885870112267
3.3686048554154406	0.007	0.005	0.28117537120320113	2.758296289855259e-7	0.15062839814224216	0.01609240657328069	77.64765341599191
3.4100854056241103	0.007	0.005	0.28275719334027	2.7139919964793474e-7	0.15269700036162517	0.016092760003436297	77.40613627234251
3.451790606347097	0.007	0.005	0.28431558480062025	2.6716296314023675e-7	0.15475979925964004	0.016093103250930496	77.16406844847599
3.493716367280649	0.007	0.005	0.2858502800750979	2.631098350193586e-7	0.15681598528509835	0.01609343665279055	76.92148345136442
3.5358584454418027	0.007	0.005	0.2873610261049644	2.5922944486864867e-7	0.1588647513350127	0.016093760527366368	76.67841536485605
3.578212478697061	0.007	0.005	0.2888475837643077	2.5551208358589526e-7	0.16090529538150847	0.016094075175763833	76.43489864109816
3.620773994733798	0.007	0.005	0.2903097283379043	2.519486571095625e-7	0.16293682183777478	0.01609438088297997	76.1909680362258
3.6635384402401967	0.007	0.005	0.29174725061355733	2.485306421791961e-7	0.1649585438398126	0.016094677919097567	75.94665843186135
3.706501207953829	0.007	0.005	0.293159957760434	2.4525004592329403e-7	0.16696968533382373	0.0160949665403661	75.7020046720486
3.749657644230608	0.007	0.005	0.2945476734565343	2.4209937016562974e-7	0.16896948216993746	0.016095246990070273	75.45704151368128
3.793003091357173	0.007	0.005	0.29591023905205555	2.390715757845903e-7	0.17095718473599097	0.016095519499557388	75.21180338164946
3.8365328959737046	0.007	0.005	0.297247513512936	2.3616005251215712e-7	0.1729320589125917	0.016095784288968015	74.96632431960553
3.8802424408359664	0.007	0.005	0.298559374015362	2.3335858918241364e-7	0.17489338801443213	0.016096041568055705	74.72063781083882
3.9241271537622633	0.007	0.005	0.29984571574202246	2.3066134783752036e-7	0.1768404735974601	0.016096291536809495	74.47477673042678
3.9681825517682876	0.007	0.005	0.30110645263535396	2.2806283744713028e-7	0.17877263773835766	0.01609653438622831	74.22877310236541
4.012404224144143	0.007	0.005	0.3023415162856906	2.2555789330747836e-7	0.18068922251102365	0.01609677029870142	73.98265820099317
4.05678789174938	0.007	0.005	0.30355085694500356	2.2314165331193917e-7	0.18258959272146313	0.016096999448770678	73.73646222860488
4.101329384291496	0.007	0.005	0.30473444215442147	2.2080954060695406e-7	0.184473134970985	0.01609722200340817	73.49021445245
4.14602469126294	0.007	0.005	0.30589225735731085	2.1855724333507705e-7	0.1863392598084199	0.01609743812264798	73.24394293415884
4.190869942014458	0.007	0.005	0.3070243045551745	2.1638069963088097e-7	0.18818740077866258	0.01609764795982557	72.99767465343108
4.235861445076344	0.007	0.005	0.30813060249428803	2.1427608028999595e-7	0.19001701589093573	0.01609785166208376	72.75143530590003
4.2809956829204605	0.007	0.005	0.3092111856615678	2.1223977510409225e-7	0.19182758714582998	0.016098049370636323	72.50524934808945
4.326269321466149	0.007	0.005	0.3102661036575655	2.1026837910751904e-7	0.19361862062256038	0.016098241221084133	72.25913996185538
4.3716792195296	0.007	0.005	0.311295420550354	2.0835867980519092e-7	0.1953896464980137	0.01609842734370982	72.01312902025326
4.417222438217782	0.007	0.005	0.31229921421229756	2.065076452098257e-7	0.19714021899915832	0.016098607863752074	71.76723705480357
4.462896235101575	0.007	0.005	0.31327757532141376	2.0471241319749505e-7	0.19886991572047194	0.016098782901603468	71.52148330559432
4.508698076381667	0.007	0.005	0.31423060677487835	2.0297028087142073e-7	0.20057833759826302	0.016098952573067118	71.2758856744504
4.554625624658026	0.007	0.005	0.315158422594481	2.0127869540923477e-7	0.202265107927461	0.016099116989507434	71.0304608096084
4.600676760021358	0.007	0.005	0.3160611475419561	1.9963524434271436e-7	0.20392987259086703	0.016099276258112683	70.78522401190023
4.646849555294644	0.007	0.005	0.3169389158232424	1.9803764800999442e-7	0.205572298575091	0.0160994304819818	70.54018938616197
4.693142293857896	0.007	0.005	0.3177918706752696	1.9648375094835992e-7	0.2071920740297137	0.016099579760353797	70.29536976508415
4.739553450610669	0.007	0.005	0.3186201632651413	1.9497151513038685e-7	0.20878890698844096	0.016099724188702664	70.05077682893828
4.786081697305819	0.007	0.005	0.3194239520913164	1.9349901272123696e-7	0.21036252495780702	0.016099863858907645	69.8064210954079
4.832725904765676	0.007	0.005	0.32020340233649697	1.920644194415185e-7	0.21191267437026695	0.016099998859402043	69.56231192626129
4.879485120211954	0.007	0.005	0.3209586848393206	1.9066600904846736e-7	0.2134391192119276	0.016100129275243874	69.31845766378571
4.92635858159452	0.007	0.005	0.3216899757290516	1.8930214704129814e-7	0.2149416408949455	0.016100255188289697	69.0748655727507
4.9733456946061265	0.007	0.005	0.3223974554808021	1.8797128587586784e-7	0.2164200369073312	0.01610037667725672	68.83154197679092
5.020446043767882	0.007	0.005	0.32308130855013656	1.8667195944165082e-7	0.21787412057876698	0.016100493817873766	68.58849221671844
5.067659372266924	0.007	0.005	0.32374172256121264	1.8540277877496635e-7	0.21930371986435157	0.016100606682944718	68.34572077039337
5.114985583514447	0.007	0.005	0.3243788878631651	1.841624274185364e-7	0.2207086768339657	0.01610071534246491	68.10323125924624
5.162424739550108	0.007	0.005	0.3249929970578041	1.8294965716453158e-7	0.2220888470621256	0.016100819863722478	67.86102647099517
5.209977040469352	0.007	0.005	0.3255842443170741	1.8176328458304796e-7	0.22344409848624627	0.01610092031135441	67.61910847851117
5.257642828907799	0.007	0.005	0.32615282507073223	1.8060218697145598e-7	0.22477431102898407	0.016101016747456495	67.37747862959958
5.305422588228832	0.007	0.005	0.326698935623676	1.7946529895173352e-7	0.22607937603442962	0.01610110923167235	67.1361375689735
5.353316934327721	0.007	0.005	0.32722277272390676	1.7835160925518158e-7	0.2273591955428463	0.016101197821265605	66.89508529205393
5.40132659777643	0.007	0.005	0.32772453306877625	1.77260157887202e-7	0.2286136813465533	0.01610128257117372	66.65432124618808
5.4494524409005365	0.007	0.005	0.32820441321449617	1.7619003290550763e-7	0.22984275499318396	0.016101363534122233	66.41384425565406
5.497695427029154	0.007	0.005	0.3286626090046337	1.7514036819663317e-7	0.2310463465520739	0.016101440760650388	66.17365268616606
5.546056640747329	0.007	0.005	0.3290993155447004	1.7411034045545526e-7	0.23222439472019132	0.016101514299221936	65.93374435346036
5.5945372633476165	0.007	0.005	0.3295147267559518	1.7309916718860335e-7	0.2333768458084133	0.01610158419625829	65.69411665507235
5.64313857702868	0.007	0.005	0.3299090352328125	1.7210610432237484e-7	0.2345036534766168	0.016101650496216532	65.45476655811342
5.6918619659240415	0.007	0.005	0.3302824320732862	1.7113044402822737e-7	0.23560477838768829	0.016101713241656802	65.21569060299547
5.740708900942053	0.007	0.005	0.3306351066013239	1.7017151290907147e-7	0.23668018751105221	0.01610177247328583	64.9768849862353
5.789680947187148	0.007	0.005	0.3309672462849437	1.692286699561745e-7	0.23772985396171312	0.01610182823002795	64.73834553180957
5.838779748671159	0.007	0.005	0.3312790365023167	1.6830130501425915e-7	0.23875375635158919	0.016101880549065434	64.50006777329075
5.888007038989182	0.007	0.005	0.3315706605019651	1.6738883690315696e-7	0.23975187871835027	0.01610192946590658	64.26204690900691
5.937364619377191	0.007	0.005	0.33184229916893326	1.6649071216535978e-7	0.24072420978957884	0.016101975014416618	64.02427791516477
5.986854385785625	0.007	0.005	0.3320941310908353	1.656064031196314e-7	0.24167074325172533	0.016102017226894586	63.78675542178939
6.036478290428353	0.007	0.005	0.3323263322687685	1.6473540707482752e-7	0.2425914767346473	0.016102056134086537	63.54947390427184
6.086238365604734	0.007	0.005	0.33253907618097855	1.6387724460156168e-7	0.24348641203601476	0.01610209176525402	63.312427574685366
6.13613671141396	0.007	0.005	0.332732533660201	1.630314585394961e-7	0.244355554651362	0.016102124148207633	63.07561044667835
6.186175496604675	0.007	0.005	0.3329068728479398	1.6219761270007006e-7	0.2451989135695551	0.016102153309350047	62.83901633705105
6.236356956117616	0.007	0.005	0.33306225914103993	1.6137529088244726e-7	0.24601650101830835	0.01610217927371443	62.60263888295796
6.28668338860648	0.007	0.005	0.333198855147634	1.6056409582934625e-7	0.24680833222356194	0.016102202065001386	62.36647155893851
6.337157153935601	0.007	0.005	0.3333168206521564	1.5976364831280728e-7	0.2475744251827152	0.01610222170561449	62.13050769378155
6.387780674015504	0.007	0.005	0.3334163125951223	1.5897358617722964e-7	0.24831480049994384	0.016102238216695552	61.89474047159865
6.43855644378176	0.007	0.005	0.3334974850684564	1.5819356329990625e-7	0.24902948136460892	0.016102251618159834	61.65916288600693
6.4894869983725885	0.007	0.005	0.33356048924379766	1.574232493031335e-7	0.2497184929190101	0.01610226192871776	61.42376789752632
6.540574951081011	0.007	0.005	0.3336054734241335	1.566623281819082e-7	0.2503818626392324	0.016102269165914694	61.18854826225221
6.591822957010474	0.007	0.005	0.33363258299074733	1.559104981446095e-7	0.2510196196936137	0.01610227334615135	60.9534967046558
6.6432337513079025	0.007	0.005	0.33364196043003985	1.551674703639184e-7	0.2516317952928799	0.016102274484715053	60.71860574644881
6.694810102354905	0.007	0.005	0.3336337453116426	1.544329690169147e-7	0.2522184219785413	0.01610227259580152	60.48386792579075
6.746554918919232	0.007	0.005	0.33360807426245104	1.537067291781854e-7	0.2527795346956275	0.016102267692532597	60.249275314894255
6.798471124524724	0.007	0.005	0.33356508096016796	1.5298849803121586e-7	0.25331516919175506	0.016102259786977713	60.01482009815369
6.850561664722144	0.007	0.005	0.33350489620485707	1.5227803425091964e-7	0.2538253620864763	0.01610224889018592	59.780494540316894
6.902829583946511	0.007	0.005	0.33342764786170276	1.5157510637311944e-7	0.25431015154903036	0.016102235012193492	59.54629064423494
6.95527793989314	0.007	0.005	0.33333346097514294	1.5087949353435777e-7	0.2547695763613606	0.01610221816206118	59.31220054049112
7.007909887798248	0.007	0.005	0.33322245766309455	1.5019098388393835e-7	0.25520367660935495	0.016102198347870387	59.078216114147395
7.060728611763546	0.007	0.005	0.33309475724830545	1.4950937508491042e-7	0.25561249297614325	0.016102175576760577	58.84432931634219
7.11373737816863	0.007	0.005	0.33295047616817924	1.488344732011887e-7	0.2559960671032164	0.016102149854925734	58.61053193124679
7.1669395051943035	0.007	0.005	0.33278972805514695	1.4816609276412504e-7	0.2563544412517152	0.016102121187640088	58.376815716439204
7.220338363738451	0.007	0.005	0.3326126237654645	1.475040563820447e-7	0.2566876582494035	0.016102089579273473	58.143172402988014
7.273937413984201	0.007	0.005	0.33241927127415927	1.4684819396818685e-7	0.25699576163653093	0.016102055033281677	57.90959354057907
7.327740149679288	0.007	0.005	0.33220977588148903	1.4619834315134178e-7	0.25727879524733516	0.01610201755225136	57.6760707462509
7.3817501526605405	0.007	0.005	0.3319842400411025	1.4555434828473105e-7	0.2575368034603424	0.01610197713787638	57.44259547166562
7.4359710583273815	0.007	0.005	0.3317427635069917	1.4491606063716437e-7	0.2577698309351033	0.016101933790990158	57.20915915873033
7.490406585589976	0.007	0.005	0.33148544322682555	1.4428333777389864e-7	0.2579779226857172	0.016101887511551644	56.97575311570351
7.5450604983791605	0.007	0.005	0.33121237353967803	1.4365604377216267e-7	0.25816112386204043	0.0161018382986851	56.74236868810355
7.599936664904082	0.007	0.005	0.3309236459106623	1.430340483076384e-7	0.25831947990479254	0.016101786150635688	56.508997010738625
7.65503899721944	0.007	0.005	0.33061934925065817	1.4241722718975468e-7	0.2584530362791938	0.016101731064829594	56.27562927183592
7.710371496252484	0.007	0.005	0.33029956971001034	1.4180546161657754e-7	0.2585618385657224	0.01610167303783857	56.04225652695327
7.765938234963939	0.007	0.005	0.32996439078599804	1.4119863820736672e-7	0.2586459323538959	0.01610161206540025	55.80886977693626
7.821743359715236	0.007	0.005	0.3296138933419958	1.405966488470158e-7	0.2587053632040113	0.016101548142421873	55.57545996812208
7.877791106583579	0.007	0.005	0.32924815552756675	1.3999939031850445e-7	0.25874017661763976	0.01610148126296516	55.342017930567636
7.934085784343546	0.007	0.005	0.3288672529069856	1.3940676439137535e-7	0.25875041797297876	0.01610141142026846	55.10853445596259
7.990631783407063	0.007	0.005	0.32847125843015174	1.3881867756049723e-7	0.25873613249975236	0.016101338606739544	54.8750002667814
8.047433702115846	0.007	0.005	0.3280602415306695	1.3823503967431716e-7	0.2586973651324547	0.01610126281378643	54.64140550480873
8.10449610771338	0.007	0.005	0.32763426982279037	1.3765576628307862e-7	0.25863416053169763	0.0161011840321259	54.40774072572308
8.161823684632532	0.007	0.005	0.3271934081069751	1.3708077703131626e-7	0.25854656304859025	0.016101102251596878	54.173996292701794
8.21942117548298	0.007	0.005	0.3267377188388874	1.3650999614648475e-7	0.2584346167658698	0.01610101746124256	53.940162625430915
8.277293440014953	0.007	0.005	0.3262672617075974	1.359433517586899e-7	0.2582983653913213	0.016100929649227002	53.706229967059784
8.335445411028994	0.007	0.005	0.3257820940105403	1.353807763014092e-7	0.25813785231873515	0.016100838802898997	53.47218857123716
8.39388212310223	0.007	0.005	0.3252822704576206	1.348222061380251e-7	0.25795312055906655	0.016100744908749246	53.23802859337257
8.452608706853395	0.007	0.005	0.3247678432472983	1.3426758158940058e-7	0.2577442127392276	0.01610064795241755	53.003740122123986
8.511630398782769	0.007	0.005	0.3242388620118635	1.3371684681596233e-7	0.25751117105795884	0.016100547918674865	52.76931314857338
8.570952523726861	0.007	0.005	0.32369537400769066	1.331699498830987e-7	0.2572540373507447	0.016100444791451108	52.534737644508404
8.630580524494096	0.007	0.005	0.3231374238834018	1.3262684251678944e-7	0.2569728529716723	0.01610033855378258	52.300003453549365
8.690519936414415	0.007	0.005	0.3225650539479734	1.3208748034627663e-7	0.25666765890669296	0.016100229187853574	52.0651004008289
8.750776409357279	0.007	0.005	0.3219783040047865	1.3155182259313903e-7	0.25633849568445327	0.016100116674955044	51.830018215227135
8.81135569807339	0.007	0.005	0.32137721148133364	1.3101983223431482e-7	0.25598540343681137	0.016100000995499058	51.5947465767027
8.87226367255316	0.007	0.005	0.32076181136907833	1.3049147592869743e-7	0.2556084218616264	0.01609988212899639	51.35927508541561
8.933506300122719	0.007	0.005	0.32013213644862826	1.2996672409898604e-7	0.2552075903617347	0.016099760054088738	51.12359334048735
8.995089676251299	0.007	0.005	0.31948821702365815	1.2944555077856004e-7	0.25478294788591943	0.01609963474848552	50.88769083072037
9.057019990233057	0.007	0.005	0.3188300813238187	1.289279338733644e-7	0.254334533196689	0.016099506189029854	50.65155707635854
9.119303560404834	0.007	0.005	0.3181577551897167	1.2841385488932763e-7	0.2538623846785776	0.01609937435162469	50.41518150394006
9.18194680778755	0.007	0.005	0.31747126240576684	1.2790329924572611e-7	0.25336654058092173	0.016099239211284762	50.178553556979196
9.244956262526408	0.007	0.005	0.3167706246950908	1.2739625621781102e-7	0.2528470390463817	0.016099100742122518	49.94166268084724
9.308338566287276	0.007	0.005	0.316055861757111	1.2689271896930957e-7	0.25230391816997416	0.016098958917342	49.70449832346165
9.372100470464229	0.007	0.005	0.31532699135422193	1.2639268466214578e-7	0.2517372160995295	0.01609881370924212	49.467049951820115
9.436248834317983	0.007	0.005	0.3145840294040168	1.2589615448851874e-7	0.25114697114831497	0.016098665089220924	49.22930706862536
9.500790610137877	0.007	0.005	0.31382699022929345	1.2540313387574356e-7	0.25053322204439227	0.016098513027811515	48.99125927648164
9.565732858213298	0.007	0.005	0.31305588646757077	1.2491363246856533e-7	0.24989600791744418	0.016098357494649895	48.752896231377235
9.631082723057045	0.007	0.005	0.3122707294384069	1.2442766434464932e-7	0.24923536866291812	0.01609819845853475	48.514207738976125
9.69684743514247	0.007	0.005	0.3114715292211437	1.2394524810020642e-7	0.2485513450858647	0.01609803588742961	48.27518375587092
9.7630343126647	0.007	0.005	0.3106582947325666	1.234664069252415e-7	0.24784397904697686	0.01609786974846494	48.03581439095038
9.82965071892181	0.007	0.005	0.3098310343588048	1.2299116903405009e-7	0.24711331410400086	0.016097700008054175	47.7960900662767
9.896704107650267	0.007	0.005	0.3089897555122629	1.2251956739243693e-7	0.2463593952274311	0.016097526631790718	47.55600135923052
9.964201952833793	0.007	0.005	0.30813446562554486	1.2205164030974796e-7	0.24558226979068798	0.016097349584640316	47.31553926008493
10.032151766712845	0.007	0.005	0.30726517206415443	1.2158743148107344e-7	0.24478198762545125	0.016097168830913267	47.074695110145726
10.100561072744258	0.007	0.005	0.306381882609223	1.2112699016786431e-7	0.24395860159652058	0.01609698433435525	46.83346070027983
10.1694373959543	0.007	0.005	0.3054846057303951	1.2067037145168784e-7	0.24311216800186422	0.01609679605819658	46.591828305618854
10.238788206660612	0.007	0.005	0.3045733514783459	1.20217636678186e-7	0.24224274757506248	0.016096603965333862	46.349790881497945
10.308620959971394	0.007	0.005	0.303648131137114	1.1976885327213299e-7	0.24135040533008884	0.016096408018253627	46.10734192155011
10.378942977169286	0.007	0.005	0.30270895896633027	1.193240956273976e-7	0.24043521241871216	0.016096208179399708	45.864475864682646
10.449761507042155	0.007	0.005	0.30175585158161383	1.1888344480888931e-7	0.23949724574102496	0.016096004411045212	45.621187872447805
10.521083603838843	0.007	0.005	0.3007888297851269	1.1844698933044281e-7	0.23853658994883686	0.016095796675688702	45.37747423796234
10.59291615891236	0.007	0.005	0.2998079183541721	1.1801482512253048e-7	0.23755333747633314	0.016095584936020358	45.13333226036479
10.665265798361272	0.007	0.005	0.2988131476492753	1.1758705613174811e-7	0.23654759038589568	0.016095369155283208	44.88876057435498
10.738138869305452	0.007	0.005	0.2978045540364752	1.171637944729124e-7	0.23551946106059432	0.016095149297386344	44.643759171108826
10.811541352238574	0.007	0.005	0.29678218133481726	1.167451609436099e-7	0.23446907394938873	0.016094925327247187	44.39832966396604
10.885478824482664	0.007	0.005	0.2957460815742306	1.1633128530580105e-7	0.23339656663708194	0.016094697210992416	44.15247537474735
10.959956387626926	0.007	0.005	0.29469631626093257	1.1592230649765935e-7	0.23230209144917507	0.016094464916278195	43.90620153452486
11.034978577440627	0.007	0.005	0.2936329579048753	1.1551837327884558e-7	0.2311858173554204	0.01609422841267933	43.65951553352625
11.110549295912486	0.007	0.005	0.29255609124738585	1.1511964433675213e-7	0.23004793158351217	0.016093987672023972	43.41242708857239
11.18667173096192	0.007	0.005	0.29146581466712806	1.147262886847593e-7	0.22888864143256907	0.016093742668779686	43.164948442574385
11.26334826340605	0.007	0.005	0.2903622417721911	1.1433848588634757e-7	0.22770817629790197	0.016093493380494612	42.917094595798474
11.340580371088326	0.007	0.005	0.28924550303579205	1.1395642638952267e-7	0.22650678975566527	0.01609323978826334	42.668883535466996
11.418368530241668	0.007	0.005	0.28811574747022956	1.1358031165377754e-7	0.22528476169710462	0.016092981877217194	42.42033646307076
11.496712114194933	0.007	0.005	0.28697314433302384	1.1321035437575516e-7	0.2240424005010423	0.01609271963703852	42.171478018677305
11.57560929483374	0.007	0.005	0.28581788478119513	1.1284677848539377e-7	0.22278004514752708	0.016092453062480343	41.92233648485657
11.655056947226914	0.007	0.005	0.2846501834608383	1.1248981916229988e-7	0.22149806725051993	0.01609218215388859	41.67294396932201
11.735050552536594	0.007	0.005	0.2834702800975166	1.1213972265673749e-7	0.22019687307415145	0.016091906917742177	41.42333658193737
11.815584078012797	0.007	0.005	0.2822784413971835	1.1179674628158648e-7	0.21887690587103115	0.01609162736728435	41.17355467148911
11.896649963266315	0.007	0.005	0.28107496133896587	1.1146115772730552e-7	0.21753864640933512	0.016091343522794798	40.923642722240984
11.978238950865302	0.007	0.005	0.2798601637279447	1.1113323496882052e-7	0.21618261596135444	0.016091055412408233	40.673649724553165
12.060340127766617	0.007	0.005	0.2786344015721328	1.108132653221405e-7	0.21480937571654724	0.016090763072200462	40.42362888657874
12.142940828068326	0.007	0.005	0.2773980584588096	1.1050154488014213e-7	0.21341952835439312	0.016090466546757335	40.17363776946688
12.22602663587473	0.007	0.005	0.2761515483805762	1.1019837752658178e-7	0.21201371782220463	0.016090165889386693	39.92373811208696
12.309581403044119	0.007	0.005	0.27489531526840755	1.099040739010104e-7	0.21059262870260578	0.016089861162264362	39.67399561262275
12.393587260051888	0.007	0.005	0.27362983255935014	1.0961895026699698e-7	0.20915698553970624	0.01608955243659119	39.424479733697595
12.47802470414879	0.007	0.005	0.27235560153214455	1.0934332723393103e-7	0.2077075506863601	0.016089239792449257	39.17526328272203
12.562872682358094	0.007	0.005	0.27107314964903695	1.0907752826421295e-7	0.2062451220668069	0.016088923318650968	38.92642201890583
12.648108719935907	0.007	0.005	0.26978302814562594	1.0882187841571304e-7	0.2047705299964023	0.016088603112391516	38.67803413942977
12.733709066647176	0.007	0.005	0.26848580929007665	1.0857670268565575e-7	0.20328463353798537	0.016088279278801652	38.43017973070284
12.81964890072959	0.007	0.005	0.26718208271488647	1.0834232465135772e-7	0.20178831571579142	0.01608795193024605	38.18294007281953
12.905902470685872	0.007	0.005	0.26587245264791654	1.0811906510572137e-7	0.2002824796886143	0.01608762118581927	37.93639714626368
12.99244339133743	0.007	0.005	0.2645575327711715	1.0790724057454054e-7	0.19876804213839108	0.016087287170213856	37.69063272013433
13.079244807737995	0.007	0.005	0.2632379430648741	1.0770716214696083e-7	0.19724592888834006	0.016086950013051427	37.44572784715684
13.166279677921704	0.007	0.005	0.2619143048414305	1.0751913444688034e-7	0.19571706840433217	0.016086609847717898	37.201762047010305
13.253520966750877	0.007	0.005	0.2605872371378899	1.0734345473095034e-7	0.19418238684103795	0.016086266810504263	36.958812769552594
13.340941940065061	0.007	0.005	0.25925735160421026	1.0718041207511541e-7	0.1926428013455927	0.016085921039319717	36.716954604444446
13.428516320993031	0.007	0.005	0.2579252495214059	1.0703028705499943e-7	0.19109921583305986	0.016085572672913488	36.47625890183918
13.516218550496813	0.007	0.005	0.25659151727873714	1.0689335129546017e-7	0.18955251500385234	0.016085221849658868	36.23679312735609
13.604023930935263	0.007	0.005	0.25525672368385954	1.0676986752331985e-7	0.18800356052042558	0.01608486870677776	35.99862056200841
13.691908814352074	0.007	0.005	0.25392141665333146	1.066600896978123e-7	0.18645318651437456	0.016084513379370436	35.76179989751299
13.779850736130165	0.007	0.005	0.25258612079978005	1.0656426324372854e-7	0.18490219618975315	0.016084155999650664	35.52638499711737
13.867828516754832	0.007	0.005	0.2512513355718975	1.064826256872966e-7	0.18335135913195094	0.016083796696303023	35.29242475432575
13.955822348924332	0.007	0.005	0.24991753368581393	1.0641540723064162e-7	0.18180140902275707	0.01608343559389747	35.05996299972277
14.043813852446007	0.007	0.005	0.2485851601130975	1.0636283153176106e-7	0.18025304207184262	0.01608307281243696	34.82903849961401
14.131786108624837	0.007	0.005	0.24725463144450263	1.0632511656175829e-7	0.17870691595475457	0.016082708466994777	34.59968501177934
14.219723691775473	0.007	0.005	0.24592633535912636	1.0630247557005885e-7	0.17716364894179454	0.016082342667371352	34.371931350063214
14.307612622408605	0.007	0.005	0.2446006313335177	1.0629511806226296e-7	0.17562382053311354	0.016081975518087155	34.145801650705856
14.395440364720224	0.007	0.005	0.2432778507299815	1.0630325082208999e-7	0.17408797143333088	0.016081607118205925	33.92131551855563
14.483195792975314	0.007	0.005	0.2419582973997362	1.0632707895461896e-7	0.17255660418073995	0.016081237561300803	33.69848824921263
14.570869121408922	0.007	0.005	0.24064224887235364	1.0636680685647432e-7	0.1710301845077205	0.01608086693558951	33.47733113692731
14.658451856100527	0.007	0.005	0.23932995724499212	1.0642263927458702e-7	0.169509142397215	0.01608049532399364	33.25785171806001
14.745936711081265	0.007	0.005	0.23802165063343603	1.064947822082494e-7	0.1679938738295751	0.016080122804365216	33.04005409603266
14.833317535417985	0.007	0.005	0.23671753447613025	1.0658344394984933e-7	0.16648474239116998	0.016079749449683437	32.82393922857556
14.920589274519697	0.007	0.005	0.23541779234291738	1.0668883580813576e-7	0.16498208033791367	0.016079375328119806	32.60950512178382
15.007747827235727	0.007	0.005	0.23412258830701785	1.0681117311536296e-7	0.16348619148931332	0.016079000503563735	32.39674727181182
15.094790035786069	0.007	0.005	0.23283206734159587	1.06950675886442e-7	0.16199735185488917	0.016078625035593565	32.185658769770164
15.181713548895363	0.007	0.005	0.23154635760427744	1.0710756959898591e-7	0.16051581245523272	0.016078248980004674	31.97623070833322
15.268516806149124	0.007	0.005	0.2302655709201835	1.0728208593818716e-7	0.1590418000724011	0.016077872388827585	31.768452284506512
15.355198907619107	0.007	0.005	0.2289898049592268	1.074744633455952e-7	0.15757551995915375	0.01607749531085266	31.562311171371363
15.441759615955856	0.007	0.005	0.2277191434510432	1.0768494771479802e-7	0.15611715629163359	0.016077117791590483	31.357793564372194
15.52819922692959	0.007	0.005	0.22645365833065376	1.0791379286827439e-7	0.15466687484295485	0.016076739873812498	31.154884534386373
15.614518555037762	0.007	0.005	0.22519341018100172	1.0816126116962329e-7	0.15322482369727117	0.016076361597599127	30.95356810036242
15.700718833720574	0.007	0.005	0.22393844991684328	1.084276238511809e-7	0.15179113538381583	0.016075983000767693	30.753827496953427
15.786801718781515	0.007	0.005	0.2226888189500238	1.0871316169815227e-7	0.15036592726763925	0.016075604118854486	30.555645195513442
15.87276920655983	0.007	0.005	0.221444550588659	1.0901816532830656e-7	0.14894930334668005	0.016075224985475648	30.359003119069968
15.958623592464837	0.007	0.005	0.22020567083386222	1.0934293561948234e-7	0.14754135535150054	0.016074845632516228	30.163882757983878
16.0	0.007	0.005	0.21960996771460786	1.0950802716727045e-7	0.1468652918033413	0.01607466256376912	30.0702954744836
