0.0	0.007	0.005	0.0	0.0	0.0	0.0	100.0
0.006129620949989589	0.007	0.005	0.02010237545081839	7.294727604802223e-5	1.4917714503385019e-5	3.917941040341081e-5	99.95752172977909
0.011158844949313757	0.007	0.005	0.03578354978899934	0.00012338011421493444	4.8691070544224974e-5	0.00012359073229611099	99.92268268610154
0.01819141047384784	0.007	0.005	0.05654821711905733	0.00018206488367249245	0.00012669614090718775	0.000307184911907741	99.87398621533026
0.02539244551439855	0.007	0.005	0.07648364463946088	0.00023037740390161385	0.00024162320604588267	0.0005602174212989601	99.82414778136362
0.033829880803603704	0.007	0.005	0.09824591176367531	0.00027490740375849844	0.0004183682083497731	0.00092299566059797	99.76578385008263
0.042854312516800996	0.007	0.005	0.11975145989627564	0.0003112189749191408	0.0006539951071626924	0.0013723247318547537	99.70339727862195
0.05281957023959995	0.007	0.005	0.14153990968216584	0.00034082707219158185	0.0009655922253704588	0.001923559929214507	99.63455203054393
0.06350856464889744	0.007	0.005	0.16281908155785457	0.0003631137509413376	0.0013545372371818797	0.002560994375145311	99.56075966918651
0.07503611191729315	0.007	0.005	0.18356362735696521	0.00037844320683390244	0.0018314497493623894	0.0032842387176836066	99.48123953959673
0.08732723920929965	0.007	0.005	0.2034096429942564	0.0003864829540377647	0.002398960538208255	0.004078690406046292	99.39652199134873
0.10040338720386706	0.007	0.005	0.22221697241094027	0.0003866664299147769	0.0030623210143047716	0.004931915715664563	99.3064728293386
0.11420982068548394	0.007	0.005	0.23977920586945264	0.00037818694569427964	0.0038217372601211204	0.005821954598817708	99.21148308215223
0.12870861030072603	0.007	0.005	0.25597921356514197	0.00036055422306635913	0.0046765354294358375	0.006723330919926239	99.11182765828526
0.1438372810721654	0.007	0.005	0.27073150691475045	0.000334228979124651	0.00562303468168867	0.007606191543881312	99.0079495508857
0.1595529489889744	0.007	0.005	0.2840242988045625	0.0003009190099524385	0.00665735355586736	0.008442527860788977	98.9001562309948
0.1758642672117026	0.007	0.005	0.2959190068475449	0.0002632532017742855	0.007778224195527881	0.009211214549081392	98.78840147552468
0.1928629242681502	0.007	0.005	0.3065344609895123	0.00022405895433744394	0.008990128819822134	0.009900615009834038	98.67207188453712
0.2106123880959951	0.007	0.005	0.31595385541826004	0.00018600552328020602	0.010295938856232839	0.010503708047035583	98.55075037136594
0.22896537347146428	0.007	0.005	0.32416738610323204	0.00015148391719574508	0.011682523977595186	0.011014331860206457	98.4254605170392
0.24769665710549713	0.007	0.005	0.3311921874759298	0.00012192455601098975	0.0131293804277127	0.011434081331231945	98.29775238482186
0.2667857974947063	0.007	0.005	0.33715801611699225	9.746386421357185e-5	0.014631012724531628	0.011775030410578863	98.16777489898782
0.28629149325180386	0.007	0.005	0.34220587919496503	7.764484137336565e-5	0.016188504350052188	0.012050900766392416	98.03513862983549
0.3063054755558766	0.007	0.005	0.34646110906640637	6.179740172420241e-5	0.01780615232799631	0.012274160671823728	97.89923234702968
0.32692568275360434	0.007	0.005	0.35002737566198255	4.92326369320071e-5	0.01948927060336778	0.012455197854183551	97.75940650470078
0.3482533690979078	0.007	0.005	0.3529904583038198	3.9319935382013816e-5	0.021243827495429003	0.012602429874615262	97.61499333897267
0.37038776600478224	0.007	0.005	0.3554215290655292	3.151826534213508e-5	0.023075890136763488	0.01272254875310644	97.46534339104456
0.3934257718288154	0.007	0.005	0.35738076838144894	2.5379763859281792e-5	0.024991496680328185	0.01282083698382528	97.30982782995052
0.4174615047258119	0.007	0.005	0.3589200959753515	2.0542664783645552e-5	0.026996540330877734	0.012901446746509181	97.1478417070627
0.44258609808484256	0.007	0.005	0.3600852144197788	1.6719788988537488e-5	0.029096692490345688	0.012967635967803998	96.9788055732246
0.46889019880077404	0.007	0.005	0.36091712951989713	1.3685787097400308e-5	0.03129756782241461	0.013021965859834032	96.80214896221499
0.4964663809906451	0.007	0.005	0.3614530180237877	1.126544093816384e-5	0.033604894376333065	0.013066453668870406	96.61729464301365
0.5254125233880227	0.007	0.005	0.36172667404053865	9.323351915150507e-6	0.03602476992136922	0.013102692546643025	96.42363665387012
0.5558351545247014	0.007	0.005	0.3617686500637047	7.75530115981926e-6	0.038563915305979746	0.013131943443595136	96.22051888654029
0.5878529071028488	0.007	0.005	0.36160624222047716	6.481185809396999e-6	0.04122993152440879	0.013155205784919095	96.00721332756528
0.6216002897278775	0.007	0.005	0.3612634136976008	5.439380085432903e-6	0.04403157353160673	0.013173271712887576	95.78289664627698
0.6572300992784665	0.007	0.005	0.3607607390830366	4.582369817928244e-6	0.046978898334554736	0.013186766836954826	95.54663634303569
0.6949174510553486	0.007	0.005	0.3601153792809683	3.873343787143686e-6	0.05008353240432698	0.013196182303617666	95.29736671972725
0.734862950995427	0.007	0.005	0.35934111116140327	3.283634867037699e-6	0.05335884963912586	0.013201898687039026	95.0338712690939
0.7772962418326639	0.007	0.005	0.35844840283552953	2.7907826681966623e-6	0.05682015954398472	0.01320420432936768	94.75476340849757
0.8224787607737108	0.007	0.005	0.35744454771977596	2.3770850458423683e-6	0.0604848076206293	0.01320330934238683	94.45847336021176
0.8707050766496349	0.007	0.005	0.35633386642293585	2.0285110275457078e-6	0.06437213653226512	0.013199356765604924	94.1432453551919
0.9223005986155061	0.007	0.005	0.3551180193186842	1.7338862022548874e-6	0.06850313396917207	0.013192432382047838	93.80715946629249
0.9776125031659855	0.007	0.005	0.35379649696914683	1.4842780973419158e-6	0.07289952990681677	0.013182575145752752	93.44819802677597
1.036989612408406	0.007	0.005	0.35236738001853696	1.2725257298681922e-6	0.07758203864677944	0.013169790624838092	93.06438294635554
1.1007488072962963	0.007	0.005	0.3508284112255419	1.0928645502101407e-6	0.08256761732668423	0.013154069504169835	92.65399700985617
1.1691345931915436	0.007	0.005	0.3491781996608878	9.406032186286937e-7	0.0878663388965928	0.013135410055009778	92.21584323226914
1.2422914895774633	0.007	0.005	0.34741706715761367	8.11831727250913e-7	0.09347945219993367	0.013113837589332614	91.74941415151184
1.3202684169072545	0.007	0.005	0.3455470812478894	7.031826941073805e-7	0.09940004386186725	0.013089411620572066	91.25485101994141
1.4030456957807265	0.007	0.005	0.3435715255796844	6.116889545196443e-7	0.10561543371248469	0.01306222069583743	90.7327587768549
1.4905543823630012	0.007	0.005	0.34149454671173046	5.347336902462661e-7	0.11210892131030538	0.013032375396128441	90.1840722811741
1.582672094466449	0.007	0.005	0.33932133941657683	4.700406514023195e-7	0.1188597534227776	0.01300000790250212	89.61007124794743
1.6792010554645775	0.007	0.005	0.33705870789470416	4.156612019639428e-7	0.12584186432842595	0.012965278436958733	89.01250257789039
1.7798410958182038	0.007	0.005	0.33471568733084883	3.699461541930881e-7	0.13302241307874738	0.012928384573303467	88.39372670474135
1.8841695711337407	0.007	0.005	0.33230394847753847	3.3150702851426716e-7	0.14036099290386386	0.01288956858678354	87.75681326656695
1.9916392292440905	0.007	0.005	0.3298377478838478	2.991739440107209e-7	0.14781021979556686	0.01284911804858055	87.10552148627453
2.1016133544293343	0.007	0.005	0.32733301508540874	2.719537818252771e-7	0.15531886423613844	0.01280735179517619	86.44405562001768
2.2134109400417357	0.007	0.005	0.3248062445847169	2.489992286154252e-7	0.1628354108165887	0.012764601350316535	85.77677058518351
2.3263959737693747	0.007	0.005	0.32227245136674143	2.2958139698784016e-7	0.17031418910110194	0.01272117513741106	85.10763120810657
2.440051949466576	0.007	0.005	0.3197435533670307	2.1307577093395436e-7	0.17771994629380206	0.01267732829921657	84.4397846857657
2.55402488166964	0.007	0.005	0.31722753021798256	1.989555226412294e-7	0.1850299275564218	0.012633245251330819	83.77533826602006
2.6681225048371204	0.007	0.005	0.31472858511661167	1.8678653543804377e-7	0.19223295143172686	0.01258904001402252	83.11540193173282
2.7822768472241743	0.007	0.005	0.3122480977234062	1.7621923332904318e-7	0.1993262562981591	0.012544771461886466	82.46034002370892
2.8964911155329367	0.007	0.005	0.30978587314808725	1.669761464535138e-7	0.20631164626237838	0.01250046505379688	81.81010107121463
3.0107920844081044	0.007	0.005	0.3073412173698471	1.5883754243816778e-7	0.21319229798377573	0.012456132470059854	81.16450179203555
3.1252001033746426	0.007	0.005	0.3049135909264525	1.5162804552990547e-7	0.2199708875481558	0.012411784232996825	80.52339972138634
3.239718005568406	0.007	0.005	0.30250283578648757	1.452058690527925e-7	0.2266489826524735	0.012367434748665687	79.88675312525098
3.3543331927470863	0.007	0.005	0.30010911720571587	1.3945488967398101e-7	0.23322724438008027	0.012323102031658548	79.25460564530796
3.469025419223043	0.007	0.005	0.29773275034360064	1.3427905348803388e-7	0.23970593342533522	0.012278805085627805	78.62704051073042
3.58377445521334	0.007	0.005	0.29537403726174954	1.2959841496842933e-7	0.24608536512214851	0.012234561253656153	78.004137491743
3.698564637639862	0.007	0.005	0.29303317474550544	1.253461966564746e-7	0.2523661538760499	0.0121903847271669	77.38594855659032
3.8133859551752867	0.007	0.005	0.29071023636049614	1.21466455544625e-7	0.25854924905002186	0.012146286357731661	76.77249313292144
3.928232938448258	0.007	0.005	0.288405199341487	1.1791214801227271e-7	0.26463585092136	0.012102274279454168	76.16376520875721
4.043102686472477	0.007	0.005	0.2861179874505823	1.1464350541539982e-7	0.2706272886526717	0.01205835482747281	75.55974465073913
4.1579931946131685	0.007	0.005	0.2838485059551573	1.1162669974885257e-7	0.2765249242382802	0.012014533307129056	74.96040644131078
4.272902434348123	0.007	0.005	0.2815966603179895	1.0883277791251638e-7	0.2823301027295736	0.011970814447728524	74.36572561451841
4.387828109766083	0.007	0.005	0.2793623609112564	1.0623682524756566e-7	0.28804414039900966	0.011927202577430487	73.77567850091211
4.502767786980174	0.007	0.005	0.2771455203424062	1.0381730786526639e-7	0.2936683321461577	0.011883701641765729	73.1902420213456
4.617719221607522	0.007	0.005	0.2749460471282579	1.0155555411565079e-7	0.29920396772201246	0.011840315136968241	72.6093920163948
4.732680496031298	0.007	0.005	0.27276384326484	9.943532290184947e-8	0.3046523375008059	0.011797046107805053	72.03310260458625
4.847650118595141	0.007	0.005	0.27059880263112934	9.744244813003781e-8	0.3100147359143053	0.011753897153145338	71.4613457608475
4.962626947630148	0.007	0.005	0.2684508127347603	9.556453267495133e-8	0.3152924565335277	0.011710870491594597	70.89409177752331
5.077610100188802	0.007	0.005	0.26631975666494345	9.379069083622201e-8	0.32048678686983545	0.011667968027274838	70.33130978011549
5.192598837884149	0.007	0.005	0.2642055153781144	9.211132925867678e-8	0.32559900261538827	0.01162519141927443	69.77296833088927
5.3075925212350255	0.007	0.005	0.26210796863474867	9.051796636130991e-8	0.3306303653786206	0.011582542121371041	69.21903567627396
5.422590548762811	0.007	0.005	0.2600269961689219	8.900307793275441e-8	0.3355821199789363	0.011540021424068962	68.66948005572681
5.537592387472518	0.007	0.005	0.2579624771698097	8.755997312945766e-8	0.3404554958443712	0.011497630460005693	68.12426956480492
5.652597565252303	0.007	0.005	0.2559142904639775	8.61826864733675e-8	0.34525170671516253	0.011455370221392421	67.58337220330492
5.767605686119897	0.007	0.005	0.25388231428799285	8.48658877000547e-8	0.34997195131545084	0.011413241567202002	67.04675581521332
5.882616384532098	0.007	0.005	0.2518664271366142	8.360479950728598e-8	0.35461741153060866	0.01137124525113519	66.51438831270114
5.9976293558595195	0.007	0.005	0.24986650725255435	8.239513305062098e-8	0.35918925377078625	0.011329381920219964	65.98623754137778
6.112644341159151	0.007	0.005	0.24788243292613377	8.1233028811749e-8	0.36368862844760946	0.011287652129042914	65.46227135942529
6.227661104327088	0.007	0.005	0.24591408291135813	8.011500456914251e-8	0.36811666922169545	0.011246056355635211	64.94245774747814
6.34267944733629	0.007	0.005	0.24396133617868365	7.903791353136918e-8	0.37247449376777425	0.011204595002618677	64.42676474333261
6.457699202622094	0.007	0.005	0.2420240720630777	7.79989060983392e-8	0.37676320363955546	0.011163268405920737	63.91516048104727
6.5727202102315285	0.007	0.005	0.24010217065897677	7.699539497214062e-8	0.38098388360845054	0.011122076848242061	63.40761329524566
6.6877423178243065	0.007	0.005	0.23819551281937656	7.602502652571458e-8	0.3851376019006208	0.011081020563647095	62.90409172087625
6.8027654035269345	0.007	0.005	0.2363039797805182	7.508565800780429e-8	0.38922541123693855	0.011040099733536658	62.40456439409729
6.917789345462939	0.007	0.005	0.23442745367080034	7.417533264727893e-8	0.3932483479433203	0.010999314501247213	61.90900018667314
7.032814044606754	0.007	0.005	0.23256581713607175	7.329226260062246e-8	0.3972074329827858	0.010958664967222878	61.41736810701972
7.1478394324024395	0.007	0.005	0.230718953226165	7.243481278430439e-8	0.4011036723974378	0.01091815118937927	60.92963727023925
7.262865402203314	0.007	0.005	0.22888674649552262	7.160147891236735e-8	0.40493805520609977	0.010877773209952358	60.44577718878031
7.377891900686724	0.007	0.005	0.2270690815336928	7.079088346133648e-8	0.40871155672429177	0.010837531025669318	59.96575738436248
7.4929188592933755	0.007	0.005	0.22526584406289563	7.000175692351275e-8	0.4124251364686923	0.010797424614081267	59.48954767782802
7.607946217081178	0.007	0.005	0.22347692056779483	6.923292964062318e-8	0.41607973915500485	0.010757453927460645	59.01711809136984
7.722973920725444	0.007	0.005	0.22170219829360927	6.848332248540625e-8	0.41967629491277975	0.0107176188945888	58.54843884803283
7.838001924519055	0.007	0.005	0.21994156524416056	6.775193855389541e-8	0.42321571949754133	0.010677919422382146	58.083480371198256
7.953030175136515	0.007	0.005	0.21819491041029035	6.703785408983582e-8	0.42669891404256133	0.010638355402611353	57.6222133449055
8.068058634488102	0.007	0.005	0.2164621234157326	6.634021427999184e-8	0.4301267659776388	0.010598926705336272	57.16460862033176
8.183087279720015	0.007	0.005	0.2147430945196598	6.565822734350497e-8	0.43350014921423263	0.010559633180188792	56.7106372164649
8.298116072742213	0.007	0.005	0.21303771506903757	6.49911558302551e-8	0.4368199234564559	0.010520474667918816	56.260270439563506
8.413144983082592	0.007	0.005	0.21134587714817354	6.43383142861029e-8	0.44008693509599695	0.010481450993553357	55.81347979060791
8.528173987887039	0.007	0.005	0.20966747357662519	6.369906493451925e-8	0.44330201740692265	0.010442561967354439	55.37023696474748
8.643203056683308	0.007	0.005	0.20800239812671836	6.307281203939642e-8	0.4464659903222593	0.010403807390831375	54.930513908744565
8.758232158999116	0.007	0.005	0.2063505454036599	6.245899919772493e-8	0.4495796608614515	0.010365187054909986	54.49428278931355
8.873261279598308	0.007	0.005	0.20471181062289742	6.185710790099654e-8	0.45264382373560136	0.010326700735546548	54.061515934324795
8.988290403244733	0.007	0.005	0.20308608982678392	6.126665290891294e-8	0.45565926111869615	0.010288348199545732	53.63218589002286
9.103319514702234	0.007	0.005	0.20147327987809402	6.0687179608362e-8	0.45862674284496385	0.010250129205162481	53.20626541931414
9.218348591116591	0.007	0.005	0.19987327855913223	6.011826070491227e-8	0.46154702641127465	0.01021204350517873	52.78372752793995
9.33337760963361	0.007	0.005	0.19828598445645437	5.9559494919811516e-8	0.4644208573724142	0.010174090844861827	52.36454543403305
9.448406555017195	0.007	0.005	0.19671129685072733	5.901050592576481e-8	0.46724896971460933	0.010136270959937996	51.948692539031256
9.563435427267393	0.007	0.005	0.1951491156115881	5.847094150220104e-8	0.4700320862083772	0.010098583574583798	51.536142399911014
9.678464218766198	0.007	0.005	0.19359934150627614	5.794046913789405e-8	0.4727709180219857	0.010061028409380538	51.1268688106931
9.793492899041496	0.007	0.005	0.19206187639208955	5.74187725887648e-8	0.4754661645620453	0.010023605186605224	50.72084585326748
9.90852146047536	0.007	0.005	0.19053662259443147	5.690555610401892e-8	0.47811851473841727	0.009986313615645772	50.31804773314399
10.023549887831866	0.007	0.005	0.1890234833120816	5.640053942471344e-8	0.480728646409683	0.009949153403300203	49.918448886478984
10.138578173493157	0.007	0.005	0.18752236240908493	5.590345852069963e-8	0.48329722690589677	0.009912124249139991	49.522023925116166
10.253606317459406	0.007	0.005	0.18603316441268833	5.541406456027655e-8	0.4858249131836238	0.009875225845841377	49.12874763604134
10.368634296876811	0.007	0.005	0.18455579490103785	5.493211903163111e-8	0.48831235132529827	0.00983845788923155	48.73859508376818
10.483662119363588	0.007	0.005	0.18309015980879115	5.445739966645296e-8	0.49076017786801834	0.009801820061436985	48.35154142696007
10.59868977730198	0.007	0.005	0.18163616601214402	5.398969376636546e-8	0.4931690189630231	0.009765312045789263	47.96756207292734
10.713717263074264	0.007	0.005	0.1801937211249199	5.3528799374417945e-8	0.49553949087170346	0.00972893352214475	47.5866326237775
10.828744561444807	0.007	0.005	0.1787627335871378	5.307452355419607e-8	0.49787219996836757	0.009692684169491435	47.20872889980462
10.943771657178052	0.007	0.005	0.17734311256184038	5.262668272079649e-8	0.5001677430568204	0.009656563663710791	46.83382691224319
11.058798550274357	0.007	0.005	0.17593476774361994	5.2185104096397267e-8	0.5024267078179332	0.00962057167299724	46.461902812702576
11.173825217880372	0.007	0.005	0.174537609821175	5.174962004295464e-8	0.5046496722041718	0.009584707869984253	46.092933015321606
11.288851667614425	0.007	0.005	0.17315154982061953	5.132007474456921e-8	0.5068372056273138	0.009548971915223676	45.72689402334575
11.403877907094802	0.007	0.005	0.1717764994773359	5.089631967238638e-8	0.5089898684903205	0.009513363466935511	45.363762527328326
11.51890392108617	0.007	0.005	0.17041237150025038	5.047820995973172e-8	0.5111082119124177	0.009477882188197484	45.00351547492198
11.633929701971132	0.007	0.005	0.16905907919841356	5.006560814667245e-8	0.5131927784505042	0.009442527737595876	44.64612997226373
11.74895523451451	0.007	0.005	0.16771653665625189	4.965838168385568e-8	0.515244101955754	0.009407299774060306	44.2915833302564
11.863980526334647	0.007	0.005	0.16638465837320207	4.925640687322233e-8	0.5172627082500689	0.009372197947651621	43.9398529694014
11.979005569814255	0.007	0.005	0.16506335970464098	4.885956319555799e-8	0.5192491145746223	0.009337221911377687	43.59091653624164
12.094030357336097	0.007	0.005	0.16375255667657795	4.846773512323961e-8	0.5212038299992052	0.009302371316606791	43.244751854425
12.209054888900742	0.007	0.005	0.16245216589458064	4.808081294068261e-8	0.5231273556775422	0.009267645810873748	42.90133690065221
12.32407915689102	0.007	0.005	0.1611621047121169	4.769869028499109e-8	0.5250201847154202	0.009233045042600507	42.56064984913427
12.439103146072096	0.007	0.005	0.1598822912219075	4.732126385640823e-8	0.5268828023058482	0.00919856866114902	42.22266906930832
12.554126856444643	0.007	0.005	0.15861264399614775	4.6948436539859895e-8	0.5287156862230057	0.00916421631004884	41.88737305723396
12.669150295627022	0.007	0.005	0.1573530821711649	4.658011612729036e-8	0.530519306805224	0.00912998762942992	41.554740457950196
12.784173456002206	0.007	0.005	0.15610352569284788	4.621621171109427e-8	0.532294126715139	0.00909588226291631	41.22475013028992
12.899196322335582	0.007	0.005	0.15486389522317234	4.585663456885974e-8	0.5340406011908708	0.009061899855372533	40.89738112219448
13.014218902245526	0.007	0.005	0.15363411180745787	4.550130260004204e-8	0.5357591786221642	0.009028040043972535	40.57261258284096
13.129241172879937	0.007	0.005	0.15241409744244783	4.515013207571295e-8	0.5374502998588973	0.008994302474022494	40.25042391266404
13.244263134239645	0.007	0.005	0.15120377449962744	4.4803045580846754e-8	0.539114399124186	0.008960686783291871	39.93079461106261
13.359284786325484	0.007	0.005	0.15000306596755356	4.445996842410087e-8	0.5407519037748781	0.008927192608849319	39.61370434039539
13.474306136755825	0.007	0.005	0.14881189536837347	4.412082969665224e-8	0.5423632345159546	0.008893819584914961	39.29913290393488
13.589327170296418	0.007	0.005	0.14763018706787676	4.37855573641944e-8	0.5439488050822409	0.008860567351762324	38.98706032774767
13.704347879330635	0.007	0.005	0.1464578659520068	4.345408287437095e-8	0.545509022778794	0.00882743554688292	38.677466775265756
13.819368256241916	0.007	0.005	0.14529485750195723	4.312633986185348e-8	0.5470442884747968	0.008794423807264983	38.370332567118275
13.934388301031216	0.007	0.005	0.14414108771336093	4.280226527032952e-8	0.548554996804393	0.008761531767267974	38.06563815979049
14.049408013699498	0.007	0.005	0.14299648317014704	4.248179805452192e-8	0.5500415361610796	0.008728759060880628	37.76336416512857
14.164427394247719	0.007	0.005	0.14186097103986348	4.216487908481635e-8	0.5515042887963707	0.008696105321768113	37.46349134910415
14.27944644267684	0.007	0.005	0.1407344790690353	4.185145105739403e-8	0.5529436309169022	0.008663570183317282	37.166000630588634
14.39446515137045	0.007	0.005	0.13961693565227773	4.154145714614479e-8	0.5543599326869597	0.008631153280825702	36.870873099604964
14.509483512712215	0.007	0.005	0.13850826975166997	4.123484215234084e-8	0.5557535584215398	0.008598854249366567	36.57808999603522
14.624501519085863	0.007	0.005	0.13740841089226913	4.093155242896443e-8	0.5571248666786884	0.008566672723828998	36.287632708436234
14.739519178109783	0.007	0.005	0.13631728901371376	4.063153838676061e-8	0.5584742105276707	0.008534608334712222	35.999482734849835
14.854536459315943	0.007	0.005	0.135234834971343	4.033474543091582e-8	0.5598019370136541	0.008502660723042007	35.71362181514159
14.969553362705584	0.007	0.005	0.13416097988002995	4.0041125436618794e-8	0.5611083880535723	0.008470829521251794	35.430031757716336
15.084569903514387	0.007	0.005	0.13309565526177056	3.97506342303675e-8	0.5623939003256938	0.008439114357569822	35.14869447849433
15.199586081743494	0.007	0.005	0.13203879332576704	3.9463226327064514e-8	0.5636588050092054	0.008407514864494746	34.86959207487734
15.314601889776876	0.007	0.005	0.13099032688931952	3.917885612214768e-8	0.5649034279638842	0.00837603067666675	34.59270680485732
15.429617312381433	0.007	0.005	0.12995018937079358	3.889747779746982e-8	0.5661280898194727	0.008344661430860132	34.31802108515906
15.54463234194134	0.007	0.005	0.12891831464655365	3.861904792713681e-8	0.5673331062217568	0.008313406761837713	34.04551745345857
15.659646978457936	0.007	0.005	0.12789463704953527	3.834352547456245e-8	0.5685187879060302	0.008282266302417522	33.77517856800578
15.774661221932567	0.007	0.005	0.12687909143477266	3.8070870426062286e-8	0.5696854406929642	0.008251239685591728	33.506987224929524
15.889675072366575	0.007	0.005	0.12587161317524576	3.780104374961683e-8	0.5708333655663259	0.008220326544553081	33.24092635714091
16.0	0.007	0.005	0.12491272621438455	3.6777551496348866e-8	0.5719171714559786	0.00819078128108609	32.9876977693224
