0.0	0.007	0.005	0.0	0.0	0.0	0.0	100.0
0.00023358824445213002	0.007	0.005	3.291192499894648e-5	0.00021309596134199167	1.6518451175503309e-9	1.7535004846245927e-6	99.99831967135232
0.0003409057005183695	0.007	0.005	4.8031751279992456e-5	0.0002764980030223432	3.5182266051999228e-9	3.4513886851081916e-6	99.99754768736348
0.0005294143206923076	0.007	0.005	7.458912943299014e-5	0.0003540948561734013	8.484484047642795e-9	7.306932327533057e-6	99.99619167228968
0.0006884559120256629	0.007	0.005	9.699378754366206e-5	0.0003964962091345199	1.4347242456258686e-8	1.115597500295443e-5	99.99504763919937
0.0008881986169913996	0.007	0.005	0.00012513036756827014	0.00043072459975466813	2.387887583748628e-8	1.6481632684940717e-5	99.99361084953173
0.001090195771300643	0.007	0.005	0.00015358252120572277	0.0004517424101538044	3.5973272439703255e-8	2.2218645935157148e-5	99.99215786414959
0.001321371518347415	0.007	0.005	0.0001861421384193027	0.0004658291428037844	5.284389590557475e-8	2.904174163947717e-5	99.99049502019032
0.001569848178612423	0.007	0.005	0.00022113554485232584	0.0004741876138867652	7.458170202778613e-8	3.655048144126518e-5	99.98870776183529
0.0018488299155562486	0.007	0.005	0.00026042141385210443	0.0004790769545009158	1.0343785547305789e-7	4.5096893360910465e-5	99.98670112273963
0.0021576574910389997	0.007	0.005	0.00030390567065343745	0.0004816910480978846	1.4086913434858746e-7	5.462951585177984e-5	99.98447985767878
0.0025069081710063553	0.007	0.005	0.00035307602025595915	0.00048299855701228807	1.9014652129146925e-7	6.545197234639964e-5	99.98196790592257
0.002903368019043232	0.007	0.005	0.00040888558686431013	0.0004835833640167491	2.5501815263295896e-7	7.775990795113651e-5	99.97911648326955
0.0033614924274517036	0.007	0.005	0.0004733660295660032	0.00048380992745341217	3.4180596583175855e-7	9.199292382556506e-5	99.97582165739942
0.0038983424227887775	0.007	0.005	0.0005489138632224766	0.00048387548370087605	4.596369343333462e-7	0.00010867575575327645	99.97196077611873
0.0045416992505458165	0.007	0.005	0.0006394311227180933	0.00048387716689046067	6.237625511485485e-7	0.00012866861475272875	99.96733412264938
0.00533234928954123	0.007	0.005	0.0007506439629048981	0.00048385493224906574	8.596679983601694e-7	0.00015323682127967793	99.96164851410992
0.006336886448310549	0.007	0.005	0.0008918978388366184	0.00048382079234954924	1.2137587962546943e-6	0.00018444734344505258	99.95442529777287
0.007655347048827959	0.007	0.005	0.0010772190715991922	0.00048377496336530503	1.7707691330792499e-6	0.00022540448866810773	99.94494557830689
0.009350788611466043	0.007	0.005	0.0013154027739271414	0.00048371566822631983	2.6408143411466794e-6	0.0002780608668354369	99.9327566906214
0.011210307199604521	0.007	0.005	0.0015764744935719867	0.0004836489366651668	3.793736603985331e-6	0.0003357983173851723	99.91938992777433
0.012950909979611335	0.007	0.005	0.0018206969580260197	0.0004835814281225276	5.0610060472098185e-6	0.00038982955925300573	99.90687958655788
0.014491815928115733	0.007	0.005	0.002036776110289144	0.00048352074172855605	6.334444245302199e-6	0.00043765056778388933	99.89580584574436
0.01588776762933489	0.007	0.005	0.0022324280151378643	0.000483473167506622	7.610822329728621e-6	0.00048096363637856524	99.88577488018889
0.01722166668901423	0.007	0.005	0.0024192935948079645	0.0004834311188985326	8.939353129464862e-6	0.0005223431075284845	99.87619075073953
0.018555571526196715	0.007	0.005	0.002606072811008615	0.00048338768475756884	1.0374192814778735e-5	0.000563714813291362	99.86660749939028
0.019919709972051388	0.007	0.005	0.0027969953462105364	0.0004833414141028162	1.1951383331195977e-5	0.0006060160194316114	99.85680798996286
0.02131866820902961	0.007	0.005	0.0029926965863144024	0.0004832927376105178	1.3684057472010862e-5	0.0006493883228536422	99.84675934564324
0.02274126681294187	0.007	0.005	0.0031916066845381454	0.0004832425169400464	1.556553281689203e-5	0.0006934845564369093	99.8365419307724
0.024171779010042305	0.007	0.005	0.003391523455917308	0.00048319166402773075	1.757887028838227e-5	0.0007378169188826549	99.82626873303954
0.025598560134612765	0.007	0.005	0.0035908191402934	0.00048314087971534876	1.9708078160407266e-5	0.0007820244776689498	99.81602338291904
0.028435649316614565	0.007	0.005	0.00398681396376823	0.0004830488377997901	2.4300758257408747e-5	0.0008699016818587497	99.79565409563341
0.032061495583533973	0.007	0.005	0.004492329704043661	0.0004829174943612118	3.0864018586464644e-5	0.0009821575195681114	99.76962786480345
0.0401643377642669	0.007	0.005	0.005619711830098645	0.000482621798039661	4.833363742457894e-5	0.0012328039928524682	99.71149040260126
0.047507472849970284	0.007	0.005	0.006638632641750231	0.0004823394203446657	6.749396081419097e-5	0.0014596874356445808	99.65883306124088
0.05711058567493185	0.007	0.005	0.007967193846278062	0.0004819417606230234	9.729529356523908e-5	0.001756008371100019	99.59001146583849
0.06506640444840393	0.007	0.005	0.009064473938731712	0.0004815712072024827	0.00012603106256938915	0.0020011474628196415	99.53303135392649
0.07446361604888635	0.007	0.005	0.01035661494787336	0.0004810727143853125	0.00016466263367305664	0.0022902584720716655	99.46576988309268
0.08197679964592448	0.007	0.005	0.011386635892177758	0.0004806026602786216	0.00019917939781640212	0.002521031576359347	99.4120262282947
0.09060728853838762	0.007	0.005	0.01256648541710955	0.00047997277214671517	0.0002427831559890106	0.0027856677904224175	99.3503260497605
0.09733645867298285	0.007	0.005	0.013483932380049087	0.00047938805208806533	0.00027969667178653386	0.002991627359250687	99.3022451487957
0.10429051662858169	0.007	0.005	0.014429763399220441	0.0004786917420581524	0.000320512107099727	0.0032040818582574817	99.25258183978418
0.11019066840784314	0.007	0.005	0.015230439823902066	0.0004780072183027765	0.0003572576506450287	0.0033839942560554	99.2104646160117
0.11652763179522556	0.007	0.005	0.01608854495872623	0.0004771703849049227	0.0003988758060951235	0.0035768346810473666	99.1652491929553
0.12189814814980242	0.007	0.005	0.016814284630139426	0.0004763605964375372	0.0004358837421726854	0.0037399136821227716	99.12694568386121
0.12768752680964254	0.007	0.005	0.017595091991243317	0.00047538149808331914	0.0004775544547118284	0.003915312073052574	99.08567134262019
0.13259776803584816	0.007	0.005	0.018256084829560166	0.00047444790113799633	0.0005143357263326869	0.004063718603496841	99.05067812438698
0.13791825487260095	0.007	0.005	0.01897101386455577	0.0004733289564086687	0.0005556738572394738	0.00422411842600571	99.01277520870524
0.1424486611281386	0.007	0.005	0.01957872210471352	0.0004722726631484941	0.0005920851869966336	0.004360336690627481	98.98051222602096
0.14737940970200208	0.007	0.005	0.02023903061926468	0.00047101612447520303	0.0006329757558820684	0.00450817992530876	98.94541017968791
0.15160433496769263	0.007	0.005	0.02080390551786567	0.0004698366192254849	0.0006690552958020428	0.0046344903576488045	98.91534279950189
0.15621495899252352	0.007	0.005	0.02141938916220953	0.0004684436238071555	0.0007095222045062794	0.004771911819517364	98.88254095618765
0.16019717385128485	0.007	0.005	0.021950180023288364	0.0004671386407857778	0.0007453891274823407	0.004890224844222488	98.85421862467138
0.16454585337555544	0.007	0.005	0.022528966028678227	0.0004656089799700233	0.000785522559461828	0.005018996143901789	98.82329918727955
0.16833660810837248	0.007	0.005	0.023032771242616504	0.0004641746897570668	0.0008213268920218838	0.005130856457786925	98.79635452649117
0.1724710772610073	0.007	0.005	0.02358148945437525	0.0004625068846511986	0.0008612454791759293	0.00525241813222869	98.76697512167121
0.17611160658048328	0.007	0.005	0.02406399037495764	0.0004609382529126311	0.0008971423762574655	0.005359052905568884	98.74111287089073
0.1800711574757674	0.007	0.005	0.024588069467450957	0.00045912961905114066	0.0009369769258330542	0.005474576851872703	98.71299198507563
0.18359468384473837	0.007	0.005	0.025053821267278058	0.00045742067368920565	0.0009731167616608251	0.00557695839323199	98.68797449699473
0.187412112346811	0.007	0.005	0.025557768230354383	0.00045546734268281976	0.0010130041230508651	0.0056874077686700905	98.660877421789
0.19084578902589552	0.007	0.005	0.02601047498620913	0.0004536112891813029	0.0010495311614334769	0.0057863134317833334	98.63651067020618
0.19454900044069776	0.007	0.005	0.02649810272324803	0.00045150818731389946	0.001089612757020644	0.005892491515109833	98.61023793671933
0.1979155250260503	0.007	0.005	0.02694084299125325	0.0004494974151621985	0.0011266673948170179	0.005988552770987084	98.58635992783549
0.20152884098998577	0.007	0.005	0.027415453459510204	0.0004472381748573332	0.001167090478520382	0.006091142029589986	98.56073791591108
0.2048477815545696	0.007	0.005	0.0278508635760819	0.00044506414840759584	0.0012048135111888767	0.00618488396424274	98.53720918639989
0.2083930117368701	0.007	0.005	0.028315396260989494	0.00044264093896511557	0.0012457341655678924	0.00628447721262469	98.51208244229355
0.2116819047268635	0.007	0.005	0.02874582034779575	0.0004402939715737126	0.001284272310631576	0.006376350188023348	98.48877821176495
0.21517925989634573	0.007	0.005	0.029202977089643027	0.00043769722872700307	0.0013258598993269085	0.006473476025804436	98.46400292114926
0.21845455811542205	0.007	0.005	0.02963059484755169	0.00043516612304552664	0.0013653725146296925	0.006563881708559576	98.44080633503043
0.2219234860623399	0.007	0.005	0.030082952293814434	0.000432384139849575	0.0014078158216415157	0.006659026432387918	98.41624436741543
0.22520144448136484	0.007	0.005	0.03050989654027434	0.0004296556523238389	0.0014484832827604004	0.0067483404989834165	98.39304020353997
0.22866147981407842	0.007	0.005	0.030960018401409727	0.0004266739639685436	0.0014919990732649962	0.006841968738865766	98.36855308039695
0.2319590744334138	0.007	0.005	0.031388494952258435	0.0004237320190712948	0.0015340337394641303	0.006930562524311081	98.34522124316217
0.2354308096255431	0.007	0.005	0.031839058038091735	0.00042053247023558305	0.0015788790499257394	0.007023138982951459	98.3206632698847
0.23876682634130295	0.007	0.005	0.03227148561637328	0.00041735697912125426	0.0016225406559657312	0.0071114030815157235	98.29707110436294
0.24227316886038458	0.007	0.005	0.032725440704146305	0.00041391626892015623	0.0016690312821010928	0.00720341878039183	98.27228050400966
0.24566966946081248	0.007	0.005	0.03316463718900394	0.00041048128726708363	0.0017146500171036343	0.0072917927873864	98.24827247129578
0.2492376641179984	0.007	0.005	0.03362543999223759	0.00040676860840563035	0.0017631898093960323	0.007383801293904376	98.22305855634235
0.25272221627976676	0.007	0.005	0.03407490381470394	0.00040303930054038815	0.0018112035598044209	0.007472817294170492	98.19844054926068
0.25638599239436777	0.007	0.005	0.03454688649469596	0.0003990122785634615	0.0018623340689996085	0.007565491793338161	98.17256299741261
0.2599954593675459	0.007	0.005	0.03501127324314485	0.0003949395509814119	0.0019133535067388963	0.007655846989375973	98.14707570395846
0.26380153471234746	0.007	0.005	0.03550031129432741	0.00039053670521337584	0.001967845270793493	0.007750081976052874	98.12020728000265
0.2675893248038208	0.007	0.005	0.03598634435905729	0.0003860467698390151	0.0020227796038381355	0.007842777297750935	98.09347524057411
0.2716074434007038	0.007	0.005	0.036501218194271816	0.0003811719011349212	0.0020818199632985476	0.007939896590935192	98.0651256359258
0.2756595207233434	0.007	0.005	0.0370196998794085	0.00037614310065133466	0.002142154853690614	0.008036544546120156	98.03654473479777
0.280008985644098	0.007	0.005	0.03757540377628718	0.00037062721427605496	0.0022078037305972072	0.008138810710525577	98.00587551074251
0.28448747372014915	0.007	0.005	0.0381466954119128	0.0003648269031694535	0.0022763550969377004	0.008242482196508126	97.97430653588924
0.28942184406038507	0.007	0.005	0.038775088924295965	0.00035830588975705585	0.0023530022592216106	0.008354755730938945	97.93953580949577
0.29473880941833963	0.007	0.005	0.03945097318097389	0.0003511395860534281	0.0024368986402261857	0.008473401447903048	97.90208288628276
0.30111961105376855	0.007	0.005	0.040260405128861323	0.0003423712758416989	0.0025393617156354684	0.008612530779771555	97.85715516336055
0.30960187107235265	0.007	0.005	0.04133357484399746	0.0003304770610230033	0.002678560175464145	0.008791877080285657	97.79746282673587
0.316083149418301	0.007	0.005	0.04215140043972777	0.0003212557614412342	0.00278720825194526	0.008924541925122908	97.75187657080913
0.3226987416648355	0.007	0.005	0.0429842295963271	0.0003117512637508551	0.00290013832318441	0.009056002643272722	97.70536752832572
0.32796010339606846	0.007	0.005	0.04364517628950798	0.0003041580295399271	0.0029914081969605443	0.009157685675729317	97.6683948169155
0.33295872076476096	0.007	0.005	0.04427196926110952	0.00029692418783686797	0.0030793101524549888	0.00925193000608959	97.63328142657487
0.33745433644627565	0.007	0.005	0.04483473594514702	0.00029041890920979607	0.0031593529146837058	0.009334725112414176	97.60171221467323
0.3419286835696167	0.007	0.005	0.045393945077282546	0.00028395182160242884	0.0032399406631952845	0.00941528234889239	97.57030249073334
0.34600344742689004	0.007	0.005	0.045902437868710864	0.000278080416500903	0.0033141302491663176	0.009487047461212645	97.54170661857451
0.35008842254891914	0.007	0.005	0.04641146338388789	0.0002722153284289862	0.0033892672848702524	0.009557469206265486	97.51304749821198
0.35384940195865533	0.007	0.005	0.04687946033213081	0.00026684328962388033	0.0034591167955856203	0.009620963719551607	97.48666889250893
0.35764148715195376	0.007	0.005	0.047350692193336104	0.0002614557931431438	0.003530193998594431	0.009683688344497265	97.46007934285096
0.3611697743666725	0.007	0.005	0.047788569948936224	0.0002564767100892216	0.003596910984099676	0.009740889304905711	97.43534601938842
0.36474120816970496	0.007	0.005	0.04823124081443783	0.00025147066882169643	0.0036650156607374094	0.009797658848611506	97.41031663036979
0.3680967006669036	0.007	0.005	0.04864663198772454	0.00024680461090200784	0.003729525106119694	0.009849967283496484	97.38680646349664
0.3715009930523933	0.007	0.005	0.049067555669278354	0.00024210795637416194	0.003795488617099655	0.009902026450616063	97.36296018013243
0.3747276289107686	0.007	0.005	0.04946604056112391	0.00023769622574614457	0.0038584880301377497	0.009950438067003037	97.34036372972807
0.3780045402181782	0.007	0.005	0.049870264262106424	0.0002332554226628964	0.003922944101051124	0.009998685425843711	97.31742056286426
0.38113471508424995	0.007	0.005	0.050255945266989024	0.00022905515865392822	0.003984959706448017	0.010043916267385468	97.29550981540937
0.384314114470265	0.007	0.005	0.05064724970620095	0.000224830350869295	0.004048395250177188	0.010089010758158372	97.27325955392305
0.387372004506873	0.007	0.005	0.0510231798089218	0.00022081014207436206	0.00410982809511947	0.010131584390354593	97.25186444676847
0.39047668182909956	0.007	0.005	0.051404441326347625	0.00021677140193022704	0.004172622738750487	0.01017401816631932	97.23014679787119
0.39348063336331257	0.007	0.005	0.05177293054075273	0.00021290800746131945	0.004233783640918489	0.01021432489525652	97.20913835623732
0.39652829905035847	0.007	0.005	0.052146377461306764	0.00020903258340425088	0.004296239067763823	0.010254472749754748	97.18782883405115
0.3994925146415033	0.007	0.005	0.05250920816994563	0.00020530857424203947	0.004357374186117348	0.010292809625277273	97.16710728283552
0.4024972082735786	0.007	0.005	0.05287660075987843	0.00020157891902183254	0.004419735437474411	0.010330962578197088	97.14610727608854
0.4054329283334661	0.007	0.005	0.053235178154337114	0.00019798101120709104	0.004481044681721499	0.01036756048097856	97.12559371380064
0.408406013727808	0.007	0.005	0.053597935398075267	0.00019438337778828754	0.004543515569111483	0.010403948812969627	97.10482347318819
0.4113223464304086	0.007	0.005	0.053953392863499185	0.00019090126104506574	0.004605165812834377	0.010438990943177726	97.08445402729654
0.4142732158977116	0.007	0.005	0.05431268199191005	0.00018742470668109466	0.004667920025223555	0.010473800133496606	97.06384770462768
0.41717772314513274	0.007	0.005	0.05466595534427479	0.0001840502218097684	0.0047300546064401264	0.010507434757348628	97.04356940683647
0.4201143024912461	0.007	0.005	0.05502275589861236	0.00018068589596658742	0.004793243808850595	0.010540816682313941	97.02307149929051
0.42301341415324123	0.007	0.005	0.055374635767514564	0.00017741245878235824	0.004855989341890869	0.01057316599162731	97.00283937076685
0.4259425274185964	0.007	0.005	0.0557297857841042	0.0001741530920309398	0.004919749107790364	0.01060524688788132	96.98240215373912
0.4288418394434687	0.007	0.005	0.056080955230409645	0.00017097528493748446	0.0049832204617900845	0.010636413268117576	96.96217710840796
0.431769476118895	0.007	0.005	0.056435185009290775	0.00016781481821800777	0.0050476746826838195	0.010667299484950002	96.94175875554687
0.4346739665772494	0.007	0.005	0.05678624672864883	0.00016472809976736285	0.005111978642904098	0.01069737000031657	96.92150608128111
0.437605479774858	0.007	0.005	0.05714020382228426	0.00016166141301323766	0.005177242848390598	0.010727152214503296	96.90106927092955
0.44051966695129097	0.007	0.005	0.05749170000404604	0.00015866191016032964	0.00524248083712662	0.010756201859777534	96.88075751871956
0.44345992307775667	0.007	0.005	0.05784596803815272	0.00015568462085414631	0.005308664749672086	0.01078495821618395	96.8602683820225
0.44638798379143696	0.007	0.005	0.058198395179019126	0.00015276897792647972	0.005374934905924994	0.010813052320491684	96.83986853519119
0.44934147755902365	0.007	0.005	0.05855350826284182	0.00014987728970710057	0.005442144450143508	0.010840850807972148	96.81929584842862
0.4522873363025142	0.007	0.005	0.058907328282409945	0.00014704255833310144	0.0055095432341933735	0.010868046830491394	96.7987806972874
0.4552582795796856	0.007	0.005	0.05926378209452494	0.00014423314687507115	0.005577882129354756	0.010894947095447024	96.77809525848458
0.4582256788381072	0.007	0.005	0.05961943104883142	0.0001414767029533823	0.005646505637175781	0.010921296005976423	96.75743890767994
0.4612180722353941	0.007	0.005	0.05997769171178782	0.00013874662729206145	0.005716076730946921	0.010947350771657899	96.73661303503329
0.46421062644326316	0.007	0.005	0.06033558643360912	0.00013606611013930762	0.005786021740521312	0.010972898103384697	96.71579052608811
0.4672283169360548	0.007	0.005	0.06069609760398278	0.0001334127440763531	0.005856928128869319	0.01099815428420721	96.69479765487237
0.47024955788600037	0.007	0.005	0.061056641231543377	0.00013080600844864396	0.005928293033579321	0.01102294097602067	96.67378464924082
0.47329628676690205	0.007	0.005	0.061419829941791695	0.00012822698638123394	0.006000639043688989	0.01104744056830493	96.65259899706734
0.4763497000967203	0.007	0.005	0.061783416306877184	0.00012569206651253642	0.006073524647894826	0.011071503625179713	96.63137152212497
0.479429143219725	0.007	0.005	0.06214969780950099	0.00012318524062565638	0.0061474167136443035	0.011095284423086455	96.60996780871817
0.4825182008758648	0.007	0.005	0.06251671528207266	0.00012072032094230871	0.006221926993134221	0.011118657460057071	96.58850203247856
0.4856340042456014	0.007	0.005	0.06288649727114859	0.0001182837262338639	0.006297474484018657	0.01114175364490792	96.56685523261487
0.4887621915914572	0.007	0.005	0.06325733190916373	0.00011588711924471706	0.006373717271734809	0.011164467321011244	96.5451272763495
0.49191800185437784	0.007	0.005	0.06363101807437184	0.00011351894599026623	0.00645103325621939	0.01118690993851846	96.52321240895154
0.4950888429111652	0.007	0.005	0.06400605649971296	0.00011118907387109032	0.006529120930364011	0.01120899232187023	96.50119817340415
0.4982883357286431	0.007	0.005	0.06438404977237219	0.00010888764456325995	0.006608322939485682	0.01123080968373832	96.47899010602266
0.5015054168536329	0.007	0.005	0.06476368181081779	0.0001066230239830158	0.006688373118918243	0.011252286558382186	96.45666510908387
0.5047523230796143	0.007	0.005	0.06514638729501518	0.00010438677447084512	0.0067695839052477925	0.011273504577167382	96.43413837828253
0.5080193157955494	0.007	0.005	0.06553100846544738	0.0001021860039228	0.006851720168197291	0.011294399703604718	96.41147759916383
0.5113174468379615	0.007	0.005	0.06591883621832657	0.00010001346745438287	0.006935068492350552	0.0113150421780401	96.38860623722451
0.5146381287928472	0.007	0.005	0.06630884995083462	9.787521759148691e-5	0.007019421092060678	0.011335377506626167	96.3655839742183
0.5179913995010432	0.007	0.005	0.06670221741707491	9.576501259940911e-5	0.007105042493968421	0.011355466353315863	96.34234135366758
0.5213696762004929	0.007	0.005	0.0670980373106568	9.368801753068888e-5	0.00719174913711734	0.011375262212783073	96.31893107717475
0.5247821299722238	0.007	0.005	0.06749737196183438	9.16388358549004e-5	0.007279786810806913	0.011394817678614545	96.29528974060295
0.5282220570147025	0.007	0.005	0.06789942404572145	8.962188569688534e-5	0.007368993494863681	0.011414092939632726	96.27146394335335
0.5316978890854581	0.007	0.005	0.06830516574635667	8.763248386715521e-5	0.007459599166868775	0.011433133772562463	96.24739544656828
0.535203695504575	0.007	0.005	0.0687138908114819	8.567441815277513e-5	0.007551461094733042	0.011451905991924879	96.22312548690277
0.5387472778704506	0.007	0.005	0.06912649431314241	8.374360941173654e-5	0.007644795996269083	0.011470449594075621	96.19860023154405
0.5423233891123385	0.007	0.005	0.06954235013668521	8.184331222586991e-5	0.007739478533418764	0.011488735133011806	96.17385618001916
0.5459392956723127	0.007	0.005	0.06996228752900666	7.996996013366392e-5	0.007835714433717177	0.01150679768960916	96.14884324550343
0.549590359136873	0.007	0.005	0.07038575132798615	7.812635526307231e-5	0.007933394188238182	0.011524611823769225	96.12359371461447
0.5532833931122778	0.007	0.005	0.07081351467947564	7.630936776061298e-5	0.008032714547904673	0.011542208420014124	96.09806067525645
0.5570143046189849	0.007	0.005	0.0712450855937157	7.452141490830095e-5	0.008133580536686813	0.011559565432298288	96.07227264373732
0.5607895280822371	0.007	0.005	0.07168118975306939	7.275973907736077e-5	0.008236181783803953	0.011576710156998139	96.04618537233272
0.5646054609263657	0.007	0.005	0.07212139154183529	7.102643032432749e-5	0.008340436735751277	0.011593623421932467	96.0198239926262
0.5684682238953949	0.007	0.005	0.07256637679619714	6.931904906852811e-5	0.008446529602464333	0.01161032944691651	95.99314646819833
0.5723746611047481	0.007	0.005	0.07301576080698359	6.763940545582426e-5	0.00855439142405742	0.011626811508559	95.96617485303446
0.5763306370175906	0.007	0.005	0.07347019617284718	6.598533294996762e-5	0.008664202536936763	0.011643091175085545	95.93886892580377
0.5803334051066025	0.007	0.005	0.07392934437186739	6.435840215019152e-5	0.008775905903764359	0.011659153809915765	95.91124792583037
0.5843886254402493	0.007	0.005	0.07439383066856842	6.275668155438143e-5	0.008889679441388123	0.011675018688732592	95.88327308958999
0.5884939317529628	0.007	0.005	0.07486335896016084	6.11815356766814e-5	0.009005477582529932	0.011690672963000904	95.85496104778872
0.5926548282364889	0.007	0.005	0.07533853262201473	5.963123553201729e-5	0.00912347724480885	0.01170613392349949	95.82627416155037
0.59686930405663	0.007	0.005	0.07581909468592066	5.810696853357172e-5	0.00924364399617319	0.011721390251048007	95.79722662967414
0.6011427515782117	0.007	0.005	0.07630563149913497	5.6607180996070964e-5	0.009366155109107214	0.011736457509158537	95.76778163648584
0.6054734977655434	0.007	0.005	0.07679792275245177	5.5132907158354654e-5	0.009490987160361508	0.011751325695520294	95.73795107615729
0.6098668641478542	0.007	0.005	0.0772965422019045	5.3682745686209116e-5	0.009618319104738357	0.011766008863917985	95.70769867678507
0.6143215019652939	0.007	0.005	0.07780130416623568	5.225759825593671e-5	0.00974813853169177	0.011780498145931602	95.67703412719463
0.6188427031959064	0.007	0.005	0.07831277420020992	5.085619566599924e-5	0.009880627477427385	0.011794806277992866	95.64592141880473
0.623429434732986	0.007	0.005	0.07883079974139445	4.9479324555215716e-5	0.01001578471065381	0.011808925370413597	95.61436810109196
0.6280869960846318	0.007	0.005	0.07935594197023427	4.81258315573255e-5	0.010153796692529235	0.011822866997138491	95.58233817837113
0.6328146668836989	0.007	0.005	0.07988808053495634	4.6796402832940355e-5	0.010294673733235152	0.01183662411896178	95.54983708807497
0.6376177923481248	0.007	0.005	0.08042777609925421	4.548998648635726e-5	0.010438608165367494	0.011850207284414046	95.51682859061216
0.6424959651668646	0.007	0.005	0.08097493991900535	4.420718099798821e-5	0.010585622337173205	0.011863610191791154	95.48331601723866
0.6474546151026443	0.007	0.005	0.08153013596736859	4.294702353023796e-5	0.010735915996717344	0.011876842482986635	95.44926262448588
0.6524936542196913	0.007	0.005	0.08209330710548726	4.171003547454162e-5	0.010889524255747832	0.011889898501069173	95.41466960301567
0.6576186341173123	0.007	0.005	0.08266502415118895	4.0495333028266515e-5	0.011046655861248646	0.011902787076904911	95.37949945761855
0.6628297969020626	0.007	0.005	0.08324526196426564	3.9303369633034494e-5	0.011207359606351703	0.011915503118325947	95.34375117527726
0.6681328572132161	0.007	0.005	0.08383460204659919	3.813333135078987e-5	0.011371855034685954	0.011928054733267019	95.30738623603298
0.673528402191536	0.007	0.005	0.08443305202051657	3.698561169146956e-5	0.011540205745982232	0.011940437324032266	95.27040133188974
0.6790223527219135	0.007	0.005	0.0850412079791564	3.5859458768260885e-5	0.011712644049292861	0.01195265835069036	95.23275663339612
0.6846156624286298	0.007	0.005	0.08565911165284788	3.47552128424805e-5	0.01188924976694293	0.011964713651972804	95.1944464037789
0.6903145040247851	0.007	0.005	0.08628737771708603	3.367217751682332e-5	0.012070270140869038	0.011976610103002943	95.15542920538678
0.6961202234197997	0.007	0.005	0.08692608367278688	3.2610645861536745e-5	0.012255802877372969	0.011988343925757403	95.11569671120941
0.7020392962273552	0.007	0.005	0.08757586716593467	3.15699710123947e-5	0.012446112634656403	0.01199992146778353	95.07520554181448
0.7080734947680937	0.007	0.005	0.08823684384823494	3.0550403787667606e-5	0.012641317060006804	0.012011339291668473	95.03394456413254
0.7142296518425305	0.007	0.005	0.08890967882937789	2.955134205360931e-5	0.012841700980643403	0.012022603263110537	94.99186810462339
0.7205100074826727	0.007	0.005	0.08959452883621608	2.8572998709936938e-5	0.013047404430625032	0.012033710247795957	94.94896196246941
0.7269218139733802	0.007	0.005	0.09029209151922966	2.7614811907595297e-5	0.013258735611605807	0.012044665672125228	94.90517776677426
0.7334678288402843	0.007	0.005	0.09100256823543289	2.667696043785089e-5	0.01347585985672602	0.012055466671848833	94.86049793322854
0.7401557929240272	0.007	0.005	0.09172669463937536	2.5758919024526178e-5	0.013699112397951354	0.012066118269094293	94.81487094870424
0.7469890405174759	0.007	0.005	0.09246472094635207	2.486083573305168e-5	0.013928687320324493	0.012076617840092398	94.76827546961535
0.7539758813197434	0.007	0.005	0.0932174270734938	2.3982218376531354e-5	0.014164951184536126	0.012086970035705883	94.72065632468532
0.7611202969647558	0.007	0.005	0.09398511710641165	2.3123187310877694e-5	0.014408130932000728	0.012097172446018769	94.67198796403143
0.7684312552307848	0.007	0.005	0.09476862193385796	2.2283280704026944e-5	0.014658629370887653	0.012107229375427114	94.62221098832912
0.7759134730248611	0.007	0.005	0.0955683058540242	2.146259341154751e-5	0.014916711322166765	0.012117138609420078	94.57129508329547
0.7835766786541308	0.007	0.005	0.09638505823530186	2.066069162436804e-5	0.015182821592275013	0.01212690412633921	94.51917596987575
0.7914264251470283	0.007	0.005	0.09721931064898917	1.9877647034619127e-5	0.015457268749826579	0.012136523885998533	94.46581793229156
0.7994733221006581	0.007	0.005	0.09807201964829663	1.911305157776245e-5	0.01574054643807168	0.012146001560507701	94.41115104569732
0.8077238787900775	0.007	0.005	0.09894369237441324	1.8366955841546954e-5	0.016033013994694516	0.012155335265062375	94.35513343567236
0.8161897248935843	0.007	0.005	0.09983536225068924	1.7638975649095534e-5	0.016335221918492956	0.012164528380233249	94.29768865562885
0.8248784697387355	0.007	0.005	0.10074762178026939	1.6929142219300234e-5	0.016647588757969435	0.012173579160315945	94.23876776825566
0.8338029222311101	0.007	0.005	0.10168159194149837	1.6237093846263924e-5	0.016970731266466598	0.012182490703279517	94.1782868067448
0.8429719583907308	0.007	0.005	0.10263796154109468	1.556284420434286e-5	0.017305137167826595	0.01219126138357641	94.11618872886503
0.8523997539973556	0.007	0.005	0.10361795137011195	1.490605262176915e-5	0.01765150068280095	0.012199894024986717	94.05238087530127
0.8620966463495543	0.007	0.005	0.10462235884917075	1.4266717018350166e-5	0.018010390538186503	0.012208387101798	93.98679688889509
0.8720783897821013	0.007	0.005	0.10565251759114284	1.3644516885634978e-5	0.018382591456343217	0.012216743163502367	93.91933410701381
0.8823570076084127	0.007	0.005	0.10670934715205936	1.3039436157876371e-5	0.018768767117202274	0.012224960761629763	93.84991547018231
0.8929500727936611	0.007	0.005	0.10779430776102913	1.2451173887770348e-5	0.019169807943835028	0.012233042165624998	93.77842683964174
0.903871543420593	0.007	0.005	0.10890845474712355	1.1879702171980045e-5	0.019586488608452114	0.01224098597320147	93.70477893697011
0.9151410669492593	0.007	0.005	0.11005338775497958	1.1324739771412927e-5	0.020019822311419612	0.012248794154275131	93.62884460473343
0.9267748036576645	0.007	0.005	0.11123031058633986	1.0786249299109484e-5	0.020470712819123393	0.01225646531356259	93.55052074333383
0.938794734901954	0.007	0.005	0.11244097234660315	1.026396997013512e-5	0.020940314742292788	0.012264001087869607	93.4696656547711
0.9512194730619766	0.007	0.005	0.1136867328867951	9.757858237728023e-6	0.021429679828050288	0.012271400028269855	93.38616098225533
0.9640735495387647	0.007	0.005	0.11496949289877967	9.267675614657226e-6	0.02194012249537791	0.012278663379674072	93.29984930819744
0.9773782031074175	0.007	0.005	0.11629076458355994	8.793376821610098e-6	0.022472859766752406	0.012285789550153135	93.21059614534164
0.9911605963438672	0.007	0.005	0.1176525851477113	8.334749094355846e-6	0.023029380115356803	0.012292779295154524	93.11822814018836
1.0054445661219482	0.007	0.005	0.11905659176106469	7.891751501347731e-6	0.023611075927562758	0.01229963074537083	93.02259521595789
1.0202596767749514	0.007	0.005	0.12050490929740237	7.464202450734224e-6	0.024219611796632286	0.012306344013168555	92.92350999854298
1.0356318967593676	0.007	0.005	0.12199922721611715	7.052073489322722e-6	0.024856547285382176	0.01231291675348571	92.8208103368462
1.0515923361300659	0.007	0.005	0.12354164729542966	6.655221854579699e-6	0.025523697745054055	0.012319348207182246	92.71430096351854
1.0681677829309255	0.007	0.005	0.12513375811688696	6.273641582305067e-6	0.026222743300307584	0.01232563527501564	92.60381680811527
1.0853889106622931	0.007	0.005	0.12677742415740365	5.907237398686525e-6	0.026955571718947555	0.012331776020993088	92.48916829647915
1.1032806053043949	0.007	0.005	0.12847385499466987	5.5560348593809905e-6	0.027723868534306275	0.01233776625776556	92.37020586638401
1.1218694113952965	0.007	0.005	0.13022431792829853	5.2199906973538815e-6	0.028529429457067195	0.01234360255633519	92.24677038942414
1.141173689170677	0.007	0.005	0.13202921138779966	4.899162044625227e-6	0.02937373031831644	0.012349279376904247	92.1187585470622
1.161210256892706	0.007	0.005	0.13388870344833914	4.5935461291603654e-6	0.030258203709759512	0.012354791684033407	91.98607856894608
1.1819848287051244	0.007	0.005	0.135801857751685	4.303206896781934e-6	0.031183805821001862	0.012360132710388471	91.84871339206491
1.2034982862949113	0.007	0.005	0.13776724342975077	4.0281369983259385e-6	0.032151274241851595	0.012365296308822615	91.70667877026754
1.2257384948711343	0.007	0.005	0.13978221563179272	3.7683427241234724e-6	0.03316074164668143	0.012370275427316172	91.5600769366986
1.2486870697317793	0.007	0.005	0.141843573225843	3.5237276543621976e-6	0.03421201656241717	0.012375064246009083	91.40905139892
1.2723137070371648	0.007	0.005	0.14394708536959028	3.2941480782501136e-6	0.035304303678577696	0.012379657244751683	91.25382375989125
1.2965837608335424	0.007	0.005	0.14608821056435373	3.0793283130567614e-6	0.036436531021618444	0.012384050949526168	91.09464331980256
1.3214549709181886	0.007	0.005	0.14826183657715122	2.8789076002851872e-6	0.03760718413008488	0.01238824323184905	90.93180813132199
1.346884780461723	0.007	0.005	0.15046294938129048	2.692396073586682e-6	0.03881463817287348	0.012392234407505089	90.76561666509751
1.3728281859498526	0.007	0.005	0.15268645768497716	2.519223902926474e-6	0.040057054039085424	0.012396026491935564	90.5963816933192
1.3992434367975013	0.007	0.005	0.15492769037281787	2.3587302881640615e-6	0.04133265089076409	0.012399623655251253	90.42439296189916
1.4260899954292832	0.007	0.005	0.15718221692652426	2.2102098068903873e-6	0.042639614916659525	0.012403031448075643	90.24993054172161
1.4533322738536996	0.007	0.005	0.15944615489025304	2.0729165815933754e-6	0.04397628833613692	0.012406256871420638	90.07324061359624
1.480937567462678	0.007	0.005	0.16171598211467572	1.9460997104349513e-6	0.04534107920968301	0.012409307714101588	89.89454907752987
1.5088782219571344	0.007	0.005	0.16398870147045472	1.8290096866695981e-6	0.04673257814095209	0.012412192483037484	89.71404769954209
1.5371297592940232	0.007	0.005	0.16626167004081174	1.7209206439527796e-6	0.04814947603672412	0.012414919928646309	89.53190646646247
1.5656720529129373	0.007	0.005	0.16853267900951954	1.6211339340778035e-6	0.04959063200098947	0.012417498967616524	89.34826620666006
1.5944877737497123	0.007	0.005	0.17079981338790678	1.5289897648765802e-6	0.05105500399963224	0.012419938384344192	89.16324881841577
1.623563016958896	0.007	0.005	0.17306148843217295	1.4438674813455282e-6	0.05254168782735173	0.012422246788452595	88.97695342423326
1.6528860860735097	0.007	0.005	0.17531634167456475	1.3651902728760912e-6	0.05404986171212889	0.012424432446564394	88.78946435021685
1.6824478349517282	0.007	0.005	0.17756324905376894	1.2924232568958565e-6	0.055578809055136506	0.012426503274711054	88.60084908336354
1.7122407717382995	0.007	0.005	0.17980124671625636	1.2250742039356684e-6	0.057127876796688466	0.012428466756291248	88.41116413390142
1.7422592230314904	0.007	0.005	0.18202953579936051	1.1626906602875898e-6	0.058696487470075755	0.012430329955309665	88.22045409905661
1.772498719225944	0.007	0.005	0.18424742955571272	1.1048586334980043e-6	0.06028411019624258	0.012432099487368656	88.02875567447118
1.8029560580392043	0.007	0.005	0.18645435259353824	1.0511995054001136e-6	0.06189026632627188	0.012433781543277431	87.83609733152673
1.8336288886248573	0.007	0.005	0.18864980568881645	1.0013679113571093e-6	0.06351450949119829	0.012435381888427171	87.64250202391824
1.8645157362298757	0.007	0.005	0.190833363767437	9.550488046869591e-7	0.0651564283645516	0.012436905890898962	87.44798708937013
1.89561571314012	0.007	0.005	0.1930046520094491	9.119551939343935e-7	0.06681563251713642	0.012438358534023714	87.25256612338158
1.926928525593576	0.007	0.005	0.19516334376890038	8.718255370801248e-7	0.06849175366663869	0.012439744444772232	87.05624897587182
1.9584542868713521	0.007	0.005	0.19730914536503708	8.344216074876652e-7	0.07018443639512957	0.01244106791229638	86.85904296005717
1.9901935118843253	0.007	0.005	0.19944179398483147	7.99526283014273e-7	0.07189333837214329	0.01244233291405788	86.6609529144685
2.0221469855520384	0.007	0.005	0.20156104731090954	7.669416786561153e-7	0.07361812367320708	0.012443543135286535	86.46198204987073
2.0543157637528946	0.007	0.005	0.20366668246766662	7.364872967679408e-7	0.07535846310806678	0.012444701992572539	86.26213196255252
2.086701076979377	0.007	0.005	0.20575848872971825	7.079984508493417e-7	0.07711402921920144	0.012445812652173897	86.06140325029375
2.1193043349529446	0.007	0.005	0.2078362671290774	6.813247420348909e-7	0.07888449666503228	0.01244687805060724	85.85979549662882
2.152127054718151	0.007	0.005	0.2098998252674743	6.563287524615663e-7	0.08066953840983372	0.012447900911047676	85.65730772718061
2.185170865551039	0.007	0.005	0.21194897723594158	6.328848027215873e-7	0.08246882604060549	0.012448883760911033	85.45393838764963
2.21843746075835	0.007	0.005	0.2139835402885317	6.108778741941192e-7	0.0842820271726303	0.012449828946344785	85.24968564802325
2.251928596932803	0.007	0.005	0.2160033346088111	5.902026043301487e-7	0.08610880541703737	0.012450738646911893	85.04454741228977
2.2856460571910975	0.007	0.005	0.21800818095697824	5.707624060460251e-7	0.08794881837490545	0.012451614888032144	84.83852154795075
2.3195916493588316	0.007	0.005	0.2199979005400901	5.524686526112583e-7	0.0898017175303875	0.012452459553310178	84.63160589954245
2.3537671904140773	0.007	0.005	0.22197231410504106	5.352399526533548e-7	0.09166714739430826	0.012453274395437182	84.42379838546405
2.3881744835134846	0.007	0.005	0.22393124069217463	5.19001500007523e-7	0.09354474424588051	0.012454061046008397	84.21509713835484
2.4228153242636465	0.007	0.005	0.2258744981333028	5.036844733097912e-7	0.09543413647778397	0.012454821025172822	84.0055004666625
2.4576914653557718	0.007	0.005	0.2278019012345165	4.892255137082288e-7	0.09733494268002504	0.012455555749545027	83.7950070677395
2.4928046361939034	0.007	0.005	0.2297132631056945	4.7556622944033965e-7	0.09924677273674344	0.012456266540619767	83.58361590703663
2.528156508996817	0.007	0.005	0.23160839354376428	4.6265277090687076e-7	0.10116922602021353	0.012456954631368427	83.37132642006243
2.563748699358739	0.007	0.005	0.23348709938707354	4.5043543212655557e-7	0.10310189148278939	0.012457621172988457	83.15813850505504
2.5995827668588274	0.007	0.005	0.23534918486694595	4.388682913652074e-7	0.10504434776848438	0.012458267241066657	82.94405251534842
2.635660182044304	0.007	0.005	0.23719445024732172	4.279088964306518e-7	0.10699616152399216	0.012458893840639374	82.72906945184661
2.671982348027985	0.007	0.005	0.2390226933492535	4.17517962174348e-7	0.10895688869612791	0.012459501911794834	82.51319082818219
2.7085505667879004	0.007	0.005	0.24083370824967654	4.0765911303183695e-7	0.11092607286054405	0.012460092333877062	82.29641886516637
2.745366048553057	0.007	0.005	0.24262728622090168	3.9829863678038383e-7	0.11290324591031069	0.012460665930066436	82.07875642759744
2.782429896854538	0.007	0.005	0.2444032154629531	3.894052677589654e-7	0.11488792745909064	0.012461223471200074	81.86020710514556
2.819743098107713	0.007	0.005	0.24616128111359936	3.8094998817079714e-7	0.11687962452430224	0.012461765679369383	81.6407752651119
2.8573065159237223	0.007	0.005	0.24790126551859443	3.7290584626717774e-7	0.11887783149834213	0.012462293231305948	81.42046607638493
2.8951208928728698	0.007	0.005	0.24962294885777087	3.652477893541927e-7	0.12088203054749505	0.012462806761600732	81.19928548920468
2.9331868295509174	0.007	0.005	0.251326108748096	3.5795251624382714e-7	0.12289169083991129	0.012463306865368085	80.97724034718597
2.9715047860307133	0.007	0.005	0.2530105209119136	3.5099833808196924e-7	0.1249062690024476	0.012463794101008402	80.7543383671662
3.0100750731801584	0.007	0.005	0.2546759593948828	3.4436505342677496e-7	0.12692520907558433	0.01246426899262678	80.53058817775968
3.0488978489781804	0.007	0.005	0.2563221970240404	3.3803383313977637e-7	0.12894794276941768	0.012464732032332409	80.30599932806288
3.087973107011959	0.007	0.005	0.25794900554925315	3.319871165105468e-7	0.13097388935011084	0.012465183682275043	80.08058234090342
3.1273006856958663	0.007	0.005	0.2595561566646507	3.262085130657245e-7	0.1330024566399153	0.012465624376767459	79.85434864579308
3.1668802409838737	0.007	0.005	0.2611434215249218	3.206827179827871e-7	0.13503304016360082	0.012466054523844727	79.62731072175198
3.2067112740949373	0.007	0.005	0.26271057251646734	3.153954270196545e-7	0.13706502516856459	0.012466474507308102	79.39948192310027
3.2467930881361653	0.007	0.005	0.26425738217129174	3.1033326805575827e-7	0.13909778502967973	0.012466884687869656	79.17087671278041
3.287124834895469	0.007	0.005	0.26578362564044494	3.054837265322888e-7	0.1411306842917932	0.012467285405140433	78.94151037921456
3.327705468596138	0.007	0.005	0.26728907952506126	3.0083508902918834e-7	0.1431630770066287	0.01246767697854223	78.71139928445912
3.3685337718324333	0.007	0.005	0.2687735234957758	2.963763822342631e-7	0.14519430876372463	0.01246805970886568	78.48056070014157
3.4096083550915353	0.007	0.005	0.27023674084906324	2.9209732060169673e-7	0.14722371739430234	0.012468433879456073	78.24901279453523
3.450927642648746	0.007	0.005	0.2716785185787762	2.879882592008631e-7	0.14925063303203967	0.012468799757198081	78.01677469595559
3.492489899735982	0.007	0.005	0.27309864888747537	2.84040146369542e-7	0.1512743802274674	0.012469157593795126	77.78386632369566
3.534293213320789	0.007	0.005	0.2744969290275353	2.802444846824797e-7	0.15329427778901553	0.012469507626556103	77.55030848039071
3.576335514484571	0.007	0.005	0.2758731625548848	2.7659329111893363e-7	0.15530964067006559	0.012469850079479552	77.31612271099894
3.618614576241979	0.007	0.005	0.27722715969173795	2.730790625354458e-7	0.15731978065643099	0.012470185164056905	77.08133130014924
3.6611280255907563	0.007	0.005	0.2785587381224737	2.696947427200554e-7	0.1593240077387456	0.012470513080134036	76.84595719054686
3.7038733503298022	0.007	0.005	0.2798677235636289	2.664336924541326e-7	0.161321631221781	0.012470834016670552	76.61002393139114
3.7468479033178435	0.007	0.005	0.28115395021353645	2.6328966199591515e-7	0.16331196070555407	0.012471148152428614	76.37355564151886
3.790048929964876	0.007	0.005	0.28241726183997	2.6025676403508145e-7	0.16529430812112197	0.012471455656779935	76.13657684571791
3.8334735502790855	0.007	0.005	0.2836575114575033	2.5732945191061204e-7	0.167267987640977	0.01247175669013486	75.8991125619713
3.8771188044516776	0.007	0.005	0.28487456281442025	2.5450249511545383e-7	0.1692323184809254	0.012472051404781975	75.66118804104642
3.920981641266334	0.007	0.005	0.2860682901451133	2.5177096044477856e-7	0.1711866250416492	0.012472339945278287	75.42282882099596
3.965058938535334	0.007	0.005	0.2872385787973063	2.4913019248275247e-7	0.17313023847946335	0.01247262244902793	75.18406060728624
4.009347527016526	0.007	0.005	0.2883853258560355	2.465757953272182e-7	0.1750624983629194	0.012472899046837595	74.94490913630501
4.053844188263342	0.007	0.005	0.2895084400150205	2.4410361709031797e-7	0.17698275313149062	0.012473169863270898	74.70540018147543
4.0985456791920685	0.007	0.005	0.2906078420972847	2.417097341759802e-7	0.17889036168017147	0.012473435017142086	74.46555941609047
4.1434487392724435	0.007	0.005	0.29168346506357723	2.3939043735513087e-7	0.18078469412857645	0.012473694621870557	74.22541237153949
4.188550109849619	0.007	0.005	0.29273525426761976	2.3714221841558286e-7	0.1826651330541141	0.012473948785880951	73.98498433178773
4.233846547819088	0.007	0.005	0.29376316750843057	2.3496175781981625e-7	0.18453107441742342	0.012474197612941851	73.74430025989501
4.279334839534661	0.007	0.005	0.2947671750349668	2.328459133809352e-7	0.18638192843538187	0.012474441202481753	73.5033847248041
4.325011811898446	0.007	0.005	0.2957472594396642	2.3079170962831186e-7	0.18821712027745166	0.012474679649867934	73.26226184450981
4.37087434359669	0.007	0.005	0.2967034155158813	2.2879632804812646e-7	0.19003609071100389	0.012474913046667105	73.02095522969961
4.41691937647196	0.007	0.005	0.29763565008024545	2.2685709778380176e-7	0.1918382966938607	0.012475141480888787	72.7794879279333
4.463143939315679	0.007	0.005	0.29854398199892024	2.2497148646018707e-7	0.19362321238395622	0.012475365037271023	72.53788230427801
4.509545134993252	0.007	0.005	0.2994284414473282	2.2313709318258223e-7	0.195390328662943	0.012475583797370422	72.2961601151997
4.556120176755615	0.007	0.005	0.3002890701172831	2.2135163986307358e-7	0.19713915451078604	0.012475797839877881	72.05434232623766
4.602866366072182	0.007	0.005	0.3011259202760111	2.1961296537187513e-7	0.19886921609156394	0.012476007240643731	71.81244923563462
4.649781141667701	0.007	0.005	0.30193905512532065	2.1791901743821031e-7	0.20058005846519303	0.012476212073019344	71.57050022912419
4.696862038572337	0.007	0.005	0.3027285475208869	2.162678482470394e-7	0.20227124390876675	0.012476412407782392	71.32851400163051
4.7441067405335815	0.007	0.005	0.303494480329207	2.1465760694884664e-7	0.20394235362706445	0.012476608313466432	71.08650829732174
4.7915130450095775	0.007	0.005	0.30423694527714196	2.1308653571680038e-7	0.20559298624956263	0.012476799856303263	70.84450010069627
4.839078906477741	0.007	0.005	0.3049560430931095	2.115529633059915e-7	0.20722275908513318	0.012476987100487483	70.60250542630084
4.886802394740084	0.007	0.005	0.3056518823045807	2.1005530176008336e-7	0.20883130637203454	0.012477170108088402	70.36053954324996
4.934681747881988	0.007	0.005	0.3063245794887773	2.0859204036960064e-7	0.21041828076068683	0.012477348939332207	70.1186167179825
4.982715333442572	0.007	0.005	0.3069742581522753	2.0716174270586157e-7	0.21198335163683274	0.012477523652519435	69.87675042396225
5.030901676100676	0.007	0.005	0.30760104859603166	2.0576304183977658e-7	0.21352620567129002	0.012477694304194088	69.63495321414807
5.0792394407562815	0.007	0.005	0.3082050871634386	2.043946372278839e-7	0.2150465458716251	0.012477860949141665	69.39323681902775
5.12772745070199	0.007	0.005	0.3087865159675233	2.030552905649979e-7	0.21654409175225142	0.012478023640509555	69.15161206833909
5.176364663999489	0.007	0.005	0.3093454821086028	2.0174382323006937e-7	0.2180185781758559	0.012478182429779638	68.91008902187288
5.225150198040755	0.007	0.005	0.30988213749573984	2.0045911240986327e-7	0.21946975568474358	0.012478337366901413	68.66867685979112
5.27408330891587	0.007	0.005	0.3103966381465201	1.992000887231183e-7	0.2208973894334027	0.012478488500271397	68.42738399796053
5.323163396497185	0.007	0.005	0.3108891438137782	1.9796573328914195e-7	0.22230125891197952	0.012478635876796514	68.18621807498856
5.37239000955341	0.007	0.005	0.31135981761216214	1.96755074830833e-7	0.22368115764633115	0.012478779541951996	67.94518593963193
5.421762831220244	0.007	0.005	0.31180882547058486	1.9556718763583628e-7	0.22503689234094568	0.012478919539779062	67.70429373439471
5.471281683954323	0.007	0.005	0.312236335802897	1.9440118901361697e-7	0.2263682825852728	0.012479055912939923	67.46354688304577
5.520946531230918	0.007	0.005	0.3126425191522472	1.9325623690921123e-7	0.22767516045449646	0.012479188702759103	67.2229500943802
5.570757456079993	0.007	0.005	0.31302754767029095	1.9213152837086744e-7	0.22895736951200382	0.0124793179492022	66.98250747774108
5.620714685740338	0.007	0.005	0.3133915949922549	1.9102629692263945e-7	0.2302147650311134	0.012479443690976493	66.74222243487239
5.670818563411051	0.007	0.005	0.3137348357079626	1.899398112044029e-7	0.23144721284477227	0.012479565965490547	66.5020978073893
5.721069556288519	0.007	0.005	0.31405744514371997	1.8887137304416202e-7	0.23265458915310966	0.012479684808908846	66.26213584833815
5.771468260364161	0.007	0.005	0.31435959911553474	1.8782031561253325e-7	0.23383678022854096	0.012479800256193094	66.02233820995194
5.822015375068375	0.007	0.005	0.31464147351938415	1.8678600233094493e-7	0.2349936814237444	0.01247991234107343	65.78270607457212
5.872711731413294	0.007	0.005	0.314903244260362	1.8576782468609237e-7	0.23612519744643642	0.012480021096141372	65.54324003068226
5.923558253003208	0.007	0.005	0.3151450868165001	1.84765201592972e-7	0.23723124109888422	0.01248012655279166	65.30394026719743
5.974555984214114	0.007	0.005	0.31536717618604554	1.837775774639761e-7	0.23831173355649496	0.012480228741310894	65.06480644931808
6.025706074627623	0.007	0.005	0.3155696866111193	1.8280442115732802e-7	0.23936660366373502	0.01248032769086919	64.82583780127246
6.07700977345877	0.007	0.005	0.3157527913809869	1.8184522486383722e-7	0.24039578748370866	0.012480423429534785	64.58703314099822
6.128468427323205	0.007	0.005	0.31591666266628576	1.8089950295749007e-7	0.2413992279342266	0.01248051598429496	64.34839089877222
6.180083484834333	0.007	0.005	0.3160614713837375	1.7996679076426382e-7	0.24237687456263635	0.012480605381087643	64.10990910409265
6.231856494400324	0.007	0.005	0.31618738704256333	1.7904664362562952e-7	0.24332868318629722	0.012480691644818397	63.8715854042604
6.283789081296749	0.007	0.005	0.31629457756414636	1.781386362369572e-7	0.24425461518116431	0.012480774799344195	63.63341717758204
6.335882983224359	0.007	0.005	0.3163832092473416	1.7724236106967649e-7	0.2451546378454106	0.012480854867552484	63.39540137748247
6.388140003114664	0.007	0.005	0.31645344656658964	1.763574283563451e-7	0.24602872328870226	0.0124809318713058	63.15753475622386
6.440562051751145	0.007	0.005	0.3165054521502601	1.754834644392269e-7	0.24687684891069805	0.012481005831526787	62.91981367723874
6.4931511072269235	0.007	0.005	0.316539386635469	1.746201117240199e-7	0.24769899646715476	0.012481076768156194	62.682234306817534
6.545909254382799	0.007	0.005	0.3165554086233063	1.737670272075439e-7	0.24849515245923604	0.012481144700225204	62.444792442349154
6.59883863697966	0.007	0.005	0.3165536745762492	1.7292388254982318e-7	0.2492653071537499	0.012481209645807602	62.20748373510239
6.651941504364619	0.007	0.005	0.31653433876685266	1.7209036270234423e-7	0.2500094550626028	0.012481271622095585	61.97030348685148
6.70522029432501	0.007	0.005	0.3164975531079625	1.7126616394724714e-7	0.2507275957558381	0.012481330645496736	61.73324629056365
6.75867733372417	0.007	0.005	0.3164434672780992	1.704509979784061e-7	0.25141972957027725	0.012481386731311266	61.496307370408346
6.812315157825584	0.007	0.005	0.31637222850486907	1.69644586338081e-7	0.2520858617963776	0.012481439894108323	61.259481164722445
6.866136277133665	0.007	0.005	0.3162839817371455	1.6884666346174294e-7	0.2527259994319037	0.012481490147490028	61.022762366878425
6.9201433601427995	0.007	0.005	0.3161788693840504	1.6805697339604388e-7	0.2533401532975427	0.012481537504287845	60.786145123665
6.974339073520853	0.007	0.005	0.31605703154317155	1.6727527167837272e-7	0.2539283359569607	0.012481581976424265	60.549623744444936
7.028726226723569	0.007	0.005	0.315918605701526	1.665013227690262e-7	0.25449056320870383	0.012481623575051969	60.31319207315412
7.083307650755931	0.007	0.005	0.31576372697562766	1.657349013665024e-7	0.255026852592913	0.012481662310462553	60.07684402399267
7.138086293211225	0.007	0.005	0.3155925278607615	1.6497579067424465e-7	0.2555372242367315	0.01248169819217043	59.84057317372989
7.19306513964712	0.007	0.005	0.3154051384359008	1.642237830448745e-7	0.25602169992932744	0.01248173122886523	59.60437310831596
7.248247287577674	0.007	0.005	0.3152016861214527	1.6347867868013178e-7	0.2564803036713623	0.01248176142846852	59.36823710969306
7.303635881947784	0.007	0.005	0.314982295884377	1.6274028610934088e-7	0.25691306096053185	0.012481788798101382	59.13215843936402
7.359234163975113	0.007	0.005	0.31474709005773815	1.6200842123560613e-7	0.25731999907790937	0.012481813344119082	58.89613013507221
7.415045435599586	0.007	0.005	0.31449618847481653	1.6128290749124992e-7	0.257701146680181	0.012481835072099125	58.66014516857481
7.471073090303423	0.007	0.005	0.3142297083385227	1.6056357514595418e-7	0.25805653390772654	0.01248185398686068	58.42419632085089
7.527320592190878	0.007	0.005	0.3139477643116362	1.598502613398595e-7	0.2583861921185616	0.012481870092460488	58.1882762770256
7.583791492211405	0.007	0.005	0.31365046844213207	1.591428095763135e-7	0.25869015388055444	0.012481883392202657	57.95237756431821
7.640489414559673	0.007	0.005	0.3133379302350831	1.584410696871059e-7	0.2589684527844569	0.012481893888638351	57.716492615466535
7.697418069308145	0.007	0.005	0.31301025659353754	1.5774489743561879e-7	0.2592211234125936	0.012481901583572165	57.48061372229885
7.754581242502156	0.007	0.005	0.31266755188166984	1.5705415443567346e-7	0.2594482011943963	0.012481906478063022	57.24473308340351
7.81198281659744	0.007	0.005	0.3123099178124293	1.5636870772892245e-7	0.2596497223959533	0.012481908572428122	57.00884272635938
7.869626741502722	0.007	0.005	0.3119374536344037	1.5568842989755526e-7	0.25982572392061265	0.012481907866242434	56.772934633781894
7.927517070466959	0.007	0.005	0.31155025592051555	1.5501319849242934e-7	0.25997624334980424	0.012481904358340951	56.53700060269859
7.985657934879546	0.007	0.005	0.3111484187399114	1.5434289621905488e-7	0.26010131877581144	0.01248189804681845	56.30103235499268
8.044053565140564	0.007	0.005	0.31073203353316187	1.536774104524693e-7	0.2602009887781888	0.012481888929028073	56.06502145948142
8.102708272986787	0.007	0.005	0.31030118925036315	1.5301663337151735e-7	0.2602752923115732	0.012481877001582585	55.82895941092648
8.16162646870525	0.007	0.005	0.3098559722477243	1.523604616546826e-7	0.26032426866893943	0.012481862260350982	55.59283756773155
8.220812659059947	0.007	0.005	0.3093964663170855	1.5170879625819994e-7	0.2603479574038075	0.012481844700456353	55.35664716820656
8.280271441225409	0.007	0.005	0.30892275275354114	1.5106154257752722e-7	0.2603463982666643	0.012481824316275756	55.12037936246413
8.340007528383792	0.007	0.005	0.30843491017173863	1.504186098808384e-7	0.2603196311437052	0.012481801101428701	54.88402511869609
8.400025903735086	0.007	0.005	0.3079330132089779	1.4977990969879564e-7	0.26026769580163095	0.012481775048700008	54.64757462726328
8.46033136024428	0.007	0.005	0.3074171363693195	1.4914536064833039e-7	0.2601906321729584	0.012481746150229352	54.41101912482749
8.520929021235224	0.007	0.005	0.30688734972922754	1.4851488278093555e-7	0.26008847992981793	0.01248171439728913	54.174348849045245
8.581823937607048	0.007	0.005	0.3063437223862549	1.4788840178005192e-7	0.25996127890645127	0.012481679780467887	53.9375546292126
8.643021400046585	0.007	0.005	0.3057863197804484	1.4726584565765063e-7	0.25980906858387337	0.012481642289507502	53.700626673721786
8.704526702351178	0.007	0.005	0.30521520582501116	1.4664714709123641e-7	0.2596318885255041	0.012481601913430103	53.463555500468075
8.76634534313292	0.007	0.005	0.3046304411074145	1.4603224139501992e-7	0.25942977786192767	0.012481558640410955	53.22633116454201
8.828482856326865	0.007	0.005	0.3040320844897409	1.454210681543018e-7	0.25920277574150746	0.012481512457882746	52.988943921524985
8.890944957458677	0.007	0.005	0.3034201917659749	1.4481356974667528e-7	0.25895092084713933	0.012481463352428961	52.75138367521883
8.953737422055974	0.007	0.005	0.3027948168660046	1.4420969251635956e-7	0.25867425181980763	0.012481411309867504	52.51364045225504
9.016866196181768	0.007	0.005	0.3021560108146966	1.4360938568593156e-7	0.2583728068127357	0.01248135631515848	52.275703991353524
9.080337311338392	0.007	0.005	0.3015038226140826	1.4301260217991967e-7	0.25804662385115423	0.012481298352466896	52.03756407627182
9.144156950026668	0.007	0.005	0.30083829862646966	1.4241929796735728e-7	0.2576957405321427	0.01248123740510008	51.79921029865841
9.20833139774179	0.007	0.005	0.3001594831106281	1.418294325667071e-7	0.2573201942772975	0.012481173455544435	51.56063224889036
9.272867092471152	0.007	0.005	0.2994674177519312	1.4124296856065326e-7	0.25692002207533116	0.012481106485411255	51.32181934202964
9.337770567534585	0.007	0.005	0.298762142319467	1.4065987212232403e-7	0.25649526084732127	0.012481036475487824	51.08276104084485
9.403048510166022	0.007	0.005	0.2980436940934814	1.400801125556362e-7	0.25604594712281525	0.012480963405670958	50.84344664964249
9.468707721207917	0.007	0.005	0.29731210835585703	1.3950366268624182e-7	0.2555721173366772	0.01248088725500326	50.60386547415211
9.534755139606066	0.007	0.005	0.2965674181822263	1.3893049859182808e-7	0.2550738077169155	0.012480808001640432	50.364006742505566
9.601197832217435	0.007	0.005	0.29580965461574044	1.3836059983057497e-7	0.2545510544122768	0.012480725622856756	50.12385965385403
9.668042983299395	0.007	0.005	0.29503884685597087	1.3779394955491696e-7	0.25400389365203696	0.012480640095053792	49.88341342710542
9.73529791054936	0.007	0.005	0.29425502214768495	1.3723053435834626e-7	0.25343236170500916	0.012480551393736416	49.64265725378713
9.802970050060956	0.007	0.005	0.29345820602871003	1.3667034454682615e-7	0.2528364950961139	0.01248045949352825	49.40158036306952
9.871066958940892	0.007	0.005	0.29264842238055	1.3611337412239597e-7	0.25221633069614585	0.012480364368166033	49.1601720228002
9.939596304284757	0.007	0.005	0.29182569364435046	1.355596209452855e-7	0.25157190594554046	0.012480265990513604	48.918421588842506
10.008565860965295	0.007	0.005	0.2909900409394916	1.35009086816185e-7	0.2509032590189686	0.01248016433256569	48.67631852243272
10.077983509318297	0.007	0.005	0.2901414841869193	1.344617775798314e-7	0.2502104290021561	0.012480059365452736	48.43385240768599
10.147857209429507	0.007	0.005	0.2892800425254988	1.3391770338970027e-7	0.24949345632299355	0.01247995105948338	48.191013049997935
10.218195021417289	0.007	0.005	0.288405734171557	1.333768785995538e-7	0.2487523827405891	0.012479839384119253	47.94779041311809
10.28900506026359	0.007	0.005	0.2875185770903195	1.328393222359392e-7	0.24798725202226846	0.012479724308053157	47.70417478297094
10.360295506100906	0.007	0.005	0.2866185889915876	1.3230505796149589e-7	0.24719811007630063	0.012479605799204523	47.460156737400006
10.432074576512434	0.007	0.005	0.2857057878039181	1.317741143833655e-7	0.2463850055060408	0.012479483824778145	47.215727246011646
10.504350517095371	0.007	0.005	0.2847801919285374	1.3124652514228616e-7	0.2455479899945703	0.01247935835129731	46.97087770537465
10.57713154795298	0.007	0.005	0.28384182106665945	1.3072232948542571e-7	0.2446871192299696	0.012479229344718202	46.72560012133309
10.650425881555272	0.007	0.005	0.2828906961422556	1.3020157210121565e-7	0.2438024530365341	0.012479096770425798	46.4798870469857
10.724241667328279	0.007	0.005	0.2819268401716437	1.296843036057129e-7	0.24289405638546566	0.012478960593362521	46.23373176619473
10.798586958982836	0.007	0.005	0.2809502788554435	1.2917058087039411e-7	0.24196200018912342	0.012478820778125775	45.98712839591462
10.873469700581788	0.007	0.005	0.27996104093081786	1.286604671242973e-7	0.2410063618880674	0.012478677289036231	45.74007192329229
10.948897636573298	0.007	0.005	0.27895915953489675	1.2815403259257486e-7	0.24002722703864424	0.012478530090358708	45.49255848999566
11.02487831984934	0.007	0.005	0.277944672284872	1.2765135453658925e-7	0.23902468969635265	0.01247837914634539	45.24458534774618
11.101419017954763	0.007	0.005	0.2769176227131766	1.2715251779016164e-7	0.23799885414220806	0.012478224421484633	44.996151144216576
11.178526677536759	0.007	0.005	0.27587806093943934	1.2665761502900053e-7	0.23694983590085766	0.012478065880648091	44.747256011208016
11.256207840853712	0.007	0.005	0.27482604499059293	1.2616674729190373e-7	0.23587776343529207	0.01247790348934551	44.49790180223755
11.334468595777631	0.007	0.005	0.2737616416763366	1.2568002415035997e-7	0.2347827794292788	0.012477737213924067	44.248092214269626
11.41331446617762	0.007	0.005	0.27268492827655644	1.2519756438899047e-7	0.2336650429325033	0.012477567021906402	43.99783309245993
11.492750367278395	0.007	0.005	0.27159599334817675	1.2471949610256044e-7	0.23252473063569426	0.012477392882205923	43.74713251825519
11.572780468849157	0.007	0.005	0.27049493878902797	1.2424595731911682e-7	0.23136203948052952	0.012477214765555933	43.496001180696304
11.653408139718021	0.007	0.005	0.26938188078684866	1.2377709618915864e-7	0.23017718814047	0.012477032644778917	43.244452479514564
11.734635809445553	0.007	0.005	0.26825695189848514	1.2331307146458223e-7	0.22897041971666549	0.01247684649525542	42.992502877993324
11.816464880117431	0.007	0.005	0.26712030243025076	1.2285405268520802e-7	0.2277420037238206	0.0124766562952998	42.7401720862664
11.898895597255473	0.007	0.005	0.2659721023681681	1.224002205530794e-7	0.2264922386831916	0.012476462026646595	42.4874833595229
11.981926955859374	0.007	0.005	0.2648125428007521	1.2195176697834672e-7	0.225221454182851	0.01247626367487325	42.23446367497189
12.06555655418018	0.007	0.005	0.26364183804470237	1.2150889539315272e-7	0.22393001371116888	0.01247606122996342	41.981144055991464
12.149780505687973	0.007	0.005	0.26246022692852167	1.210718205542727e-7	0.22261831657134018	0.012475854686749022	41.7275597052495
12.234593315965993	0.007	0.005	0.26126797452829337	1.2064076863792305e-7	0.221286800278737	0.012475644045450306	41.47375023254132
12.319987769035855	0.007	0.005	0.26006537373056526	1.202159769987932e-7	0.21993594275257303	0.0124754293122081	41.21975984098967
12.405954864114834	0.007	0.005	0.25885274603674063	1.1979769369884228e-7	0.21856626362449988	0.012475210499500164	40.96563735210525
12.492483701439319	0.007	0.005	0.2576304430304824	1.193861772044377e-7	0.21717832624546807	0.012474987626692496	40.711436373184775
12.579561466541303	0.007	0.005	0.2563988463983575	1.1898169554245371e-7	0.21577273800138624	0.012474760720343942	40.45721516595722
12.667173359477202	0.007	0.005	0.25515836866451885	1.1858452554465984e-7	0.21435015136146965	0.012474529814649344	40.20303667324629
12.755302608270041	0.007	0.005	0.25390945267108933	1.1819495185958864e-7	0.21291126341435618	0.012474294951658787	39.948968296661725
12.843930469453701	0.007	0.005	0.25265257117549156	1.1781326581539413e-7	0.2114568154371756	0.012474056181517942	39.69508171368658
12.933036310372458	0.007	0.005	0.2513882252255746	1.1743976392094561e-7	0.2099875909466884	0.012473813562472633	39.44145246425597
13.02259767445518	0.007	0.005	0.25011694271567314	1.1707474660930005e-7	0.2085044138379527	0.012473567160894181	39.188159596040286
13.112590418599577	0.007	0.005	0.24883927586571433	1.167185165319197e-7	0.20700814514976962	0.012473317051080077	38.93528511688631
13.202988870211325	0.007	0.005	0.2475557983750663	1.1637137688456828e-7	0.20549967931970284	0.012473063314964183	38.682913409820586
13.293766021912106	0.007	0.005	0.24626710200600457	1.160336297548162e-7	0.20397993964364772	0.012472806041682213	38.43113056349941
13.384893733742933	0.007	0.005	0.24497379303721248	1.1570557444522022e-7	0.2024498734616947	0.012472545327073207	38.18002370587133
13.4763430028721	0.007	0.005	0.24367648774903877	1.1538750574299375e-7	0.2009104460876832	0.012472281272943028	37.92968017829248
13.568084197396452	0.007	0.005	0.24237580842284193	1.1507971238174558e-7	0.19936263524357922	0.012472013986381904	37.680186838832846
13.660087356229289	0.007	0.005	0.24107237842189577	1.1478247561665169e-7	0.19780742431873452	0.012471743578843732	37.4316292154251
13.752322438474184	0.007	0.005	0.2397668180220688	1.1449606795847004e-7	0.19624579645106296	0.012471470165324806	37.18409082872883
13.844759618423714	0.007	0.005	0.2384597396424589	1.142207520715474e-7	0.1946787278447835	0.012471193863365017	36.937652422532935
13.937369533301153	0.007	0.005	0.23715174380376153	1.1395677998249256e-7	0.19310718192813592	0.01247091479214733	36.692391352031315
14.030123531289377	0.007	0.005	0.2358434151498917	1.1370439243061214e-7	0.19153210358048073	0.012470633071561439	36.448380998878434
14.122993888045032	0.007	0.005	0.234535318989625	1.134638185833554e-7	0.18995441399580082	0.01247034882133189	36.20569029526939
14.215954021439117	0.007	0.005	0.2332279979434945	1.1323527583673907e-7	0.18837500570169471	0.012470062160126333	35.96438327558873
14.308978635987334	0.007	0.005	0.23192196966302478	1.1301896996671373e-7	0.18679473891700432	0.012469773204860207	35.7245188308788
14.40204386408179	0.007	0.005	0.23061772467498273	1.1281509545310739e-7	0.1852144381209874	0.012469482070000308	35.486150485669754
14.495127391407676	0.007	0.005	0.22931572452826182	1.1262383593746969e-7	0.18363488905601996	0.012469188866909243	35.24932622821815
14.588208473886317	0.007	0.005	0.22801640153355723	1.1244536501517499e-7	0.18205683773827108	0.01246889370352945	35.014088625106965
14.681268068123519	0.007	0.005	0.2267201569843489	1.1227984680279946e-7	0.1804809877069565	0.012468596683712948	34.780474651536224
14.774288748843732	0.007	0.005	0.22542736241400627	1.121274371198197e-7	0.17890800104315163	0.012468297907233212	34.548516061817836
14.867254795713855	0.007	0.005	0.22413835854355424	1.1198828423511208e-7	0.17733849666610832	0.012467997469270065	34.31823933081393
14.960152086443223	0.007	0.005	0.2228534569709131	1.1186252996533939e-7	0.1757730520438021	0.012467695460528125	34.089666076330964
15.052968110641606	0.007	0.005	0.2215729402186836	1.1175031074936588e-7	0.17421220298319345	0.0124673919669836	33.86281317391902
15.14569187712981	0.007	0.005	0.22029706328874993	1.1165175863677755e-7	0.17265644532657737	0.012467087069992479	33.63769312796955
15.238313856628444	0.007	0.005	0.2190260547474383	1.1156700233914364e-7	0.171106236142082	0.012466780846302846	33.41431434586485
15.33082588649306	0.007	0.005	0.21776011834753434	1.1149616822203651e-7	0.16956199562777896	0.012466473368210402	33.19268149441455
15.423221117532147	0.007	0.005	0.2164994340818881	1.1143938130639564e-7	0.16802410837485593	0.012466164703592911	32.97279574464959
15.515493880792487	0.007	0.005	0.21524416033473703	1.1139676612567937e-7	0.16649292601546423	0.012465854916228685	32.75465519756331
15.607639639755435	0.007	0.005	0.21399443486343364	1.1136844763497354e-7	0.16496876848295233	0.012465544065847921	32.53825509496152
15.69965488139197	0.007	0.005	0.21275037660977208	1.1135455194895931e-7	0.1634519263170329	0.0124652322084041	32.323588165778794
15.791537031840912	0.007	0.005	0.21151208716553704	1.1135520720742982e-7	0.1619426625742725	0.01246491939627864	32.11064490333439
15.88328437844286	0.007	0.005	0.21027965214140062	1.1137054413053802e-7	0.1604412146426907	0.012464605678477783	31.899413818368636
15.974895967897801	0.007	0.005	0.2090531428424726	1.1140069674683671e-7	0.1589477964469525	0.012464291100924183	31.689881737690826
16.0	0.007	0.005	0.2087177709587207	1.1141255236285913e-7	0.15853960345686108	0.012464204672232498	31.632705052856696
