0.0	0.007	0.005	0.0	0.0	0.0	0.0	100.0
0.00016106215739419315	0.007	0.005	2.0589292037774157e-5	0.0001664557507933359	8.740931933505343e-10	2.2720067524906192e-6	99.99880724571688
0.00023419260539661233	0.007	0.005	2.9937493377960416e-5	0.00021383257103526864	1.8480298590485401e-9	4.419738542805018e-6	99.99826567903172
0.00036403316330193777	0.007	0.005	4.6534299801653574e-5	0.00027098419607873343	4.465089508269243e-9	9.299442742758076e-6	99.99730415351138
0.00047310955105868456	0.007	0.005	6.04763441551655e-5	0.00030109685457561567	7.541533074742663e-9	1.4106488221827763e-5	99.99649640280266
0.0006111241719174018	0.007	0.005	7.811647229800036e-5	0.00032479577665190155	1.2582874678986326e-8	2.0758124728256152e-5	99.99547436320148
0.0007508168859515355	0.007	0.005	9.597020204685116e-5	0.0003387962545601499	1.8992125157307097e-8	2.78852390060716e-5	99.99443990745507
0.0009117710501649255	0.007	0.005	0.0001165401981852885	0.00034783425301767684	2.800652982241369e-8	3.637727802627806e-5	99.99324801919013
0.001085532859818833	0.007	0.005	0.00013874569452945406	0.0003529436022697586	3.96967029791834e-8	4.572851087682801e-5	99.99196130445353
0.0012821518361024725	0.007	0.005	0.00016387051646776088	0.00035577458821454185	5.537652060976282e-8	5.642613973963073e-5	99.9905053512429
0.0015014697474921845	0.007	0.005	0.0001918938343979726	0.00035718909594838416	7.593739043963311e-8	6.842729184689393e-5	99.98888133862003
0.0017520618238245338	0.007	0.005	0.00022391053028166958	0.0003578407483722139	1.0339359602869845e-7	8.217741428983632e-5	99.98702577829881
0.0020398787672850915	0.007	0.005	0.00026067971225406946	0.0003581025545876887	1.4014308589431864e-7	9.798868424467088e-5	99.98489462131722
0.0023774396925894874	0.007	0.005	0.00030379899221044356	0.0003581893885562512	1.903463939816744e-7	0.00011654048932829812	99.9823951900622
0.0027802449706506274	0.007	0.005	0.0003552456688920932	0.00035820673721130396	2.602838504324176e-7	0.0001386802120165453	99.97941274622366
0.003274225742798187	0.007	0.005	0.0004183273098159393	0.0003582000112491583	3.6094722794774703e-7	0.00016583058986231617	99.97575534382685
0.0038988910040113865	0.007	0.005	0.0004980815763156649	0.00035818448092245664	5.117284826587284e-7	0.0002001611321599687	99.97113055330591
0.00471680785543927	0.007	0.005	0.0006024825010855258	0.00035816288456646503	7.487956831577169e-7	0.0002451076939895632	99.96507532295158
0.005778194355089958	0.007	0.005	0.0007379152339836114	0.0003581345216189288	1.1233986378801877e-6	0.00030342540107544896	99.95721817643954
0.006968544773136543	0.007	0.005	0.0008897429424197009	0.0003581013227658095	1.6334361860312247e-6	0.00036881814154979357	99.94840708089237
0.00809764785261405	0.007	0.005	0.0010336992451340395	0.0003580650757750858	2.205011762530741e-6	0.00043083573346637544	99.94005006218087
0.009098439358772423	0.007	0.005	0.0011612479972334597	0.0003580309338577496	2.7830197646822016e-6	0.00048579702566808826	99.93264332145283
0.010000303959581298	0.007	0.005	0.001276149840485572	0.0003580072636633277	3.3613146203035033e-6	0.000535318197804771	99.92596919738435
0.010856640736226083	0.007	0.005	0.0013852171128670627	0.0003579890403583466	3.96076443287606e-6	0.0005823331481523295	99.91963240822824
0.011709481674236638	0.007	0.005	0.001493806123623107	0.00035796982265241605	4.606479333124199e-6	0.0006291502750174859	99.91332188724672
0.012580476918301673	0.007	0.005	0.0016046726558528127	0.0003579483460813099	5.3160822634273454e-6	0.0006769579512601201	99.90687744644845
0.013474152174462403	0.007	0.005	0.0017183903629860223	0.0003579250878025844	6.09679466878806e-6	0.000726004128748374	99.90026562966572
0.01438414274588911	0.007	0.005	0.0018341470037164047	0.0003579007264690932	6.946499829263268e-6	0.0007759390598059047	99.89353355437005
0.016216558447011604	0.007	0.005	0.0020671283575650953	0.00035785932591719946	8.824954533387504e-6	0.0008764705033033975	99.87997878987525
0.01863961986284466	0.007	0.005	0.002374973841882987	0.0003577936469522902	1.165200713865517e-5	0.0010093648973563533	99.86205771880911
0.02348146293910376	0.007	0.005	0.002989326462291363	0.0003576656569179522	1.8468802184556598e-5	0.0012747757699987014	99.82625686155346
0.033926221459797595	0.007	0.005	0.004310999410746348	0.00035738898517734697	3.8449539000130394e-5	0.0018466676987638725	99.74907143439624
0.04429912181458152	0.007	0.005	0.0056187220109510105	0.0003571142128347183	6.53825820474163e-5	0.00241374843861734	99.67247609513295
0.0587637764015826	0.007	0.005	0.007434243862654162	0.00035673031721332113	0.00011462703701501682	0.0032030657293276557	99.56576469668819
0.07292638899892676	0.007	0.005	0.00920280174944053	0.0003563516812587932	0.00017590260440588257	0.003974255044803896	99.46139227468481
0.09012426308848909	0.007	0.005	0.01133840049104607	0.00035588393125528294	0.00026747591186211493	0.004908522526743369	99.33479835121021
0.10657870120694235	0.007	0.005	0.013369430063365238	0.0003554190142846801	0.00037249927502614605	0.005800117988766807	99.2138277101092
0.12433955172955406	0.007	0.005	0.015548339105338293	0.0003548842965496705	0.0005047102772967469	0.006759932353114647	99.08341783598195
0.14034310016557983	0.007	0.005	0.017499826311318314	0.0003543525593978327	0.0006403832956703452	0.007622399713972314	98.96605785606215
0.15635344781955135	0.007	0.005	0.019440971932898437	0.0003537520345207016	0.000791601053513583	0.008482836167225434	98.84878711128577
0.17025015387804388	0.007	0.005	0.021116835705728344	0.00035314971039723293	0.0009352629461546426	0.009227582864324737	98.7471107856938
0.18393101974546858	0.007	0.005	0.0227585203523608	0.00035246307372681894	0.001087826615195696	0.009958680180825234	98.64711583302689
0.19562855441393337	0.007	0.005	0.02415581989938507	0.0003517784979613762	0.0012269424479609153	0.010581985176066957	98.56169757428123
0.20725820691536317	0.007	0.005	0.025539194660311022	0.0003509939836944776	0.0013730950217346978	0.011199848642243371	98.47684832871876
0.21714269878693487	0.007	0.005	0.026710434118796613	0.00035022554749889444	0.0015034104616969447	0.01172341378153208	98.40478909851001
0.22716172574724092	0.007	0.005	0.027893367173874906	0.00034934191278324187	0.001641166143858898	0.012252467171832246	98.3318028996537
0.23565554970808178	0.007	0.005	0.028892881294038806	0.00034849323119720874	0.001762385694419066	0.012699562340824803	98.2699698388673
0.24445525731850706	0.007	0.005	0.02992516665329876	0.00034751251546764027	0.0018922304315250817	0.0131612511483346	98.20595102341142
0.25190528229105846	0.007	0.005	0.03079656365308534	0.00034658691108695514	0.002005526154799472	0.01355081948501954	98.15178389614259
0.2597884774469888	0.007	0.005	0.03171607846986005	0.000345510381305082	0.002128748266584231	0.013961619027006114	98.09449983756686
0.26645606767626584	0.007	0.005	0.0324917612953199	0.00034450899758346065	0.002235633454103991	0.014307840567223182	98.04607519673337
0.2736466674541756	0.007	0.005	0.033326197488110734	0.00034333610452783725	0.002353622831072792	0.014679855159339363	97.99387889044428
0.2797232976580229	0.007	0.005	0.03402967366970872	0.0003422579621950313	0.002455522098231018	0.014993052594735077	97.9497905138183
0.28638507877888536	0.007	0.005	0.03479911711079369	0.0003409865326345759	0.002569525073115942	0.015335074109886195	97.90147942629683
0.29201054514999725	0.007	0.005	0.03544742244157894	0.0003398291073784678	0.002667650680305006	0.015622731141765664	97.86070222707511
0.29826391723726564	0.007	0.005	0.03616654323702368	0.00033845580439590523	0.0027787143946949354	0.01594116996525343	97.81539347421695
0.30354124358397155	0.007	0.005	0.03677215596347152	0.00033721555643183743	0.0028740618599866325	0.016208754708283823	97.77717297449583
0.3094760026568407	0.007	0.005	0.03745183268634761	0.0003357362599438669	0.002983049099454739	0.016508341408225314	97.73420892562623
0.3144824113182415	0.007	0.005	0.0380240550083931	0.00033440898057320923	0.003076431724625371	0.016759907790186185	97.6979802499761
0.32016689565538636	0.007	0.005	0.038672522531869535	0.0003328190162525868	0.0031840566671112315	0.017044193393330107	97.6568609875222
0.3249615747384407	0.007	0.005	0.039218445890066615	0.00033140000350624556	0.0032761474933254227	0.017282804049609926	97.62219167190742
0.3304491275952514	0.007	0.005	0.03984209616815469	0.0003296942309446068	0.00338301378169796	0.017554510527414444	97.58252743594538
0.3350787663054448	0.007	0.005	0.04036728133268609	0.0003281783048843505	0.003474386045509894	0.017782535365803043	97.54907676905518
0.3404122228137792	0.007	0.005	0.040971214660525654	0.00032635111934577004	0.0035810195500147893	0.01804379689744098	97.51055500009458
0.34491479420833876	0.007	0.005	0.041480153320668615	0.0003247325803931352	0.0036721785612591575	0.01826311526416517	97.47804627807855
0.35012975575977706	0.007	0.005	0.04206857639723642	0.00032277780788587566	0.0037790568699558828	0.018515651546677316	97.44040761984735
0.3545371836364726	0.007	0.005	0.04256501410088956	0.0003210503417618586	0.0038704657353658737	0.018727792592721747	97.40860861735491
0.3596644807655737	0.007	0.005	0.04314153588832002	0.0003189610330623946	0.003978044935163964	0.01897303590787792	97.37162891244878
0.36400471973941967	0.007	0.005	0.04362872053182649	0.00031711750674635143	0.004070148997389771	0.019179284791450528	97.34033669434507
0.36907226211560984	0.007	0.005	0.04419657178548411	0.0003148856616756043	0.004178887209996574	0.01941847177546806	97.30381349534929
0.37337091256250904	0.007	0.005	0.04467744389040785	0.00031291784351218476	0.004272136359711863	0.019619948440686378	97.27284265910556
0.378405217010874	0.007	0.005	0.04523965527634121	0.00031053402960364934	0.00438251721124106	0.019854191290770158	97.23658412898226
0.38268690397176464	0.007	0.005	0.04571700738078492	0.00030843219908200314	0.004477388789712024	0.02005191317579239	97.20575680557904
0.3877145229107308	0.007	0.005	0.04627657220805913	0.00030588500667573016	0.004589948084631013	0.020282260675428574	97.16957139058682
0.3920042151852027	0.007	0.005	0.046753197853543656	0.0003036374028754241	0.004686973144792168	0.020477197264311273	97.13870772466373
0.39705333935315124	0.007	0.005	0.04731325024785782	0.0003009126071406308	0.004802334343811785	0.02070469711701611	97.102392624608
0.40137776917652757	0.007	0.005	0.04779210055465789	0.00029850463933286914	0.004902130593644777	0.020897822457490754	97.07130057800642
0.4064798673856448	0.007	0.005	0.048356093498534085	0.00029558412290183367	0.0050210462834135005	0.021123576420344223	97.0346300061036
0.4108694753428713	0.007	0.005	0.04884048786388912	0.00029299708867049675	0.0051243680109176	0.021315936070527248	97.0030914384476
0.4160618138733331	0.007	0.005	0.049412463475303696	0.00028985702540438007	0.005247787826767521	0.02154118174591379	96.96579862532795
0.42055351938212016	0.007	0.005	0.049906385692564004	0.00028706606463755236	0.005355601991118931	0.021733981517642442	96.9335495186571
0.42588307680822984	0.007	0.005	0.050491391454631836	0.0002836738994119653	0.005484782847996934	0.021960213942668345	96.89529879767082
0.4305248424495907	0.007	0.005	0.05099997429921428	0.00028064443714251883	0.005598398531644564	0.02215496154707001	96.86199671931551
0.4360551508948203	0.007	0.005	0.05160478745155737	0.00027695343885855543	0.005735101030376313	0.022384142175558425	96.82233478352823
0.4409144145269972	0.007	0.005	0.05213520528440676	0.00027363444445391804	0.005856411912889258	0.022582906038090964	96.78749881110754
0.4467390405690806	0.007	0.005	0.05276975829007275	0.00026957282608123937	0.006003289961964281	0.022817874007918727	96.74575868874969
0.45192051876710165	0.007	0.005	0.05333311021260985	0.00026588242848165326	0.006135288281619681	0.02302383036768048	96.70864258720353
0.45819401659226056	0.007	0.005	0.05401376390437238	0.0002613282426335491	0.006296783855141307	0.023269253196854925	96.66372315838184
0.46388471753142463	0.007	0.005	0.05462983618990789	0.0002571172231814408	0.006444858834533733	0.023488078855653596	96.62299471253257
0.4709115419231826	0.007	0.005	0.055388788154864844	0.00025182615077293393	0.006629765420414957	0.02375321005207546	96.57272728417445
0.4775314833735977	0.007	0.005	0.056102009269028634	0.0002467555563161585	0.006806041172952139	0.02399778103511264	96.52539447717055
0.48612931255896535	0.007	0.005	0.05702574626703128	0.00024006530779710407	0.007037971171138783	0.024307762748282984	96.46395433486899
0.4950161163811658	0.007	0.005	0.05797747546730504	0.0002330468595574543	0.007281219191984855	0.024618941566194652	96.40049027906976
0.5051826189842099	0.007	0.005	0.059062455939326346	0.00022492200422549068	0.007563851082408454	0.024963296327067203	96.32793860902743
0.5132894805083901	0.007	0.005	0.05992473252972787	0.00021839989971823043	0.007792529842166197	0.025228927699654277	96.2701243811236
0.521942790127036	0.007	0.005	0.06084230328043988	0.00021141237863531422	0.008039833154422164	0.02550365333203171	96.20845143443272
0.5288942522751104	0.007	0.005	0.06157730484767048	0.0002058026889831401	0.008240883959227164	0.02571775926746834	96.15893633311967
0.536449743862545	0.007	0.005	0.06237404508083575	0.00019971477912005548	0.008461797436320211	0.025943822529931545	96.10514764517889
0.5425278394089078	0.007	0.005	0.06301338606505441	0.00019484245069479358	0.008641311881351163	0.02612067966357168	96.06189860229054
0.5492844251032224	0.007	0.005	0.06372241958258192	0.00018945172983705368	0.008842735626497868	0.026312073013439883	96.01384456578815
0.5547195931231493	0.007	0.005	0.0642915053962802	0.00018515017788568478	0.0090061875155518	0.026462086299612334	95.97520613328894
0.5608955616314458	0.007	0.005	0.0649367751322308	0.00018029550567730018	0.009193447352070049	0.026628306567749574	95.9313202462887
0.5658619710734072	0.007	0.005	0.06545460516276397	0.00017643091125637308	0.009345207305838647	0.026758731884642516	95.89604393674252
0.5716154351892301	0.007	0.005	0.06605331469366786	0.0001719908142867674	0.009522320194185916	0.026906248685061335	95.85519341125493
0.5762401436481195	0.007	0.005	0.06653364516461871	0.0001684631654798631	0.009665694978818517	0.027022070391280312	95.82236984956528
0.5816845693572424	0.007	0.005	0.06709806387655035	0.0001643491839849384	0.00983562966648931	0.027155309311483317	95.78374280327505
0.5860592339330454	0.007	0.005	0.06755076056308039	0.0001610859334294354	0.00997306932452396	0.027259959027135634	95.75271676813479
0.5912762442644534	0.007	0.005	0.06808966966063698	0.0001572344410121458	0.010138010931088275	0.027381985587415215	95.71572977942188
0.5954672503948927	0.007	0.005	0.06852184280477809	0.00015418335467351106	0.010271328686175163	0.0274778562644091	95.68602719209223
0.6005162087340484	0.007	0.005	0.06904159966276821	0.00015054854174522975	0.01043289761340593	0.027590832757055237	95.65025634821919
0.6045722404665165	0.007	0.005	0.06945843954996057	0.0001476718593135074	0.010563448865237437	0.0276796235085278	95.62152987416634
0.6094970395678418	0.007	0.005	0.06996372376006149	0.00014422045245846566	0.010722865077635934	0.02778510785378842	95.58666203145259
0.6134544240154782	0.007	0.005	0.07036908513162049	0.0001414905975007352	0.010851680078501609	0.027868050195840887	95.55865275013568
0.6182884259256131	0.007	0.005	0.07086343563289728	0.00013819793214900206	0.011009889145056042	0.027967195615285424	95.5244501465156
0.622174743215614	0.007	0.005	0.07126023035438973	0.0001355945487983963	0.011137765002336453	0.0280451997602051	95.49696168898078
0.6269437197258866	0.007	0.005	0.07174636587749662	0.00013244215863640724	0.01129551234712148	0.028138875911046843	95.46324086993063
0.630780442184063	0.007	0.005	0.07213684769149697	0.00012994994297424944	0.011423082896923328	0.028212630532775694	95.43612054269781
0.6355048080312417	0.007	0.005	0.07261690782436626	0.0001269237395002324	0.011580972771768427	0.028301508419948548	95.4027363873458
0.6393090708669539	0.007	0.005	0.07300286281986292	0.00012453098070717403	0.011708756099162203	0.028371545914012967	95.3758625159105
0.6440054330241247	0.007	0.005	0.07347857456031742	0.00012161999502313155	0.011867293250637028	0.02845615484089023	95.34269716452755
0.647791303954512	0.007	0.005	0.0738614569962075	0.00011931754307912872	0.011995726579380106	0.02852289599408484	95.31597002861898
0.6524735005510358	0.007	0.005	0.07433424628662276	0.00011651308157445902	0.012155344340867567	0.028603661483513055	95.2829254598001
0.6562528148578759	0.007	0.005	0.07471526789264318	0.00011429366578776418	0.01228480699949136	0.028667444954608594	95.25626133186
0.660932680207749	0.007	0.005	0.07518634130967249	0.00011158869973854964	0.012445888444401537	0.028744715550851518	95.2232539027215
0.664715619338679	0.007	0.005	0.07556653305406896	0.00010944645746974178	0.012576717879188815	0.028805818172574212	95.19658091880623
0.6694035563237871	0.007	0.005	0.07603693854859743	0.00010683517955252147	0.012739612039522289	0.028879884621753994	95.16353728535678
0.6731991036973888	0.007	0.005	0.07641719889864677	0.00010476529836565457	0.012872116846718058	0.028938536416463146	95.13679219791135
0.6779044798499678	0.007	0.005	0.07688786771577051	0.0001022428208988885	0.013037150025803529	0.029009644939664674	95.10364649368381
0.6817207476449668	0.007	0.005	0.0772689970979399	0.0001002412866472017	0.013171619421625551	0.029066039749161124	95.076772345502
0.6864521859685829	0.007	0.005	0.07774077438338174	9.78034264041812e-5	0.013339103657294595	0.029134401610738197	95.04346411251811
0.6902966593989591	0.007	0.005	0.07812350077573889	9.586684040123449e-5	0.013475814710595488	0.029188704843449983	95.01640850045352
0.6950622576886284	0.007	0.005	0.07859716847631397	9.350996248749033e-5	0.013646054320761394	0.029254503389174617	94.98288113153801
0.6989419787106278	0.007	0.005	0.07898216650314374	9.163540851535774e-5	0.013785277527107568	0.029306857719972063	94.95559490297418
0.7037494768153643	0.007	0.005	0.07945846065654628	8.935631255734255e-5	0.013958574254753872	0.02937025361531422	94.92179445639287
0.7076711898549034	0.007	0.005	0.07984636655663446	8.754125666125802e-5	0.014100578121115731	0.029420783307682073	94.89423067781978
0.7125280998743445	0.007	0.005	0.08032599057000346	8.533709294446552e-5	0.014277235294380682	0.029481918496099747	94.86010495727109
0.7164983670618195	0.007	0.005	0.08071741386220402	8.357930859326239e-5	0.014422290114310227	0.029530732683146342	94.83221810120753
0.7214120803774267	0.007	0.005	0.0812010492306782	8.144751405022896e-5	0.014602616240941774	0.029589733463233972	94.79771590242366
0.725437377291438	0.007	0.005	0.08159658222307666	7.974502461660025e-5	0.014750997394182497	0.029636928700404474	94.76946117456811
0.7304152522817595	0.007	0.005	0.08208489711651379	7.76832745714298e-5	0.014935309276243538	0.02969390811774107	94.7345316708277
0.7345020504939727	0.007	0.005	0.08248512291595267	7.6034308379021e-5	0.01508730024112437	0.02973957040089981	94.70586443275012
0.7395514869030221	0.007	0.005	0.0829787792570553	7.40404795295119e-5	0.015275925788081138	0.02979463013836444	94.67045665690908
0.7437063253768451	0.007	0.005	0.08338427850492938	7.244343513353868e-5	0.015431820913646192	0.02983883649620958	94.64133192955464
0.7488348299322538	0.007	0.005	0.08388393801227322	7.051557648728941e-5	0.015625101796784495	0.02989206839517462	94.60539432004376
0.7530643827862045	0.007	0.005	0.08429529509630136	6.896899409374112e-5	0.0157852090955631	0.029934888201334938	94.57576631518364
0.7582796305845848	0.007	0.005	0.08480162474425774	6.710530326837699e-5	0.01598350339757259	0.029986375516636788	94.5392462941725
0.7625907693142003	0.007	0.005	0.08521943330348983	6.560784244025845e-5	0.01614814727980823	0.030027871541202587	94.50906798713892
0.7679006595375681	0.007	0.005	0.08573311006342427	6.380664721448108e-5	0.016351832076392406	0.03007768995572498	94.47191158089275
0.7723005160282392	0.007	0.005	0.0861579784026373	6.235706795750053e-5	0.016521356260512213	0.03011791925411035	94.44113428025989
0.7777132260680781	0.007	0.005	0.08667969366215675	6.061681104493784e-5	0.016730830283003383	0.030166137726985037	94.40328575315496
0.7822092536445411	0.007	0.005	0.08711224980001483	5.9213959006031797e-5	0.016905600780607342	0.03020515235959364	94.37185868679616
0.7877332930642583	0.007	0.005	0.0876427135918595	5.75331852568851e-5	0.017121287215627872	0.030251833843184035	94.33326017910784
0.7923333307801413	0.007	0.005	0.0880836104347578	5.6175979015961375e-5	0.017301695596106805	0.030289681491952675	94.30113006041125
0.7979775969660091	0.007	0.005	0.08862355564067347	5.455332433087277e-5	0.017524045100336415	0.030334883548268285	94.26172121715628
0.8026899366322732	0.007	0.005	0.08907347621391014	5.32407449710241e-5	0.017710512028708637	0.030371608033391305	94.22883179522434
0.8084637710337392	0.007	0.005	0.08962366262124802	5.167492715979271e-5	0.017940005924976313	0.030415383351907643	94.18854939401396
0.813297229527674	0.007	0.005	0.09008332557741194	5.040600933893459e-5	0.018132985088012348	0.030451025076260303	94.15484097047384
0.8192104770685844	0.007	0.005	0.09064454401558057	4.8895820065027826e-5	0.01837013885541143	0.03049342192375766	94.11361853068082
0.8241744741478958	0.007	0.005	0.09111470941037304	4.766964465436029e-5	0.018570121306087	0.030528018248598358	94.07902744203422
0.8302375489001681	0.007	0.005	0.09168778623246436	4.6213941733986704e-5	0.018815488505538	0.030569080876916586	94.03679479417687
0.835342190787044	0.007	0.005	0.09216926155721565	4.5029630025909886e-5	0.019023007460280288	0.03060266643258384	94.00125285841457
0.8415661455326267	0.007	0.005	0.09275506320578714	4.362733085132006e-5	0.01927718402312404	0.03064243542745933	93.95793569088282
0.846822319384021	0.007	0.005	0.09324871011659107	4.248403922333485e-5	0.019492820347938394	0.030675042393327957	93.9213695834231
0.8532189237180898	0.007	0.005	0.09384814817230272	4.1134114315930694e-5	0.01975644944149752	0.03071355499616933	93.87688893480122
0.8586384016508964	0.007	0.005	0.09435488973196471	4.0031030024470266e-5	0.019980837812816003	0.0307452133336533	93.8392195039438
0.8652202282887839	0.007	0.005	0.09496892635988832	3.8732497088997387e-5	0.020254615303493602	0.0307825037291331	93.79349120413785
0.870815783569485	0.007	0.005	0.09548975497272946	3.7668834852007186e-5	0.02048845119373919	0.03081324137922005	93.75463270891886
0.8775963070703223	0.007	0.005	0.09611940909745413	3.6420752753925606e-5	0.020773131921664436	0.030849340968034107	93.70756674082028
0.8833818450349179	0.007	0.005	0.096655395296023	3.539575195281297e-5	0.02101717956914236	0.03087918401977048	93.66742599472673
0.8903755534133788	0.007	0.005	0.09730174946942621	3.419721498640411e-5	0.021313584505085487	0.030914121668910218	93.61892577442808
0.8963662575403271	0.007	0.005	0.09785405149641813	3.3210137761433895e-5	0.021568685947971223	0.030943094491946488	93.57740119357925
0.9035887816283743	0.007	0.005	0.09851825981382424	3.206026977828964e-5	0.021877710496579692	0.030976896777247864	93.52736273694471
0.9098012802424702	0.007	0.005	0.0990881343911566	3.111039942991072e-5	0.02214479597541138	0.031005022136106498	93.48434325659846
0.9172695420629813	0.007	0.005	0.09977143145263137	3.0008348230590717e-5	0.02246741955308859	0.031037713567843773	93.43265422538039
0.9237220961536532	0.007	0.005	0.10036024564019319	2.9094988341886315e-5	0.0227475193914251	0.031065012706323707	93.38801808371177
0.9314544838649648	0.007	0.005	0.10106395710609149	2.803991978312303e-5	0.023084816691824498	0.031096615955874686	93.33455666121931
0.9381672038913647	0.007	0.005	0.10167320180017184	2.716239338698202e-5	0.02337907509910443	0.03112310867181137	93.28816999865741
0.9461837755733413	0.007	0.005	0.10239875656310912	2.615348575738151e-5	0.02373222925780736	0.031153644785697977	93.23280358228378
0.9531788644221072	0.007	0.005	0.10303006116631068	2.5311135530855943e-5	0.024041920057035152	0.03117934946667135	93.18451887943752
0.9615015848426753	0.007	0.005	0.1037790052967313	2.434757437145523e-5	0.024412238025106066	0.031208838063708482	93.12710256503306
0.968803619052036	0.007	0.005	0.10443415441083151	2.3539762737318044e-5	0.02473878297914591	0.031233771716478058	93.07675683958495
0.9774566398510699	0.007	0.005	0.10520816754557683	2.2620735715095413e-5	0.02512771372483412	0.03126223118161531	93.01713163012693
0.9850928908370779	0.007	0.005	0.10588911952811461	2.1846845402502798e-5	0.025472703718557723	0.03128640943829672	92.96454438593032
0.9941028781766141	0.007	0.005	0.10669003372202522	2.097153781134645e-5	0.025881859632833563	0.031313857096771675	92.90253510225298
1.0021036825355583	0.007	0.005	0.10739894154129878	2.0230972523330653e-5	0.026247079324494004	0.03133729420747374	92.84750597439104
1.0115002005667473	0.007	0.005	0.10822876291038358	1.939856349402158e-5	0.026678261434075732	0.0313637464770962	92.78291881741332
1.0198993831709064	0.007	0.005	0.10896799716356659	1.8690749005307388e-5	0.02706571779032047	0.03138645527751362	92.72522489545119
1.0297153447006846	0.007	0.005	0.10982893081220987	1.7900408334778277e-5	0.027520945569152532	0.03141192780150935	92.65784459027972
1.0385507059321064	0.007	0.005	0.11060110534340128	1.7224793613348127e-5	0.027932901087675637	0.031433919666422006	92.59723735130153
1.04882288843285	0.007	0.005	0.11149558278030099	1.6475680276771557e-5	0.028414447097950532	0.03145842739184293	92.526823896671
1.0581367651574036	0.007	0.005	0.11230358304036503	1.5831738509649425e-5	0.02885345849936709	0.031479712175905276	92.46302569414212
1.0689064119426321	0.007	0.005	0.11323429306149965	1.5122999886794181e-5	0.029363889137645476	0.031503269405248634	92.38931059415708
1.0787463177191114	0.007	0.005	0.11408130682958013	1.45102296408822e-5	0.029832852172622198	0.0315238553615424	92.32201067974964
1.0900598106339374	0.007	0.005	0.11505122775645202	1.384100294788461e-5	0.030375074283785636	0.0315464757247464	92.24469276751557
1.1004791515962458	0.007	0.005	0.11594077690225339	1.325892985644111e-5	0.03087727490005392	0.03156636938303198	92.17354288802154
1.1123887669101509	0.007	0.005	0.11695321012983712	1.2628344715430344e-5	0.03145458921209994	0.03158806575689836	92.0922836798564
1.1234476389478678	0.007	0.005	0.11788918271335509	1.2076523070521315e-5	0.03199376177364648	0.031607271776609706	92.01689323189143
1.1360123481041204	0.007	0.005	0.11894778307102764	1.1483706642537447e-5	0.032609921696831794	0.03162805609412739	91.93131209606348
1.1477783740282503	0.007	0.005	0.11993446092727915	1.0961722081025824e-5	0.03319031263448495	0.031646577042759784	91.85124314495427
1.161064653191309	0.007	0.005	0.12104325957823242	1.0405806109259933e-5	0.033849586887538814	0.031666459998176015	91.76091255392073
1.173613805692277	0.007	0.005	0.12208533550091653	9.913279228033156e-6	0.034476021292759576	0.0316842960465698	91.67567511133404
1.1876963332266475	0.007	0.005	0.12324874416561922	9.393410189665369e-6	0.035183254305828776	0.03170328663324207	91.58011682220024
1.2011135899281804	0.007	0.005	0.12435131483358956	8.930002477844272e-6	0.0358611975666304	0.03172043509716213	91.48916544985619
1.2160756303365399	0.007	0.005	0.12557409426249103	8.445354947334369e-6	0.036621856761091746	0.031738539941067366	91.38784899372024
1.230455207332844	0.007	0.005	0.12674260795906636	8.010777199343986e-6	0.03735745724774043	0.03175499462940095	91.29058246195866
1.2463882983721466	0.007	0.005	0.12802977049897046	7.560571059545043e-6	0.03817764559720371	0.031772217050012666	91.18292852738277
1.2618329412377358	0.007	0.005	0.1292698894203501	7.154596025446848e-6	0.038977728811779244	0.031787967305384184	91.07869602843306
1.2788352348419887	0.007	0.005	0.1306264879175472	6.738117147005707e-6	0.03986412464926414	0.03180430605426306	90.9640890611947
1.2954537429571458	0.007	0.005	0.13194380596531446	6.360595472053108e-6	0.04073608988697875	0.03181933545082061	90.85220843668289
1.3136259739701799	0.007	0.005	0.13337453861737064	5.977217541226401e-6	0.04169575164426046	0.03183478314004948	90.73002519693563
1.3315276802772504	0.007	0.005	0.1347740694794025	5.628093679512142e-6	0.04264729249378847	0.03184906788569872	90.60982153274975
1.3509654259268276	0.007	0.005	0.13628261853060494	5.2772929048167235e-6	0.04368724250933929	0.03186360936235739	90.47948423063471
1.3702501281635637	0.007	0.005	0.13776796750007894	4.956609346853206e-6	0.044725791865373024	0.03187711681557245	90.35035841700659
1.3910312409054228	0.007	0.005	0.13935602484239734	4.637953296241908e-6	0.04585229654031726	0.03189072825436741	90.21141926519161
1.4117737471163538	0.007	0.005	0.14092823001790053	4.345818674217865e-6	0.0469841237228867	0.03190341663872794	90.07295129373689
1.4339415614418893	0.007	0.005	0.14259431107531473	4.05889801218345e-6	0.04820167526346268	0.03191606690567815	89.9252035201598
1.4561727904840505	0.007	0.005	0.14425056371043285	3.795382978441748e-6	0.049430712958885605	0.03192788816371401	89.7772764824735
1.4797203807605233	0.007	0.005	0.14598905711436802	3.5396485122792013e-6	0.050740985223335436	0.03193954478592732	89.62085572015957
1.5034114044348483	0.007	0.005	0.14772182048686608	3.3045927030799535e-6	0.05206773029986321	0.031950452243885874	89.46375719460366
1.5282740934023977	0.007	0.005	0.14952280426009237	3.0791320246503926e-6	0.05346892740925108	0.03196109166900751	89.29918532776162
1.5533336900136747	0.007	0.005	0.15132007508276749	2.8718931663383714e-6	0.054890043294178396	0.03197105238462649	89.13361642390963
1.5793974470269483	0.007	0.005	0.15317036449116025	2.6752276188027406e-6	0.056377135548324006	0.03198067186229981	88.96173869416039
1.605687788053901	0.007	0.005	0.1550172657706406	2.4944996087623304e-6	0.057886107610156175	0.031989678629189056	88.78870252030156
1.6328118989983311	0.007	0.005	0.15690240598065108	2.3245232006159986e-6	0.05945195610825458	0.031998303915484264	88.61053142734049
1.6601752742466047	0.007	0.005	0.15878342027046996	2.168340506129988e-6	0.06104048792153416	0.03200638058188494	88.43115094614676
1.688217577123198	0.007	0.005	0.1606896573617407	2.022452300190252e-6	0.06267724514321327	0.032014065277722624	88.24769650916576
1.7165018278353716	0.007	0.005	0.16259053416132868	1.8883744646086604e-6	0.0643367178671517	0.03202126350340191	88.0630447562156
1.745336564320552	0.007	0.005	0.16450605653401737	1.7637262712955769e-6	0.06603691544458543	0.03202808161420815	87.87519691160433
1.7744111324329377	0.007	0.005	0.1664148616539784	1.649099837495598e-6	0.06775940514310529	0.03203447213532552	87.68619236048958
1.8039368955144406	0.007	0.005	0.16833021886581515	1.5428439109730392e-6	0.06951652608772176	0.03204050835925702	87.49467075644839
1.833698811340227	0.007	0.005	0.17023757838811654	1.4450376988268538e-6	0.07129527749625923	0.03204617123620165	87.30204067053224
1.8638392284265082	0.007	0.005	0.17214555239545976	1.3545054144763468e-6	0.073103914278365	0.03205151254023402	87.10739300296612
1.894212346387484	0.007	0.005	0.1740444084856723	1.2710698081433527e-6	0.07493341682483838	0.03205652926468416	86.91168156655696
1.9249130156737289	0.007	0.005	0.17593963805816007	1.1938693307091773e-6	0.07678919215551142	0.032061259106111725	86.71430638427717
1.9558439982127298	0.007	0.005	0.17782480679131712	1.1226186847846514e-6	0.07866504080257004	0.03206570740491581	86.51590380330249
1.987068196962146	0.007	0.005	0.17970336190425096	1.056669115664454e-6	0.08056442994526929	0.03206990248244936	86.31608084365266
2.018521668786044	0.007	0.005	0.18157107527302183	9.957072415702012e-7	0.082483108737137	0.032073853502922474	86.11525724085257
2.0502461638523415	0.007	0.005	0.18343007566337596	9.392328301887873e-7	0.08442324333110676	0.03207758237046854	85.91317650342326
2.0822002160513504	0.007	0.005	0.18527758692611795	8.869440251482683e-7	0.08638190516900726	0.03208109954927152	85.71011288315678
2.1144117223216243	0.007	0.005	0.18711489625588346	8.384475419191442e-7	0.08836039622278556	0.032084422406325884	85.50589894923709
2.146854223497157	0.007	0.005	0.1889401715352772	7.934702484384311e-7	0.09035667228073781	0.03208756137610123	85.30071236335631
2.1795466054615353	0.007	0.005	0.19075416595132103	7.516981282801571e-7	0.09237146362260881	0.03209053050862017	85.09444345683193
2.212472356829825	0.007	0.005	0.19255565583279743	7.128921705729337e-7	0.09440331046187625	0.032093339565573045	84.88720626888366
2.2456445294528202	0.007	0.005	0.19434505658446288	6.767985780417446e-7	0.0964525647502175	0.03209600009568161	84.6789284639651
2.279053168820506	0.007	0.005	0.19612153368031832	6.432120662427874e-7	0.09851814805448277	0.0320985209238308	84.46968245792102
2.3127075455193653	0.007	0.005	0.1978852881884538	6.11925529025518e-7	0.10060015966074604	0.0321009116600997	84.25942011491927
2.3466020071983014	0.007	0.005	0.19963573270351875	5.827644556807277e-7	0.10269776620337609	0.03210318012976093	84.04818678984431
2.3807433812308663	0.007	0.005	0.201372932278852	5.555585127642435e-7	0.10481089656027295	0.0321053344075815	83.83595003058859
2.415128807508179	0.007	0.005	0.20309645432085655	5.301601473540332e-7	0.1069388703777715	0.03210738135559319	83.62273783474943
2.4497635212412625	0.007	0.005	0.20480627657918715	5.064283608721775e-7	0.10908149858038355	0.032109327810416	83.4085280427723
2.4846464629063494	0.007	0.005	0.20650206250343103	4.842386705087688e-7	0.1112381929235014	0.032111179753171404	83.19333763674811
2.5197818160929573	0.007	0.005	0.2081837329423874	4.63473715437346e-7	0.11340867974972252	0.03211294300787305	82.97715133992912
2.5551696509523647	0.007	0.005	0.20985100923095032	4.4402851127333254e-7	0.11559242147927423	0.032114622771775535	82.7599793818606
2.5908134270804326	0.007	0.005	0.21150377377056073	4.258049041899636e-7	0.11778908014743239	0.032116224031140145	82.54181130527435
2.6267139155125028	0.007	0.005	0.2131417824384165	4.087142620140463e-7	0.11999814227987217	0.03211775129797632	82.32265329479871
2.6628740457258004	0.007	0.005	0.2147648904349913	3.9267414472627827e-7	0.12221921769557959	0.03211920885920237	82.10249848876246
2.699294986101615	0.007	0.005	0.2163728727997027	3.7760959637379026e-7	0.12445179828981236	0.03212060063255181	81.88135092291695
2.7359792564448004	0.007	0.005	0.21796556498382816	3.634511006131532e-7	0.1266954493467428	0.03212193031749747	81.65920656428503
2.7729281987213863	0.007	0.005	0.2195427509533484	3.501351325500562e-7	0.12894965451812856	0.032123201318504206	81.43606867628944
2.810143990611338	0.007	0.005	0.2211042513367281	3.376028559856342e-7	0.13121393915106389	0.0321244168388743	81.21193561191598
2.847627999245185	0.007	0.005	0.22264985319506722	3.258002990657896e-7	0.13348776994488468	0.03212557984131031	80.9868107569533
2.885382079609648	0.007	0.005	0.2241793651802379	3.14677495033134e-7	0.13577063418536303	0.032126693107617656	80.76069469720858
2.923407505403306	0.007	0.005	0.22569257370240825	3.041884686368986e-7	0.1380619750719157	0.03212775922030533	80.53359163590277
2.9617058078763696	0.007	0.005	0.2271892775812497	2.9429064725974534e-7	0.14036124274788983	0.03212878060175214	80.30550435624232
3.0002780833242118	0.007	0.005	0.22866926088154832	2.849447598209759e-7	0.14266785284990252	0.0321297595074043	80.07643834982281
3.03912551948764	0.007	0.005	0.23013231417177707	2.761144218065154e-7	0.14498121850543508	0.03213069805194066	79.84639866698419
3.0782489676054903	0.007	0.005	0.23157821860434175	2.677659958571244e-7	0.14730072512319145	0.03213159820916562	79.61539244754809
3.1176492482331883	0.007	0.005	0.23300675814245078	2.598682934127811e-7	0.1496257490938265	0.03213246182962449	79.38342709384989
3.157326899117236	0.007	0.005	0.2344177108445812	2.5239242565483356e-7	0.15195564334079847	0.03213329064400203	79.15051174548029
3.1972823539689674	0.007	0.005	0.2358108560671949	2.4531157945176595e-7	0.15428974845597304	0.032134086275677556	78.91665620949912
3.2375157788706455	0.007	0.005	0.2371859693280001	2.386008788723217e-7	0.15662738371321736	0.032134850245180036	78.68187190392672
3.2780271949052024	0.007	0.005	0.2385428273208902	2.3223720762887172e-7	0.15896785492307125	0.0321355839799579	78.44617112119653
3.3188163522612983	0.007	0.005	0.23988120434233476	2.2619908903358944e-7	0.1613104478564991	0.032136288818718536	78.20956774365253
3.3598828329603556	0.007	0.005	0.24120087648616653	2.2046654026234888e-7	0.1636544349784379	0.0321369660195276	77.97207662548333
3.4012259505433025	0.007	0.005	0.24250161908491324	2.1502096971834778e-7	0.16599907052708662	0.032137616763804736	77.73371415410635
3.442844813072639	0.007	0.005	0.2437832095132904	2.0984506003218552e-7	0.16834359502442975	0.03213824216270975	77.49449786347932
3.48473827675274	0.007	0.005	0.24504542646102245	2.0492267595999128e-7	0.17068723358738652	0.03213884326130638	77.25444667968209
3.5269049657103437	0.007	0.005	0.24628805129936718	2.0023877161280172e-7	0.17302919804802175	0.03213942104341898	77.01358078403136
3.5693432672057512	0.007	0.005	0.24751086864916802	1.957793087880615e-7	0.17536868771532452	0.032139976435747265	76.77192161780482
3.6120513212369945	0.007	0.005	0.24871366679117415	1.915311826588023e-7	0.1777048898788041	0.03214051031161288	76.52949191805578
3.655027044434591	0.007	0.005	0.24989623902795507	1.874821502390068e-7	0.18003698222628742	0.0321410234948498	76.28631555841864
3.698268108842496	0.007	0.005	0.2510583837336534	1.8362076925203972e-7	0.18236413281187314	0.03214151676284822	76.04241764640078
3.741771972467997	0.007	0.005	0.25219990580528057	1.7993633740427774e-7	0.18468550285959473	0.03214199084997584	75.79782432765093
3.7855358643408636	0.007	0.005	0.25332061682477325	1.764188406375957e-7	0.1870002471122004	0.032142446450224765	75.55256284795799
3.829556813345658	0.007	0.005	0.25442033633550276	1.7305890196184104e-7	0.18930751652681355	0.03214288422012868	75.30666136941096
3.873831639773774	0.007	0.005	0.255498892092144	1.698477375431631e-7	0.19160645897823492	0.03214330478107425	75.06014899686257
3.918356985389624	0.007	0.005	0.2565561212233592	1.667771133828455e-7	0.19389622197137513	0.03214370872181365	74.81305559003457
3.9631293147110846	0.007	0.005	0.25759187060563615	1.6383930766067013e-7	0.19617595381433647	0.032144096600510305	74.56541173784791
4.008144934474952	0.007	0.005	0.2586059976169826	1.6102707477559496e-7	0.19844480570405026	0.032144468946796734	74.31724863280346
4.05340001678755	0.007	0.005	0.25959837088084786	1.5833361210909466e-7	0.20070193393510274	0.03214482626369611	74.06859792730639
4.098890610887763	0.007	0.005	0.2605688706700739	1.5575253009133844e-7	0.20294650147246454	0.03214516902930229	73.81949165483641
4.1446126644345815	0.007	0.005	0.26151738944806197	1.5327782410242074e-7	0.20517767994039615	0.03214549769840668	73.56996210058206
4.190562033163893	0.007	0.005	0.26244383208953204	1.509038490184991e-7	0.20739465097195398	0.0321458127039181	73.32004173765856
4.236734524627774	0.007	0.005	0.26334811671259123	1.486252941289819e-7	0.2095966091269829	0.03214611445840418	73.06976298005465
4.283125881250274	0.007	0.005	0.26423017421282685	1.4643716285538933e-7	0.21178276180112537	0.03214640335511335	72.81915826779239
4.329731852903685	0.007	0.005	0.2650899494729838	1.4433474972359154e-7	0.21395233331184385	0.03214667976948466	72.56825966921875
4.376548152741484	0.007	0.005	0.2659274002650406	1.4231362442469718e-7	0.21610456337567227	0.03214694405983337	72.31709911673006
4.4235705402311885	0.007	0.005	0.2667424984659549	1.4036961135992918e-7	0.21823871144727838	0.03214719656872902	72.06570795884316
4.470794792827667	0.007	0.005	0.26753522915694444	1.384987754061534e-7	0.22035405578104603	0.03214743762363984	71.81411711391105
4.518216762085536	0.007	0.005	0.26830559116540065	1.3669740525777336e-7	0.2224498962677264	0.032147667537982885	71.56235677331229
4.565832351643	0.007	0.005	0.26905359622073116	1.3496200090383446e-7	0.2245255536541896	0.03214788661170378	71.31045652364418
4.613637577266775	0.007	0.005	0.2697792694093606	1.3328925892921982e-7	0.22658037231133318	0.03214809513220578	71.05844503475173
4.661628541770057	0.007	0.005	0.27048264822051565	1.3167606188089135e-7	0.22861371916720877	0.03214829337482309	70.8063502009801
4.709801482940092	0.007	0.005	0.27116378269281227	1.3011946567909042e-7	0.23062498572350634	0.03214848160358032	70.55419889826463
4.758152767550928	0.007	0.005	0.2718227347015156	1.2861668981718367e-7	0.232613587659148	0.03214866007167107	70.30201702739737
4.806678910887048	0.007	0.005	0.27245957760493433	1.2716510725048806e-7	0.23457896544737114	0.032148829022009225	70.04982942438458
4.855376580252982	0.007	0.005	0.2730743956469975	1.257622354411957e-7	0.2365205842329937	0.03214898868768468	69.79765985585944
4.9042426113544195	0.007	0.005	0.2736672835171236	1.2440572752224957e-7	0.23843793416555709	0.032149139292434466	69.54553094867747
4.9532740117485545	0.007	0.005	0.27423834573024597	1.230933644786475e-7	0.24033053014465955	0.03214928105104067	69.29346418777318
5.002467970715528	0.007	0.005	0.27478769608399817	1.2182304749909686e-7	0.24219791176480618	0.032149414169724756	69.04147988163142
5.0518218560069945	0.007	0.005	0.2753154569680926	1.205927912312533e-7	0.24403964270958817	0.032149538846483014	68.78959719576345
5.101333233410331	0.007	0.005	0.2758217589291404	1.1940071678745162e-7	0.245855310962394	0.032149655271461894	68.53783407005233
5.15099984687392	0.007	0.005	0.27630673982365805	1.1824504614256225e-7	0.2476445275097759	0.03214976362721574	68.28620733775632
5.200819644517844	0.007	0.005	0.27677054446176114	1.1712409576713422e-7	0.24940692670883347	0.03214986408905919	68.03473261111829
5.250790758437568	0.007	0.005	0.2772133238001429	1.1603627173581462e-7	0.2511421649441866	0.03214995682529818	67.78342440183809
5.3009115240333395	0.007	0.005	0.27763523453280997	1.1498006415148944e-7	0.25284992068002277	0.03215004199753125	67.53229604161305
5.351180456108751	0.007	0.005	0.2780364383142334	1.139540429085787e-7	0.25452989299016937	0.03215011976085631	67.2813598202281
5.40159627140012	0.007	0.005	0.2784171014045885	1.1295685264549742e-7	0.2561818016742317	0.03215019026414809	67.03062689048123
5.452157857611845	0.007	0.005	0.27877739390574463	1.1198720914195452e-7	0.2578053855731189	0.03215025365024006	66.78010744015063
5.502864316018646	0.007	0.005	0.27911748957227217	1.1104389441274988e-7	0.25940040328606356	0.0321503100561979	66.52981049802848
5.553714886399684	0.007	0.005	0.27943756481761334	1.1012575439621577e-7	0.2609666301259231	0.032150359613439004	66.27974432222481
5.604709033413968	0.007	0.005	0.27973779884038785	1.0923169371450732e-7	0.2625038601765515	0.03215040244802703	66.02991599066065
5.655846347349585	0.007	0.005	0.2800183725759558	1.0836067410081784e-7	0.264011902591764	0.0321504386807667	65.78033190537839
5.707126630747964	0.007	0.005	0.2802794688123081	1.0751170969122814e-7	0.2654905835793188	0.03215046842746189	65.53099738375616
5.7585498086174525	0.007	0.005	0.2805212713211575	1.0668386554237472e-7	0.26693974312809454	0.03215049179902745	65.28191711214137
5.8101160051701175	0.007	0.005	0.2807439649007124	1.0587625351691887e-7	0.26835923661570493	0.03215050890170364	65.03309478750896
5.861825460202131	0.007	0.005	0.2809477346546893	1.0508803095954048e-7	0.2697489318575281	0.0321505198371799	64.78453353690216
5.913678595812088	0.007	0.005	0.2811327659827874	1.043183971193039e-7	0.2711087103770506	0.032150524702774755	64.53623560908092
5.965675949361437	0.007	0.005	0.28129924403132534	1.0356659177711234e-7	0.2724384650396906	0.03215052359156996	64.28820271030222
6.017818226691121	0.007	0.005	0.2814473536234543	1.0283189225185283e-7	0.273738100908702	0.03215051659255923	64.04043576234075
6.070106244957135	0.007	0.005	0.281577278831172	1.021136120592852e-7	0.2750075332528793	0.03215050379078562	63.79293518779572
6.122540968685851	0.007	0.005	0.28168920286297267	1.0141109844682296e-7	0.27624668795274576	0.032150485267470684	63.54570075037974
6.175123473004245	0.007	0.005	0.2817833077681669	1.0072373098748326e-7	0.27745550012054576	0.03215046110014954	63.298731740509325
6.2278549693924	0.007	0.005	0.2818597743070576	1.0005091949072296e-7	0.27863391424404005	0.03215043136278334	63.05202686487925
6.280736775615579	0.007	0.005	0.281918781724951	9.93921026985528e-8	0.27978188304244794	0.0321503961258884	62.80558439845168
6.333770331024138	0.007	0.005	0.2819605076233888	9.874674652855433e-8	0.28089936738477467	0.03215035545663984	62.55940212293042
6.386957180291862	0.007	0.005	0.28198512779974544	9.811434280415999e-8	0.28198633552051633	0.03215030941898816	62.31347741252244
6.440298974644172	0.007	0.005	0.28199281612586785	9.74944078042044e-8	0.2830427627193334	0.03215025807376143	62.06780723749643
6.493797473116976	0.007	0.005	0.2819837444314012	9.688648097971455e-8	0.2840686309129966	0.03215020147876065	61.822388167704844
6.547454611566328	0.007	0.005	0.28195808234898706	9.629012293078688e-8	0.2850639295749419	0.032150139688767496	61.57721606725794
6.601272354666867	0.007	0.005	0.2819159972437236	9.570491593636774e-8	0.28602865252661924	0.0321500727557886	61.33228678235041
6.655252757248855	0.007	0.005	0.2818576541604407	9.513046211822732e-8	0.28696279886209497	0.03215000072908754	61.08759586592063
6.70939796543394	0.007	0.005	0.28178321575583865	9.456638239320135e-8	0.2878663726639717	0.03214992365526602	60.84313858022114
6.763710206979131	0.007	0.005	0.28169284225321845	9.401231559563541e-8	0.2887393825520429	0.03214984157835649	60.59890994792057
6.818191803201053	0.007	0.005	0.2815866913734802	9.346791743444361e-8	0.2895818416017048	0.0321497545398798	60.35490470568081
6.872845152055821	0.007	0.005	0.2814649183187077	9.293285979034815e-8	0.2903937668062455	0.03214966257894216	60.11111738741087
6.92767274010522	0.007	0.005	0.2813276757121228	9.240682978176234e-8	0.29117517901104756	0.03214956573228441	59.86754227759998
6.982677129108805	0.007	0.005	0.2811751135961548	9.188952914606429e-8	0.29192610247300227	0.032149464034369406	59.624173477969116
7.037860971744602	0.007	0.005	0.2810073793636874	9.138067334006358e-8	0.29264656484719304	0.0321493575174149	59.381004844562625
7.093226990816184	0.007	0.005	0.28082461779339307	9.087999106507984e-8	0.2933365966806733	0.03214924621149031	59.13803008643591
7.148777991348282	0.007	0.005	0.28062697099993306	9.038722353163829e-8	0.2939962313684873	0.032149130144550175	58.895242718638755
7.2045168580847925	0.007	0.005	0.2804145784261953	8.990212385813178e-8	0.2946255049138281	0.032149009342490965	58.65263607989744
7.260446552958728	0.007	0.005	0.28018757684282736	8.94244565330481e-8	0.29522445570436484	0.032148883829206325	58.41020335013611
7.316570105072672	0.007	0.005	0.27994610038778756	8.895399697452009e-8	0.29579312423123394	0.03214875362665841	58.167937599976774
7.372890630459632	0.007	0.005	0.279690280484364	8.849053084214285e-8	0.29633155312613435	0.032148618754878684	57.925831711400676
7.429411318400016	0.007	0.005	0.2794202458974502	8.80338537097825e-8	0.2968397868469991	0.03214847923204133	57.683878443393596
7.48613542881689	0.007	0.005	0.27913612275530725	8.758377060968628e-8	0.2973178715083229	0.03214833507451188	57.442070448984545
7.543066304771479	0.007	0.005	0.2788380344965807	8.714009553631647e-8	0.297765854842249	0.03214818629685483	57.20040022803252
7.600207370009084	0.007	0.005	0.27852610188625654	8.670265105648254e-8	0.29818378602025586	0.03214803291187453	56.958860144407936
7.657562111222447	0.007	0.005	0.2782004431261808	8.627126811276278e-8	0.2985717153918381	0.03214787493069801	56.717442507094766
7.715134098261892	0.007	0.005	0.2778611737633342	8.584578548453664e-8	0.29892969451467033	0.032147712362754974	56.47613949067631
7.772926985533144	0.007	0.005	0.2775084066911361	8.542604947010679e-8	0.2992577760244313	0.032147545215802764	56.23494313632881
7.830944494149546	0.007	0.005	0.27714225227517775	8.501191371135927e-8	0.2995560134144924	0.032147373496006965	55.99384543276555
7.88919043634205	0.007	0.005	0.2767628182237497	8.460323874070848e-8	0.29982446106415733	0.0321471972078985	55.752838220790146
7.947668693707928	0.007	0.005	0.276370209745518	8.419989184662635e-8	0.30006317402069393	0.03214701635446394	55.51191329023037
8.006383237976785	0.007	0.005	0.275964529437609	8.3801746714376e-8	0.3002722079982647	0.03214683093710756	55.271062300510955
8.06533811300829	0.007	0.005	0.2755458774306506	8.340868327606473e-8	0.30045161921183455	0.03214664095573036	55.03027686144111
8.12453745185807	0.007	0.005	0.2751143512978509	8.302058739743348e-8	0.300601464354631	0.032146446408698647	54.78954846978596
8.183985466536512	0.007	0.005	0.27467004615365526	8.263735074491319e-8	0.3007218004828278	0.03214624729289747	54.54886855797535
8.243686461383197	0.007	0.005	0.27421305458313155	8.225887050363966e-8	0.3008126849695487	0.03214604360370578	54.30822844673906
8.303644818823809	0.007	0.005	0.2737434667779553	8.188504929758003e-8	0.3008741754054459	0.03214583533506259	54.06761940975492
8.363865020875163	0.007	0.005	0.27326137040048154	8.1515794867117e-8	0.3009063295602242	0.032145622479410316	53.82703259427588
8.424351622853086	0.007	0.005	0.2727668508226755	8.115102013185037e-8	0.300909205298619	0.03214540502780281	53.586459133736945
8.485109287125592	0.007	0.005	0.27225999088810765	8.079064279205564e-8	0.3008828605408224	0.0321451829698012	53.345890020340185
8.5461429719392	0.007	0.005	0.27174086931132296	8.043458414406402e-8	0.3008273529567056	0.032144956292776625	53.10531537138371
8.60745742707431	0.007	0.005	0.2712095649620812	8.00827719269717e-8	0.3007427402578502	0.03214472498378185	52.86472642951631
8.669057698272239	0.007	0.005	0.2706661526539583	7.973513724236879e-8	0.3006290798205619	0.032144489027705704	52.624113577757846
8.730948754043387	0.007	0.005	0.2701107064040582	7.939161660341043e-8	0.300486429132399	0.03214424840868885	52.38346781301721
8.793135807035034	0.007	0.005	0.2695432966482497	7.905215004535977e-8	0.3003148452024952	0.03214400310890817	52.14277949767553
8.855624036062267	0.007	0.005	0.2689639927702497	7.871668256322728e-8	0.3001143851621266	0.03214375310966625	51.902039449194945
8.91841883206302	0.007	0.005	0.2683728609074018	7.838516273041328e-8	0.2998851055931895	0.032143498390434504	51.66123799555636
8.981525588160354	0.007	0.005	0.26776996593492086	7.805754374113819e-8	0.29962706317559185	0.032143238929701105	51.42036579305761
9.044949893927523	0.007	0.005	0.26715536968414916	7.773378233722474e-8	0.2993403139800757	0.03214297470419335	51.179413089663456
9.10869734847276	0.007	0.005	0.2665291327741596	7.74138397647625e-8	0.2990249142342517	0.032142705689655306	50.93837044708923
9.172773739790259	0.007	0.005	0.26589131292536206	7.709768076538773e-8	0.2986809195320799	0.032142431860111106	50.69722806775146
9.237184881474356	0.007	0.005	0.26524196661131333	7.67852744206141e-8	0.2983083856528221	0.03214215318856222	50.45597642123298
9.301936772742028	0.007	0.005	0.2645811475177455	7.647659332147159e-8	0.29790736772709286	0.032141869646312556	50.21460565097027
9.367035450674134	0.007	0.005	0.2639089080819238	7.617161426614075e-8	0.29747792111217447	0.03214158120361518	49.973106137155334
9.432487113004683	0.007	0.005	0.26322529829985236	7.587031768998039e-8	0.2970201006880798	0.0321412878291457	49.73146804738931
9.498298016397948	0.007	0.005	0.2625303668323026	7.557268811921627e-8	0.2965339615719985	0.03214098949046145	49.48968172337013
9.56447455698248	0.007	0.005	0.2618241602279637	7.527871384506749e-8	0.29601955862911505	0.03214068615365215	49.24773739195711
9.631023215750513	0.007	0.005	0.2611067235586126	7.498838713263489e-8	0.2954769469330797	0.03214037778359598	49.00562537532959
9.69795057817162	0.007	0.005	0.2603781002802824	7.4701704203543e-8	0.2949061817134487	0.032140064343883126	48.76333602728156
9.765263336423512	0.007	0.005	0.2596383322754028	7.441866524423271e-8	0.29430731842484736	0.032139745796816506	48.520859734098536
9.832968273635073	0.007	0.005	0.25888746009583746	7.4139274500019e-8	0.2936804129896618	0.03213942210349872	48.27818697999814
9.901072265794319	0.007	0.005	0.2581255230184261	7.386354030866526e-8	0.2930255219098718	0.032139093223838365	48.035308348041816
9.969582269999925	0.007	0.005	0.25735255925533124	7.359147519520221e-8	0.29234270252050704	0.0321387591166232	47.79221456959435
10.03850533529411	0.007	0.005	0.25656860591411357	7.332309591112194e-8	0.2916320130376869	0.032138419739485335	47.54889649300436
10.107848576838427	0.007	0.005	0.2557736993745774	7.305842353191409e-8	0.2908935129873344	0.03213807504904702	47.30534518187886
10.177619181806284	0.007	0.005	0.25496787531221127	7.279748357114019e-8	0.2901272633382271	0.03213772500091427	47.06155190002557
10.247824382677745	0.007	0.005	0.2541511690992338	7.254030610090703e-8	0.2893333270017822	0.03213736954983518	46.817508210050214
10.318471472028104	0.007	0.005	0.2533236157308752	7.228692576547824e-8	0.2885117688982432	0.032137008649653125	46.57320592593708
10.389567765627346	0.007	0.005	0.25248525035540503	7.203738206295065e-8	0.2876626566225754	0.03213664225352392	46.32863724456365
10.46112058815451	0.007	0.005	0.2516361085509953	7.179171936764283e-8	0.28678606090052133	0.032136270314025404	46.08379479600852
10.533137277602428	0.007	0.005	0.2507762263830384	7.154998710190765e-8	0.2858820558323541	0.032135892783172804	45.83867162883007
10.605625136628523	0.007	0.005	0.24990564109620775	7.131223991781042e-8	0.2849507198161606	0.03213550961271484	45.593261374926584
10.67859144548004	0.007	0.005	0.249024391077897	7.107853777437136e-8	0.2839921357350016	0.03213512075411346	45.347558202265816
10.7520433822629	0.007	0.005	0.24813251694054742	7.084894626689518e-8	0.2830063923718942	0.03213472615902019	45.10155707844951
10.825988073585856	0.007	0.005	0.24723006103441109	7.062353658620194e-8	0.28199358414625636	0.03213432577906428	44.85525359241548
10.900432463229928	0.007	0.005	0.2463170691728719	7.040238595085512e-8	0.2809538133211487	0.03213391956662485	44.608644382766236
10.975383376191209	0.007	0.005	0.24539358998445102	7.01855775746708e-8	0.2798871896009304	0.03213350747455764	44.36172690976401
11.05084738865236	0.007	0.005	0.2444596766415117	6.99732010466636e-8	0.27879383244515527	0.03213308945698447	44.11449986826233
11.126830870776654	0.007	0.005	0.24351538646930948	6.97653523333394e-8	0.27767387099064467	0.03213266546914634	43.86696302479832
11.203339852422982	0.007	0.005	0.24256078274428666	6.956213417906907e-8	0.27652744655655637	0.032132235468244216	43.61911763126058
11.280380038325454	0.007	0.005	0.24159593464371024	6.936365616033359e-8	0.27535471302017545	0.03213179941346215	43.370966343548616
11.357956710050184	0.007	0.005	0.24062091860166315	6.917003492373302e-8	0.27415583889496875	0.03213135726663297	43.12251350330031
11.436074666284291	0.007	0.005	0.2396358191904774	6.898139439085138e-8	0.27293100889538374	0.03213090899270476	42.87376528689698
11.514738171674193	0.007	0.005	0.2386407298897775	6.879786589942542e-8	0.27168042539328	0.032130454560169504	42.62472982066697
11.593950867103116	0.007	0.005	0.23763575433667947	6.861958834027388e-8	0.27040431050852864	0.03212999394172598	42.37541741121186
11.673715698390794	0.007	0.005	0.23662100733802394	6.844670834983554e-8	0.2691029079453325	0.03212952711485181	42.1258407080861
11.754034816107556	0.007	0.005	0.23559661624050224	6.82793803808844e-8	0.26777648532191517	0.03212905406255858	41.87601494790507
11.834909531730709	0.007	0.005	0.2345627215705674	6.811776672543206e-8	0.26642533558952647	0.03212857477382991	41.625958013402816
11.916340153454902	0.007	0.005	0.23351947919509522	6.796203769599607e-8	0.26504978045506605	0.032128089244783865	41.37569085613969
11.998325981162342	0.007	0.005	0.23246706043023732	6.781237143740547e-8	0.26365017115298306	0.03212759747890762	41.125237416000985
12.080865120591787	0.007	0.005	0.2314056544421418	6.766895403800993e-8	0.2622268922455416	0.032127099488380474	40.87462508723823
12.16395449739881	0.007	0.005	0.23033546805770383	6.75319792315294e-8	0.26078036199789817	0.03212659529421201	40.62388456231745
12.24758965564417	0.007	0.005	0.22925672831542848	6.740164838298931e-8	0.25931103641522013	0.032126084927688016	40.37305032179312
12.331764770175305	0.007	0.005	0.22816968223122444	6.727817008388003e-8	0.25781940952692817	0.03212556843053203	40.122160466196384
12.41647248067167	0.007	0.005	0.22707459882485245	6.716175998790952e-8	0.2563060167126497	0.03212504585615688	39.871257075996716
12.501703921476834	0.007	0.005	0.22597176857914553	6.70526402192561e-8	0.2547714344807636	0.03212451726972012	39.62038597884642
12.587448554849892	0.007	0.005	0.22486150539658462	6.695103904718458e-8	0.253216283642529	0.03212398274938957	39.369597093696925
12.673694254820418	0.007	0.005	0.22374414526977254	6.685719020037471e-8	0.2516412278624317	0.0321234423860531	39.11894403091467
12.760427176924619	0.007	0.005	0.22262004767704113	6.677133233499627e-8	0.25004697593010117	0.03212289628434957	38.86848431884667
12.847631836591642	0.007	0.005	0.2214895942308755	6.669370821830285e-8	0.24843428009075788	0.032122344562385274	38.61827902015641
12.935291087975596	0.007	0.005	0.22035318857144218	6.662456408315743e-8	0.24680393601846073	0.03212178735205446	38.3683926409746
13.023386211285851	0.007	0.005	0.21921125481274154	6.656414871281316e-8	0.24515678061435592	0.032121224798652814	38.118892732864666
13.111896958640045	0.007	0.005	0.21806423648944293	6.651271268059273e-8	0.2434936903892336	0.03212065706072575	37.86984962247205
13.200801687243501	0.007	0.005	0.21691259434075105	6.647050746173391e-8	0.2418155780357333	0.032120084309328605	37.621335904833806
13.29007745718813	0.007	0.005	0.21575680452894427	6.6437784579217e-8	0.240123389486798	0.032119506727477924	37.373426051389856
13.37970022963716	0.007	0.005	0.21459735554235565	6.641479485327315e-8	0.23841809891447574	0.032118924508917894	37.126195754976926
13.469644993679063	0.007	0.005	0.21343474601616913	6.640178758489127e-8	0.23670070492876655	0.03211833785730717	36.87972149371734
13.559885999579029	0.007	0.005	0.21226948118044395	6.639900992405805e-8	0.23497222462909492	0.032117746984675115	36.63407982248078
13.650396943326928	0.007	0.005	0.2111020699532045	6.640670621512861e-8	0.23323368847702605	0.03211715211015222	36.38934682336567
13.741151197158844	0.007	0.005	0.2099330214643939	6.64251175671772e-8	0.23148613421691214	0.032116553458360446	36.145597455380035
13.832122049601141	0.007	0.005	0.20876284149344157	6.645448149256483e-8	0.2297306005653425	0.03211595125770047	35.90290490579314
13.923282875491276	0.007	0.005	0.20759202985171724	6.649503163596681e-8	0.22796812224015137	0.03211534573906704	35.661340154057754
14.014607416081324	0.007	0.005	0.20642107640042867	6.654699771399493e-8	0.2261997228857482	0.03211473713380467	35.420971266674535
14.10606990246825	0.007	0.005	0.20525045913891027	6.661060553922203e-8	0.224426411075948	0.03211412567267641	35.181863131272195
14.197645323931546	0.007	0.005	0.20408064049549807	6.668607721027489e-8	0.2226491735911666	0.0321135115838469	34.94407682949052
14.289309537603334	0.007	0.005	0.20291206571693976	6.677363137301323e-8	0.22086897187037957	0.03211289509190693	34.70766944632064
14.381039436942292	0.007	0.005	0.20174516056846323	6.687348364000516e-8	0.21908673744697116	0.03211227641649576	34.47269374065167
14.472813069400884	0.007	0.005	0.2005803297475538	6.698584712642049e-8	0.21730336850738569	0.03211165577125808	34.23919796165466
14.56460973325855	0.007	0.005	0.199417955624037	6.71109329416701e-8	0.21551972700265248	0.03211103336294118	34.007225728842364
14.65641005952471	0.007	0.005	0.1982583972281034	6.724895096041585e-8	0.21373663620382402	0.03211040939059647	33.77681595808987
14.748196048460906	0.007	0.005	0.1971019898658203	6.740011041664617e-8	0.21195487929440532	0.032109784045096526	33.54800290709018
14.839951121586436	0.007	0.005	0.19594904458683596	6.756462073350461e-8	0.2101751978151027	0.032109157508557695	33.3208161843455
14.931660092101298	0.007	0.005	0.19479984872072043	6.77426921588168e-8	0.20839829183896275	0.03210852995433234	33.09528096116721
15.023309217981792	0.007	0.005	0.19365466541022117	6.793453670257417e-8	0.20662481868225055	0.03210790154645189	32.87141797710283
15.114886089111033	0.007	0.005	0.19251373525254753	6.81403686985766e-8	0.2048553949586253	0.03210727244022266	32.64924394945751
15.206379700689595	0.007	0.005	0.1913772756343438	6.836040578577026e-8	0.20309059514436542	0.03210664278156277	32.4287715217758
15.297780276683284	0.007	0.005	0.19024548319965967	6.859486939849148e-8	0.20133095507796908	0.03210601270807359	32.21000981323331
15.389079340439464	0.007	0.005	0.18911853325396003	6.884398570358793e-8	0.19957697077818662	0.03210538234843007	31.9929643627207
15.480269542397966	0.007	0.005	0.18799658218851964	6.910798607907313e-8	0.19782910202115206	0.03210475182346135	31.777637648954634
15.571344674613314	0.007	0.005	0.18687976759367234	6.938710795479185e-8	0.1960877723857844	0.03210412124596068	31.56402915503699
15.662299539989784	0.007	0.005	0.18576821016275505	6.96815952555956e-8	0.1943533721414669	0.032103490721514846	31.35213576950769
15.753129923871569	0.007	0.005	0.18466201433130347	6.999169911484586e-8	0.19262625921462845	0.03210286034864115	31.1419519368949
15.843832469347598	0.007	0.005	0.18356127008547476	7.031767830455977e-8	0.19090676202221235	0.032102230219605773	30.933470024230196
15.934404678849505	0.007	0.005	0.18246605322190854	7.065979994193953e-8	0.18919517992466642	0.032101600420378684	30.726680386817417
16.0	0.007	0.005	0.18167535654303318	7.091874403658383e-8	0.18795914619356466	0.032101143978129625	30.577780431490474
