0.0	0.007	0.005	0.0	0.0	0.0	0.0	100.0
0.006936666075107801	0.007	0.005	0.01454441988461971	7.914094290883549e-5	1.2441190786460477e-5	4.027343275161334e-5	99.93592682249448
0.013174784278984997	0.007	0.005	0.026984420516189787	0.00014083111118882167	4.416499357572929e-5	0.00013904135121780932	99.87834111165547
0.021620208323639034	0.007	0.005	0.042911746525586617	0.0002120607646774814	0.00011640191334936783	0.00035335901301642044	99.80043204776217
0.030517784251418816	0.007	0.005	0.05861902593069401	0.0002740349096725399	0.00022677706487081196	0.0006634770023430929	99.71841762007332
0.04087695134866737	0.007	0.005	0.07561255526202741	0.0003318459692276106	0.0003964924841904513	0.0011129054736072775	99.62301571874579
0.05210060380760059	0.007	0.005	0.09256825204805344	0.00037932046006886635	0.0006265738381021593	0.0016835193315085247	99.5197554227301
0.06459245803911269	0.007	0.005	0.10980470211752098	0.0004152956037628357	0.0009343231308766777	0.0023922794045194576	99.4049532154234
0.07826707730067672	0.007	0.005	0.1268745026703229	0.00043533014094374284	0.0013277689392333883	0.0032218250485646868	99.27943302982965
0.09322375823048917	0.007	0.005	0.14360246031425905	0.0004354354997168483	0.0018188203200012955	0.004149326476174795	99.14232619539922
0.10911558827040128	0.007	0.005	0.15938717501112326	0.00041419215461294476	0.0024023353674337577	0.005108753359034453	98.99685438474354
0.1256752140503065	0.007	0.005	0.17389866743011712	0.00037552596266508706	0.003070020038292922	0.00603507535904556	98.84549674522151
0.14261169979995372	0.007	0.005	0.186933811490023	0.00032703692207826406	0.003808038385599772	0.006874698376797535	98.69093391460254
0.1603326384357166	0.007	0.005	0.19885224117722203	0.0002745275972827972	0.004632195213884877	0.007623762190618562	98.52947087697251
0.17914296225274948	0.007	0.005	0.20981943528792565	0.00022266893901000406	0.005557239259052189	0.00827780153866915	98.35837099522972
0.19907844321034102	0.007	0.005	0.2197991936119459	0.00017533674283583286	0.006585905558350486	0.00882966096113901	98.17736091387943
0.2195383597396214	0.007	0.005	0.22852519548707925	0.00013576929365149843	0.0076853925505233345	0.009269764222906478	97.99193543440693
0.24047539514681	0.007	0.005	0.23609096105377056	0.00010400752529923435	0.008849033770065845	0.009614557013463478	97.80254843971669
0.26197099373749705	0.007	0.005	0.24263258232991256	7.910904859457233e-5	0.010077453378184036	0.009882765853468443	97.60848972935615
0.2841320228431086	0.007	0.005	0.2482705524533511	5.990833510694066e-5	0.01137338721798683	0.010090661728647074	97.4088267273695
0.3070613473159834	0.007	0.005	0.25310347053141974	4.528719932731611e-5	0.012739891657260489	0.010251469965777233	97.20267155196747
0.330858644053256	0.007	0.005	0.2572138077565248	3.426141504413145e-5	0.014180207478236324	0.010375746867521678	96.98917390731226
0.3556152562197317	0.007	0.005	0.26067146555539167	2.600849223089235e-5	0.015697302630785767	0.010471787418334424	96.76756740784047
0.3814156228220633	0.007	0.005	0.2635377922781633	1.986197178310282e-5	0.017293839795579115	0.010546057388011098	96.5371566316027
0.4083357851553226	0.007	0.005	0.26586806551894704	1.5295352862520587e-5	0.018972001648049307	0.010603549643835562	96.29733033263574
0.436447869785617	0.007	0.005	0.26771365388369694	1.1900730327729012e-5	0.02073371656533341	0.01064809552538328	96.04752136648581
0.4658231826329715	0.007	0.005	0.26912295431762484	9.368083593682683e-6	0.0225808259571199	0.010682611226697555	95.78717947775797
0.4965371812540777	0.007	0.005	0.2701417436300618	7.465761442956865e-6	0.024515383814788405	0.010709300840674167	95.51572795164732
0.5286733094802268	0.007	0.005	0.27081300380937373	6.023319961760548e-6	0.026539889150704318	0.01072981898710167	95.23253107225062
0.5623266651346197	0.007	0.005	0.27117657117512317	4.916893153707973e-6	0.028657503031226772	0.01074540148860887	94.93686377052002
0.5976068746964055	0.007	0.005	0.2712687623824082	4.0572564930154115e-6	0.030872205260620175	0.010756968103517147	94.62788900698698
0.6346409296514972	0.007	0.005	0.27112208845188374	3.3804299729958437e-6	0.03318893511024745	0.010765201938330166	94.30463626277607
0.6735766410951513	0.007	0.005	0.2707650723035883	2.840534087645955e-6	0.03561375491376186	0.010770609415137935	93.96597554205427
0.7145849074783619	0.007	0.005	0.27022218130418907	2.4045433521752026e-6	0.038153921912512934	0.010773564314741557	93.61060277169723
0.7578641138726125	0.007	0.005	0.2695138370859097	2.0484854845734254e-6	0.04081807326351967	0.010774339986475418	93.23700789953612
0.8036451156712533	0.007	0.005	0.26865647168804363	1.7547642847252188e-6	0.04361642227406187	0.01077313207635709	92.84343966885253
0.8521974570088927	0.007	0.005	0.26766260749116755	1.510292584838161e-6	0.046560999797083544	0.01077007426309191	92.42786195450097
0.9038372369225556	0.007	0.005	0.2665409368753283	1.3051986702133806e-6	0.049665956662753884	0.010765248769202488	91.98789886659713
0.9589370561423595	0.007	0.005	0.2652963806423552	1.1319310687771546e-6	0.0529479401882418	0.010758692907864884	91.52076596243342
1.0179385999184	0.007	0.005	0.2639301056962609	9.846363029361821e-7	0.056426559873810365	0.010750402517300361	91.02318427103897
1.0813684309703726	0.007	0.005	0.2624394858896041	8.587226486149571e-7	0.060124951390438094	0.01074033282905876	90.49127423569131
1.1498572829036116	0.007	0.005	0.26081800067106553	7.505510698381376e-7	0.06407042260834177	0.010728397159209388	89.92042977181039
1.224162058033098	0.007	0.005	0.25905509596776	6.572143336735852e-7	0.06829509417956621	0.010714463912921286	89.3051824399597
1.3051882705496851	0.007	0.005	0.2571360692919294	5.763776129784241e-7	0.07283636050938791	0.010698352708057421	88.63907828365276
1.3939915617238448	0.007	0.005	0.25504249039659865	5.061737031746726e-7	0.07773595561112091	0.010679834583517308	87.91474506971394
1.4917175071804873	0.007	0.005	0.25275409277112953	4.451399561288683e-7	0.08303552416410838	0.010658646720876	87.1244724393278
1.5993825635416272	0.007	0.005	0.25025428752678025	3.921922025023632e-7	0.08876401660756221	0.010634546257886112	86.26204777323844
1.7174237003958455	0.007	0.005	0.24754065458291513	3.4658751902312864e-7	0.09491454529913249	0.0106074245567747	85.32631560788414
1.8454051171916512	0.007	0.005	0.24463109441282893	3.077386298093132e-7	0.10143261236544196	0.010577392868349711	84.32325019997046
1.9824150893559842	0.007	0.005	0.24155387980701587	2.749567603810138e-7	0.10824110412726029	0.010544699933426199	83.26248788449472
2.1274560810840932	0.007	0.005	0.23833834016567554	2.474434789645916e-7	0.11526256170849437	0.010509635118653838	82.15408428925569
2.279335058279491	0.007	0.005	0.23501702898115656	2.2442272318788795e-7	0.12241527800263327	0.010472546863863416	81.00923657700505
2.436569229547993	0.007	0.005	0.2316273462796587	2.0519655277536572e-7	0.12961082277039437	0.010433860597617316	79.84082680168628
2.597441771299925	0.007	0.005	0.22820981613698663	1.891470473382301e-7	0.13675870398996687	0.010394061221830111	78.66281990250664
2.7602698510310515	0.007	0.005	0.22480208531608914	1.7571733130050436e-7	0.14377932370415972	0.010353622986453622	77.48819133602797
2.9236973878870325	0.007	0.005	0.22143297451572333	1.6440522819607786e-7	0.1506155533115513	0.010312933161856977	76.32687507198578
3.0869110579535093	0.007	0.005	0.21811866666069826	1.5477347248011804e-7	0.1572388650074824	0.010272235942136401	75.18444916794886
3.2496307806120592	0.007	0.005	0.21486377196703826	1.4646690836769827e-7	0.16364523853433244	0.010231634339236882	74.06250270784103
3.411942864857635	0.007	0.005	0.21166542096990842	1.3921566808289886e-7	0.1698455041704402	0.010191132876671841	72.96004659066948
3.574084881130807	0.007	0.005	0.2085179555968893	1.3282103540060073e-7	0.17585534936445205	0.010150692972035183	71.87513050321418
3.7362777632246167	0.007	0.005	0.20541632759820655	1.27134893883258e-7	0.18168859290677308	0.010110276369997994	70.8060143373098
3.898645711786199	0.007	0.005	0.20235756184060996	1.220426889188788e-7	0.18735460541062793	0.010069866162018073	69.75167257865509
4.06121178658006	0.007	0.005	0.1993406935671112	1.1745247070358291e-7	0.19285873068642634	0.010029468474589773	68.71177268010562
4.223934267700844	0.007	0.005	0.1963659647381324	1.1328861969624075e-7	0.19820400533555024	0.009989103745164846	67.68639804422506
4.386750650653818	0.007	0.005	0.19343394899054966	1.0948839311956229e-7	0.20339286200733026	0.009948796020207344	66.67574640086261
4.549608810820048	0.007	0.005	0.19054497676433776	1.0599988002772274e-7	0.20842816690147703	0.00990856544965178	65.6799316510768
4.712479466064724	0.007	0.005	0.1876989351755657	1.027804324292274e-7	0.2133135265936097	0.0098684254365337	64.6989148843221
4.875354138300057	0.007	0.005	0.18489533436081995	9.979512700106134e-8	0.21805311823739035	0.009828383363703211	63.732527247049696
5.038236279632811	0.007	0.005	0.182133484366064	9.701521253312812e-8	0.22265134981350293	0.009788442966900866	62.780530915441126
5.20113239597847	0.007	0.005	0.1794126574759528	9.441670761871236e-8	0.2271125727978253	0.009748606654737117	61.84267504953742
5.3640466212242295	0.007	0.005	0.17673218032969795	9.197929208749198e-8	0.2314409324777973	0.009708876933441813	60.91872754513262
5.526979086884711	0.007	0.005	0.17409145687802316	8.968552152259638e-8	0.2356403410213585	0.009669256869837365	60.00848294692462
5.68992693490545	0.007	0.005	0.17148994724498848	8.752031174632082e-8	0.2397145220422164	0.009629749892625446	59.111755162288965
5.8528862379457856	0.007	0.005	0.1689271340848809	8.547059398886313e-8	0.24366707085985118	0.009590359367446191	58.22836586466127
6.015853445700001	0.007	0.005	0.16640249907407734	8.352504533412788e-8	0.24750149445994485	0.009551088285801682	57.35813639039613
6.178826173125975	0.007	0.005	0.16391551141892824	8.16738586889038e-8	0.25122123024159004	0.009511939111720474	56.50088377749056
6.341803157523801	0.007	0.005	0.16146562981280907	7.990852023153839e-8	0.2548296435284178	0.00947291382561684	55.65642144016979
6.504783837713249	0.007	0.005	0.1590523098286929	7.822160317357794e-8	0.2583300175554924	0.009434014053799039	54.82456171707169
6.667768008687189	0.007	0.005	0.15667500960789651	7.660659497954219e-8	0.26172554687093313	0.009395241174490266	54.00511783212943
6.830755379070017	0.007	0.005	0.15433319645255558	7.505774158052803e-8	0.2650193302032278	0.00935659644224264	53.197906166966426
6.993745571112635	0.007	0.005	0.15202634661983122	7.356993864875531e-8	0.2682143734762603	0.00931808100318776	52.402746189959934
7.1567381206893455	0.007	0.005	0.14975394512179524	7.213864039314224e-8	0.2713135927212391	0.009279695908138354	51.619460387262585
7.31973252047636	0.007	0.005	0.14751548494228783	7.075978568062973e-8	0.27431981767372915	0.009241442113759307	50.84787399285692
7.48272832790344	0.007	0.005	0.1453104654422748	6.942974087140655e-8	0.2772357962750285	0.00920332046729137	50.087814438889964
7.645725186749438	0.007	0.005	0.1431383920405892	6.81452470732376e-8	0.2800641972734524	0.009165331710636023	49.33911124562622
7.808722805556799	0.007	0.005	0.14099877648118	6.690337249879527e-8	0.2828076119899791	0.009127476493483853	48.60159611356688
7.971720979224205	0.007	0.005	0.1388911365184737	6.570147461607267e-8	0.28546855679509	0.009089755375424679	47.875102814996055
8.134719513443487	0.007	0.005	0.1368149968543016	6.453716075553685e-8	0.2880494739561742	0.009052168849758842	47.159467516934335
8.297718246290392	0.007	0.005	0.13476988877700838	6.340826036945422e-8	0.2905527341208177	0.009014717343941709	46.45452865674175
8.460717048225195	0.007	0.005	0.13275535009049025	6.231279978399473e-8	0.2929806383629466	0.008977401224483048	45.760126917657324
8.623715757323188	0.007	0.005	0.13077092582592842	6.124897517626321e-8	0.2953354192521077	0.008940220816097948	45.07610547413024
8.786714244044939	0.007	0.005	0.12881616734159887	6.021513844760954e-8	0.2976192438227251	0.008903176390668186	44.40230968152892
8.949712389646566	0.007	0.005	0.12689063250710753	5.920977894786404e-8	0.29983421516091585	0.008866268175679863	43.73858713964545
9.112710075385019	0.007	0.005	0.12499388574034928	5.823150803982781e-8	0.3019823741327568	0.008829496359779443	43.08478770543545
9.275707204108011	0.007	0.005	0.12312549766583626	5.727904814811219e-8	0.304065701491951	0.008792861090703753	42.44076337524554
9.438703700253884	0.007	0.005	0.12128504503839531	5.635122166770253e-8	0.30608611962074206	0.008756362477887053	41.806368258512165
9.601699477467156	0.007	0.005	0.11947211102490372	5.544693836357074e-8	0.3080454938387352	0.008720000602055765	41.18145867487455
9.76469443859886	0.007	0.005	0.11768628510236566	5.4565186563253596e-8	0.30994563410556303	0.008683775517263268	40.565893119042165
9.927688529679994	0.007	0.005	0.1159271623796205	5.3705030258911945e-8	0.3117882972730269	0.008647687240801633	39.95953202699061
10.090681685947883	0.007	0.005	0.11419434411161906	5.286559757645176e-8	0.31357518801299317	0.008611735767015303	39.36223795323063
10.253673831846521	0.007	0.005	0.11248743760139866	5.204607461460259e-8	0.31530796037603115	0.008575921068848066	38.77387553701899
10.416664913410141	0.007	0.005	0.11080605577220927	5.124570302777159e-8	0.3169882196316741	0.008540243092177961	38.19431135487269
10.579654876674052	0.007	0.005	0.10914981731537658	5.046377325978921e-8	0.3186175234719451	0.008504701761959589	37.62341397153626
10.742643667674692	0.007	0.005	0.10751834660468315	4.969962022224174e-8	0.3201973834198288	0.008469296983468017	37.06105391046987
10.905631221655522	0.007	0.005	0.10591127371764789	4.895261835188552e-8	0.32172926609622254	0.008434028645783078	36.507103661184
11.068617495449642	0.007	0.005	0.10432823403236363	4.822218132241664e-8	0.323214594852143	0.008398896615835613	35.96143754027121
11.231602445891177	0.007	0.005	0.10276886836640377	4.7507756871102334e-8	0.32465475083777673	0.008363900744119144	35.423931739286786
11.39458602981532	0.007	0.005	0.10123282289591487	4.6808823988287535e-8	0.32605107425257157	0.008329040865610279	34.89446429686015
11.557568193264569	0.007	0.005	0.09971974917536039	4.612488924803052e-8	0.32740486547006953	0.008294316802924116	34.372915105500624
11.72054888228285	0.007	0.005	0.09822930395359034	4.545548558894146e-8	0.328717386314173	0.00825972836478076	33.859165848197456
11.88352805370916	0.007	0.005	0.09676114900019779	4.4800171406808255e-8	0.32998986128370994	0.008225275344473657	33.35309993856569
12.046505664383705	0.007	0.005	0.09531495113178853	4.415852757306483e-8	0.33122347856716106	0.008190957522885822	32.854602529901236
12.20948169273469	0.007	0.005	0.09389038194961301	4.3530158125808603e-8	0.33241939127444947	0.008156774664622495	32.36356042474387
12.372456074017903	0.007	0.005	0.0924871183329988	4.2914681595582354e-8	0.3335787180035241	0.0081227265322355	31.879862244961068
12.535428786663696	0.007	0.005	0.09110484161161077	4.231173911512535e-8	0.3347025444873968	0.008088812868671079	31.403398146430025
12.698399776723996	0.007	0.005	0.0897432381477175	4.1720984729686076e-8	0.3357919240337065	0.008055033413640814	30.934060019742038
12.861369001045365	0.007	0.005	0.0884019988923325	4.114208903092222e-8	0.3368478787881728	0.008021387895097024	30.47174133720667
13.024336427268567	0.007	0.005	0.0870808193223193	4.057473816444874e-8	0.33787140064911725	0.007987876029762694	30.016337131171937
13.18730201224278	0.007	0.005	0.08577939954930917	4.0018630337265455e-8	0.3388634520262056	0.007954497528051854	29.567744031568015
13.350265723611193	0.007	0.005	0.08449744407694797	3.947347745988284e-8	0.3398249668481633	0.007921252090059354	29.125860182231282
13.513227507433303	0.007	0.005	0.08323466198956855	3.8939000414840966e-8	0.34075685121679705	0.007888139412589082	28.69058530593861
13.676187331355086	0.007	0.005	0.08199076654690252	3.841493351454433e-8	0.3416599844827425	0.007855159180725923	28.26182056470678
13.83914517381583	0.007	0.005	0.08076547521236142	3.7901022606651757e-8	0.3425352199662371	0.007822311070466428	27.83946856954058
14.0021009916716	0.007	0.005	0.07955850983316073	3.739702037636733e-8	0.34338338555597114	0.007789594755607663	27.42343344252086
14.165054752571953	0.007	0.005	0.07836959633089187	3.6902689774721354e-8	0.3442052846381227	0.0077570099015244675	27.013620710146196
14.328006413375947	0.007	0.005	0.0771984647994916	3.641780072855133e-8	0.345001696712086	0.0077245561698249	26.60993733710236
14.490955930944326	0.007	0.005	0.07604484936257323	3.5942130980275154e-8	0.34577337815565623	0.007692233216469625	26.21229167708515
14.653903272930975	0.007	0.005	0.07490848803872907	3.547546706709305e-8	0.34652106295916063	0.007660040689929113	25.820593426370714
14.8168483961998	0.007	0.005	0.07378912283514888	3.501760104374864e-8	0.3472454632885233	0.007627978235743897	25.434753656085544
14.979791300781013	0.007	0.005	0.07268649932134075	3.456833740380275e-8	0.34794727036721235	0.007596045486177629	25.054684665270027
15.1427319327499	0.007	0.005	0.07160036723594974	3.4127479560644426e-8	0.3486271546750785	0.007564242079577862	24.68030019004582
15.305670248974847	0.007	0.005	0.07053047998096253	3.369483816904289e-8	0.34928576685003354	0.007532567647824424	24.311515229270764
15.468606217116756	0.007	0.005	0.06947659457145279	3.3270230889138055e-8	0.34992373827058476	0.007501021816599847	23.948246027216328
15.63153979404743	0.007	0.005	0.06843847172238203	3.2853479072506914e-8	0.35054168154097953	0.007469604209807288	23.590410103487304
15.794470969011616	0.007	0.005	0.06741587552044986	3.244441366826107e-8	0.35114019120923556	0.007438314441454383	23.237926139910453
15.957399731254537	0.007	0.005	0.06640857358456789	3.2042870467666626e-8	0.35171984417417945	0.00740715212216506	22.8907140358488
16.0	0.007	0.005	0.06614769004366824	2.9613183601066733e-8	0.3518683651005961	0.007399028652576725	22.80078874143198
