0.0	0.007	0.005	0.0	0.0	0.0	0.0	100.0
0.006259860253661808	0.007	0.005	0.021458571985253236	6.848139949865666e-5	2.1241361751405323e-5	4.608279428316445e-5	99.95661936726336
0.011196227193007686	0.007	0.005	0.037656642938579954	0.00011370701048262491	6.707411190442506e-5	0.00014024167165382456	99.92242377280874
0.018195850615943632	0.007	0.005	0.059581241407407004	0.00016686935541943622	0.00017394737747397903	0.00034585128820060915	99.87395547739816
0.025274350576779445	0.007	0.005	0.08056734433403295	0.00020989913640106583	0.00032951695270490755	0.0006241252742312641	99.82496491696197
0.03360289584363996	0.007	0.005	0.1038184947581976	0.00024957290619902374	0.0005701685058036869	0.0010229383800917325	99.76735351726495
0.04248642769462645	0.007	0.005	0.12700591704701056	0.00028169691767337377	0.0008911969045873	0.0015139386570285976	99.70593973099069
0.052330516914103446	0.007	0.005	0.15088644594344525	0.00030787116390842766	0.001319105198054521	0.0021169132818762777	99.63792955895534
0.06291775214236163	0.007	0.005	0.17459587746930003	0.00032754225512357223	0.001857608962951841	0.002814829486135532	99.56483696513307
0.07440855580193477	0.007	0.005	0.19819636558604362	0.00034111492362146555	0.002526367250213742	0.0036108789453048896	99.48556695573842
0.08675844171023098	0.007	0.005	0.2212962823772603	0.00034827845825009763	0.0033343175227595638	0.004491815726697293	99.40044087968217
0.10004002720641751	0.007	0.005	0.2437586438261633	0.00034842535586421627	0.004296542380131932	0.0054480251381675395	99.30897401310263
0.11422536991652614	0.007	0.005	0.26529050740148535	0.0003405769872412835	0.0054201638077695825	0.00645662282778694	99.21137615300938
0.12926205701433785	0.007	0.005	0.28562884510904046	0.0003239857313252319	0.006707622944321507	0.0074861459795098236	99.10802560299163
0.14502196482229504	0.007	0.005	0.3044998512737622	0.0002989609499122191	0.008151210371441132	0.008495464913045503	98.99981974590597
0.1614041714782975	0.007	0.005	0.3217662532333354	0.0002672405076179548	0.00974161242683834	0.009446410344709723	98.88746647729123
0.17844076006881	0.007	0.005	0.337483825386345	0.0002314578334264512	0.011480336139523983	0.010314371537549256	98.77076054123113
0.19635154947319242	0.007	0.005	0.3518514802503664	0.00019426453509679867	0.013389105708630143	0.011089943408691327	98.64821457228696
0.21526382816748701	0.007	0.005	0.36493383329707285	0.00015832739930569597	0.01548191674167744	0.011764558298633671	98.5189814245881
0.23452876057839517	0.007	0.005	0.3763508744344922	0.0001268484876908579	0.017683375193260714	0.0123169029518758	98.38751255464031
0.2538235746288953	0.007	0.005	0.38612006199253457	0.00010089479787698806	0.01994792051189752	0.012755584739818427	98.25601561186579
0.2733419113663071	0.007	0.005	0.3945422189359672	7.991189522284194e-5	0.022289938078115017	0.01310497167727248	98.1231741429284
0.29317279647007866	0.007	0.005	0.40180609257085514	6.322809281280781e-5	0.024713732809837297	0.013383208902101427	97.9883894115127
0.3134720568485239	0.007	0.005	0.40808387225309634	5.006105259297493e-5	0.02723325577528101	0.013605889352146686	97.85061302308179
0.3343539134279354	0.007	0.005	0.41349750932758084	3.972842166136621e-5	0.029858575696441653	0.013784738063749576	97.70908453894208
0.3559476645995406	0.007	0.005	0.4181481635649171	3.1636372509682145e-5	0.03260244843814901	0.013929026528801042	97.56294641756078
0.3783645396169878	0.007	0.005	0.4221137935475218	2.530302301202105e-5	0.035475890197363996	0.014045814196329715	97.41146893627264
0.40171419888098747	0.007	0.005	0.4254592296548956	2.034008207514764e-5	0.038490017691420325	0.014140576174339434	97.25393841834644
0.4260943873528204	0.007	0.005	0.42823866630023105	1.6441894806583203e-5	0.04165454749848499	0.01421752443131967	97.08972720480784
0.45159519906240314	0.007	0.005	0.43049993406952636	1.3369393238353493e-5	0.0449782060230327	0.014279929465932397	96.91826477354998
0.4782982551512093	0.007	0.005	0.4322867611907384	1.0937192026008566e-5	0.04846853196392041	0.014330340418879164	96.73904323556478
0.5062812682048531	0.007	0.005	0.43364054801596164	9.002049379869611e-6	0.05213241640261608	0.014370761564347323	96.55158669168871
0.5356213000606109	0.007	0.005	0.43460104298821006	7.453702598663171e-6	0.05597650105124642	0.014402777891680275	96.35542964209473
0.5663996512021131	0.007	0.005	0.43520645001526226	6.207392743858301e-6	0.060007803072761025	0.014427649918331835	96.15008478733951
0.5987056869726726	0.007	0.005	0.43549308318091196	5.197997739418288e-6	0.06423420079946804	0.014446382705490585	95.93501835111992
0.632640552860577	0.007	0.005	0.43549487046120705	4.375416366047973e-6	0.0686648944033705	0.014459777886767099	95.70962656212633
0.6683202135217046	0.007	0.005	0.43524285272482854	3.7010016514789005e-6	0.07331076060802143	0.014468472937608872	95.47321708834492
0.7058791327086782	0.007	0.005	0.4347647637390099	3.144813263702853e-6	0.07818476848029776	0.014472971385289798	95.22498672164716
0.7454713961372167	0.007	0.005	0.43408476078036373	2.683566757939397e-6	0.08330203777165612	0.014473665696622954	94.96401651733787
0.7872752148724856	0.007	0.005	0.43322324500223497	2.299035093569283e-6	0.0886803089852161	0.014470855463358313	94.68924517611757
0.8314952516355102	0.007	0.005	0.4321968087629	1.97687714714019e-6	0.09434009903194576	0.014464761000906462	94.39945757015487
0.8783663157762002	0.007	0.005	0.4310182501139639	1.7057409377491346e-6	0.10030499845463106	0.014455533814039894	94.09326511528323
0.9281559214235993	0.007	0.005	0.4296966814343066	1.4765934502659761e-6	0.10660178351564169	0.014443264758332353	93.7690946129257
0.9811659536359304	0.007	0.005	0.42823771831607343	1.2822107127743244e-6	0.11326037522553571	0.014427990809868504	93.42518397027412
1.0377309144854014	0.007	0.005	0.42664380311897127	1.1167922677004e-6	0.12031333218675591	0.014409701854451975	93.05960112857592
1.0982097667415665	0.007	0.005	0.42491473812134223	9.756673074008252e-7	0.12779452949120151	0.014388349431138956	92.67030488864371
1.162966159552756	0.007	0.005	0.42304856472184776	8.550694112767982e-7	0.1357364351780112	0.014363860361158262	92.25527976704988
1.2323320882905255	0.007	0.005	0.42104291254302467	7.519581962725401e-7	0.14416548980989716	0.01433615834529358	91.81277367536342
1.306556025276759	0.007	0.005	0.4188967598236845	6.638668492685877e-7	0.15309588585723627	0.014305193937198799	91.34162730188736
1.3857527405169385	0.007	0.005	0.41661207654360444	5.88757933934162e-7	0.1625239857091584	0.014270975251921657	90.8415813788748
1.4698840883408908	0.007	0.005	0.41419449698324406	5.248893953654706e-7	0.17242686900473947	0.014233584374357696	90.31337662461286
1.558779646402193	0.007	0.005	0.41165279826056544	4.707174915689179e-7	0.18276579287062988	0.014193172428707924	89.75859728762995
1.65216697229866	0.007	0.005	0.4089980941899558	4.248555118820382e-7	0.1934907081759684	0.014149946007338902	89.1794559075642
1.7496807641073493	0.007	0.005	0.4062436237847242	3.8606998345755995e-7	0.20454222203369624	0.014104160918581788	88.57871193577976
1.850853739113301	0.007	0.005	0.4034050239082762	3.532824359539558e-7	0.21585149511541302	0.014056124116890858	87.95970227455227
1.9551120657322887	0.007	0.005	0.40050042473500214	3.255611335221229e-7	0.22734074283866038	0.01400619377944408	87.3263407713673
2.0618042598685293	0.007	0.005	0.39754958290600184	3.02102207168373e-7	0.23892738024171548	0.013954763396488008	86.6829149553003
2.1702486975736512	0.007	0.005	0.3945725179869945	2.822114432222342e-7	0.25052982320335077	0.01390223663917653	86.03377996345927
2.2798162431286824	0.007	0.005	0.3915872442752111	2.652868271429092e-7	0.26207643237191414	0.013848985216891603	85.38285895843127
2.3900042511322908	0.007	0.005	0.3886078358227973	2.5080931875417836e-7	0.2735127006674591	0.013795311252487891	84.73321852660659
2.5004753922505145	0.007	0.005	0.38564352461387497	2.3833936712425643e-7	0.28480412521074094	0.013741427640730573	84.08687067608093
2.611052525466055	0.007	0.005	0.3826990122210406	2.2751402843685028e-7	0.2959343273707896	0.013687460842066556	83.44484013293891
2.7216785218422213	0.007	0.005	0.3797756952511584	2.1804071540525795e-7	0.30689981008085454	0.013633471529935314	82.80743123736603
2.832362430564941	0.007	0.005	0.37687319548308784	2.0968698704928535e-7	0.31770380406612786	0.01357948221187601	82.17456144394448
2.9431328707711524	0.007	0.005	0.3739906352831455	2.0226859367329442e-7	0.328351320797036	0.013525501241640692	81.54603935802288
3.0540098033926095	0.007	0.005	0.3711273831634209	1.9563833670891604e-7	0.3388463609068966	0.013471537583504977	80.92172727413416
3.1649949935643944	0.007	0.005	0.3682832883779415	1.8967710697181421e-7	0.34919110059910063	0.013417606168175916	80.30159231723573
3.276075078731511	0.007	0.005	0.36545858514306717	1.8428728016803416e-7	0.35938630427983415	0.013363726894381669	79.6856855540369
3.3872296723605775	0.007	0.005	0.36265367420981304	1.7938804460233333e-7	0.3694321574433472	0.01330992106116731	79.07409436441483
3.498438895851576	0.007	0.005	0.3598689283900018	1.7491208468182175e-7	0.3793289776018665	0.013256208022009539	78.46690003692008
3.609687642704206	0.007	0.005	0.35710458777433984	1.708031166473347e-7	0.3890775777866678	0.013202603393162211	77.86415492145584
3.720966483015894	0.007	0.005	0.3543607423292151	1.6701393735021435e-7	0.3986793085009422	0.013149118858410112	77.26587863448077
3.8322703373107765	0.007	0.005	0.35163736978650023	1.6350480352970956e-7	0.4081359060007141	0.013095763014146566	76.67206632055078
3.9435965195195126	0.007	0.005	0.34893438717915254	1.602420777294525e-7	0.41744930025519283	0.01304254247750979	76.08269988926837
4.054943116446171	0.007	0.005	0.3462516920246333	1.5719711607400135e-7	0.42662146668985307	0.012989462794934115	75.49775699502712
4.166308132730742	0.007	0.005	0.34358918343204353	1.54345379228843e-7	0.4356543524532446	0.012936528953691118	74.9172156392705
4.277689269577367	0.007	0.005	0.3409467672755239	1.5166573159466444e-7	0.44454985947722275	0.012883745569266594	74.34105529851277
4.389084123942389	0.007	0.005	0.3383243512675991	1.491398922822438e-7	0.45330986194319617	0.012831116858469589	73.76925585011564
4.5004905059338745	0.007	0.005	0.3357218375032621	1.4675199826537628e-7	0.4619362313189134	0.012778646547375516	73.20179594657769
4.611906549716931	0.007	0.005	0.3331391201150456	1.4448823963600767e-7	0.4704308435028657	0.012726337869833515	72.63865250423875
4.723330809653968	0.007	0.005	0.33057608337991784	1.4233655999907348e-7	0.478795584159017	0.012674193566440861	72.07980029050219
4.834762186678316	0.007	0.005	0.3280326037810322	1.4028639906152343e-7	0.48703234103044624	0.012622215957393691	71.52521237338436
4.946199817703363	0.007	0.005	0.32550855281743124	1.3832847450064167e-7	0.49514299419440455	0.012570407026746576	70.97486073415118
5.057642994503707	0.007	0.005	0.3230037990315409	1.364545995102038e-7	0.5031294092398101	0.012518768487736469	70.42871670939925
5.1690910751838	0.007	0.005	0.3205182101126463	1.346575276182407e-7	0.5109934305166592	0.012467301847174993	69.88675144970348
5.280543491581876	0.007	0.005	0.318051652791422	1.3293082696701076e-7	0.5187368816075482	0.012416008421857104	69.34893589662066
5.391999712381256	0.007	0.005	0.3156039937095718	1.3126877088360894e-7	0.5263615627588555	0.012364889372764445	68.81524097230809
5.503459272650405	0.007	0.005	0.3131750988086946	1.296662490651889e-7	0.533869252997451	0.012313945706401779	68.28563744626997
5.614921766474405	0.007	0.005	0.3107648335430305	1.28118689654181e-7	0.5412617096414908	0.012263178291353725	67.76009598174568
5.7263868469654255	0.007	0.005	0.3083730629258437	1.2662199300556507e-7	0.5485406683459477	0.012212587869840526	67.2385871458225
5.837854241035987	0.007	0.005	0.3059996512615347	1.2517247596099674e-7	0.5557078440995916	0.012162175061245476	66.72108135102508
5.9493236681998045	0.007	0.005	0.3036444639110267	1.23766816792675e-7	0.5627649261151669	0.01211194040782846	66.20754924024546
6.060794907016468	0.007	0.005	0.30130736589329093	1.2240201777739723e-7	0.569713582334747	0.012061884352410774	65.6979613818155
6.172267765565853	0.007	0.005	0.29898822254002216	1.2107536632332833e-7	0.5765554577044817	0.012012007258730374	65.19228841225423
6.283742066685292	0.007	0.005	0.29668689981737834	1.1978440192296395e-7	0.5832921735087393	0.01196230942418056	64.69050110642088
6.395217662736801	0.007	0.005	0.29440326403057204	1.1852688951727235e-7	0.5899253285309269	0.011912791078642813	64.1925703131032
6.5066944060774485	0.007	0.005	0.2921371824391223	1.1730079287398463e-7	0.5964564975567636	0.011863452402476046	63.69846708916861
6.618172163825831	0.007	0.005	0.2898885229539157	1.1610425447236502e-7	0.6028872325727228	0.011814293524203157	63.208162633510945
6.729650832629071	0.007	0.005	0.28765715384799895	1.1493557807941488e-7	0.6092190638814093	0.011765314517901162	62.72162822399033
6.841130316514903	0.007	0.005	0.2854429442111127	1.1379321055563188e-7	0.615453499089608	0.011716515416492232	62.2388353165414
6.952610519509036	0.007	0.005	0.2832457640936146	1.1267572674233457e-7	0.6215920230174783	0.011667896218046635	61.75975557655459
7.064091375167912	0.007	0.005	0.2810654839244354	1.1158181916804823e-7	0.6276360996273563	0.011619456875689665	61.28436075196538
7.175572817046847	0.007	0.005	0.2789019750974859	1.1051028426041893e-7	0.6335871706722533	0.011571197313073352	60.8126228011166
7.287054763933762	0.007	0.005	0.27675511024797983	1.0946001097555443e-7	0.6394466552596237	0.011523117432964936	60.344513953008345
7.398537164148397	0.007	0.005	0.27462476239137495	1.0842997569478731e-7	0.6452159525143479	0.011475217100130147	59.88000651955041
7.510019973393128	0.007	0.005	0.27251080535670663	1.0741923239651075e-7	0.6508964406643448	0.011427496152875008	59.4190729900474
7.621503139986596	0.007	0.005	0.2704131140617607	1.0642690423724767e-7	0.6564894765977827	0.01137995441106239	58.9616860911983
7.732986641780094	0.007	0.005	0.26833156381412465	1.0545218051903761e-7	0.6619963980179354	0.011332591661902836	58.50781863469562
7.844470419708222	0.007	0.005	0.266266031551857	1.0449430500915357e-7	0.6674185204363972	0.011285407689673713	58.05744378774476
7.95595444423841	0.007	0.005	0.2642163945931547	1.0355257683850973e-7	0.672757140777973	0.01123840224870084	57.610534800437584
8.067438671071253	0.007	0.005	0.26218253145554193	1.0262634188778912e-7	0.6780135355014315	0.011191575083345022	57.167065184370834
8.178923078057117	0.007	0.005	0.2601643211728511	1.017149920833827e-7	0.683188962653405	0.011144925913517156	56.72700856371869
8.290407635662923	0.007	0.005	0.2581616438323213	1.0081795895203682e-7	0.6882846607443684	0.011098454448132311	56.290338792343235
8.401892336505526	0.007	0.005	0.2561743800381557	9.993471307248406e-8	0.6933018503852646	0.01105216037370005	55.85702983682697
8.51337715105168	0.007	0.005	0.2542024117004112	9.906475683061747e-8	0.6982417325503727	0.01100604337363782	55.42705594848472
8.624862057151418	0.007	0.005	0.25224562149660984	9.82076244698713e-8	0.7031054902156408	0.010960103116703663	55.000391545971645
8.736347040038087	0.007	0.005	0.25030389286999466	9.736287963151901e-8	0.7078942886122355	0.010914339257763613	54.577011214902974
8.847832062794907	0.007	0.005	0.24837711053617384	9.653011017985737e-8	0.712609274237655	0.01086875145057102	54.156889818324316
8.959317110655162	0.007	0.005	0.2464651597048693	9.570893050813923e-8	0.7172515770290907	0.010823339330173345	53.740002327019305
9.070802183618856	0.007	0.005	0.24456792621315657	9.489897901499435e-8	0.7218223102575192	0.010778102516644912	53.32632384856162
9.18228726691926	0.007	0.005	0.2426852970252361	9.40999134424368e-8	0.7263225695616418	0.010733040627653588	52.91582973628665
9.293772345789646	0.007	0.005	0.24081715996962055	9.331141078198824e-8	0.730753433836428	0.010688153272894435	52.50849553198698
9.40525741284665	0.007	0.005	0.23896340361027418	9.253316662387319e-8	0.735115965775017	0.010643440051587653	52.104296937815334
9.51674246070691	0.007	0.005	0.23712391736616031	9.176489311661363e-8	0.739411211815696	0.010598900555908826	51.70320984235091
9.62822747460371	0.007	0.005	0.23529859162512226	9.100631699789028e-8	0.7436402021122018	0.010554534374322222	51.30521034543047
9.739712432386996	0.007	0.005	0.23348731773276016	9.025717847374932e-8	0.7478039507995828	0.01051034109189608	50.91027475572294
9.851197334056799	0.007	0.005	0.23168998750717162	8.951723336527035e-8	0.7519034573329285	0.010466320278944933	50.518379484921944
9.962682157463112	0.007	0.005	0.22990649395235577	8.878624748320912e-8	0.7559397050693422	0.010422471508935095	50.1295012032987
10.074166909989328	0.007	0.005	0.22813673042093244	8.80640013400163e-8	0.7599136633914358	0.010378794338393445	49.74361665713871
10.185651584252158	0.007	0.005	0.2263805913210971	8.735028462037485e-8	0.7638262863126719	0.010335288324694453	49.36070282288837
10.297136172868331	0.007	0.005	0.22463797187138945	8.66448970428263e-8	0.7676785132509776	0.01029195302048482	48.98073685368389
10.408620661071271	0.007	0.005	0.2229087682085726	8.594764687376361e-8	0.7714712690024438	0.010248787976796164	48.6036961028737
10.520105041477757	0.007	0.005	0.2211928771506895	8.525835195440188e-8	0.7752054644708765	0.010205792737541899	48.22955807235464
10.63158930670459	0.007	0.005	0.2194901963077134	8.457683833168602e-8	0.7788819966228543	0.010162966842635904	47.85830043669823
10.743073471518482	0.007	0.005	0.2178006237410955	8.390294228122704e-8	0.7825017494142308	0.010120309819742162	47.48990096891773
10.854557506386366	0.007	0.005	0.21612405896607892	8.323650224090663e-8	0.7860655918369586	0.010077821209946988	47.124337759015404
10.966041411308392	0.007	0.005	0.21446040182244286	8.25773667728719e-8	0.7895743805415154	0.010035500539618714	46.761588967756566
11.077525186284715	0.007	0.005	0.2128095529213182	8.192539081518644e-8	0.7930289590592396	0.00999334733197011	46.40163292409416
11.189008823932225	0.007	0.005	0.21117141374731646	8.128043442510745e-8	0.796430157779592	0.009951361110010794	46.04444814743744
11.300492324251088	0.007	0.005	0.2095458864339956	8.064236415239924e-8	0.7997787946052195	0.009909541391124163	45.69001329869409
11.411975672474993	0.007	0.005	0.20793287408144287	8.001105007931853e-8	0.8030756744791515	0.009867887695548028	45.33830724951668
11.523458868604148	0.007	0.005	0.2063322803199018	7.938636902480712e-8	0.8063215904631902	0.009826399535435345	44.98930898715446
11.63494190525554	0.007	0.005	0.20474400962660835	7.876820162200837e-8	0.8095173232626799	0.009785076423309117	44.64299768353759
11.746424775046188	0.007	0.005	0.2031679672120663	7.815643292652048e-8	0.8126636416354021	0.009743917869421116	44.299352670480204
11.857907477976344	0.007	0.005	0.20160405891126318	7.755095308396309e-8	0.8157613027776954	0.009702923379169956	43.95835341596065
11.96939002142944	0.007	0.005	0.2000521911820729	7.695165713340995e-8	0.8188110524884947	0.009662092453279706	43.619979523773296
12.080872398022532	0.007	0.005	0.19851227140838296	7.635844203774527e-8	0.8218136247394336	0.009621424596044613	43.28421079962332
12.192354585606381	0.007	0.005	0.1969842078866687	7.577120641217682e-8	0.8247697418806562	0.009580919315334767	42.95102724819927
12.303836584181308	0.007	0.005	0.19546790931262678	7.518985498365311e-8	0.8276801157987731	0.00954057610925172	42.62040896123717
12.41531840113077	0.007	0.005	0.19396328498597373	7.461429661844455e-8	0.8305454476640092	0.0095003944717109	42.29233616217525
12.526800036455063	0.007	0.005	0.19247024500584503	7.404444227695029e-8	0.8333664277118179	0.00946037389789037	41.966789248759454
12.638281475388258	0.007	0.005	0.19098870035930784	7.348020385878933e-8	0.836143735239555	0.009420513886910313	41.64374881234306
12.749762717930702	0.007	0.005	0.18951856252055171	7.292149787530784e-8	0.8388780395153018	0.009380813931312185	41.323195550493004
12.86124376408274	0.007	0.005	0.18805974364565967	7.236824342635063e-8	0.8415699995547692	0.009341273522485302	41.00511030945823
12.972724599078576	0.007	0.005	0.18661215675835377	7.182036009955982e-8	0.844220263929949	0.009301892155962721	40.68947412467036
13.084205222918612	0.007	0.005	0.18517571535837196	7.127777175388879e-8	0.8468294716364746	0.009262669321017268	40.37626813535286
13.19568564298629	0.007	0.005	0.18375033351773787	7.07404054782505e-8	0.8493982520496224	0.009223604503429683	40.065473605512246
13.307165844515922	0.007	0.005	0.18233592625249173	7.020818748837051e-8	0.8519272243963814	0.009184697195913093	39.757072004991095
13.41864582750794	0.007	0.005	0.18093240904380092	6.968104799686242e-8	0.8544169987601111	0.009145946885210084	39.451044905049784
13.530125584579771	0.007	0.005	0.17953969811578366	6.915891812310613e-8	0.8568681757165011	0.009107353059927346	39.14737403894388
13.641605123114859	0.007	0.005	0.1781577101534391	6.86417328600152e-8	0.8592813469648869	0.00906891520292182	38.84604124042079
13.753084435730663	0.007	0.005	0.17678636266662331	6.812942691278238e-8	0.8616570948197456	0.009030632801600526	38.547028523082254
13.864563507661737	0.007	0.005	0.17542557388831695	6.762193559185788e-8	0.8639959925277524	0.008992505345357745	38.2503180582022
13.9760423389086	0.007	0.005	0.1740752624990737	6.711919786035247e-8	0.8662986048698954	0.00895453231804736	37.9558921146448
14.087520929471772	0.007	0.005	0.17273534780591485	6.662115421785838e-8	0.8685654879739071	0.008916713203148298	37.663733097871
14.198999286734676	0.007	0.005	0.1714057496497849	6.612774770264228e-8	0.870797189593422	0.008879047481328792	37.3738235297601
14.310477403314911	0.007	0.005	0.17008638866526027	6.563892064045795e-8	0.872994248793968	0.008841534637997544	37.086146105237184
14.421955271830125	0.007	0.005	0.1687771860963019	6.515461667646665e-8	0.8751571963884759	0.008804174158311393	36.800683652099316
14.53343289228087	0.007	0.005	0.1674780637058843	6.467478181013549e-8	0.8772865552033722	0.008766965524764688	36.517419111311
14.6449102646677	0.007	0.005	0.16618894385971245	6.419936328207429e-8	0.8793828400542119	0.008729908219740852	36.236335555257725
14.756387374225525	0.007	0.005	0.16490974969035707	6.372830731185904e-8	0.8814465575971484	0.00869300173044394	35.95741622353481
14.867864213572162	0.007	0.005	0.163640404834927	6.32615623153214e-8	0.8834782068713132	0.00865624554154942	35.68064446574845
14.979340782708265	0.007	0.005	0.16238083343381815	6.279907889788438e-8	0.8854782794067525	0.008619639135299065	35.40600374124326
15.090817089017257	0.007	0.005	0.16113096012942477	6.234080985062599e-8	0.8874472593310407	0.008583181991593927	35.13347761882089
15.20229311773426	0.007	0.005	0.15989071039209343	6.188670560032784e-8	0.8893856229651037	0.008546873597694963	34.86304984781232
15.313768868859967	0.007	0.005	0.1586600101001999	6.143671977911051e-8	0.891293839593778	0.0085107134361534	34.594704266516246
15.425244342395066	0.007	0.005	0.15743878570319272	6.099080696036247e-8	0.8931723713106724	0.008474700989714081	34.328424837750084
15.53671953834025	0.007	0.005	0.15622696421719454	6.054892262422865e-8	0.8950216731283169	0.008438835741353642	34.06419564789029
15.64819445669621	0.007	0.005	0.15502447322063248	6.011102312479895e-8	0.8968421930866247	0.00840311717431751	33.802000905920075
15.759669097463638	0.007	0.005	0.15383124084990615	5.967706565890403e-8	0.8986343723596943	0.008367544772155797	33.541824942484524
15.871143453260588	0.007	0.005	0.15264719587319978	5.924700705197681e-8	0.9003986452450495	0.00833211802110219	33.283652225984994
15.982617501939941	0.007	0.005	0.1514722677607206	5.882080249749561e-8	0.9021354391621026	0.008296836412394216	33.02746737789401
16.0	0.007	0.005	0.1512898743386222	5.752156178202212e-8	0.9024038141637846	0.008291350566344101	32.98769776932242
