0.0	0.007	0.005	0.0	0.0	0.0	0.0	100.0
0.00023025763199404273	0.007	0.005	3.2140755729103395e-5	0.0002130761949710699	1.7335894016863043e-9	2.0648509599990173e-6	99.99840398845221
0.0003359995715694449	0.007	0.005	4.6900004031920856e-5	0.0002764295549660458	3.6913397630457307e-9	4.063012937703728e-6	99.9976710555633
0.0005217754676796666	0.007	0.005	7.282893247700543e-5	0.00035397140627176045	8.901301329309714e-9	8.600629523525389e-6	99.99638339345772
0.0006784874603890646	0.007	0.005	9.470009508243904e-5	0.0003963294057746563	1.505055961999289e-8	1.3129457147202897e-5	99.99529719388326
0.0008753163388660534	0.007	0.005	0.00012216841273080106	0.00043052027176126897	2.504825480443829e-8	1.939562441052101e-5	99.99393295352888
0.0010743570475757218	0.007	0.005	0.00014994351065933267	0.00045151077978049025	3.773313057162332e-8	2.614511540950313e-5	99.99255340168848
0.0013021554182749936	0.007	0.005	0.00018172925873299162	0.000465577446454512	5.542761811594362e-8	3.4172288385154384e-5	99.99097455374962
0.0015470003225375828	0.007	0.005	0.00021589081185800367	0.00047392256893419695	7.822661116216412e-8	4.300582505395072e-5	99.98927758577301
0.0018219108574088468	0.007	0.005	0.00025424379207470376	0.0004788034099826284	1.0849201975314483e-7	5.306019050268902e-5	99.98737227362405
0.0021262363288456617	0.007	0.005	0.0002966962452826873	0.0004814126180135967	1.4775195158063248e-7	6.427484410168173e-5	99.98526313881665
0.002470406157475122	0.007	0.005	0.0003447015098271152	0.0004827176648878239	1.99438555255196e-7	7.700725654235775e-5	99.98287791536734
0.0028611110801376504	0.007	0.005	0.0003991906666949928	0.0004833015798603255	2.6748471494835144e-7	9.148776212153315e-5	99.98017025556912
0.0033126059431592696	0.007	0.005	0.00046214869766776596	0.00048352821064890906	3.585250868827243e-7	0.00010823393852615706	99.97704140119168
0.003841715935811222	0.007	0.005	0.0005359172176330291	0.00048359441495635406	4.821392014702147e-7	0.00012786362311403021	99.97337479944161
0.004475841846180446	0.007	0.005	0.0006243093782724186	0.0004835971334247667	6.543375433504428e-7	0.0001513897664870033	99.96898064043535
0.005255216802685131	0.007	0.005	0.0007329217135998635	0.00048357626848337506	9.018787259330698e-7	0.00018030256095638358	99.96358024650279
0.006245536647639569	0.007	0.005	0.0008708889733971988	0.0004835438959031026	1.2734964561735003e-6	0.00021703652428271703	99.95671860791404
0.007545443497066795	0.007	0.005	0.0010519153095472054	0.00048350039188348973	1.858168734412476e-6	0.00026524636311855683	99.94771264574335
0.009216756174344025	0.007	0.005	0.0012845451052793918	0.0004834441036461239	2.77133128983121e-6	0.0003272177958872571	99.93613471699754
0.011049253744750057	0.007	0.005	0.0015394565544120708	0.00048338069877301346	3.9810451622226255e-6	0.0003951493878709857	99.92344173000482
0.012763956532930297	0.007	0.005	0.0017778365582116103	0.00048331633118239885	5.310234874779998e-6	0.0004586987505400448	99.91156612098756
0.014281547450001866	0.007	0.005	0.0019886965670315774	0.0004832584885530106	6.6454920959050386e-6	0.0005149302528268748	99.90105683756853
0.015656298696078673	0.007	0.005	0.002179614856635234	0.0004832135582988946	7.983696043893922e-6	0.0005658586292797673	99.89153766995986
0.016970047198291798	0.007	0.005	0.0023619770353219705	0.00048317405738781385	9.376651554068307e-6	0.000614517927099722	99.88244175021852
0.018283962373180133	0.007	0.005	0.002544279912588838	0.0004831331954504136	1.0881234698557714e-5	0.0006631745492393082	99.87334550490935
0.019627796880378037	0.007	0.005	0.002730648784887917	0.00048308960120047083	1.2535256711615835e-5	0.0007129299964192572	99.86404298472219
0.02100603148620436	0.007	0.005	0.0029216989033041315	0.0004830437336461408	1.4352480219406404e-5	0.0007639494828306006	99.85450323433095
0.02240761166747611	0.007	0.005	0.0031158922514297038	0.0004829964507306354	1.632586957727275e-5	0.000815823164617439	99.84480282705718
0.02381700504052212	0.007	0.005	0.003311073693553659	0.0004829486503736305	1.8437620724664644e-5	0.0008679758276707748	99.8350492945326
0.02522271202372199	0.007	0.005	0.003505650320454138	0.0004829010261063735	2.0670926593879197e-5	0.0009199818915064198	99.82532222227086
0.028017858507375298	0.007	0.005	0.003892272192603718	0.00048281563516575164	2.5488201733585946e-5	0.0010233616662796605	99.80598345955974
0.031625550772343164	0.007	0.005	0.004390734839714288	0.000482692615547987	3.24451002583882e-5	0.001156734715218633	99.78102847958054
0.038859777212435845	0.007	0.005	0.0053883993933368434	0.0004824488232685524	4.8896339058819026e-5	0.0014239750915588695	99.7310069855847
0.049691616326798374	0.007	0.005	0.006877565796664778	0.00048207870054634916	7.973472324497078e-5	0.0018236092043696888	99.65615646061269
0.06097895549252973	0.007	0.005	0.008423449507559655	0.00048168102172775715	0.00011972943076016242	0.002239396836217128	99.5782180940039
0.07330749278412632	0.007	0.005	0.010105069606124367	0.00048122142171409566	0.00017249814531993638	0.0026927622627154397	99.49315996454284
0.08489990881297108	0.007	0.005	0.011679767261535563	0.000480747583403983	0.0002306914490239634	0.0031182900229704304	99.41324682666124
0.09649037849883527	0.007	0.005	0.013247909202992847	0.0004802133033894523	0.0002971084667117519	0.0035429583531310033	99.33341127629016
0.10691614377169292	0.007	0.005	0.014653114399034337	0.0004796567308602752	0.00036382430602806823	0.003924226351867945	99.26165302455681
0.1170705365216249	0.007	0.005	0.016016881310667114	0.0004790241242526969	0.00043509915700668916	0.004294845451814213	99.1918124022979
0.12605929495780116	0.007	0.005	0.017220107661661047	0.00047836558735524747	0.0005033365786558698	0.004622260164807791	99.13002986847809
0.1348060207233908	0.007	0.005	0.018387346435248385	0.00047761844264797575	0.0005743406022603268	0.004940195500372243	99.06994784229386
0.14252481342949874	0.007	0.005	0.01941447538481816	0.0004768511847980717	0.000640747215828196	0.00522016088082728	99.01695702668935
0.15010488290611032	0.007	0.005	0.02042047417398511	0.0004759865909852722	0.0007093578720624657	0.005494479229203051	98.96494615395054
0.15681387496153149	0.007	0.005	0.021308663858692147	0.0004751121337018675	0.0007728765446839643	0.005736709601541223	98.91893499647813
0.16348304122088012	0.007	0.005	0.02218953500802358	0.0004741326348308141	0.0008386028146733454	0.005976921478296673	98.87321817120345
0.16941896168023096	0.007	0.005	0.0229718454832939	0.0004731538357587855	0.0008992593969212753	0.006190187973414059	98.83254548412715
0.17538949833501688	0.007	0.005	0.023757093822430624	0.0004720620999658904	0.000962308627415041	0.006404141260465909	98.79165248610107
0.18073926434432938	0.007	0.005	0.024459316570905876	0.00047098011356529255	0.0010205316293919859	0.006595332724992978	98.75502560143384
0.18617366201869207	0.007	0.005	0.025171313569480498	0.00046977713523646596	0.001081341579473563	0.006789006108076875	98.71783319390346
0.191077608185884	0.007	0.005	0.02581265964634151	0.0004685909366907557	0.00113765106441617	0.006963268172328492	98.68428316012447
0.19609702386033284	0.007	0.005	0.02646797602500494	0.00046727592740737086	0.0011966906884662047	0.007141097181006038	98.64995495718844
0.2006593101531295	0.007	0.005	0.02706262005690858	0.00046598264149118584	0.0012515811722871222	0.007302226458182231	98.61876346000213
0.20535365349189094	0.007	0.005	0.02767349233413632	0.00046455347169595544	0.0013092762443947885	0.007467483348086585	98.5866794080489
0.2096514519851076	0.007	0.005	0.028231888495473655	0.0004631490225331405	0.001363175039597842	0.007618272426218993	98.55731474213661
0.21408823194591528	0.007	0.005	0.028807466744008362	0.00046160257923991924	0.0014198933033473672	0.0077733959175270385	98.5270096619646
0.21817939897272792	0.007	0.005	0.029337422035993183	0.00046008210865526464	0.0014731592418328638	0.00791591891694094	98.49907352198635
0.22241021141381181	0.007	0.005	0.0298846732821064	0.0004584145520939563	0.0015292147120881004	0.00806275488802966	98.47019215783602
0.22633891307665707	0.007	0.005	0.03039212545685404	0.0004567726667094217	0.0015821489512228837	0.008198575786699087	98.44338071616608
0.23040407255139247	0.007	0.005	0.030916472868900573	0.0004549795650603499	0.0016378124908316518	0.008338548292982329	98.41564570249282
0.2342047914045112	0.007	0.005	0.03140604004065752	0.0004532104479776431	0.0016906719518651038	0.00846886853058829	98.38972193316732
0.2381366204185397	0.007	0.005	0.031911813608872644	0.0004512868067840484	0.0017461829422402515	0.008603100497557426	98.36291107963707
0.24183700525491905	0.007	0.005	0.0323871825593707	0.00044938422433040906	0.001799193199889413	0.008728863216471252	98.33768510045476
0.24566217573853966	0.007	0.005	0.032877937952614	0.00044732443666882976	0.001854770338108866	0.008858261591060863	98.31161524245606
0.24928508704325716	0.007	0.005	0.03334214110254219	0.0004452816647325105	0.0019081370599441805	0.008980225655355615	98.28693022342064
0.25302631259657166	0.007	0.005	0.0338208887034334	0.0004430793976699176	0.001963987925836048	0.009105542090812461	98.2614455650902
0.25659132510814703	0.007	0.005	0.03427650617573153	0.0004408890776585078	0.0020179070077434385	0.009224335519117012	98.23716739153276
0.26026862025644776	0.007	0.005	0.034745880279369167	0.0004385370984957508	0.002074236702539425	0.009346210515294042	98.21213084434842
0.2637931609894413	0.007	0.005	0.035195191677839334	0.0004361910267493891	0.0021289034893641288	0.009462369826319579	98.18814030115557
0.26742482184354854	0.007	0.005	0.03565758100520262	0.00043368096246634884	0.002185922888527883	0.009581365870019194	98.16342675194521
0.2709250827680466	0.007	0.005	0.03610268579664637	0.0004311697999555708	0.0022415411975421286	0.009695366259457477	98.13961326956888
0.2745285095324105	0.007	0.005	0.036560341537256826	0.00042849180729030695	0.002299475596585801	0.009811994115292872	98.1151039492093
0.27802024251702706	0.007	0.005	0.03700326239398778	0.0004258046820213778	0.002356267400363314	0.009924274073266808	98.09136017240859
0.28161269834568736	0.007	0.005	0.03745839626556148	0.00042294699174578304	0.0024153664507473166	0.010039015257551371	98.06693747745624
0.28511198394293136	0.007	0.005	0.037901177321871246	0.0004200709481709714	0.0024735832708212614	0.010149998437725866	98.04315403059093
0.2887113864349765	0.007	0.005	0.03835606203384358	0.00041701921776154764	0.0025341335327556465	0.010263326664650935	98.0186961413552
0.29223548148858647	0.007	0.005	0.03880087539535321	0.0004139384283131063	0.002594071193359124	0.01037344390023806	97.99475587624892
0.2958613413638832	0.007	0.005	0.03925796188916858	0.0004106747910258665	0.002656413322155937	0.010485848444765371	97.97013039421591
0.2994297385263169	0.007	0.005	0.039707238938619965	0.0004073693862616853	0.002718432597396017	0.010595563169324404	97.94590121931628
0.30310441412665073	0.007	0.005	0.040169311210370436	0.00040387099771924936	0.0027829865645825386	0.010707578112491435	97.9209566835257
0.30674033371621034	0.007	0.005	0.04062592578685875	0.0004003152451331551	0.002847544308665533	0.010817420278289452	97.89628148502179
0.31049089706238214	0.007	0.005	0.04109632947643239	0.0003965519488780965	0.002914848986758302	0.010929666301132596	97.87083477079332
0.31422361283166367	0.007	0.005	0.04156388195327952	0.0003927112560780158	0.0029825484739041197	0.011040283738734233	97.84551571565818
0.31808490667781486	0.007	0.005	0.0420468973508617	0.0003886415999966138	0.0030533282855934214	0.01115353529008718	97.81933140621074
0.32195374973505303	0.007	0.005	0.04253020250686795	0.0003844672182120987	0.0031250073203431374	0.01126578120999429	97.79310293156038
0.32597392979025375	0.007	0.005	0.043031719662206966	0.0003800310894245572	0.0032002944628517984	0.011381087712909004	97.76585593198186
0.330035971637504	0.007	0.005	0.04353774213922757	0.0003754498337279177	0.0032771953604619633	0.0114961887480373	97.73833292222476
0.33428783436877996	0.007	0.005	0.0440666402272451	0.0003705532792204632	0.003358580306034297	0.011615123256939594	97.70953205071909
0.33863482140083645	0.007	0.005	0.04460655672565594	0.00036544478352426433	0.003442724309907005	0.011735052472157882	97.68009560884279
0.3432431381635401	0.007	0.005	0.045178033731411125	0.00035992329772766685	0.003532958983771195	0.011860316954339001	97.64889920726095
0.3480473121971281	0.007	0.005	0.04577281644764009	0.00035405846754366267	0.00362815536463364	0.011988813962751836	97.61638754023485
0.35327602459132934	0.007	0.005	0.046419021080151376	0.00034756006642880306	0.0037330658665244666	0.0121261973784974	97.58101516270004
0.35896970095637354	0.007	0.005	0.04712134226422807	0.000340360333256639	0.0038488420131422337	0.012272822130616246	97.54251186937687
0.3656903938468253	0.007	0.005	0.047948542616339275	0.0003317177931675729	0.00398755290907475	0.012441837724997736	97.49708296136153
0.3745145559839944	0.007	0.005	0.04903168294873791	0.0003201751447859068	0.004173030457562085	0.012656974096235478	97.43746765790351
0.38161417375321816	0.007	0.005	0.049900705602482165	0.00031077480596207376	0.004325005312779371	0.012824411160553039	97.3895296960069
0.388570787051895	0.007	0.005	0.05075012264014248	0.00030149356041589886	0.004476278830749506	0.012983539724373596	97.34258020448205
0.3943654464316944	0.007	0.005	0.05145607786904423	0.0002937381137630558	0.0046040587005738215	0.013112344199436465	97.3034899034787
0.4002393092963814	0.007	0.005	0.052170214975926874	0.0002858660006140653	0.004735221420932014	0.013239429375242626	97.26388132314776
0.4052190019342631	0.007	0.005	0.052774484675206755	0.00027920426329260844	0.004847701774077888	0.013344427831930492	97.23031493230268
0.4103590747762866	0.007	0.005	0.05339710587615735	0.00027234345661242954	0.004965035250581052	0.013450176757319094	97.19567962336234
0.41477556344200633	0.007	0.005	0.0539311792225315	0.00026647682253115666	0.005066845703668879	0.013538913347955941	97.16592989047736
0.4193953549514071	0.007	0.005	0.05448894894092404	0.00026036809399972925	0.005174322322577303	0.013629642868065091	97.13482044158948
0.42341783885463413	0.007	0.005	0.054973863891570926	0.00025508533508932185	0.005268715684550429	0.013706910741381806	97.10774134471326
0.42766242089412443	0.007	0.005	0.05548480807851741	0.0002495453274602023	0.005369138262030054	0.0137867096485394	97.07917528354983
0.43140700452502867	0.007	0.005	0.0559349302740581	0.00024469809472756743	0.005458425869253868	0.013855640583218256	97.0539811913388
0.43537657194812135	0.007	0.005	0.056411448339471745	0.00023959778042589427	0.005553786542134331	0.013927222782817751	97.02728051553528
0.43892349047468443	0.007	0.005	0.05683666637186337	0.00023508299553085693	0.005639608788948053	0.013989897460566256	97.00342893579094
0.4426881844951692	0.007	0.005	0.05728741041653469	0.00023033155005608725	0.00573133314738504	0.014055104755845047	96.97811931899845
0.44609329338142734	0.007	0.005	0.05769458615571006	0.00022607791282217032	0.005814855963462814	0.014112928371216336	96.95523284055061
0.4497032653289457	0.007	0.005	0.058125724890902446	0.00022161060409475421	0.005903982385364443	0.014173044504316152	96.93097533113962
0.45300599552156035	0.007	0.005	0.058519688726626926	0.00021756854605129342	0.005986043425083219	0.01422698595628876	96.90878767476647
0.45649796472950477	0.007	0.005	0.058935726397499444	0.00021333844242345647	0.0060733452696615986	0.014282930358594839	96.88533423916422
0.45972670128530174	0.007	0.005	0.05931994589937258	0.00020947309260388095	0.006154557541539864	0.014333673953692885	96.863653827804
0.46312819523105464	0.007	0.005	0.05972424975338683	0.00020544554726344513	0.0062406244506107884	0.014386122286344926	96.84081862805358
0.46630381186381276	0.007	0.005	0.06010126732500469	0.0002017320248809699	0.006321446392140487	0.014434163266223956	96.81950466616108
0.4696359725569991	0.007	0.005	0.06049641554607449	0.00019788096485565644	0.0064067394249463765	0.014483624443148574	96.79714506243296
0.4727741860751884	0.007	0.005	0.06086813895648402	0.0001943012188393447	0.006487522698256098	0.014529330253124457	96.77609161282497
0.4760536468771456	0.007	0.005	0.0612561527376262	0.00019060664149805496	0.006572411889698923	0.01457619653337786	96.75409546522887
0.4791665980554814	0.007	0.005	0.06162404963952023	0.00018714732648360532	0.006653434090931973	0.014619846665795359	96.73322076368855
0.4824067586355695	0.007	0.005	0.062006550481551834	0.0001835935932892218	0.006738224354510762	0.014664426896079608	96.71149781003486
0.4855040839234489	0.007	0.005	0.062371779953710224	0.0001802446361999588	0.00681971154450581	0.014706239173405116	96.69073702502746
0.48871598703456587	0.007	0.005	0.06275009764283278	0.00017681929945591505	0.006904660697329662	0.014748781244386567	96.66921295355084
0.49180555420756455	0.007	0.005	0.06311360027682346	0.00017357292490903143	0.006986803090435948	0.01478892942845319	96.64851321858823
0.4949984998182847	0.007	0.005	0.06348884838714455	0.0001702659086967696	0.0070721346161984715	0.014829635763556677	96.62712551766825
0.49808691629372315	0.007	0.005	0.06385140840816853	0.00016711597445598096	0.007155097552874599	0.01486826149439515	96.60644250022565
0.5012688993534355	0.007	0.005	0.06422453802844422	0.00016391899433452483	0.0072410097951450805	0.014907299944240181	96.58513750103533
0.5043618695671818	0.007	0.005	0.06458682687107321	0.0001608605327346173	0.007324941556852259	0.014944520981014339	96.56443299141198
0.5075398959598293	0.007	0.005	0.06495866531698759	0.00015776668006449934	0.00741161441784808	0.014982032612697533	96.54316373421126
0.5106424740445313	0.007	0.005	0.06532127236558036	0.00015479558088965625	0.007496651819365288	0.015017948585996818	96.52240394156568
0.5138227942692641	0.007	0.005	0.06569255174686364	0.00015179901888114707	0.007584251777357739	0.015054053375615864	96.50112859834664
0.5169395660138582	0.007	0.005	0.06605600640908915	0.0001489118073451357	0.007670524253806073	0.015088749876475323	96.48028292436791
0.5201278502864604	0.007	0.005	0.06642738497937074	0.0001460075463329487	0.0077592081756116	0.015123550931855346	96.45896361756384
0.5232630663231486	0.007	0.005	0.06679217278328378	0.00014320122610507311	0.007846840829364207	0.015157102466505328	96.43800375954868
0.5264645388184005	0.007	0.005	0.06716425124889334	0.00014038495435430586	0.00793675894893599	0.015190689219150691	96.4166056570798
0.529622214227602	0.007	0.005	0.06753082581994865	0.00013765689514268168	0.008025874884674487	0.015223161383192869	96.39550493788013
0.5328417595140766	0.007	0.005	0.06790416020112036	0.00013492484836515205	0.008117173231086957	0.015255612053969912	96.37399553645736
0.5360257488654562	0.007	0.005	0.06827295222673295	0.0001322727054173513	0.008207895367773308	0.015287063148468462	96.35272840036598
0.5392679941685454	0.007	0.005	0.06864806374613816	0.00012962156808371365	0.008300717687654467	0.01531844664063572	96.3310769721746
0.5424820494325482	0.007	0.005	0.06901948783272631	0.00012704322370898279	0.00839317021181442	0.01534892889600336	96.30961859660708
0.5457514337114132	0.007	0.005	0.06939687114425878	0.0001244700498372458	0.008487659655228208	0.015379306311638205	96.28779572554627
0.5489992529101969	0.007	0.005	0.06977133150478039	0.00012196356824297885	0.008581969310680159	0.015408866855662205	96.26612169566755
0.5523000833407508	0.007	0.005	0.0701514613553125	0.00011946571943207042	0.008678269870679604	0.015438292697341448	96.24409889892623
0.5555853472779295	0.007	0.005	0.07052935603851224	0.00011702931542435609	0.008774566987584375	0.015466974284160091	96.2221849627801
0.558921847970169	0.007	0.005	0.0709126929402091	0.00011460441060615649	0.008872824810648921	0.015495497432628524	96.1999343652986
0.5622482544211451	0.007	0.005	0.07129441769833038	0.00011223642350659511	0.008971244329650253	0.015523339051500683	96.17775620666679
0.565624608072045	0.007	0.005	0.07168141270487519	0.00010988229884793028	0.009071608903211247	0.015551003557068722	96.15525026366933
0.5689959002392362	0.007	0.005	0.07206736413821195	0.00010758117347022123	0.009172291293791289	0.015578040911335283	96.13278331391372
0.572416285963133	0.007	0.005	0.07245846310727473	0.00010529584908777564	0.009274916594997452	0.015604886652165886	96.1099945597855
0.5758362790314993	0.007	0.005	0.0728490415322858	0.00010306012031946951	0.009378008773749554	0.015631152558339488	96.0872138230319
0.5793049058052243	0.007	0.005	0.07324468881535567	0.00010084177359066386	0.009483054355815715	0.01565721577909533	96.06411465023353
0.5827775118127299	0.007	0.005	0.07364030088276885	9.86700541063875e-5	0.009588710608090457	0.01568274049842162	96.04099454045
0.586298650861744	0.007	0.005	0.0740409428265515	9.651699677964992e-5	0.009696342718897034	0.0157080542701596	96.017556986269
0.5898279019439505	0.007	0.005	0.07444200389704185	9.440796757377565e-5	0.009804725623662792	0.01573286578195584	95.99407117583985
0.5934059166970241	0.007	0.005	0.07484809200033937	9.23186272594518e-5	0.0099151183133131	0.0157574603828624	95.97026672611906
0.5969959893625262	0.007	0.005	0.07525502857940063	9.027102912504282e-5	0.01002639975192978	0.015781584625571846	95.94638798824353
0.600635364779209	0.007	0.005	0.07566702251097608	8.824393369972004e-5	0.010139736022872143	0.015805487864812423	95.92218738608041
0.6042906040783171	0.007	0.005	0.07608027460954614	8.625656038255443e-5	0.010254098239720727	0.01582894893973755	95.89788743861908
0.6079959756413749	0.007	0.005	0.07649864511773344	8.429032492824118e-5	0.01037057124941226	0.015852186432671365	95.87326049612525
0.6117209192066325	0.007	0.005	0.07691866853286689	8.23620178308686e-5	0.010488207965560731	0.015875006774542136	95.84850984708034
0.6154971031524376	0.007	0.005	0.07734390042070811	8.045533311858762e-5	0.010608022333340942	0.015897602184084814	95.8234252497977
0.6192965081279829	0.007	0.005	0.0777711692713996	7.858497593023032e-5	0.010729140011989926	0.015919802719752605	95.79819302444538
0.623148531049498	0.007	0.005	0.07820376422062948	7.673659940052224e-5	0.010852513175768554	0.015941777955284488	95.77261814089303
0.6270274008618532	0.007	0.005	0.07863877338701397	7.492311434485521e-5	0.010977332349475675	0.015963378232384008	95.74687191091783
0.6309605315658983	0.007	0.005	0.07907925294951788	7.313186194550946e-5	0.011104496067472668	0.015984753627352424	95.72077258820352
0.6349241459526921	0.007	0.005	0.07952252079186398	7.137420593271811e-5	0.011233252841662917	0.016005771934677004	95.69447818024348
0.6389439290791916	0.007	0.005	0.07997142948272828	6.963894518012453e-5	0.01136445483156077	0.016026566400385085	95.66781852913921
0.6429978761495105	0.007	0.005	0.08042350069045066	6.793610664955721e-5	0.011497402534463555	0.016047019871946826	95.64093982103276
0.647110167254949	0.007	0.005	0.08088140913865666	6.625575102690627e-5	0.0116329082480881	0.016067251027378705	95.6136819926239
0.6512603786549546	0.007	0.005	0.08134285781691886	6.460674708469162e-5	0.011770319271386264	0.01608715573583372	95.58618069039161
0.6554713837779714	0.007	0.005	0.0818103662969906	6.298025055434968e-5	0.0119104139137277	0.016106840029252986	95.5582846244552
0.6597241730818884	0.007	0.005	0.08228179928843057	6.138412454370346e-5	0.012052581760007081	0.016126211068030055	95.53012001941703
0.6640404896591718	0.007	0.005	0.08275954126724236	5.981047761625113e-5	0.012197572462360463	0.01614536387395726	95.50154318550057
0.6684025940932408	0.007	0.005	0.08324160170357685	5.826629717003844e-5	0.012344814015747635	0.016164215428025167	95.4726718910308
0.6728312587166659	0.007	0.005	0.08373024799336172	5.6744522475044787e-5	0.012495032359383578	0.016182851145023932	95.44336898608914
0.6773098873483621	0.007	0.005	0.08422361940153478	5.525137714761221e-5	0.012647690501282173	0.016201196562069337	95.41374463354545
0.6818584249458	0.007	0.005	0.08472388229452828	5.378052678500379e-5	0.012803495228665994	0.01621932868456551	95.38366727231349
0.6864613102333004	0.007	0.005	0.08522929288808001	5.2337526610277226e-5	0.012961941713514483	0.01623718053054644	95.35324018701785
0.6911377904220286	0.007	0.005	0.0857419308836053	5.0916679247022606e-5	0.013123721838717137	0.016254821719536804	95.32233654737878
0.6958732476563007	0.007	0.005	0.08626015850955736	4.952295289833532e-5	0.01328836060553653	0.016272191835385644	95.29105337503455
0.7006863493227236	0.007	0.005	0.08678598171267453	4.815121075520413e-5	0.01345653898789932	0.016289353987123934	95.25926779187338
0.7055633415325833	0.007	0.005	0.08731785914962978	4.680590443449227e-5	0.01362780985195595	0.016306253533122615	95.22707109194936
0.7105224225499003	0.007	0.005	0.08785773496335454	4.548239138468014e-5	0.013802847155106998	0.016322947830953005	95.19434362039642
0.7155506352824051	0.007	0.005	0.08840415601260566	4.418466735143868e-5	0.013981230062709146	0.016339387332421167	95.16117139784755
0.7206658128064898	0.007	0.005	0.0889590156734772	4.290852678030907e-5	0.014163629320894511	0.016355624298781932	95.12743731054846
0.7258557385564985	0.007	0.005	0.08952094196442585	4.165756207851751e-5	0.014349649199022275	0.016371613686632317	95.0932224880457
0.7311379772827604	0.007	0.005	0.09009178757989444	4.042795559650653e-5	0.014539960939180956	0.0163874032217711	95.05841172444507
0.7365010095635528	0.007	0.005	0.09067025602935334	3.9222941282609865e-5	0.01473419318185291	0.016402951864147735	95.02308155592333
0.7419622249083028	0.007	0.005	0.09125816880696987	3.803904686806743e-5	0.014933021395819878	0.0164183032896116	94.98711807846918
0.7475107674626196	0.007	0.005	0.09185430025431326	3.687918683976929e-5	0.0151360982361743	0.016433420026309712	94.95059346867177
0.7531639415681892	0.007	0.005	0.092460449610634	3.57401975308802e-5	0.015344107187943748	0.01644834211941795	94.91339454086283
0.7589115321069246	0.007	0.005	0.09307545847105747	3.462470767435049e-5	0.015556724998383915	0.01646303529009587	94.87558927608406
0.7647708461999856	0.007	0.005	0.09370111230481265	3.3529830436465345e-5	0.015774647060531236	0.01647753631411535	94.83706464033791
0.7707322977486402	0.007	0.005	0.09433631746543288	3.245793791793801e-5	0.01599757476646849	0.016491813782564035	94.79788451144789
0.776813286366832	0.007	0.005	0.09498285406536501	3.140639219596438e-5	0.016226219571842247	0.016505901519140106	94.75793543204666
0.7830048507607116	0.007	0.005	0.09563969137780284	3.0377334649595213e-5	0.016460308437107173	0.01651977069707358	94.71727722162548
0.7893245744010966	0.007	0.005	0.09630861245167097	2.936835189656414e-5	0.016700573315834456	0.016533452464039634	94.6757954172695
0.7957641308556619	0.007	0.005	0.09698864897120273	2.8381376665805976e-5	0.01694676831774887	0.016546920332191944	94.63354573369986
0.802341380945218	0.007	0.005	0.09768159509924833	2.741419902879423e-5	0.017199650657459167	0.01656020301076917	94.59041211060874
0.8090486526975151	0.007	0.005	0.0983865451911049	2.6468562731833128e-5	0.017459003694871064	0.01657327613398914	94.54644605200463
0.8159041833980921	0.007	0.005	0.09910531289983353	2.5542442693525135e-5	0.01772561516252298	0.016586166181337493	94.50152927647473
0.8229009905750827	0.007	0.005	0.09983705683361754	2.4637410594611853e-5	0.01799930056370012	0.016598850724245832	94.45570887406025
0.8300577929039676	0.007	0.005	0.1005836186564699	2.3751610010719638e-5	0.01828088395264869	0.016611354192381723	94.40886368640213
0.8373683473442511	0.007	0.005	0.1013442239853536	2.288645543362772e-5	0.018570216699598546	0.016623655932707284	94.36103609378141
0.8448519677382413	0.007	0.005	0.10212075138957218	2.204024484196596e-5	0.018868165703152473	0.01663577848192465	94.31210135418328
0.8525032150413723	0.007	0.005	0.10291249729325586	2.1214248915088577e-5	0.019174622810513353	0.01664770281717205	94.2620967528501
0.8603421229465357	0.007	0.005	0.10372138654118382	2.040690744751937e-5	0.01949050515292077	0.01665944971879942	94.21089319457107
0.8683641421749573	0.007	0.005	0.1045467917581375	1.961935891908944e-5	0.019815750892003887	0.016671001669381513	94.15852235351643
0.8765901645457247	0.007	0.005	0.10539069404500785	1.8850173815538786e-5	0.020151335836129065	0.0166823778115128	94.1048499332703
0.8850166401752354	0.007	0.005	0.10625254931910454	1.8100368628947455e-5	0.020497251736957742	0.016693562024714417	94.04990133505639
0.8936654717655681	0.007	0.005	0.10713440544255949	1.7368634866762535e-5	0.020854542716262033	0.016704571913669267	93.99353613135254
0.9025342405632082	0.007	0.005	0.10803581003110023	1.6655876499598354e-5	0.02122326287618141	0.016715392653310644	93.9357726568936
0.9116460328606361	0.007	0.005	0.10895888908186224	1.5960897356447636e-5	0.02160453581937433	0.016726040397515626	93.87646330851257
0.9209997230304575	0.007	0.005	0.10990329220991595	1.52844973316888e-5	0.02199848871883518	0.016736501526323604	93.81561837947255
0.9306197774719854	0.007	0.005	0.11087123590135159	1.4625584711135238e-5	0.022406337664468572	0.01674679081854471	93.75308191047658
0.9405065556069073	0.007	0.005	0.11186248361239402	1.3984863243198242e-5	0.02282829573733777	0.016756895772785642	93.68885500341739
0.9506861202280714	0.007	0.005	0.11287935490736474	1.3361338954638288e-5	0.023265686354453426	0.016766829851152	93.62277205736146
0.9611605409243885	0.007	0.005	0.11392174041734547	1.2755626852882514e-5	0.02371882378269048	0.016776581587609318	93.5548236419865
0.9719577123223698	0.007	0.005	0.11499207515593299	1.2166824950023494e-5	0.02418915558465317	0.01678616316982761	93.48483313371293
0.9830816711941143	0.007	0.005	0.11609039117047906	1.1595466560065445e-5	0.024677115079673868	0.016795564083834594	93.41277905300794
0.9945623939917575	0.007	0.005	0.11721925016263239	1.1040736721315317e-5	0.025184292748215393	0.016804795269616087	93.33847231353593
1.0064061546411958	0.007	0.005	0.11837883836501029	1.0503094448644404e-5	0.02571126077955682	0.01681384706895492	93.26187782344611
1.0186452474985448	0.007	0.005	0.11957185100239945	9.98180808249531e-6	0.026259772166759083	0.016822729175010636	93.1827927257471
1.0312884433194747	0.007	0.005	0.12079863704357703	9.477269974059607e-6	0.026830558797707325	0.01683143267413004	93.10116686459605
1.04437053048326	0.007	0.005	0.12206202281711327	8.98882934576696e-6	0.027425554501886912	0.016839965981598214	93.01678274028005
1.0579029526621782	0.007	0.005	0.12336251694790171	8.516820542459584e-6	0.028045669288142144	0.016848320783802596	92.9295742714269
1.0719230014074241	0.007	0.005	0.12470305487539543	8.06067311451628e-6	0.02869302962093908	0.01685650413769596	92.83930957142043
1.0864447564669961	0.007	0.005	0.12608427805317252	7.620673326877803e-6	0.0293687330858581	0.016864508138147768	92.74590719368136
1.1015076676224753	0.007	0.005	0.127509172566238	7.196332510550584e-6	0.03007509426174728	0.01687233833935818	92.64912344294284
1.1171279459358168	0.007	0.005	0.12897843957192115	6.787900610438492e-6	0.03081338527413382	0.01687998698207246	92.54886511055652
1.1333461564173795	0.007	0.005	0.13049499143807722	6.394974303856898e-6	0.03158606921545377	0.016887457889745265	92.44488376628735
1.150179258802219	0.007	0.005	0.13205943571540601	6.01778003463892e-6	0.03239453421162325	0.016894743109471148	92.33708365930781
1.167666680659442	0.007	0.005	0.1336743802098534	5.65600369304061e-6	0.03324128756962427	0.016901844434259888	92.2252263824826
1.1858233177237132	0.007	0.005	0.13534006400505263	5.3098587423647445e-6	0.0341276960625971	0.01690875334439728	92.10923188832241
1.204683434987154	0.007	0.005	0.13705841499633706	4.979118627924371e-6	0.03505610595471675	0.016915469327884528	91.9888976541893
1.2242552142695204	0.007	0.005	0.13882888749570288	4.663983372582468e-6	0.036027615944942526	0.01692198306018976	91.864188978899
1.244561915526388	0.007	0.005	0.14065222715290657	4.364293952321306e-6	0.03704409040755436	0.016928291754531803	91.73497618702082
1.2655991363046768	0.007	0.005	0.14252662458489002	4.080209933929079e-6	0.03810602230125404	0.01693438555950042	91.6013067212232
1.2873730291712433	0.007	0.005	0.14445117604029845	3.8115850977586913e-6	0.039214425300137135	0.016940260210003753	91.46316159635447
1.3098621343819488	0.007	0.005	0.14642251511183235	3.558473728858243e-6	0.040368885692155035	0.016945906550823536	91.32069749642116
1.3330527443230418	0.007	0.005	0.14843797789062227	3.3206522007521293e-6	0.0415693379084923	0.016951320679994768	91.17402189053527
1.3569070464575057	0.007	0.005	0.15049284634212307	3.097984972911721e-6	0.042814408403420476	0.016956496208039497	91.02339436418045
1.381395088555458	0.007	0.005	0.15258316327979773	2.890084406017553e-6	0.04410305016783486	0.016961431894238908	90.8690239490773
1.406469496893782	0.007	0.005	0.15470358005367305	2.696575768239397e-6	0.04543321122614327	0.01696612595750656	90.71122841104015
1.432092506119887	0.007	0.005	0.15684968580562417	2.5168813890294693e-6	0.046803247951499836	0.016970581257721253	90.55026354595036
1.4582161518147798	0.007	0.005	0.15901633988731623	2.3504137399325493e-6	0.04821087419332506	0.01697480106034552	90.38644771032911
1.4848031798492536	0.007	0.005	0.16119942731199954	2.196453022022365e-6	0.04965428109215533	0.016978792187304432	90.22003039201022
1.511811566052925	0.007	0.005	0.16339456697347501	2.054282581727364e-6	0.0511313112602881	0.01698256192876938	90.05128937066463
1.5392095471745413	0.007	0.005	0.16559833774762872	1.923123266069776e-6	0.052640282861337526	0.0169861198318216	89.88043672569943
1.5669637784656585	0.007	0.005	0.16780730032902205	1.802221372722586e-6	0.054179353466102996	0.01698947557719414	89.7076930218056
1.5950496355978856	0.007	0.005	0.17001881260719376	1.690812737224816e-6	0.055747097135565776	0.0169926399794382	89.53322323417471
1.6234424469739686	0.007	0.005	0.17223031473117395	1.588175136739167e-6	0.057342029197426266	0.016995623622304088	89.35719154292607
1.6521243654330222	0.007	0.005	0.17443985662542505	1.4936069896503604e-6	0.05896299851655314	0.016998437435223425	89.17971882374641
1.6810781061091684	0.007	0.005	0.17664559503390356	1.4064558955514631e-6	0.06060884459754505	0.01700109187095434	89.00092167600567
1.7102914292018405	0.007	0.005	0.17884612722512624	1.326104818121415e-6	0.06227865769985834	0.017003597253431264	88.8208848412618
1.7397528007649299	0.007	0.005	0.18104014833382615	1.2519860522355226e-6	0.06397153867424347	0.017005963311320194	88.63968816435118
1.7694542891671878	0.007	0.005	0.1832266604499119	1.1835715109994008e-6	0.06568676937224519	0.017008199401174234	88.45738886774484
1.7993886177452663	0.007	0.005	0.18540474408598243	1.1203785114517125e-6	0.06742364775569867	0.017010314258507294	88.27403980473208
1.8295510184635997	0.007	0.005	0.18757368791638834	1.0619626012241604e-6	0.0691815982243363	0.017012316148802883	88.08967817646041
1.859937261401626	0.007	0.005	0.1897328389142884	1.0079190581533115e-6	0.07096006021027339	0.017014212745503764	87.90433769379051
1.8905448357286456	0.007	0.005	0.1918816824828954	9.578774335402344e-7	0.07275855913010164	0.017016011237135645	87.71804142768761
1.9213716478853093	0.007	0.005	0.1940197454229825	9.115009964486984e-7	0.07457663203791355	0.017017718276139602	87.53080981577222
1.9524167709001008	0.007	0.005	0.19614664520167854	8.684825186670896e-7	0.07641387297229094	0.017019340057624413	87.34265615089575
1.983679588551172	0.007	0.005	0.19826202749214986	8.285428715227959e-7	0.07826988359794977	0.017020882305748358	87.15359182586145
2.0151602689787764	0.007	0.005	0.20036559634510057	7.914277400249081e-7	0.08014430201183036	0.017022350333240514	86.96362349790799
2.0468592078974903	0.007	0.005	0.2024570744245869	7.569059778441781e-7	0.082036770327607	0.01702374904671453	86.7727564885658
2.078777326788262	0.007	0.005	0.20453622140317476	7.247670315384112e-7	0.08394695286008089	0.017025082992578055	86.58099300881631
2.1109157060938064	0.007	0.005	0.20660280838338121	6.948193498362158e-7	0.08587451456211252	0.017026356370568457	86.38833439034212
2.1432757794697386	0.007	0.005	0.2086566295470594	6.668883474774411e-7	0.08781913285830142	0.0170275730700599	86.19477993566655
2.175859087050069	0.007	0.005	0.21069748540253166	6.408149887140398e-7	0.0897804829947382	0.01702873668623645	86.00032841289838
2.2086674050859925	0.007	0.005	0.21272519037787402	6.164541708311015e-7	0.091758245902217	0.017029850549186	85.8049772922532
2.2417025738139476	0.007	0.005	0.21473956149869472	5.936735155055793e-7	0.09375209787042355	0.017030917739950375	85.60872378393898
2.274966585456471	0.007	0.005	0.21674042346682454	5.723520801731191e-7	0.0957617158457152	0.017031941114052727	85.4115643220819
2.3084614764623357	0.007	0.005	0.21872760177423448	5.523793389963756e-7	0.09778677090202677	0.01703292331674153	85.21349521222477
2.3421893666417204	0.007	0.005	0.22070092488763374	5.336541671349548e-7	0.09982693055731197	0.017033866801461857	85.01451240442695
2.376152397731208	0.007	0.005	0.22266022048294268	5.160839893081457e-7	0.10188185500360762	0.01703477384380859	84.81461186089489
2.410352754172977	0.007	0.005	0.2246053166264503	4.995839668197834e-7	0.10395119830183698	0.017035646556555196	84.61378943636875
2.4447926157121302	0.007	0.005	0.22653603906180794	4.840763014516551e-7	0.10603460545228562	0.017036486901594528	84.41204115919825
2.479474182330562	0.007	0.005	0.22845221269716318	4.694895740770252e-7	0.10813171384498363	0.01703729670264871	84.2093630862312
2.5143996185374866	0.007	0.005	0.2303536586143341	4.5575818481416577e-7	0.11024214983986948	0.017038077654971368	84.00575162937409
2.549571087172603	0.007	0.005	0.23224019611369456	4.428218102527942e-7	0.11236553077149333	0.017038831336260978	83.80120335747621
2.584990701738667	0.007	0.005	0.23411164032395337	4.306249470726327e-7	0.11450146204322145	0.017039559214844784	83.59571527313386
2.6206605436636012	0.007	0.005	0.2359678033937468	4.1911647497479657e-7	0.11664953816176127	0.01704026265854628	83.38928471009139
2.6565826298839874	0.007	0.005	0.23780849307361995	4.08249279621672e-7	0.1188093407943463	0.01704094294179679	83.18190951850661
2.6927589251410806	0.007	0.005	0.2396335136892839	3.9797989705827154e-7	0.12098043954348324	0.017041601253014717	82.97358799021096
2.7291913085769477	0.007	0.005	0.2414426648030005	3.882682057343628e-7	0.12316238999890522	0.01704223870052661	82.76431904713596
2.7658815905656953	0.007	0.005	0.24323574246590465	3.7907713363193735e-7	0.1253547348346823	0.01704285631889063	82.55410213930051
2.802831473505827	0.007	0.005	0.24501253771485088	3.703724073569805e-7	0.12755700157986413	0.0170434550737474	82.34293746402649
2.8400425708310855	0.007	0.005	0.24677283798106783	3.621223101610796e-7	0.1297687039061373	0.017044035867237545	82.13082585018492
2.8775163742708636	0.007	0.005	0.24851642601737695	3.542974745312659e-7	0.13198933986178799	0.01704459954215701	81.91776893785271
2.9152542577675997	0.007	0.005	0.2502430806358873	3.468706852820089e-7	0.13421839233125163	0.017045146886351812	81.70376914735674
2.953257461334369	0.007	0.005	0.2519525765266587	3.39816705080093e-7	0.1364553283424495	0.017045678636463394	81.48882976184167
2.991527084636391	0.007	0.005	0.25364468457037453	3.33112113410735e-7	0.13869959899521905	0.017046195481522745	81.27295495348216
3.0300640753027137	0.007	0.005	0.2553191719458265	3.2673516110383506e-7	0.14095063912463435	0.017046698066193182	81.0561498385818
3.0688692195222487	0.007	0.005	0.25697580237899537	3.206656373251357e-7	0.14320786714812003	0.01704718699379662	80.83842051866684
3.1079431350353834	0.007	0.005	0.2586143365249957	3.148847477465861e-7	0.14547068510110453	0.01704766282913878	80.619774107181
3.1472862640107997	0.007	0.005	0.26023453236669064	3.093750035855356e-7	0.14773847871401002	0.017048126101117382	80.40021875601703
3.1868988526076585	0.007	0.005	0.2618361451007876	3.0412012193874455e-7	0.1500106167766267	0.017048577304984616	80.17976375522588
3.2267809592430763	0.007	0.005	0.26341892823171664	2.991049308906602e-7	0.1522864522103104	0.01704901690477003	79.95841947158102
3.266932433857301	0.007	0.005	0.2649826334963284	2.943152865170706e-7	0.1545653215230831	0.0170494453351999	79.73619744801445
3.3073529236012	0.007	0.005	0.26652701186620764	2.897379936473211e-7	0.15684654582932928	0.017049863003762804	79.51311035533166
3.3480418544859836	0.007	0.005	0.26805181361743563	2.8536073618734625e-7	0.15912943055308698	0.017050270292374416	79.28917207638027
3.3889984317317743	0.007	0.005	0.2695567891449408	2.8117201112626287e-7	0.16141326624643137	0.017050667559115995	79.06439768585315
3.430221645832267	0.007	0.005	0.2710416899616497	2.771610674924364e-7	0.16369732976169252	0.017051055139895823	78.83880339870484
3.471710254136578	0.007	0.005	0.2725062687978818	2.7331785308617105e-7	0.16598088410430148	0.01705143334976281	78.61240665237133
3.51346278710333	0.007	0.005	0.2739502806058067	2.6963296281784833e-7	0.16826317970623708	0.01705180248435817	78.38522605303851
3.5554775521814035	0.007	0.005	0.27537348343758467	2.6609759185219194e-7	0.17054345559184128	0.01705216282123713	78.15728133519455
3.59775262395112	0.007	0.005	0.27677563883589956	2.627034936465249e-7	0.1728209398292323	0.017052514620981556	77.9285933956162
3.6402858625326533	0.007	0.005	0.2781565131531099	2.5944293914980335e-7	0.1750948515413568	0.017052858128469312	77.69918417403815
3.683074907121946	0.007	0.005	0.2795158779902466	2.5630868122690623e-7	0.1773644015850731	0.017053193573849035	77.46907666901006
3.7261171867580134	0.007	0.005	0.2808535111712873	2.532939206664074e-7	0.17962879417386401	0.017053521173584635	77.23829486077226
3.769409928740221	0.007	0.005	0.2821691975806037	2.5039227512803395e-7	0.1818872283722811	0.01705384113140525	77.00686364761057
3.812950164593425	0.007	0.005	0.28346272987248106	2.4759775067824597e-7	0.18413889945981257	0.017054153639170108	76.77480879599152
3.856734742229302	0.007	0.005	0.2847339093129979	2.44904715202694e-7	0.1863830006094101	0.017054458877716814	76.54215685833658
3.900760344491516	0.007	0.005	0.28598254673089446	2.423078735076285e-7	0.1886187248660817	0.017054757017690658	76.30893505816142
3.945023493630305	0.007	0.005	0.28720846298916375	2.3980224525544984e-7	0.19084526637539745	0.017055048220218885	76.07517125118437
3.989520567890223	0.007	0.005	0.28841148974340397	2.3738314384978357e-7	0.19306182220272122	0.017055332637618374	75.8408938231848
4.034247830569327	0.007	0.005	0.28959147044142197	2.3504615624766956e-7	0.19526759471539037	0.017055610414127002	75.60613152412702
4.079201427001899	0.007	0.005	0.29074826037759605	2.3278712617122195e-7	0.19746179231547223	0.017055881686382737	75.37091347272653
4.124377417623064	0.007	0.005	0.2918817276376284	2.3060213645099568e-7	0.19964363190683487	0.01705614658408732	75.1352689728504
4.1697717937708	0.007	0.005	0.29299175348565076	2.2848749378044056e-7	0.2018123404283025	0.017056405230514975	74.89922742283404
4.215380484782492	0.007	0.005	0.2940782324750109	2.2643971493121955e-7	0.20396715591265713	0.017056657742936698	74.66281827147378
4.261199398796926	0.007	0.005	0.2951410732935143	2.2445551231437444e-7	0.206107330070401	0.017056904233197126	74.42607080091713
4.3072244246553115	0.007	0.005	0.29618019858192324	2.225317825239598e-7	0.2082321289352603	0.017057144808035947	74.18901411370548
4.353451458394041	0.007	0.005	0.29719554527265746	2.2066559432514594e-7	0.2103408345943679	0.017057379569515883	73.95167699404882
4.399876417893303	0.007	0.005	0.2981870645781471	2.1885417826749268e-7	0.21243274627461806	0.017057608615356205	73.71408783233647
4.44649526394694	0.007	0.005	0.2991547220559119	2.1709491650163733e-7	0.21450718163607282	0.017057832039272174	73.47627451850032
4.493304009208859	0.007	0.005	0.30009849735768546	2.1538533386363242e-7	0.21656347743568272	0.017058049931230654	73.23826439911623
4.540298749072832	0.007	0.005	0.3010183843721514	2.1372308871223646e-7	0.21860099107483733	0.017058262377786692	73.00008412451791
4.587475671064386	0.007	0.005	0.3019143908619007	2.1210596508495723e-7	0.22061910109621394	0.01705846946229414	72.76175960745087
4.634831064260071	0.007	0.005	0.3027865380753468	2.1053186542420123e-7	0.2226172076170977	0.017058671265101865	72.52331598262506
4.6823613382061655	0.007	0.005	0.3036348605015605	2.0899880333256954e-7	0.22459473309043038	0.017058867863774755	72.28477751970541
4.730063026167803	0.007	0.005	0.30445940530442783	2.0750489736131845e-7	0.2265511223295293	0.017059059333232585	72.04616761652466
4.777932810542991	0.007	0.005	0.3052602321222323	2.0604836440798085e-7	0.22848584337958255	0.017059245745965936	71.80750868238385
4.8259675230132	0.007	0.005	0.3060374123941647	2.046275143347266e-7	0.23039838726951153	0.01705942717213497	71.56882214928113
4.874164147730448	0.007	0.005	0.3067910287478966	2.032407447740281e-7	0.23228826785206558	0.017059603679674545	71.33012846821373
4.9225198404626	0.007	0.005	0.30752117462883344	2.01886535760872e-7	0.23415502221579082	0.017059775334448374	71.0914470272221
4.9710319285525255	0.007	0.005	0.3082279536099873	2.005634451910406e-7	0.23599821027748205	0.017059942200321313	70.85279616561479
5.019697910721381	0.007	0.005	0.30891147871752	1.9927010463974132e-7	0.23781741434379577	0.017060104339227344	70.61419318899756
5.068515469696972	0.007	0.005	0.30957187194490315	1.9800521496178936e-7	0.23961223911779136	0.017060261811274614	70.37565432175869
5.1174824653813795	0.007	0.005	0.3102092634980595	1.9676754263363063e-7	0.24138231093958284	0.017060414674779128	70.13719475544521
5.166596944098418	0.007	0.005	0.310823791277345	1.9555591598975457e-7	0.24312727759859723	0.01706056298634697	69.89882861857562
5.215857131499183	0.007	0.005	0.31141560015819947	1.943692219644558e-7	0.24484680752781152	0.017060706800900594	69.66056902629037
5.265261441660489	0.007	0.005	0.31198484149451666	1.932064026562596e-7	0.24654058955806116	0.017060846171750924	69.42242805138625
5.314808466469366	0.007	0.005	0.31253167240136126	1.9206645258423057e-7	0.24820833196613132	0.01706098115060815	69.18441679079123
5.364496977964523	0.007	0.005	0.31305625522100666	1.9094841570810696e-7	0.24984976197351502	0.01706111178762893	68.94654536906218
5.414325930630357	0.007	0.005	0.3135587570000336	1.8985138266634092e-7	0.25146462522347746	0.017061238131459003	68.708822942331
5.464294447057391	0.007	0.005	0.3140393488220944	1.8877448855577595e-7	0.25305268471621545	0.017061360229231565	68.4712577814078
5.5144018233057635	0.007	0.005	0.3144982053741865	1.8771691033129603e-7	0.25461372039730834	0.017061478126616035	68.23385726026176
5.564647527615022	0.007	0.005	0.3149355044586732	1.866778645286883e-7	0.2561475285180919	0.017061591867846063	67.99662787637156
5.615031182318581	0.007	0.005	0.3153514263907811	1.8565660545711136e-7	0.25765392049846214	0.017061701495709593	67.7595753498084
5.665552585731505	0.007	0.005	0.3157461537639338	1.846524227085512e-7	0.25913272301106194	0.0170618070516273	67.52270453342275
5.716211673749134	0.007	0.005	0.31611987074117887	1.8366463996239715e-7	0.2605837762719753	0.017061908575598677	67.28601960634445
5.7670085449879815	0.007	0.005	0.31647276288940307	1.8269261255997907e-7	0.26200693423429733	0.017062006106284267	67.04952396835992
5.817943438894199	0.007	0.005	0.3168050166658586	1.8173572630597582e-7	0.26340206341262684	0.017062099680988083	66.81322035454892
5.86901673727922	0.007	0.005	0.31711681911217826	1.807933956448539e-7	0.2647690424094572	0.01706218933568844	66.57711083962874
5.920228969266136	0.007	0.005	0.3174083575759326	1.7986506209873248e-7	0.2661077615246432	0.017062275105071033	66.34119682673683
5.971580782194711	0.007	0.005	0.3176798192595675	1.7895019325824056e-7	0.26741812148988636	0.017062357022504235	66.10547919264964
6.023072959997705	0.007	0.005	0.31793139107399676	1.7804828106757406e-7	0.2687000334812301	0.017062435120095962	65.86995821337806
6.074706410968982	0.007	0.005	0.3181632593274072	1.7715884067565508e-7	0.2699534183322369	0.017062509428696603	65.63463363078688
6.126482165680631	0.007	0.005	0.31837560949338134	1.7628140928845338e-7	0.2711782060330894	0.01706257997791888	65.39950467198214
6.178401364532116	0.007	0.005	0.31856862595721996	1.7541554511093464e-7	0.27237433500563485	0.017062646796143492	65.16457011529941
6.230465262420705	0.007	0.005	0.31874249185391584	1.7456082621455678e-7	0.27354175180740686	0.017062709910548392	64.92982827799472
6.282675233485866	0.007	0.005	0.31889738890435976	1.7371684933838908e-7	0.2746804108246098	0.017062769347133955	64.69527700403638
6.335032744635875	0.007	0.005	0.3190334971742553	1.7288322937697684e-7	0.27579027330060496	0.017062825130712053	64.46091379181999
6.387539374042776	0.007	0.005	0.3191509949914494	1.7205959806859902e-7	0.27687130737888166	0.017062877284947826	64.22673571908798
6.440196787946667	0.007	0.005	0.319250058759352	1.7124560354474162e-7	0.277923487263536	0.017062925832354674	63.992739554556024
6.493006762735265	0.007	0.005	0.31933086288805845	1.704409090561049e-7	0.2789467933335357	0.017062970794334362	63.75892166717132
6.545971154591234	0.007	0.005	0.31939357963260817	1.6964519271269986e-7	0.27994121121429183	0.017063012191166998	63.52527816837206
6.599091918103255	0.007	0.005	0.3194383790332298	1.688581464140365e-7	0.2809067318401979	0.01706305004204529	63.29180483657329
6.6523710933170435	0.007	0.005	0.3194654288124142	1.680794753234784e-7	0.28184335091101603	0.017063084365080316	63.05849718139076
6.705810817455037	0.007	0.005	0.3194748943039443	1.6730889703537313e-7	0.2827510688127277	0.017063115177324544	62.825350399167924
6.759413297661937	0.007	0.005	0.31946693837624035	1.6654614135745394e-7	0.2836298898757844	0.01706314249477021	62.59235949871806
6.813180901215712	0.007	0.005	0.31944172133980114	1.6579094840255114e-7	0.2844798235587826	0.017063166332405497	62.35951891667586
6.867116032181288	0.007	0.005	0.3193994008895113	1.6504306981763375e-7	0.28530088213368376	0.01706318670416026	62.126823061214246
6.921221149919563	0.007	0.005	0.3193401321080901	1.6430226794885428e-7	0.28609308084649254	0.01706320362293897	61.894266235223746
6.975498802321874	0.007	0.005	0.3192640674139018	1.6356831489211503e-7	0.28685643822143264	0.017063217100648193	61.66184249834069
7.0299516053250795	0.007	0.005	0.31917135655083456	1.628409922465465e-7	0.2875909755471573	0.0170632271482019	61.4295457609175
7.084582251145122	0.007	0.005	0.3190621465572252	1.6212009060958283e-7	0.288296716803106	0.017063233775536188	61.19736975418603
7.139393509375455	0.007	0.005	0.3189365817408101	1.6140540910132786e-7	0.28897368847814253	0.017063236991619702	60.96530803136206
7.194388228117926	0.007	0.005	0.3187948036551581	1.6069675498654828e-7	0.28962191939269977	0.017063236804462763	60.73335396871382
7.249569327813453	0.007	0.005	0.31863695109953	1.5999394334901458e-7	0.29024144044417055	0.01706323322112593	60.50150079734927
7.304939802339548	0.007	0.005	0.31846316010856424	1.5929679674261078e-7	0.2908322844554387	0.017063226247728953	60.26974160404686
7.3605027238321705	0.007	0.005	0.31827356392988043	1.5860514478726263e-7	0.2913944860632242	0.017063215889457733	60.038069316690375
7.416261232783006	0.007	0.005	0.31806829305303114	1.5791882397600435e-7	0.29192808146059357	0.017063202150572946	59.80647675120662
7.472218554006296	0.007	0.005	0.31784747515175066	1.5723767722105656e-7	0.2924331084053812	0.017063185034412884	59.574956550721275
7.528377983045711	0.007	0.005	0.31761123513202666	1.5656155367655572e-7	0.2929096059407807	0.01706316454340167	59.34350124784309
7.584742891078425	0.007	0.005	0.3173596951193948	1.558903084930631e-7	0.2933576143092334	0.01706314067905339	59.11210324984987
7.641316733682385	0.007	0.005	0.31709297442263473	1.5522380240990009e-7	0.2937771748851571	0.017063113441971995	58.8807548085804
7.698103037132406	0.007	0.005	0.3168111896014757	1.545619017177933e-7	0.2941683299382391	0.017063082831860466	58.649448082522866
7.755105410974014	0.007	0.005	0.31651445441737186	1.539044778790644e-7	0.2945311226077325	0.017063048847517873	58.41817509118199
7.812327549438896	0.007	0.005	0.3162028798306831	1.5325140733042794e-7	0.2948655967822156	0.017063011486839332	58.186927715662726
7.869773209985863	0.007	0.005	0.3158765741314043	1.5260257154682558e-7	0.2951717968665664	0.01706297074683203	57.955697791284855
7.927446268119414	0.007	0.005	0.3155356426427701	1.519578562053091e-7	0.29544976797046696	0.017062926623577643	57.72447689293922
7.985350642416438	0.007	0.005	0.31518018816364557	1.5131715188069814e-7	0.2956995554102135	0.017062879112286263	57.493256642959004
8.043490372681978	0.007	0.005	0.3148103105242461	1.5068035305691556e-7	0.29592120499081814	0.017062828207236713	57.26202840400122
8.101869552203368	0.007	0.005	0.314426107016175	1.5004735867218067e-7	0.29611476261331465	0.017062773901830527	57.03078355621196
8.160492402850693	0.007	0.005	0.31402767192805187	1.494180712202395e-7	0.29628027445993516	0.017062716188523477	56.79951320549074
8.219363199082466	0.007	0.005	0.3136150970621009	1.487923973980687e-7	0.296417786649827	0.017062655058893473	56.56820849143213
8.278486339761843	0.007	0.005	0.31318847126798266	1.48170247281867e-7	0.2965273453632212	0.017062590503567572	56.33686031076909
8.337866295156758	0.007	0.005	0.3127478808288419	1.475515347354274e-7	0.2966089966240531	0.017062522512272065	56.10545953313873
8.397507647999854	0.007	0.005	0.31229340918908877	1.469361769071771e-7	0.29666278630567067	0.01706245107378427	55.873996847475254
8.457415075698192	0.007	0.005	0.3118251371015293	1.4632409433724252e-7	0.29668876001666283	0.017062376175946393	55.64246283934404
8.517593364181991	0.007	0.005	0.3113431425423036	1.4571521070218703e-7	0.29668696303743664	0.017062297805642997	55.41084794505749
8.578047410017541	0.007	0.005	0.3108475007103346	1.4510945276459084e-7	0.296657440235733	0.017062215948790347	55.17914245202616
8.638782424634075	0.007	0.005	0.310338282314896	1.4450674828165177e-7	0.29660023575013666	0.01706213059003597	54.94733572954525
8.699803388211137	0.007	0.005	0.30981555814049966	1.439070313655871e-7	0.29651539334653215	0.017062041713507874	54.715418325028445
8.761115653270986	0.007	0.005	0.30927939405040417	1.4331023646424186e-7	0.2964029558837518	0.017061949301968703	54.483379665715034
8.82272448051467	0.007	0.005	0.3087298549638846	1.427163028635038e-7	0.2962629658422388	0.017061853337476316	54.25120983384162
8.884635403818708	0.007	0.005	0.30816700171533845	1.4212517110830568e-7	0.2960954646608119	0.017061753800831095	54.018898192389344
8.946853958318043	0.007	0.005	0.30759089349173335	1.4153678556783645e-7	0.29590049326620205	0.017061650671985232	53.78643442065221
9.009385892782314	0.007	0.005	0.3070015859442545	1.4095109243427005e-7	0.29567809148682195	0.017061543929694813	53.55380772581461
9.07223701507982	0.007	0.005	0.3063991326400751	1.4036804112728602e-7	0.2954282984725783	0.017061433551762414	53.32100743118192
9.13541331963379	0.007	0.005	0.305783583897809	1.3978758307660786e-7	0.29515115221775695	0.01706131951480968	53.08802251180924
9.198920885697163	0.007	0.005	0.305154987792113	1.392096727520877e-7	0.2948466899247749	0.017061201794443173	52.8548419821424
9.262765985467453	0.007	0.005	0.3045133891319345	1.386342665439706e-7	0.2945149474951013	0.017061080365046024	52.621454508447265
9.32695496861235	0.007	0.005	0.30385883064150426	1.3806132393544425e-7	0.2941559600662873	0.01706095519997994	52.387848843675876
9.39149439290411	0.007	0.005	0.30319135168448824	1.374908062813832e-7	0.29376976131396076	0.017060826271323302	52.154013361456066
9.45639091647171	0.007	0.005	0.3025109893950952	1.36922677804164e-7	0.2933563840240617	0.017060693550065394	51.9199364607165
9.521651382617176	0.007	0.005	0.3018177778463646	1.3635690489256155e-7	0.29291585959048627	0.01706055700592432	51.68560626999053
9.587282762801273	0.007	0.005	0.3011117486875325	1.3579345657398506e-7	0.29244821836857504	0.017060416607448035	51.45101086583875
9.653292203514113	0.007	0.005	0.30039293069400996	1.3523230423531472e-7	0.29195348937188903	0.017060272321902367	51.21613811696064
9.719686999333888	0.007	0.005	0.29966135010263645	1.3467342181603366e-7	0.2914317004713639	0.017060124115312908	50.98097579376173
9.786474618583606	0.007	0.005	0.29891703038288087	1.3411678571060262e-7	0.29088287822493086	0.017059971952393803	50.745511490327864
9.85366268499824	0.007	0.005	0.2981599924915875	1.3356237491742387e-7	0.2903070480500985	0.01705981579657325	50.50973270297395
9.921258999369506	0.007	0.005	0.29739025468817754	1.3301017094766873e-7	0.2897042340853929	0.01705965560992893	50.2736267677394
9.989271521069885	0.007	0.005	0.29660783280282194	1.324601580877773e-7	0.2890744593987604	0.01705949135321587	50.037180939216206
10.057708385479929	0.007	0.005	0.29581274010294206	1.3191232324576145e-7	0.2884177458969559	0.017059322985810806	49.80038234368397
10.126577894421965	0.007	0.005	0.29500498747042064	1.3136665617736466e-7	0.28773411448589226	0.01705915046572065	49.563218026755344
10.195888510897047	0.007	0.005	0.29418458353853233	1.3082314959335123e-7	0.2870235852189738	0.017058973749583085	49.32567498542689
10.265648881535093	0.007	0.005	0.29335153450405554	1.3028179904376951e-7	0.28628617717153404	0.017058792792596696	49.08774010537546
10.335867803598456	0.007	0.005	0.2925058446003295	1.2974260329943003e-7	0.2855219088983583	0.01705860754859331	48.84940028828036
10.406554247411774	0.007	0.005	0.29164751591881344	1.2920556431213167e-7	0.2847307983375841	0.017058417969969857	48.61064238918276
10.47771733682143	0.007	0.005	0.29077654873686937	1.2867068737371938e-7	0.2839128631747655	0.017058224007730334	48.37145329685249
10.549366338509744	0.007	0.005	0.2898929417509788	1.2813798139336786e-7	0.28306812114926216	0.01705802561150887	48.131819982730974
10.621510665331261	0.007	0.005	0.2889966921441931	1.2760745894429825e-7	0.2821965902194583	0.017057822729556516	47.89172950231533
10.694159870031717	0.007	0.005	0.2880877957753942	1.2707913644885444e-7	0.28129828885333097	0.017057615308755554	47.65116902869194
10.767323609416662	0.007	0.005	0.28716624774802757	1.2655303452433875e-7	0.2803732367179296	0.017057403294722374	47.410125982600036
10.841011656322967	0.007	0.005	0.2862320423908111	1.260291780793505e-7	0.2794214548131474	0.017057186631778652	47.168588002651084
10.91523385254765	0.007	0.005	0.28528517398934194	1.2550759667058545e-7	0.27844296637939614	0.017056965263097495	46.926543108827396
10.990000114837763	0.007	0.005	0.28432563685746853	1.249883247001141e-7	0.2774377971655587	0.017056739130700535	46.68397968956089
11.06532038574792	0.007	0.005	0.28335342611911907	1.2447140176610954e-7	0.2764059764531644	0.017056508175624333	46.440886666891004
11.14120462307126	0.007	0.005	0.28236853800841577	1.239568729746768e-7	0.2753475376137148	0.017056272337978993	46.197253533124076
11.21766273776201	0.007	0.005	0.2813709708454046	1.234447893588499e-7	0.27426251941691243	0.01705603155717317	45.95307055045219
11.29470458079728	0.007	0.005	0.280360725389653	1.2293520812676668e-7	0.2731509667114971	0.01705578577199775	45.708328789155495
11.37233986208603	0.007	0.005	0.2793378060907515	1.2242819330274961e-7	0.2720129321190195	0.017055534920934038	45.46302037851373
11.450578139231371	0.007	0.005	0.27830222143500727	1.219238158701231e-7	0.270848476777647	0.017055278942252058	45.217138530386805
11.529428705783467	0.007	0.005	0.27725398562574155	1.2142215457147e-7	0.26965767261067936	0.01705501777444659	44.97067787478655
11.608900565188945	0.007	0.005	0.2761931191437907	1.20923296096581e-7	0.268440603394052	0.01705475135641114	44.723634518133295
11.689002296739872	0.007	0.005	0.27511965075205924	1.204273359998174e-7	0.2671973675116	0.017054479627986393	44.47600643152994
11.769742029354784	0.007	0.005	0.2740336180710286	1.1993437880564624e-7	0.26592807912872013	0.017054202530167897	44.22779349435096
11.851127267694904	0.007	0.005	0.2729350701378076	1.1944453909907653e-7	0.26463287171237376	0.017053920005834642	43.978997984900836
11.933164859295337	0.007	0.005	0.27182406807643744	1.1895794158248829e-7	0.2633118994089814	0.017053632000019643	43.72962462522665
12.015860783979093	0.007	0.005	0.2707006881661448	1.1847472224613686e-7	0.2619653412985988	0.017053338460820848	43.47968115763349
12.099220118816001	0.007	0.005	0.2695650225339001	1.1799502839878035e-7	0.26059340288954036	0.017053039339725722	43.22917837275515
12.183246783493134	0.007	0.005	0.26841718282105764	1.1751901987908163e-7	0.2591963212232116	0.017052734592741772	42.97813078751914
12.267943491115165	0.007	0.005	0.2672573010457637	1.1704686904247722e-7	0.25777436665870423	0.017052424180825504	42.72655668746664
12.353311492992592	0.007	0.005	0.26608553325778267	1.1657876182371647e-7	0.2563278480852412	0.01705210807108512	42.47447876972994
12.439350487019013	0.007	0.005	0.2649020609347555	1.1611489775552021e-7	0.25485711542086087	0.017051786237421124	42.22192427976055
12.52605837382332	0.007	0.005	0.2637070944342761	1.1565549075612969e-7	0.25336256466736434	0.017051458661759403	41.96892558051599
12.613431139877775	0.007	0.005	0.2625008746646149	1.1520076907287714e-7	0.2518446407816291	0.01705112533484503	41.71552032817574
12.70146263913129	0.007	0.005	0.2612836761049712	1.1475097572061582e-7	0.25030384222959345	0.01705078625744629	41.46175192649937
12.790144464573226	0.007	0.005	0.26005580853113863	1.1430636822963343e-7	0.24874072390712884	0.01705044144124577	41.207669700711456
12.879465765578562	0.007	0.005	0.25881761942640097	1.1386721866897173e-7	0.24715590089269215	0.01705009090996209	40.95332921131645
12.969413165531703	0.007	0.005	0.257569494932948	1.134338129437544e-7	0.24555005028956217	0.017049734700099628	40.69879226551319
13.059970627755396	0.007	0.005	0.2563118614406807	1.1300645032649057e-7	0.24392391380071904	0.017049372861909277	40.44412706489539
13.151119420367356	0.007	0.005	0.25504518572099444	1.1258544232510173e-7	0.24227829833585696	0.017049005459961648	40.189408063794744
13.242838062367747	0.007	0.005	0.25376997523470435	1.1217111171952215e-7	0.2406140767166234	0.017048632573787376	39.93471587667994
13.33510241065738	0.007	0.005	0.2524867763950045	1.1176379070003312e-7	0.23893218557401427	0.01704825429793025	39.680136793499656
13.427885695415135	0.007	0.005	0.2511961734645635	1.1136381939172802e-7	0.23723362389655475	0.017047870742177697	39.425762447118686
13.521158713270497	0.007	0.005	0.24989878518190048	1.1097154364314848e-7	0.23551944841808234	0.017047482031104195	39.17168905830363
13.61488995817734	0.007	0.005	0.24859526218777092	1.105873129966658e-7	0.2337907698573544	0.017047088303818646	38.91801687190764
13.709045969415161	0.007	0.005	0.24728628137928296	1.1021147813070361e-7	0.23204874489301092	0.017046689712743437	38.66484902811355
13.803591555322225	0.007	0.005	0.24597254195722953	1.0984438862027847e-7	0.23029457017073382	0.017046286422838668	38.41229080470705
13.898490222600575	0.007	0.005	0.24465475859998398	1.0948639029781676e-7	0.22852947229602794	0.01704587860987916	38.160448342845896
13.99370449097638	0.007	0.005	0.24333365623693343	1.0913782303787819e-7	0.22675469977528476	0.01704546645913246	37.90942772291048
14.089196374303263	0.007	0.005	0.2420099625383669	1.0879901835378669e-7	0.22497151174338775	0.01704505016323688	37.659333642526484
14.184927742421138	0.007	0.005	0.24068440211068914	1.0847029753626337e-7	0.22318116884515124	0.017044629920506316	37.41026845742315
14.280860763418637	0.007	0.005	0.23935768964493143	1.0815196981816836e-7	0.22138492261506112	0.017044205932806474	37.16233105583389
14.37695829107232	0.007	0.005	0.23803052391182844	1.078443309803696e-7	0.21958400593334695	0.01704377840359418	36.91561592143287
14.473184233040396	0.007	0.005	0.2367035821223905	1.0754766231183732e-7	0.21777962395101008	0.01704334753597628	36.67021228690835
14.569503865892289	0.007	0.005	0.23537751513116803	1.0726222992630674e-7	0.2159729461668215	0.017042913530950183	36.42620346055612
14.665884165472157	0.007	0.005	0.23405294254383824	1.0698828436185763e-7	0.21416509841091624	0.017042476585529674	36.183666146785725
14.762293940614198	0.007	0.005	0.23273045064509607	1.0672606089984927e-7	0.2123571587406276	0.017042036891727015	35.94267028943393
14.858704152489969	0.007	0.005	0.23141058788750282	1.064757794448691e-7	0.21055015009754616	0.017041594634673373	35.70327846786612
14.955087908372972	0.007	0.005	0.23009386495579218	1.0623764571276087e-7	0.2087450393224557	0.017041149992211197	35.465546123305835
15.051420653402515	0.007	0.005	0.22878075221218083	1.0601185164289884e-7	0.2069427327099489	0.017040703133584793	35.22952129840989
15.147680094731765	0.007	0.005	0.22747168088639835	1.057985769029558e-7	0.20514407681973776	0.017040254219372435	34.99524504171072
15.243846317936933	0.007	0.005	0.22616704171635071	1.0559798970618958e-7	0.20334985591941016	0.017039803400546172	34.762751337831254
15.339901618365015	0.007	0.005	0.2248671875295322	1.0541024851795397e-7	0.20156079496593576	0.017039350818881548	34.532067727442524
15.435830545035989	0.007	0.005	0.22357243298373625	1.0523550312029198e-7	0.19977755880484324	0.017038896606402523	34.30321540158947
15.531619699865812	0.007	0.005	0.2222830576588908	1.0507389628332075e-7	0.19800075609309822	0.017038440886006676	34.07620987405859
15.627257737735698	0.007	0.005	0.22099930645918744	1.049255648938942e-7	0.19623093962315669	0.017037983771174138	33.85106115943479
15.722735124149226	0.007	0.005	0.2197213932955094	1.0479064158809128e-7	0.19446861125976847	0.017037525366860703	33.62777451225657
15.818044119807723	0.007	0.005	0.21844950172240235	1.04669255847872e-7	0.19271422276186082	0.01703706576934202	33.406350614404836
15.913178543623516	0.007	0.005	0.21718378854361328	1.0456153537115966e-7	0.1909681807684992	0.01703660506715008	33.18678626718842
16.0	0.007	0.005	0.2160321073321471	1.0447525537900529e-7	0.18937944744571367	0.017036182964835025	32.98766748717613
