0.0	0.007	0.005	0.0	0.0	0.0	0.0	100.0
0.00020728373015755573	0.007	0.005	2.792664910492275e-5	0.0001858682190166522	1.3752197177166865e-9	1.5725086737663888e-6	99.99840554542025
0.00030211759793590974	0.007	0.005	4.0702625930211705e-5	0.0002400435041620804	2.9213419862324158e-9	3.0799280643480387e-6	99.99767607891708
0.0004695058183955555	0.007	0.005	6.325205835866398e-5	0.0003058076061645758	7.054924279737443e-9	6.502753379136013e-6	99.99638853395811
0.0006105136401150252	0.007	0.005	8.224667303748955e-5	0.00034109788118247335	1.1928458730459546e-8	9.899300399074235e-6	99.99530391906649
0.0007882667184924938	0.007	0.005	0.0001061897625143249	0.00036920669508461054	1.988468795692939e-8	1.4598779564395426e-5	99.99393668092408
0.0009681574154821222	0.007	0.005	0.00013041926966835001	0.0003861275444197735	2.999458836728034e-8	1.9648737098194725e-5	99.99255301971559
0.0011747572228824215	0.007	0.005	0.00015824434914762017	0.0003972481559104267	4.415933984378646e-8	2.5660395551503805e-5	99.99096394426765
0.0013973572193918026	0.007	0.005	0.00018822209913181375	0.0004036828287433013	6.247620968976738e-8	3.22789375929439e-5	99.98925183061897
0.0016483074173868888	0.007	0.005	0.0002220149965727918	0.0004073417232786287	8.692531984967619e-8	3.983186241492967e-5	99.9873216983614
0.0019272282612896696	0.007	0.005	0.0002595709320605721	0.00040922998697849274	1.1882366182052859e-7	4.828185911720292e-5	99.98517647930508
0.002244361241841524	0.007	0.005	0.000302267573883926	0.000410134457930163	1.6113294148683596e-7	5.792075888766837e-5	99.9827374212995
0.002606568939047075	0.007	0.005	0.0003510269733248473	0.00041051644088086316	2.1731718308201e-7	6.894568466285261e-5	99.97995176810268
0.0030283570837457505	0.007	0.005	0.00040779913737822737	0.0004106521723884477	2.933050359003966e-7	8.179123592636201e-5	99.9767079936756
0.0035272869401945647	0.007	0.005	0.00047494365948105757	0.0004106838517628975	3.978574152059076e-7	9.698834509907056e-5	99.97287109446509
0.00413236631629761	0.007	0.005	0.0005563577400573777	0.00041067680847108154	5.459732565725051e-7	0.00011541829634249928	99.96821807566235
0.004887107878071611	0.007	0.005	0.0006578848602398489	0.00041065523908369035	7.634623479055634e-7	0.00013840468331485084	99.96241446847776
0.005862545811998137	0.007	0.005	0.0007890601135980563	0.0004106247197394257	1.0983480676919744e-6	0.00016810869586087425	99.95491430923195
0.007148247980802226	0.007	0.005	0.0009618907552615264	0.00041058405042068615	1.6323506118448772e-6	0.00020725405132650677	99.94502938257082
0.008701436523231628	0.007	0.005	0.0011705745370173644	0.0004105342415627101	2.4177477543910962e-6	0.00025453314140819357	99.93308923115633
0.010263732042909835	0.007	0.005	0.001380367448125984	0.0004104808299143447	3.3624315582654137e-6	0.00030207810641264243	99.92108050879557
0.011669244592466555	0.007	0.005	0.0015690086953232707	0.00041042805974955617	4.344709926677866e-6	0.0003448420631925188	99.91027814567377
0.012918452386026982	0.007	0.005	0.0017365935310009848	0.0004103853280379306	5.322888506035195e-6	0.00038284242214327866	99.90067807596729
0.014078085106202417	0.007	0.005	0.0018920959972663532	0.00041035240733332837	6.319392562019566e-6	0.00041811122082500496	99.89176720968767
0.015213390823735039	0.007	0.005	0.0020442751227793573	0.00041032067970488573	7.377426267565852e-6	0.0004526340193749439	99.88304404729776
0.016364357020236513	0.007	0.005	0.0021984916481608157	0.0004102866267668188	8.533231558867937e-6	0.00048762690421174173	99.87420133464728
0.017545409494489954	0.007	0.005	0.0023566747665320466	0.0004102501862073467	9.8062255302294e-6	0.000523528083321701	99.86512828713762
0.01875284339571086	0.007	0.005	0.0025183236054979997	0.00041021205530967705	1.1198637607534152e-5	0.0005602244555567405	99.85585342504554
0.01997407782125655	0.007	0.005	0.002681750480798181	0.00041017305502592994	1.2700442312913266e-5	0.0005973333118421006	99.84647343091576
0.021196638842797485	0.007	0.005	0.002845284847779642	0.00041013393071667997	1.4297945864988356e-5	0.0006344754776897258	99.83708413008534
0.023630205152531003	0.007	0.005	0.003170599383846875	0.0004100652872341775	1.7757593654675653e-5	0.0007083876525017101	99.81839690466381
0.02678782995637831	0.007	0.005	0.0035922913125170488	0.0004099639250434453	2.280064682204875e-5	0.0008042498490170611	99.79415488640784
0.033033198744137515	0.007	0.005	0.0044249694256856716	0.0004097669771817676	3.461190232637488e-5	0.000993715083000839	99.74622468193068
0.04450167809554126	0.007	0.005	0.0059492896207089365	0.00040940369058999683	6.261796861218276e-5	0.0013411575321698125	99.65826955323217
0.05567168227816152	0.007	0.005	0.007428052521962168	0.0004090466722097248	9.7697108981449e-5	0.0016789642127171922	99.57267807516196
0.07034511676420598	0.007	0.005	0.0093618300230577	0.0004085681805512078	0.00015535605578940028	0.0021218275637763695	99.46035284586867
0.08399115573712805	0.007	0.005	0.011151280989217612	0.00040810319297549403	0.00022064904262503155	0.00253275742584301	99.35600605280062
0.09922713488217279	0.007	0.005	0.013139102732025607	0.00040754707588241924	0.0003066767448899713	0.002990482422038664	99.23963085009633
0.1125310160155654	0.007	0.005	0.014866145665428947	0.00040700806982976793	0.00039298992150654495	0.003389185460882053	99.13812485042398
0.12639409022372042	0.007	0.005	0.01665718643384828	0.0004063737432058973	0.0004939018796524273	0.0038036150067942698	99.03246277726467
0.13807934951359194	0.007	0.005	0.018160077230245274	0.0004057554933772827	0.0005875632468796708	0.004152056593282492	98.9434871255865
0.1501407744277933	0.007	0.005	0.01970486084945308	0.0004050199053939067	0.0006924039043346056	0.004510788188681688	98.85173105788046
0.16011847313804412	0.007	0.005	0.0209778035505292	0.00040431167461252483	0.0007853410297659898	0.0048067632804953435	98.77589104056896
0.1705653653759731	0.007	0.005	0.022305803349119954	0.00040346194234996117	0.0008886164499090081	0.005115817909423889	98.69654705815839
0.17910896707916107	0.007	0.005	0.023388217119982384	0.00040266249934527214	0.0009775772653083888	0.005367864005104607	98.63170591541942
0.18731436155893078	0.007	0.005	0.02442470620032673	0.0004018004531095494	0.0010667989488528289	0.005609278194930785	98.56947167904131
0.19471209157061356	0.007	0.005	0.025356595029921405	0.0004009303131763389	0.0011503933091952332	0.005826329823043139	98.513396876933
0.20212385354833357	0.007	0.005	0.02628780575303862	0.00039996363491566484	0.0012371262735402873	0.006043172037368953	98.45724770348629
0.2088421806025028	0.007	0.005	0.027129782783268955	0.00039899437734621467	0.0013183059606170855	0.006239144247993488	98.40637942701713
0.21562788494643445	0.007	0.005	0.027978170539082473	0.00039792119816062216	0.001402757137931627	0.006436473433725607	98.35502767664572
0.22179852334904454	0.007	0.005	0.02874788850657268	0.0003968534956217026	0.0014816853343283534	0.006615344444346735	98.30835378654699
0.2280779125200338	0.007	0.005	0.029529443668155207	0.00039567431239950833	0.0015640774124119506	0.0067967665424372315	98.26088005781443
0.23381050540784099	0.007	0.005	0.030241423031325158	0.0003945076719550427	0.001641111106978557	0.006961823623412054	98.21756026184758
0.23968270634188749	0.007	0.005	0.03096924030723557	0.00039322167911655257	0.0017218087059568319	0.0071303006004503015	98.173205283598
0.24506640851113706	0.007	0.005	0.031635178899447614	0.00039195417320124097	0.0017973752056367797	0.007284194359383211	98.13255772402324
0.2506113045153811	0.007	0.005	0.03231972585172456	0.00039055937520278677	0.0018767784010564866	0.007442092278685718	98.0907107257706
0.2557173503978631	0.007	0.005	0.03294890213504762	0.0003891879176023688	0.0019513033628999264	0.007586919560529128	98.05219148568113
0.2609988607137074	0.007	0.005	0.033598498581825176	0.00038768134905955504	0.0020298010954146045	0.007736111402794278	98.01236448302267
0.2658841155206278	0.007	0.005	0.03419827222021869	0.0003862019454303307	0.0021036817753675	0.007873525270437498	97.975539980281
0.2709536836358447	0.007	0.005	0.03481957300515029	0.0003845798412440508	0.002181636887541336	0.008015497952804311	97.93734077268088
0.2756639810920694	0.007	0.005	0.035395839430867354	0.00038298775145408873	0.002255237203399543	0.00814680946271181	97.9018620180016
0.28056361937118934	0.007	0.005	0.03599424546933173	0.0003812456316156129	0.002332986435272718	0.008282756010438614	97.86497075409702
0.28513654830916063	0.007	0.005	0.03655180820609182	0.0003795354357194509	0.0024066418757629276	0.00840901811000438	97.8305519526087
0.28990131191731133	0.007	0.005	0.03713179514842958	0.00037766810288463837	0.002484502526234519	0.008539911518133216	97.79470215739444
0.29436843987559225	0.007	0.005	0.037674658808614245	0.0003758336795100211	0.002558529150895244	0.0086619849872822	97.76110368682659
0.2990283882648751	0.007	0.005	0.038240034226449976	0.0003738351362846726	0.002636808531273487	0.008788635701909395	97.72606726313575
0.3034170278026038	0.007	0.005	0.03877163427957669	0.0003718695577697129	0.0027115137320178335	0.008907240395501208	97.69308219150146
0.30799879099887956	0.007	0.005	0.03932574033683834	0.0003697328449612411	0.0027905199576705873	0.009030340944123687	97.65865747885536
0.31233342510037815	0.007	0.005	0.03984912599954313	0.00036762819008923146	0.002866214156984861	0.009146095782399624	97.62610071771978
0.31686150006348307	0.007	0.005	0.04039500461345168	0.00036534513637081844	0.002946268129470333	0.00926625615471754	97.59210264324304
0.3211649928426187	0.007	0.005	0.040912991595123	0.0003630922044793928	0.0030232777619410597	0.00937971140096499	97.55980176922657
0.3256628836435982	0.007	0.005	0.04145352697303518	0.00036065306621373437	0.00310472688672709	0.009497488258363064	97.52605322140292
0.32995758921620955	0.007	0.005	0.04196883455471729	0.0003582409628394369	0.003183409561554104	0.009609153021010414	97.49384010723142
0.33444891414791417	0.007	0.005	0.042506888545717214	0.0003556339075375336	0.0032666446047729465	0.009725075787329193	97.46016360049252
0.3387578112195247	0.007	0.005	0.0430222767014332	0.0003530494414515355	0.0033474082427996203	0.009835443751833992	97.42786589381137
0.34326751272985423	0.007	0.005	0.0435608333975191	0.00035025979524629553	0.003432885589064378	0.009950040573026162	97.39407450328639
0.3476155167498261	0.007	0.005	0.04407925804166933	0.00034748658450318087	0.003516214393274546	0.010059617122266728	97.36150581640955
0.35217137010398086	0.007	0.005	0.0446216006561097	0.00034449569580872796	0.0036044877514756998	0.010173444613394561	97.32739192018704
0.35658706473453705	0.007	0.005	0.04514641517490825	0.0003415127869228871	0.0036909803081015056	0.010282780009869144	97.29433892929475
0.36122179689756134	0.007	0.005	0.04569637116583502	0.00033829623513388304	0.0037827490497406944	0.010396462548807127	97.25965844118402
0.3657399964242871	0.007	0.005	0.04623162155586015	0.00033507586556262987	0.003873178298386699	0.010506198662540829	97.22586183585719
0.370494607340982	0.007	0.005	0.046793943885684926	0.0003316004710265595	0.003969366662086765	0.010620487893268579	97.19030953023936
0.3751605792513101	0.007	0.005	0.04734485240962527	0.00032810420353624495	0.004064781852452996	0.010731433322372814	97.15543265630872
0.38009012911092216	0.007	0.005	0.04792588143054481	0.0003243226527488866	0.004166679832083428	0.01084731044105684	97.11859920469573
0.38496736144082844	0.007	0.005	0.04849973421353337	0.0003204941050439071	0.004268596531065394	0.010960577705251632	97.08217041088514
0.39015228659716167	0.007	0.005	0.04910869018926125	0.0003163342934665745	0.004378137402256518	0.011079453286245529	97.0434583967293
0.39533876238994	0.007	0.005	0.04971669601859565	0.00031208376748172634	0.004488936852761789	0.01119674719006927	97.00475024865347
0.40091058521588857	0.007	0.005	0.05036861592691139	0.00030742446660412707	0.00460932782534165	0.01132091822505413	96.96318334857368
0.40657961465288395	0.007	0.005	0.051030572151493876	0.0003025902872144659	0.004733256896415188	0.01144526577106404	96.9209095482942
0.41279539475854465	0.007	0.005	0.05175482342057615	0.0002971907279506584	0.0048707960293397495	0.011579257899546967	96.87457982504044
0.41933360216010473	0.007	0.005	0.05251489967399129	0.00029140865232708173	0.005017330205099908	0.011717505173790289	96.82587076792704
0.4268947843330893	0.007	0.005	0.05339167350731209	0.0002846068877709473	0.005189154860248257	0.011873880460840971	96.76957117859433
0.4357770041109382	0.007	0.005	0.054418590118902585	0.0002764828099221593	0.005394214511492929	0.012052703930223991	96.70347712562186
0.4473019628158519	0.007	0.005	0.055746162962423434	0.00026577373906309985	0.0056654175709315024	0.012276769568439545	96.61778530117628
0.455057855106896	0.007	0.005	0.05663647572357925	0.00025850371019082985	0.005851162795148005	0.012422448630652257	96.56016046420656
0.4628547132257159	0.007	0.005	0.05752898639172519	0.0002511553467925611	0.006040489734960472	0.012564726663457213	96.50226590012812
0.4690847577452981	0.007	0.005	0.05824034181883333	0.0002452782174371463	0.006193632016897625	0.012675403373695777	96.45603045900646
0.47602041992558497	0.007	0.005	0.05903038750283289	0.00023873400851519627	0.006366051239005806	0.012795470304471188	96.40458442779504
0.48160656916827604	0.007	0.005	0.059665273114262396	0.00023348069948838187	0.00650639314549758	0.012889772862931742	96.36316850719143
0.48790970368214603	0.007	0.005	0.06038011085283088	0.00022757008886519717	0.006666314753966759	0.012993614725251283	96.31645819490046
0.4929901337001548	0.007	0.005	0.06095509850657886	0.00022283566191023114	0.00679641688843845	0.013075345109059305	96.27882539582318
0.49880038733295035	0.007	0.005	0.06161139290027129	0.00021744816637819312	0.006946517286546299	0.01316667621754131	96.23580452178355
0.5034937675568634	0.007	0.005	0.06214052594812104	0.00021313236104258842	0.007068779191502431	0.013238796608718925	96.2010673521955
0.508924745042207	0.007	0.005	0.0627516962605452	0.0002081710541761155	0.007211381074581868	0.01332042007392953	96.16088664440362
0.5133272549059894	0.007	0.005	0.06324624851812832	0.00020418891659641428	0.00732786058061087	0.01338515776858882	96.12832729912923
0.5184666136561261	0.007	0.005	0.06382257835589833	0.00019957645653399223	0.007464829746824268	0.013459127124670968	96.09033243639361
0.5226523874897117	0.007	0.005	0.06429118125927266	0.00019586153044300693	0.007577173013465852	0.013518108484748624	96.05939844638173
0.5275662836913292	0.007	0.005	0.06484039297026435	0.00019153874266212624	0.007709957205175675	0.013585917436616041	96.02309614427283
0.5315914723003167	0.007	0.005	0.06528954874577651	0.000188040753372476	0.007819446682493552	0.013640322991047841	95.99336955322767
0.536329726969814	0.007	0.005	0.06581743426444094	0.00018396295714657527	0.007949159604489105	0.013703066057673975	95.95838866000261
0.5402368118969586	0.007	0.005	0.06625203837379767	0.00018064432509069662	0.008056788944524114	0.013753757670429545	95.92955359471915
0.5448373031601004	0.007	0.005	0.06676298496216572	0.0001767776994980609	0.008184292938765133	0.013812249236170181	95.89561216019732
0.5486587298607641	0.007	0.005	0.06718675831214486	0.00017361031763877698	0.008290838245817108	0.013859864242433458	95.86742762733309
0.5531506971759337	0.007	0.005	0.06768414013273102	0.00016992900049840043	0.008416810632223692	0.013914721601295988	95.83430818357132
0.5569116690737027	0.007	0.005	0.06809995800164383	0.0001668916640734535	0.008522888870743428	0.013959739431005477	95.80658719705029
0.5613180713605282	0.007	0.005	0.06858641397546121	0.00016337561773071234	0.008647870969713515	0.01401143941565227	95.77411913886905
0.5650383305196253	0.007	0.005	0.06899651599826429	0.00016045232246297524	0.008753976852908065	0.014054224648168023	95.74671541251443
0.5693777097601975	0.007	0.005	0.06947416710116386	0.0001570856426329869	0.008878415078804887	0.014103144618614052	95.71476110485506
0.5730730370784978	0.007	0.005	0.06988033191526745	0.00015426416162400038	0.008984954464281866	0.014143979497893132	95.68755787256745
0.5773607441373648	0.007	0.005	0.07035092401602606	0.00015103396192028145	0.009109227439823219	0.014190424242774719	95.6560035136769
0.581044007112812	0.007	0.005	0.07075459090975474	0.00014830484661392969	0.0092165409827965	0.014229530892642657	95.62890572579965
0.585293065314931	0.007	0.005	0.07121959510572688	0.00014520047685084573	0.009340978924490352	0.014273751193898359	95.59765491457128
0.5889749770741137	0.007	0.005	0.07162195181698969	0.00014255633599188607	0.009449359534356433	0.014311307233870628	95.57058358933753
0.5931966934371545	0.007	0.005	0.0720826352803605	0.00013956883388218752	0.009574258128805644	0.014353512834531016	95.53955277479187
0.5968863644866951	0.007	0.005	0.07248468160447358	0.0001370038131049872	0.009683963862495133	0.014389662453303934	95.51244089534705
0.6010907634821748	0.007	0.005	0.07294215776716786	0.000134125518969885	0.009809594186472795	0.01443003122761268	95.48155614871789
0.6047961080907681	0.007	0.005	0.07334475223543901	0.00013163492190427579	0.009920857901188317	0.01446489314547323	95.45434564360508
0.6089922465402468	0.007	0.005	0.0738000171321821	0.00012885920246955598	0.010047473693015745	0.014503577731525993	95.42354031632784
0.6127202878989298	0.007	0.005	0.07420391190606572	0.00012643921135375202	0.010160510435650555	0.01453725101822693	95.39617979436235
0.6169164853354956	0.007	0.005	0.07465787069276147	0.0001237602600705952	0.010288353461283031	0.014574383686797924	95.36539280584009
0.6206735842319103	0.007	0.005	0.07506373759168251	0.00012140773047409825	0.01040336610676371	0.014606952032295653	95.3378358604975
0.62487759514336	0.007	0.005	0.07551722429961083	0.00011882042003552045	0.010532670223379607	0.01464264833811388	95.30701041898955
0.6286696281546299	0.007	0.005	0.07592567494229012	0.00011653272597609475	0.010649853988366447	0.01467418326535289	95.27921430917927
0.63288877476035	0.007	0.005	0.07637946761665802	0.00011403249641849646	0.010780848343036756	0.01470854484901679	95.2482969271356
0.6367212717571535	0.007	0.005	0.07679106884455308	0.00011180741487038469	0.01090039436417949	0.014739108127332316	95.22022156098373
0.6409625477452338	0.007	0.005	0.07724590128231325	0.00010939018748958712	0.011033305957969655	0.014772224896628692	95.18916128711153
0.644840803594498	0.007	0.005	0.07766118754995784	0.00010722580938388281	0.01115540431376704	0.014801870405835438	95.16076839848877
0.6491109608464434	0.007	0.005	0.078117758991658	0.00010488791708832385	0.011290460243017357	0.014833822291085954	95.12951617756268
0.6530401250666935	0.007	0.005	0.0785372421812695	0.00010278257997496257	0.01141530248179572	0.0148625974527565	95.10076866709984
0.6573457433533411	0.007	0.005	0.07899622499692067	0.0001005207125482866	0.011552731813446801	0.014893455804101698	95.0692768270558
0.6613308947024611	0.007	0.005	0.0794204024471917	9.847294867034897e-5	0.011680513164335325	0.014921402700511736	95.04013821595483
0.6656784453633304	0.007	0.005	0.0798824490245108	9.628410566471544e-5	0.011820548761676009	0.014951231460943694	95.0083600012442
0.6697246561494908	0.007	0.005	0.08031181031198664	9.429260136804833e-5	0.011951470152846522	0.014978387722732377	94.97879396246135
0.6741205572653828	0.007	0.005	0.08077755889716814	9.217405343768507e-5	0.012094350354705824	0.015007244391407888	94.9466831316693
0.6782329493986883	0.007	0.005	0.08121259160348157	9.023761766797036e-5	0.012228620283652134	0.015033643902336668	94.91665308346643
0.6826836166569695	0.007	0.005	0.08168267155534395	8.818687352589525e-5	0.012374590556034078	0.015061580346010779	94.8841635403041
0.6868674115918196	0.007	0.005	0.08212386626135686	8.630441340172929e-5	0.01251242686684286	0.015087253805665692	94.85363228628552
0.6913793068163955	0.007	0.005	0.08259890293382187	8.431919111464336e-5	0.012661741482630814	0.015114316950538217	94.82071772947879
0.6956398714928553	0.007	0.005	0.08304675767119243	8.248969284462827e-5	0.012803373109406378	0.015139292328283979	94.78964712962456
0.7002195488879475	0.007	0.005	0.08352737693125466	8.056789521376162e-5	0.012956296852873288	0.015165524747390908	94.75626072132754
0.7045624397459462	0.007	0.005	0.08398240131249694	7.879040890852361e-5	0.013101965592470734	0.01518982765459652	94.72461137886995
0.7092165910631996	0.007	0.005	0.08446923382076912	7.693010215973554e-5	0.013258775525591886	0.015215268070432008	94.69070542279965
0.713647596349146	0.007	0.005	0.08493195286925724	7.520373007952778e-5	0.013408737845161682	0.015238922062739654	94.65843638538149
0.718383096459314	0.007	0.005	0.08542563827444384	7.340312509403892e-5	0.013569725185308919	0.015263605782748716	94.6239620039522
0.7229082795170017	0.007	0.005	0.08589659623131629	7.172701196994034e-5	0.013724254155884021	0.015286632615200645	94.59103045954114
0.7277322325786492	0.007	0.005	0.08639778729078648	6.998444793182867e-5	0.01388972627451914	0.015310591907634568	94.55593726873197
0.7323579743618217	0.007	0.005	0.08687755120599878	6.835777389862607e-5	0.014049113574662726	0.015333011738618948	94.52229824927413
0.737277762643597	0.007	0.005	0.0873869180360491	6.667170354323634e-5	0.014219396192062002	0.015356276164468838	94.48653401643756
0.7420108073764236	0.007	0.005	0.08787608154148673	6.50936780667036e-5	0.014383954320536475	0.015378107733085563	94.45214008085642
0.7470341407714894	0.007	0.005	0.08839431577900135	6.346265527725212e-5	0.014559393836955046	0.015400704427657052	94.4156503799739
0.7518816440077342	0.007	0.005	0.08889350294877275	6.193251240058252e-5	0.014729458518354275	0.015421965202081406	94.38045128224022
0.7570166121837499	0.007	0.005	0.08942132201086672	6.035518137466399e-5	0.014910424555917151	0.015443919119771166	94.34317913273993
0.7619861909911183	0.007	0.005	0.08993119126257194	5.887217633544907e-5	0.015086357339296544	0.015464625417460676	94.30712147729355
0.767241321357686	0.007	0.005	0.0904693430102956	5.7347261391559444e-5	0.015273245618274051	0.015485959554972804	94.26900694367586
0.7723411098037718	0.007	0.005	0.09099059135155144	5.591066764222921e-5	0.01545543679286376	0.015506126649326392	94.23203380550487
0.7777254292664978	0.007	0.005	0.09153985892023825	5.4436964519922466e-5	0.015648672287563344	0.015526862237646748	94.1930135729769
0.7829641407714841	0.007	0.005	0.0920732266694864	5.3046070932367856e-5	0.015837544189652348	0.015546504455331006	94.15506407150414
0.788487240883323	0.007	0.005	0.09263443339755167	5.16224397046516e-5	0.016037584565141653	0.015566661120339893	94.11507100091059
0.7938742340205442	0.007	0.005	0.09318070899534468	5.0276549071700546e-5	0.016233595173398833	0.015585791914441378	94.07607985303072
0.7995463457380718	0.007	0.005	0.09375472404894339	4.890190705253625e-5	0.01644093474545036	0.01560538782982865	94.03504247067804
0.8050917001444496	0.007	0.005	0.09431474959837341	4.7600334251204004e-5	0.016644581826682346	0.015624019852555336	93.99493947532936
0.8109237765186903	0.007	0.005	0.09490249407158026	4.6273649773124685e-5	0.016859756014043506	0.015643071874270834	93.95278141061253
0.8166383751289358	0.007	0.005	0.09547717117193576	4.501572087741458e-5	0.017071581711221907	0.015661217031637868	93.91149089312853
0.822642178855244	0.007	0.005	0.09607962430175612	4.37360087527324e-5	0.017295171893766444	0.0156797408028137	93.86813028702335
0.8285378030020599	0.007	0.005	0.0966699207794541	4.252105972590833e-5	0.017515768027026552	0.015697410310919917	93.82557045687776
0.8347260110794523	0.007	0.005	0.09728812744709013	4.1287375838951215e-5	0.017748407295638084	0.015715420374500702	93.7809192537773
0.8408154453864095	0.007	0.005	0.09789508459972521	4.0114751976233366e-5	0.017978421304057933	0.015732624801527786	93.7370014991496
0.847201762623732	0.007	0.005	0.09853016320419894	3.892618933512969e-5	0.018220800841741568	0.01575013468792044	93.69096468309719
0.8534989172563694	0.007	0.005	0.09915490423112303	3.779524418818884e-5	0.018460942693335227	0.015766884000149257	93.64559274902376
0.8600982040869349	0.007	0.005	0.09980805539458408	3.665092949808409e-5	0.01871381903624096	0.015783906303698858	93.59806748636186
0.866618249589902	0.007	0.005	0.10045179443284878	3.5561024703492684e-5	0.018964868981695627	0.01580020989520765	93.5511365726216
0.8734466707686811	0.007	0.005	0.10112431107728256	3.4460114691609866e-5	0.019229072468651215	0.015816756351071385	93.50201121554447
0.8802061950470971	0.007	0.005	0.10178836367018254	3.341061935780551e-5	0.01949189006427936	0.015832623077074406	93.45340692741401
0.8872813847513208	0.007	0.005	0.10248164188269415	3.235229820628256e-5	0.019768334374360957	0.0158487046190014	93.40255991298571
0.8942985712381827	0.007	0.005	0.10316743663169009	3.134258862907858e-5	0.020043868815726472	0.015864142821455155	93.35215707431838
0.9016398263566531	0.007	0.005	0.10388298831761486	3.032606503174406e-5	0.020333562128135953	0.015879769642608087	93.29945563686022
0.9089346593716361	0.007	0.005	0.1045920801246358	2.9355524383667242e-5	0.020622864216901217	0.015894787173708326	93.24711692535497
0.916563158658651	0.007	0.005	0.10533154701269529	2.8380029319266388e-5	0.020926922003863726	0.015909968774422793	93.19241564236938
0.9241576612987878	0.007	0.005	0.10606563220746947	2.744804723807753e-5	0.021231158066277074	0.015924573019088843	93.13799001246737
0.9320967186840255	0.007	0.005	0.10683080177203513	2.651283188682051e-5	0.021550817958323403	0.015939318250266645	93.08112912866179
0.9400152231387501	0.007	0.005	0.10759173484036963	2.5618804679304544e-5	0.021871285836820013	0.015953516136650598	93.02445002744446
0.9482905779950019	0.007	0.005	0.10838455811163078	2.4723138815737178e-5	0.0222079248074404	0.01596783323337964	92.9652535418407
0.9565600429330045	0.007	0.005	0.10917437110786872	2.3866469158355243e-5	0.02254607265890467	0.01598163124839255	92.90613681858963
0.965200198641049	0.007	0.005	0.10999698309190117	2.3009639480604015e-5	0.022901227146412156	0.01599552786236004	92.84441025979889
0.973850573820588	0.007	0.005	0.11081790732802431	2.2189736583104325e-5	0.023258675236328526	0.016008932057204626	92.78265177529903
0.9828871870202397	0.007	0.005	0.11167264980673318	2.1371045588158773e-5	0.023634064492297747	0.016022415277848506	92.71817965570628
0.9919518345716385	0.007	0.005	0.11252714021973984	2.0587325566265032e-5	0.02401263057334596	0.016035431266807024	92.65355253233902
1.001420167937507	0.007	0.005	0.11341658759564732	1.980609050283189e-5	0.024410183985380366	0.01604850763819486	92.58609539907174
1.01093635128376	0.007	0.005	0.11430735020894546	1.905797679757748e-5	0.02481191295553682	0.016061140592714435	92.51834684419643
1.0208757921807818	0.007	0.005	0.1152343379292301	1.8313529344740075e-5	0.0252338016995093	0.016073816114835722	92.44763792201626
1.030885240175402	0.007	0.005	0.11616436035379221	1.760045340045436e-5	0.025661000135592898	0.016086070748450355	92.37648558398901
1.0413398958249527	0.007	0.005	0.1171320160860121	1.6892139797999982e-5	0.026109673885289283	0.01609835086573362	92.30222694886835
1.0518894414570341	0.007	0.005	0.11810460008026646	1.621354264418924e-5	0.026564949726502293	0.01611023139719383	92.22735482654942
1.0629088144446648	0.007	0.005	0.11911637699563953	1.5540724458022818e-5	0.02704317889222111	0.016122120968942787	92.14921310045969
1.0740511202548977	0.007	0.005	0.12013517311813444	1.4896058556032838e-5	0.0275294871063627	0.016133631071492682	92.07026693946021
1.085690860788842	0.007	0.005	0.12119488376899214	1.4258114386415504e-5	0.028040410758764022	0.016145134315799347	91.98786855318794
1.097485209636194	0.007	0.005	0.12226392487359207	1.3646846901764402e-5	0.028561104372693026	0.01615627702843447	91.90445090377962
1.109807915365587	0.007	0.005	0.12337577167546313	1.304317588298236e-5	0.02910828282912822	0.016167397418736098	91.8173771590285
1.1223210352235575	0.007	0.005	0.1244995010282903	1.2464793577997413e-5	0.02966716813987262	0.016178175008359594	91.72904234321246
1.1353970508524776	0.007	0.005	0.12566809767467477	1.189482080085521e-5	0.030254638184675015	0.016188915110918727	91.63682463776429
1.1487038999257613	0.007	0.005	0.12685138370735058	1.1348837060690199e-5	0.030856030842811084	0.016199328865135018	91.54307417287734
1.1626119981649208	0.007	0.005	0.12808175574289027	1.0812021953430457e-5	0.031488358024037995	0.01620969008444283	91.44519024915107
1.1767963390223752	0.007	0.005	0.12932987724646158	1.0297987434497954e-5	0.03213713174797532	0.016219739989658963	91.34546995706589
1.1916240506931215	0.007	0.005	0.13062742086595114	9.79383633424616e-6	0.032819448241497906	0.016229722175669575	91.24134282199377
1.2067785067901091	0.007	0.005	0.13194599596634451	9.311354214458772e-6	0.033521060639531614	0.0162394064331743	91.13504378281877
1.222621680745537	0.007	0.005	0.1333163599338014	8.839438167366786e-6	0.034259067071175195	0.016249007294907237	91.02404622724805
1.2388467237673235	0.007	0.005	0.13471117405110067	8.388184911954075e-6	0.035019533733868874	0.016258321614028168	90.91051340456885
1.2558076078192237	0.007	0.005	0.1361600092170611	7.948162744326454e-6	0.03581942721894091	0.016267535886811478	90.79198300423253
1.2732085657700287	0.007	0.005	0.13763667282826725	7.527913847375723e-6	0.036645194991915514	0.016276472504885946	90.67053777266055
1.2913912806835965	0.007	0.005	0.1391691667153921	7.119558548265444e-6	0.03751346149911823	0.016285290842203225	90.54381003643913
1.3100720749090882	0.007	0.005	0.1407325130119405	6.73021369134547e-6	0.038411108280267475	0.0162938373112925	90.41379531129225
1.3295741164969097	0.007	0.005	0.14235262189083434	6.3534312835471105e-6	0.039354099657884695	0.016302245056729097	90.27826404142695
1.3496263382940246	0.007	0.005	0.14400576426411799	5.995023633935121e-6	0.040329776261766516	0.016310383066042922	90.13912107978015
1.3705250793472756	0.007	0.005	0.14571510317803	5.649841677316256e-6	0.041353001622217764	0.016318359383688988	89.99433231755637
1.392012121737118	0.007	0.005	0.14745818445546455	5.322499209003624e-6	0.04241157911536707	0.016326064370544093	89.84571021878179
1.4143474658245376	0.007	0.005	0.14925473072108839	5.008985032284389e-6	0.04351874472126574	0.016333582788256553	89.69148072899105
1.437286671137911	0.007	0.005	0.15108366665723674	4.712801805003002e-6	0.04466279412833435	0.016340825605794994	89.53335705009691
1.4610452514119219	0.007	0.005	0.15296076170926218	4.430875736168871e-6	0.04585484945264185	0.016347857288391724	89.36987916024295
1.4853957498760861	0.007	0.005	0.15486662010175523	4.165676277384336e-6	0.047083840351159985	0.01635460903978489	89.2026381374555
1.5105057882443265	0.007	0.005	0.1568129781763012	3.914840296059598e-6	0.048358511657946815	0.016361129188680604	89.03050828980324
1.5361708728787735	0.007	0.005	0.15878262521262898	3.6799029442605365e-6	0.04966872117913818	0.0163673685695007	88.8549168266279
1.5625137320802798	0.007	0.005	0.16078369777129764	3.4589997242293724e-6	0.051020904502537906	0.016373363915535552	88.67504841240806
1.58935939973818	0.007	0.005	0.1628016725100992	3.2528822176870763e-6	0.0524061975846046	0.01637908394716736	88.49212142539635
1.6167934185315564	0.007	0.005	0.16484184426732118	3.060027400514333e-6	0.053829062015683764	0.016384557620872934	88.30557524756082
1.6446741559809	0.007	0.005	0.16689260699657732	2.8806007855220978e-6	0.055282147024367026	0.01638976838521953	88.11639436770693
1.673059127794446	0.007	0.005	0.16895721681082962	2.7133260154025308e-6	0.0567683824173482	0.01639473998371595	87.92420842025612
1.7018394736030016	0.007	0.005	0.17102684311125838	2.5579875291355438e-6	0.058281954196460435	0.01639946666602137	87.72977347622052
1.7310529427472836	0.007	0.005	0.1731033762796968	2.413503956485702e-6	0.05982468152428558	0.016403968449327653	87.53285214803624
1.7606194565023587	0.007	0.005	0.17518035431304027	2.279451117498768e-6	0.061392131261011326	0.016408246633889307	87.33400108309883
1.790563460582022	0.007	0.005	0.17725879673527573	2.154912315123429e-6	0.0629853542149175	0.016412318337690697	87.13307160678556
1.8208281070800223	0.007	0.005	0.1793341038459736	2.0393775902387237e-6	0.06460105010507874	0.01641618892348591	86.93046028971257
1.8514292177737328	0.007	0.005	0.18140676220382457	1.932072758576111e-6	0.0662397566243399	0.016419873110172175	86.7260754760682
1.8823276021599924	0.007	0.005	0.1834735525726732	1.8324782684431572e-6	0.06789904409646555	0.01642337823329399	86.52019272702624
1.913533635429844	0.007	0.005	0.1855346449888912	1.7399433002640475e-6	0.06957911456705532	0.016426716959902467	86.31275611851596
1.945021000839022	0.007	0.005	0.18758780203943565	1.653979927759058e-6	0.07127817681569219	0.016429897277620654	86.10395348531068
1.9767967214179716	0.007	0.005	0.1896330116024652	1.5740430211934288e-6	0.0729962164635045	0.016432930081436873	85.89375075618027
2.0088435746697346	0.007	0.005	0.191668712838811	1.4996948585970327e-6	0.07473189308745133	0.016435823245946616	85.68227417346932
2.041166542526914	0.007	0.005	0.19369479034407205	1.4304798850646774e-6	0.07648505177314417	0.016438586133783115	85.46950293000653
2.0737546992380214	0.007	0.005	0.19571013993116596	1.366015831679631e-6	0.07825466154946555	0.016441226109755028	85.25552091900077
2.106611789137336	0.007	0.005	0.19771458803292538	1.3059223464799698e-6	0.08004047412685822	0.016443751216133826	85.04031539721147
2.1397311590120576	0.007	0.005	0.19970733249627481	1.2498708934129498e-6	0.08184166413618618	0.016446168133276897	84.82394175665816
2.1731157872625126	0.007	0.005	0.2016881661691652	1.197543830500646e-6	0.08365791798573116	0.01644848377015156	84.60639230525248
2.2067618685797425	0.007	0.005	0.20365648329292174	1.1486613961187536e-6	0.08548854190602533	0.016450704076310756	84.38770362626929
2.2406718783188784	0.007	0.005	0.20561205580717584	1.1029580140099929e-6	0.08733317293903813	0.016452834991017018	84.16787142284412
2.2748438587792963	0.007	0.005	0.20755440279365692	1.060196632133405e-6	0.08919119643640068	0.016454881754525495	83.94692022976959
2.3092799257367984	0.007	0.005	0.2094832818863421	1.0201547885651163e-6	0.09106220901689899	0.0164568494786376	83.72484825144883
2.343979278598613	0.007	0.005	0.21139828963206922	9.82632045012694e-7	0.09294563873922379	0.016458742749070113	83.5016726054176
2.378943720357303	0.007	0.005	0.21329917142260232	9.474416359633081e-7	0.09484104524134473	0.016460565971193386	83.27739371142674
2.414173120339531	0.007	0.005	0.21518556978116232	9.144141319483803e-7	0.09674787363394109	0.0164623231433986	83.05202450174623
2.449668984235341	0.007	0.005	0.217057219153885	8.833923179570457e-7	0.09866564828041667	0.01646401806871527	82.82556750813006
2.4854315043040534	0.007	0.005	0.21891378737279418	8.542328501452316e-7	0.10059381332096441	0.016465654227146517	82.59803374566533
2.5214618687537356	0.007	0.005	0.22075499816122054	8.268030142848657e-7	0.10253185774623856	0.016467234907369507	82.36942796516064
2.557760337381233	0.007	0.005	0.22258053116810406	8.009813374813095e-7	0.1044792118956649	0.016468763136164615	82.13976089897645
2.594327751148247	0.007	0.005	0.22439009989243108	7.766554531499558e-7	0.10643532903131958	0.016470241762665545	81.90903966725237
2.6311642496658463	0.007	0.005	0.22618338749115285	7.537222020228488e-7	0.10839961688344368	0.01647167341970588	81.67727588657752
2.6682702757226107	0.007	0.005	0.22796009735715764	7.320861630890104e-7	0.11037149185804396	0.01647306057966703	81.4444793135071
2.7056457194341856	0.007	0.005	0.2297199120087613	7.116595074334585e-7	0.11235033386333304	0.016474405534473307	81.21066321722196
2.743290570688605	0.007	0.005	0.23146252528514233	6.923609640057928e-7	0.11433552156763177	0.01647571043287542	80.97584026486867
2.7812043612481023	0.007	0.005	0.23318761682795155	6.741155583565923e-7	0.11632640345668896	0.01647697727178423	80.74002599433337
2.8193865879179527	0.007	0.005	0.2348948726767675	6.56853860926182e-7	0.11832232085393243	0.016478207921829066	80.50323615092815
2.857836343192539	0.007	0.005	0.23658396934522846	6.405116944022363e-7	0.12032258925547014	0.016479404124783683	80.26548896318653
2.8965525941661596	0.007	0.005	0.23825458733683602	6.25029568538212e-7	0.12232651373759013	0.01648056751176986	80.02680338733825
2.935533930718478	0.007	0.005	0.23990640105375136	6.103523964934179e-7	0.12433337672230953	0.016481699603769853	79.78720063948053
2.974778765917162	0.007	0.005	0.24153908849676411	5.964290536518549e-7	0.1263424492958518	0.016482801825440624	79.54670293262089
3.0142851484045767	0.007	0.005	0.2431523243199315	5.832121240069239e-7	0.12835298253906566	0.01648387550677089	79.30533460271494
3.0540509214441878	0.007	0.005	0.24474578748537132	5.706575457461949e-7	0.13036421672451126	0.016484921894146246	79.06312110531559
3.0940735807047015	0.007	0.005	0.2463191564364482	5.587243904323197e-7	0.13237537516901915	0.016485942152505435	78.82008985631391
3.134350401616993	0.007	0.005	0.2478721151859603	5.473745762838418e-7	0.13438567181763963	0.01648693737427012	78.57626942717934
3.1748783361148485	0.007	0.005	0.24940435016920645	5.365726764207495e-7	0.1363943072188965	0.016487908581801457	78.33169014389661
3.2156541102861076	0.007	0.005	0.25091555490643147	5.262856871783843e-7	0.138400474601871	0.016488856734524094	78.08638346732174
3.256674161335823	0.007	0.005	0.25240542842457897	5.164828604023439e-7	0.1404033579572899	0.016489782731705174	77.84038234659253
3.297934707669077	0.007	0.005	0.253873678620211	5.071355161387814e-7	0.14240213671017937	0.016490687418045907	77.5937207707423
3.3394317190359435	0.007	0.005	0.2553200218392042	4.982168967135825e-7	0.1443959854713377	0.01649157158661479	77.34643392280678
3.381160975030049	0.007	0.005	0.256744185544218	4.897020127628678e-7	0.14638407806797596	0.01649243598343896	77.09855780650022
3.4231180472153384	0.007	0.005	0.25814590817798266	4.815675194159167e-7	0.14836558785210255	0.016493281310142223	76.85012933104107
3.4652983483809483	0.007	0.005	0.25952494124994624	4.7379158917047396e-7	0.15033969118652044	0.016494108227737565	76.60118599841357
3.5076971409290563	0.007	0.005	0.26088104989581007	4.6635380381147897e-7	0.15230556891912472	0.016494917359308164	76.3517658363539
3.550309565462732	0.007	0.005	0.2622140140049845	4.592350513906867e-7	0.15426240875216976	0.016495709292873008	76.1019072141353
3.593130664482656	0.007	0.005	0.2635236290600151	4.524174327190848e-7	0.15620940730276886	0.016496484583937123	75.85164869029157
3.63615541243709	0.007	0.005	0.26480970704743	4.4588417455787466e-7	0.15814577236668081	0.016497243757959038	75.60102882625863
3.679378740735826	0.007	0.005	0.26607207708405084	4.3961955072067376e-7	0.16007072485379067	0.01649798731253976	75.35008603282775
3.7227955633020042	0.007	0.005	0.26731058594389145	4.3360880918877945e-7	0.1619835006499694	0.016498715719457692	75.09885841655164
3.766400805519544	0.007	0.005	0.26852509856541884	4.2783810444644587e-7	0.16388335252213865	0.016499429426607995	74.84738360973714
3.810189427868079	0.007	0.005	0.2697154982933958	4.222944359746218e-7	0.16576955167707424	0.0165001288597122	74.59569863446247
3.854156452830692	0.007	0.005	0.2708816871090921	4.1696559089395566e-7	0.16764138935140455	0.01650081442395643	74.34383975080898
3.898296980431237	0.007	0.005	0.2720235854636826	4.1184009195788883e-7	0.16949817780555415	0.016501486505338975	74.09184237320886
3.942606224502336	0.007	0.005	0.2731411325698175	4.0690714736066717e-7	0.17133925208511128	0.016502145472236034	73.83974087103228
3.987079522810362	0.007	0.005	0.274234285924289	4.021566066563125e-7	0.1731639705614269	0.01650279167646922	73.58756852155084
4.031712364928918	0.007	0.005	0.2753030212202738	3.975789183210509e-7	0.17497171611108955	0.01650342545456029	73.33535736412277
4.0765003935679935	0.007	0.005	0.2763473315546078	3.9316509251070137e-7	0.1767618961095463	0.016504047128529306	73.08313820699877
4.12143943553936	0.007	0.005	0.27736722730726815	3.889066635788348e-7	0.17853394353801774	0.01650465700705331	72.8309404683889
4.166525512010904	0.007	0.005	0.2783627354706317	3.847956571482175e-7	0.18028731714817556	0.016505255386264264	72.57879213688415
4.211754839651673	0.007	0.005	0.27933389876674725	3.8082456005114953e-7	0.18202150120496957	0.01650584255038313	72.32671978385638
4.257123849630646	0.007	0.005	0.2802807751474243	3.769862905431561e-7	0.1837360058558014	0.016506418772548517	72.07474847709692
4.302629194571708	0.007	0.005	0.2812034370064343	3.7327417167628857e-7	0.18543036695379442	0.016506984315439226	71.82290176327571
4.348267743250751	0.007	0.005	0.28210197015201716	3.696819070998019e-7	0.18710414537566775	0.016507539431713646	71.57120171874799
4.394036596277033	0.007	0.005	0.28297647321614683	3.662035567591292e-7	0.1887569270758113	0.01650808436468064	71.31966888466336
4.439933089597424	0.007	0.005	0.28382705681101184	3.6283351515415213e-7	0.19038832262678512	0.016508619348782838	71.0683222704884
4.485954776460492	0.007	0.005	0.28465384231760466	3.595664922987706e-7	0.19199796597166677	0.016509144609809744	70.81717947528223
4.532099448799605	0.007	0.005	0.28545696143509264	3.563974931345933e-7	0.19358551455686018	0.01650966036555091	70.56625659290803
4.578365121874743	0.007	0.005	0.2862365550740378	3.5332180074367365e-7	0.1951506481354324	0.016510166825999636	70.3155683184338
4.624750037049894	0.007	0.005	0.28699277261615486	3.503349593156916e-7	0.1966930681999219	0.01651066419374975	70.06512795498712
4.671252652129059	0.007	0.005	0.28772577099636226	3.4743275893229505e-7	0.19821249698385837	0.016511152664239002	69.8149474877114
4.717871643840157	0.007	0.005	0.2884357140215582	3.4461122046189315e-7	0.1997086768667693	0.016511632426108865	69.56503759156034
4.7646059040474205	0.007	0.005	0.28912277161406397	3.4186658191805916e-7	0.2011813695605245	0.016512103661479177	69.31540767277042
4.811454517171344	0.007	0.005	0.2897871188282518	3.391952865191192e-7	0.2026303547209812	0.01651256654602502	69.06606600968173
4.858416780912886	0.007	0.005	0.29042893553966753	3.3659396922609705e-7	0.20405542993004958	0.016513021249477188	68.81701966167144
4.905492164665842	0.007	0.005	0.29104840528711035	3.340594472711963e-7	0.20545640876068041	0.016513467935494908	68.56827470906893
4.9526803456985045	0.007	0.005	0.29164571522583793	3.3158870725490105e-7	0.20683312122749375	0.0165139067622848	68.31983607953408
4.999981157808333	0.007	0.005	0.292221054948294	3.291788977043312e-7	0.20818541162870513	0.0165143378823722	68.07170783683397
5.047394621171141	0.007	0.005	0.2927746164032737	3.268273176708853e-7	0.2095131388150038	0.016514761443130757	67.82389304007128
5.094920906270127	0.007	0.005	0.2933065930226072	3.2453140950464294e-7	0.210816174563334	0.016515177586692045	67.5763939489288
5.14256035746899	0.007	0.005	0.2938171795933012	3.2228874912194127e-7	0.21209440365943866	0.016515586450384662	67.32921191582881
5.190313453456679	0.007	0.005	0.2943065714456934	3.200970398798138e-7	0.21334772225930812	0.016515988166608184	67.08234760647362
5.238180824414254	0.007	0.005	0.29477496430905376	3.17954104127135e-7	0.2145760378296317	0.016516382863195886	66.8358009242041
5.286163237535943	0.007	0.005	0.2952225538446256	3.1585787689481354e-7	0.21577926824559707	0.016516770663493018	66.589571098356
5.334261591959965	0.007	0.005	0.2956495353125796	3.1380639927409853e-7	0.21695734116989604	0.016517151686509815	66.34365672289636
5.382476910445177	0.007	0.005	0.2960561032376682	3.1179781268836544e-7	0.21811019337596438	0.01651752604704152	66.09805581098028
5.430810330956581	0.007	0.005	0.296442451107216	3.0983035313249287e-7	0.21923777010211148	0.01651789385578322	65.85276584897923
5.479263117460365	0.007	0.005	0.29680877124223914	3.0790234543053645e-7	0.22034002487078436	0.016518255219582372	65.60778375256892
5.527836628944741	0.007	0.005	0.2971552543612459	3.06012199094414e-7	0.22141691836108265	0.016518610241368203	65.36310603403066
5.576532343029251	0.007	0.005	0.2974820895869025	3.041584026625436e-7	0.222468418556961	0.016518959020484964	65.11872869257773
5.625351831269842	0.007	0.005	0.2977894641071708	3.023395199751566e-7	0.22349449981783312	0.016519301652658715	64.87464734836165
5.674296750413884	0.007	0.005	0.29807756299642607	3.0055418618280206e-7	0.22449514236173485	0.01651963823008433	64.63085729436523
5.723368866141024	0.007	0.005	0.2983465692359534	2.9880110292170327e-7	0.22547033242060047	0.016519968841726983	64.38735338638698
5.772570024862354	0.007	0.005	0.2985966634300567	2.9707903546935213e-7	0.22642006133248976	0.016520293573255893	64.14413019195042
5.821902154645834	0.007	0.005	0.29882802372682643	2.953868091872504e-7	0.2273443252739559	0.01652061250717933	63.90118199285142
5.871367269455396	0.007	0.005	0.2990408257555357	2.937233059975002e-7	0.22824312505471545	0.016520925722991565	63.65850277156072
5.920967456996372	0.007	0.005	0.29923524249831757	2.920874616180967e-7	0.229116465620327	0.01652123329720833	63.416086278049384
5.970704886228467	0.007	0.005	0.29941144426046995	2.904782624949485e-7	0.22996435593211134	0.016521535303522874	63.17392599966006
6.020581798438598	0.007	0.005	0.29956959857922205	2.8889474315705684e-7	0.23078680856181305	0.01652183181285277	62.932015211384666
6.070600501525894	0.007	0.005	0.29970987016512135	2.873359838991042e-7	0.23158383937298477	0.01652212289340568	62.690347009638145
6.120763384209744	0.007	0.005	0.29983242090473156	2.8580110786820107e-7	0.23235546752875985	0.016522408610855584	62.448914249676406
6.171072890362759	0.007	0.005	0.29993740976033395	2.842892795658221e-7	0.2331017148786825	0.01652268902828303	62.207709675392024
6.2215315399011555	0.007	0.005	0.3000249928004019	2.827997020254294e-7	0.2338226060889937	0.016522964206379845	61.96672582431911
6.272141909660814	0.007	0.005	0.3000953231405497	2.8133161541465193e-7	0.23451816817181803	0.016523234203422603	61.72595512494381
6.322906651090917	0.007	0.005	0.30014855095954945	2.798842945431187e-7	0.2351884305593197	0.016523499075444883	61.485389817747794
6.373828471023977	0.007	0.005	0.3001848234620417	2.784570476986296e-7	0.23583342466925983	0.016523758876206385	61.245022052159065
6.424910139306596	0.007	0.005	0.300204284888571	2.770492146849464e-7	0.23645318385765682	0.016524013657303604	61.00484385531426
6.476154493158607	0.007	0.005	0.3002070765131889	2.756601651937257e-7	0.23704774331616882	0.016524263468255484	60.76484711695386
6.527564427953043	0.007	0.005	0.3001933366410399	2.742892974863925e-7	0.23761713981529894	0.016524508356518492	60.525023638015234
6.579142997524778	0.007	0.005	0.3001632005450268	2.7293603449200996e-7	0.23816141261040558	0.016524748368008057	60.28536467028562
6.630893165432075	0.007	0.005	0.3001168005847126	2.7159982900443367e-7	0.23868060063040392	0.01652498354598412	60.045862079337965
6.682818076488411	0.007	0.005	0.3000542660844525	2.7028015528409876e-7	0.23917474526343382	0.01652521393237567	59.80650708649552
6.734920827434498	0.007	0.005	0.29997572354301943	2.689765138892212e-7	0.23964388792634297	0.01652543956678469	59.56729133575957
6.787204657543677	0.007	0.005	0.2998812964410435	2.676884256558466e-7	0.24008807180596908	0.016525660487385945	59.32820601898206
6.839672807834551	0.007	0.005	0.2997711054533919	2.6641543427593224e-7	0.24050734046030664	0.016525876730355285	59.08924252834531
6.892328619259464	0.007	0.005	0.29964526830659877	2.6515710288437264e-7	0.24090173858260924	0.016526088330331548	58.850392011491444
6.945175481638735	0.007	0.005	0.2995038998878353	2.639130143940075e-7	0.24127131146968217	0.016526295320238547	58.611645610397076
6.998216841605633	0.007	0.005	0.29934711226115596	2.6268277049900104e-7	0.24161610501824532	0.016526497731358527	58.37299442965166
7.051456221322121	0.007	0.005	0.29917501463546786	2.6146599038946414e-7	0.24193616576566013	0.016526695593438254	58.13442945744903
7.104897202032522	0.007	0.005	0.2989877134316861	2.602623104723368e-7	0.242231540696448	0.016526888934656692	57.89594164523554
7.15854343940928	0.007	0.005	0.298785312254705	2.5907138324275355e-7	0.24250227725588608	0.016527077781711162	57.65752184454821
7.212398643401077	0.007	0.005	0.29856791199080707	2.5789287713544586e-7	0.24274842317204584	0.016527262159773196	57.41916090233116
7.2664666116138035	0.007	0.005	0.2983356107019147	2.567264751980862e-7	0.24297002654841768	0.0165274420926302	57.18084951857642
7.320751187570377	0.007	0.005	0.2980885038217292	2.555718753824762e-7	0.24316713561353484	0.0165276176025674	56.94257843668259
7.375256312363118	0.007	0.005	0.297826683957418	2.544287889243005e-7	0.24333979886818394	0.016527788710561098	56.70433822186686
7.42998597911253	0.007	0.005	0.2975502411186779	2.532969408328078e-7	0.24348806485485316	0.016527955436150203	56.46611946742264
7.4849442668914845	0.007	0.005	0.29725926258626756	2.5217606871475647e-7	0.24361198222033914	0.016528117797563326	56.227912652274675
7.540135331327115	0.007	0.005	0.29695383297801403	2.510659225121008e-7	0.2437115996239771	0.016528275811704116	55.98970818885378
7.595563398697418	0.007	0.005	0.2966340343103696	2.499662642611675e-7	0.24378696568235605	0.01652842949415056	55.751496454958826
7.65123278212272	0.007	0.005	0.2962999459353211	2.4887686735886346e-7	0.2438381289518999	0.016528578859215028	55.5132677306287
7.707147868366941	0.007	0.005	0.2959516446436727	2.4779751652570525e-7	0.2438651378678813	0.016528723919920024	55.27501226176711
7.763313134240902	0.007	0.005	0.29558920459446464	2.4672800716037384e-7	0.24386804072012758	0.016528864688053344	55.03672019700442
7.819733133357307	0.007	0.005	0.2952126974260016	2.456681452578247e-7	0.24384688561089699	0.016529001174143656	54.79838165134809
7.87641268622106	0.007	0.005	0.29482219096426737	2.446177437310328e-7	0.24380172024929503	0.01652913338790817	54.55998591501528
7.933356442069049	0.007	0.005	0.29441775222082894	2.4357663023227996e-7	0.24373259217173315	0.01652926133721765	54.32152330836089
7.990569321155705	0.007	0.005	0.2939994444201148	2.425446387691126e-7	0.24363954844896013	0.016529385029151907	54.082983325783445
8.048056183426274	0.007	0.005	0.29356732936815566	2.4152161557777636e-7	0.2435226360361516	0.016529504469254653	53.844356032498034
8.10582210037968	0.007	0.005	0.2931214655157661	2.405074139805915e-7	0.24338190134957785	0.016529619662133344	53.60563093760926
8.163872139113519	0.007	0.005	0.2926619096053812	2.395018980997131e-7	0.24321739067347023	0.01652973061101048	53.366797899685416
8.222211540924015	0.007	0.005	0.2921887153387738	2.3850493959798577e-7	0.24302914973930245	0.01652983731808772	53.12784639611704
8.280845580494436	0.007	0.005	0.29170193452128895	2.3751641996241538e-7	0.24281722410834253	0.016529939784276745	52.8887661116542
8.339779688243125	0.007	0.005	0.29120161611160206	2.3653622836984818e-7	0.24258165878748567	0.01653003800942706	52.64954644565265
8.399019351064952	0.007	0.005	0.2906878070793172	2.3556426320007408e-7	0.2423224985835916	0.016530131992151944	52.41017692625317
8.458570184905826	0.007	0.005	0.290160551838238	2.346004308143805e-7	0.24203978784310978	0.01653022172995442	52.17064692403815
8.518437897662746	0.007	0.005	0.28961989260391896	2.3364464613754135e-7	0.24173357061835032	0.016530307219166537	51.93094581183977
8.57862831119985	0.007	0.005	0.2890658692446365	2.3269683217771387e-7	0.24140389058964515	0.01653038845498402	51.69106288541138
8.639147339636143	0.007	0.005	0.28849851952606487	2.3175692048112628e-7	0.24105079121078793	0.016530465431436995	51.45098745962292
8.700001011604586	0.007	0.005	0.2879178789577505	2.308248506523637e-7	0.24067431562924219	0.016530538141422045	51.2107087890602
8.76119546460293	0.007	0.005	0.28732398089335387	2.2990057054160082e-7	0.24027450675465709	0.01653060657669424	50.97021610053634
8.822736939180121	0.007	0.005	0.2867168566412688	2.2898403636343617e-7	0.2398514073488699	0.01653067072786211	50.72949862564362
8.884631789438167	0.007	0.005	0.2860965354189026	2.2807521253024618e-7	0.23940506001552256	0.016530730584400927	50.48854556931991
8.946886452362207	0.007	0.005	0.28546304472213174	2.271740721715219e-7	0.23893550749403789	0.0165307861346266	50.24734623874241
9.00950749132014	0.007	0.005	0.28481640995393437	2.2628059668516265e-7	0.23844279242611569	0.016530837365741773	50.005889883532696
9.072501552716172	0.007	0.005	0.28415665493248	2.2539477619409434e-7	0.23792695777017683	0.01653088426380172	49.76416587327625
9.13587539732046	0.007	0.005	0.2834838016418034	2.245166094767579e-7	0.23738804665984697	0.016530926813747408	49.522163585763565
9.199635864563183	0.007	0.005	0.282797870683655	2.23646104418945e-7	0.23682610281159105	0.016530964999387804	49.279872552863864
9.26378989555013	0.007	0.005	0.28209888111773157	2.2278327780397942e-7	0.23624117046099896	0.016530998803427167	49.037282380926555
9.328344496546066	0.007	0.005	0.28138685094537913	2.2192815604890685e-7	0.23563329483274917	0.016531028207458078	48.79438289722239
9.393306766212646	0.007	0.005	0.2806617969083671	2.2108077488359096e-7	0.23500252205297786	0.016531053191993043	48.551164054204065
9.458683853968791	0.007	0.005	0.27992373504943246	2.202411800151954e-7	0.2343488997172621	0.01653107373646595	48.30761609277775
9.524483000296575	0.007	0.005	0.2791726803651325	2.194094269317917e-7	0.23367247668060578	0.016531089819268912	48.06372939793528
9.590711437058815	0.007	0.005	0.27840864805269966	2.1858558217049194e-7	0.23297330428036922	0.01653110141775328	47.81949487385592
9.657376493346373	0.007	0.005	0.2776316524213548	2.177697222400954e-7	0.23225143547235919	0.01653110850828738	47.574903555615336
9.724485449801039	0.007	0.005	0.2768417087030191	2.169619355517469e-7	0.23150692662015712	0.016531111066270227	47.329947148558354
9.792045640216712	0.007	0.005	0.2760388320099733	2.1616232139090856e-7	0.23073983667577086	0.01653110906618961	47.084617655579045
9.860064329790452	0.007	0.005	0.27522303891250877	2.1537099153454153e-7	0.22995022882069566	0.016531102481668503	46.83890782058429
9.928548776364138	0.007	0.005	0.27439434686954534	2.1458806975401682e-7	0.229138170096003	0.016531091285524803	46.5928109022688
9.997506151189674	0.007	0.005	0.2735527753375284	2.1381369278168378e-7	0.22830373265159568	0.01653107544984376	46.3463209555886
10.06694350781082	0.007	0.005	0.27269834632921924	2.1304801090215722e-7	0.2274469945035142	0.01653105494606617	46.099432933528306
10.13686779643613	0.007	0.005	0.271831084417669	2.1229118795193885e-7	0.22656803974567238	0.016531029745070765	45.8521426247741
10.207285756675123	0.007	0.005	0.270951018250146	2.115434026364244e-7	0.22566696029793037	0.016530999817306408	45.604447019618625
10.278203943588228	0.007	0.005	0.2700581804288326	2.108048482339032e-7	0.22474385603094837	0.016530965132895828	45.35634419835284
10.349628621268854	0.007	0.005	0.269152609051259	2.10075733987097e-7	0.22379883660135302	0.016530925661805956	45.107833682117224
10.421565767755979	0.007	0.005	0.26823434786838446	2.0935628491666447e-7	0.22283202188933257	0.01653088137398569	44.8589163872083
10.494020969004197	0.007	0.005	0.26730344785489063	2.0864674303693487e-7	0.22184354392376662	0.016530832239579032	44.60959496043739
10.566999391833475	0.007	0.005	0.2663599677905416	2.0794736759873764e-7	0.22083354779902642	0.016530778229115185	44.359873832561235
10.640505687374386	0.007	0.005	0.2654039757409506	2.0725843583736812e-7	0.21980219356301672	0.01653071931376414	44.1097595041642
10.714543950447675	0.007	0.005	0.2644355498265153	2.0658024333136826e-7	0.21874965736671784	0.01653065546557496	43.859260631403764
10.789117608082611	0.007	0.005	0.26345477991829264	2.0591310472564577e-7	0.2176761336300231	0.01653058665779284	43.60838834445287
10.864229364460483	0.007	0.005	0.26246176860495357	2.052573540118795e-7	0.21658183643767304	0.016530512865155115	43.357156364524634
10.939881109007278	0.007	0.005	0.26145663264110774	2.0461334490839555e-7	0.21546700146805087	0.01653043406424137	43.10558123635926
11.016073801434464	0.007	0.005	0.26043950470524263	2.039814514749253e-7	0.21433188828172378	0.016530350233876372	42.85368262568401
11.09280741995491	0.007	0.005	0.2594105343128314	2.0336206781428575e-7	0.2131767816778922	0.016530261355491415	42.60148339593697
11.170080805517584	0.007	0.005	0.2583698901090952	2.02755608839293e-7	0.21200199459258445	0.016530167413625153	42.34901001736023
11.247891652201478	0.007	0.005	0.2573177601886836	2.0216250933051305e-7	0.21080786877801388	0.016530068396278744	42.09629248435935
11.326236321014143	0.007	0.005	0.25625435477095676	2.0158322465585439e-7	0.20959477812483562	0.016529964295503605	41.843364799896165
11.405109838275134	0.007	0.005	0.25517990636122667	2.0101822945177772e-7	0.20836312912220345	0.016529855107779615	41.590264847441475
11.484505731755302	0.007	0.005	0.25409467207824254	2.004680178707569e-7	0.20711336375477576	0.016529740834618844	41.33703477854419
11.564416028745649	0.007	0.005	0.2529989337447723	1.9993310198168714e-7	0.20584595980939727	0.01652962148296263	41.08372086954759
11.644831138639043	0.007	0.005	0.2518929995089068	1.99414011282994e-7	0.20456143289336937	0.01652949706574528	40.830373740978274
11.725739869401629	0.007	0.005	0.2507772035833169	1.989112908787321e-7	0.20326033622709183	0.01652936760226065	40.577048145657436
11.807129328276911	0.007	0.005	0.24965190752133148	1.9842550042717292e-7	0.2019432621585146	0.016529233118699513	40.32380311838404
11.888984991908243	0.007	0.005	0.2485174991011931	1.9795721182789768e-7	0.20061084082400868	0.016529093648405473	40.07070159259366
11.971290655839459	0.007	0.005	0.2473743928131603	1.9750700770624386e-7	0.1992637406036845	0.01652894923230356	39.81781039568639
12.054028551531045	0.007	0.005	0.24622302796412807	1.9707547867014565e-7	0.19790266570053802	0.016528799919016582	39.565199729916
12.137179348256456	0.007	0.005	0.24506386831517413	1.9666322146361422e-7	0.1965283554362316	0.01652864576514125	39.31294301658415
12.220722314328436	0.007	0.005	0.24389739944290365	1.962708361545879e-7	0.19514158077361737	0.016528486835195304	39.06111626349583
12.304635407328117	0.007	0.005	0.24272412702942664	1.958989235949442e-7	0.1937431418475104	0.01652832320163686	38.80979766510447
12.388895436712028	0.007	0.005	0.2415445740919168	1.955480831922821e-7	0.19233386415593437	0.01652815494469164	38.55906700061863
12.473478238151943	0.007	0.005	0.24035927800268586	1.9521891003827312e-7	0.1909145944221973	0.016527982152091333	38.309005018665864
12.558358881689722	0.007	0.005	0.23916878700016442	1.949119929089459e-7	0.18948619577781972	0.01652780491867537	38.05969274546149
12.643511868259639	0.007	0.005	0.23797365683817037	1.946279118521054e-7	0.1880495430513039	0.016527623345946586	37.81121085314031
12.728911347471243	0.007	0.005	0.23677444712466506	1.94367236510266e-7	0.18660551763893848	0.01652743754151575	37.563638991491224
12.814531378793937	0.007	0.005	0.23557171704994964	1.9413052426265653e-7	0.18515500160565337	0.016527247618382885	37.31705502213936
12.900346076193742	0.007	0.005	0.23436602276318289	1.9391831932363747e-7	0.18369887375350027	0.01652705369441189	37.07153461670293
12.986329919156532	0.007	0.005	0.23315791243489403	1.9373115143177856e-7	0.1822380028960553	0.01652685589138011	36.827150401601116
13.072457882413232	0.007	0.005	0.23194792389985314	1.935695357407812e-7	0.18077324425564323	0.01652665433438071	36.58397164939097
13.158705667847167	0.007	0.005	0.23073658090741975	1.9343397226392603e-7	0.17930543420352127	0.016526449150953255	36.342063699822546
13.245049849781143	0.007	0.005	0.22952439063931157	1.933249464016362e-7	0.17783538656785555	0.016526240470378647	36.101487647741095
13.33146804135895	0.007	0.005	0.22831184098736831	1.9324292933288576e-7	0.17636388869722064	0.01652602842289932	35.86229998886663
13.41793899572933	0.007	0.005	0.22709939880676677	1.9318837897134617e-7	0.17489169876078503	0.016525813139079262	35.62455246210447
13.504442710325215	0.007	0.005	0.22588750818727119	1.9316174108242632e-7	0.1734195431311261	0.01652559474914975	35.38829189360545
13.590960511178293	0.007	0.005	0.22467658906694293	1.9316345061585032e-7	0.17194811424652445	0.01652537338240191	35.15356010488395
13.67747507708041	0.007	0.005	0.22346703674881221	1.9319393324660697e-7	0.17047806963647483	0.01652514916673786	34.92039398999363
13.763970501076107	0.007	0.005	0.22225922095278408	1.9325360714609494e-7	0.1690100304488427	0.016524922228138367	34.68882549374761
13.850432257683302	0.007	0.005	0.2210534862395419	1.93342884767731e-7	0.16754458170931957	0.016524692690391102	34.458881844218254
13.936847219308062	0.007	0.005	0.2198501517952912	1.9346217453784682e-7	0.16608227186620048	0.016524460674712995	34.23058564986562
14.023203613323528	0.007	0.005	0.2186495120885303	1.9361188297977902e-7	0.16462361345325308	0.016524226299552316	34.00395515114351
14.109490994552171	0.007	0.005	0.2174518373498372	1.9379241643836633e-7	0.16316908359113938	0.016523989680376328	33.7790044250546
14.195700182000524	0.007	0.005	0.2162573745811482	1.9400418285099737e-7	0.16171912518065631	0.016523750929582928	33.55574367657535
14.28182320019875	0.007	0.005	0.21506634852668396	1.9424759372115563e-7	0.16027414809213655	0.016523510156428813	33.33417950923318
14.367853231063458	0.007	0.005	0.21387896252034608	1.9452306569783524e-7	0.15883453024276747	0.016523267466955094	33.11431516043875
14.453784508218906	0.007	0.005	0.21269540014415553	1.9483102224636195e-7	0.15740061968961375	0.016523022964101797	32.89615087517931
14.539612290655253	0.007	0.005	0.2115158258028388	1.951718952778427e-7	0.15597273543525084	0.016522776747625065	32.6796840674008
14.625332756557926	0.007	0.005	0.21034038640744035	1.9554612657663965e-7	0.1545511695998774	0.016522528914264544	32.464909676022955
14.710942936980741	0.007	0.005	0.20916921251202836	1.9595416910057697e-7	0.1531361889473578	0.01652227955782216	32.251820409612044
14.796440660916536	0.007	0.005	0.20800241929653585	1.963964884225769e-7	0.15172803623935668	0.016522028769228158	32.04040695465831
14.881824460953936	0.007	0.005	0.20684010808642547	1.9687356384360913e-7	0.15032693224750812	0.016521776636741967	31.830658273353222
14.96709353015827	0.007	0.005	0.20568236716788502	1.97385889585429e-7	0.1489330769211459	0.01652152324602153	31.622561766143235
15.052247645353118	0.007	0.005	0.20452927305578175	1.9793397581199913e-7	0.14754665110519893	0.01652126868030727	31.41610351001282
15.137287113369144	0.007	0.005	0.2033808914409622	1.985183495932804e-7	0.14616781787246588	0.016521013020553095	31.211268433120626
15.2222127064125	0.007	0.005	0.20223727827603746	1.9913955586103053e-7	0.14479672402136143	0.0165207563456029	31.008040509259843
15.307025631541626	0.007	0.005	0.2010984803918692	1.9979815832828357e-7	0.14343350100808888	0.016520498732275724	30.806402864512947
15.391727461172406	0.007	0.005	0.19996453662959218	2.0049474029323087e-7	0.14207826649345215	0.01652024025557837	30.606337972015094
15.476320086470631	0.007	0.005	0.19883547865175255	2.0122990522187105e-7	0.1407311254984307	0.016519980988858516	30.407827786066957
15.560805710220887	0.007	0.005	0.19771133121741358	2.0200427796067183e-7	0.13939217091513537	0.01651972100384384	30.210853779665353
15.645186750507968	0.007	0.005	0.1965921136358111	2.0281850480662766e-7	0.13806148541657062	0.01651946037096138	30.01539718680345
15.729465878846746	0.007	0.005	0.19547783941954913	2.0367325486911657e-7	0.13673914121411657	0.016519199159249064	29.821438927251606
15.81364591894316	0.007	0.005	0.19436851777925432	2.04569220114596e-7	0.13542520199922786	0.016518937436701474	29.628959852062916
15.897729890720393	0.007	0.005	0.19326415318492624	2.055071167666172e-7	0.13411972258138474	0.01651867527017011	29.437940650852653
15.981720893026004	0.007	0.005	0.19216474704436157	2.0648768490316016e-7	0.13282275102663005	0.01651841272576814	29.248362125696485
16.0	0.007	0.005	0.1919259810481509	2.0671068134702936e-7	0.1325414374871698	0.01651835550699578	29.207265925137907
