0.0	0.007	0.005	0.0	0.0	0.0	0.0	100.0
0.005813631966789642	0.007	0.005	0.02057713105660272	6.400164116345909e-5	1.4501704804184979e-5	2.7100149748394777e-5	99.95720697584078
0.01087546719480983	0.007	0.005	0.037461708221229004	0.00011215269914677185	4.982202683726313e-5	9.076290177780008e-5	99.91996269622508
0.017763531456173955	0.007	0.005	0.05899114357510448	0.00016800440358923007	0.0001296630374104357	0.00022845882645657067	99.86930356690677
0.024932439448065565	0.007	0.005	0.07974487474273814	0.00021613433013761122	0.00024901232806908807	0.0004244174255435732	99.8166062132742
0.033217893299452975	0.007	0.005	0.1017924240108795	0.00026132196653059207	0.0004293606572474386	0.0007055698346373389	99.75573597076806
0.04206852610482475	0.007	0.005	0.1232402393098118	0.00029956974424666746	0.0006679213401311619	0.0010578222642554564	99.69075456608415
0.051719264788207944	0.007	0.005	0.14437818021799048	0.00033183537092342836	0.0009769846243089146	0.001489635227805527	99.6199470198909
0.06197104212183403	0.007	0.005	0.1645156890996953	0.0003574716505378508	0.0013555494589980019	0.00198972505593322	99.54478473595657
0.07287331441007705	0.007	0.005	0.1835872437161258	0.00037679536012296473	0.0018087784702918253	0.0025555087368001727	99.46491548064334
0.08434877025560693	0.007	0.005	0.2013412995100638	0.0003896946772765725	0.00233575304652263	0.00317638702550968	99.38091634817762
0.09639847387511828	0.007	0.005	0.21772140142047874	0.0003959994142929091	0.00293752767193241	0.003843838911993297	99.292790132901
0.10898980411214712	0.007	0.005	0.2326637423117588	0.0003953162620541654	0.003612618658684648	0.004545388342022471	99.20078619238922
0.12211628988435502	0.007	0.005	0.24617668794172012	0.00038726042739652816	0.00436003866174747	0.005267691093372126	99.1049626699342
0.1357648584790209	0.007	0.005	0.25828785460276615	0.00037172952148803863	0.0051778475165682345	0.005994960776270805	99.00542609124365
0.1499330564722004	0.007	0.005	0.269055651772503	0.000349185357689432	0.006064269976376602	0.006710746019983722	98.90220569822546
0.1646202888739879	0.007	0.005	0.2785531014451313	0.00032079243031010463	0.00701735282431697	0.00739883958340641	98.79531755285565
0.17983740755584732	0.007	0.005	0.2868681726610359	0.00028829659328711	0.008035713148456422	0.00804531741375376	98.68469493877906
0.19560817863459476	0.007	0.005	0.29409659216295037	0.00025372173397563276	0.0091188020031477	0.008639768683603114	98.57017819024948
0.2119637350256809	0.007	0.005	0.30033373277459213	0.00021903538887112217	0.010266634614694374	0.00917564025345377	98.45155549293122
0.22892559765926496	0.007	0.005	0.3056673081008309	0.0001859093939079942	0.011478613257667789	0.009649783656006414	98.32868619876386
0.24649782637619497	0.007	0.005	0.3101784876462369	0.00015557160774022538	0.012752898027908036	0.010062125936835106	98.20155721735942
0.2646773776661482	0.007	0.005	0.3139472140436195	0.0001287419690960179	0.014087113637530365	0.0104154402729977	98.07020744919798
0.28347234714917474	0.007	0.005	0.3170544638781303	0.00010566880564558215	0.015479723270025609	0.010714761096185325	97.93459590585326
0.3029103357551387	0.007	0.005	0.31957950749045405	8.624889629775515e-5	0.016930723547055902	0.010966382174215094	97.79454203357456
0.32303734204215917	0.007	0.005	0.32159631994301474	7.016637332181727e-5	0.01844161417638554	0.011176908539905083	97.64973473600041
0.3439137685601224	0.007	0.005	0.32317155252037594	5.700532124797333e-5	0.020015110882399798	0.011352627646317765	97.49976214310033
0.3656110395193668	0.007	0.005	0.32436403988167695	4.6325480535386616e-5	0.021654875311838545	0.01149918606972122	97.34413683642197
0.388209935444309	0.007	0.005	0.32522517625217834	3.770686017786971e-5	0.023365360313400505	0.011621473175637007	97.1823086520634
0.41179873391856664	0.007	0.005	0.32579957397778525	3.077310733871716e-5	0.025151635107507196	0.011723614664522439	97.01367884168673
0.43647408562650275	0.007	0.005	0.326125863464647	2.520011062184442e-5	0.027019416057204163	0.011809037050161664	96.83759468605992
0.4623414027921505	0.007	0.005	0.3262373585909836	2.0716849243641518e-5	0.02897506017627859	0.011880549671785966	96.65334774542136
0.4895166232461033	0.007	0.005	0.32616262546983016	1.7101464133102466e-5	0.03102566131910285	0.01194043607468191	96.46016248947228
0.5181283529749724	0.007	0.005	0.32592592476774657	1.4175272593854589e-5	0.03317917152684045	0.011990539945501229	96.25718253729684
0.5483204022748417	0.007	0.005	0.32554755960415144	1.1796112349804612e-5	0.035444546195734006	0.01203234186140521	96.04345448672319
0.5802546240660538	0.007	0.005	0.3250441576434966	9.851857547044164e-6	0.03783190352596274	0.012067025224881251	95.81791008355168
0.6141147044305226	0.007	0.005	0.3244288976357421	8.254528978497001e-6	0.04035274374454004	0.01209553187534396	95.57934227181985
0.6501096786275827	0.007	0.005	0.323711714276089	6.935282596591431e-6	0.04302013269351586	0.012118606613225702	95.32638395885685
0.6884776419114051	0.007	0.005	0.32289949102189575	5.840249970226014e-6	0.045848881934129004	0.012136833007369357	95.05748631503901
0.7294884212445811	0.007	0.005	0.321996272415803	4.9272072744183775e-6	0.04885563137745872	0.01215066145467892	94.77090541045654
0.7734441446004812	0.007	0.005	0.32100352509562363	4.162954880913694e-6	0.05205875674973191	0.012160431506579236	94.46470462146314
0.8206749235453076	0.007	0.005	0.3199205110657816	3.5212954421007887e-6	0.05547790470180814	0.012166390386855958	94.13679195431185
0.8715261712222253	0.007	0.005	0.3187448507951022	2.981479659079337e-6	0.059132922250951785	0.01216871039978071	93.78501557430147
0.9263343944051995	0.007	0.005	0.3174733412620936	2.526994964798095e-6	0.06304199088071215	0.012167508190409454	93.40733762783579
0.985394232874178	0.007	0.005	0.3161029513703888	2.1445736711120867e-6	0.06721921943028825	0.012162867728972184	93.00206453318773
1.0489316002411595	0.007	0.005	0.3146316372388265	1.8233351879940912e-6	0.07167279366519162	0.012154864419785957	92.5680294846071
1.1171034709364849	0.007	0.005	0.3130585020013439	1.5540751887713292e-6	0.07640510305710833	0.012143582053378172	92.10458769511976
1.190024951034098	0.007	0.005	0.311383304379003	1.3287985818147143e-6	0.08141477689081814	0.012129116133740065	91.61142543702717
1.267798407766854	0.007	0.005	0.309605914608217	1.1405161625951316e-6	0.08669877854108313	0.012111567654912319	91.08835925834421
1.350524993771784	0.007	0.005	0.30772616437033434	9.83182490246418e-7	0.09225321102680316	0.012091036597933695	90.53525822547158
1.4382990869896206	0.007	0.005	0.30574406104077917	8.516485765775672e-7	0.09807294943891517	0.012067620016017131	89.95208178189466
1.531193204143294	0.007	0.005	0.30366018151769975	7.415851039623718e-7	0.10415068907620732	0.012041414735615543	89.33897863793483
1.629238278093295	0.007	0.005	0.3014761309226408	6.493832105154669e-7	0.11047578901454556	0.012012523286556642	88.69641133699561
1.7324006603930269	0.007	0.005	0.2991950352891812	5.720499887579422e-7	0.1170330391912882	0.011981062057915682	88.02529538703429
1.8405564504240892	0.007	0.005	0.2968220542324429	5.07109828844165e-7	0.12380142329747916	0.01194717094568513	87.32714708317873
1.9534648673984423	0.007	0.005	0.29436487444380083	4.5251636795267244e-7	0.13075301181893462	0.01191102353029932	86.60422725835588
2.070745645764912	0.007	0.005	0.29183407611672263	4.065757130982577e-7	0.1378522967758691	0.011872835824395448	85.85964845015324
2.1918691469431684	0.007	0.005	0.2892431930917846	3.6788012588747386e-7	0.14505644774771267	0.011832870392750664	85.09739233320855
2.3161766096683	0.007	0.005	0.2866081184755239	3.3525004814782197e-7	0.15231738694760152	0.011791429726699661	84.32213474762565
2.442924131180417	0.007	0.005	0.28394603552614855	3.076884913961298e-7	0.15958506598137948	0.01174884076549697	83.53893112226305
2.5713638852517144	0.007	0.005	0.2812736329393454	2.8434416546610755e-7	0.16681249087460376	0.011705426222876349	82.75269138735014
2.7008396723800354	0.007	0.005	0.2786051301920298	2.644870377288916e-7	0.17396095398859854	0.0116614707335606	81.96759901297729
2.830856973004902	0.007	0.005	0.2759509421843303	2.4749606823926255e-7	0.18100324967433157	0.011617195915987179	81.18671813625171
2.96110851342187	0.007	0.005	0.2733173262643198	2.328528203167991e-7	0.1879241030130804	0.011572751318915662	80.41188971317911
3.091451732214564	0.007	0.005	0.270707017802442	2.201345838776067e-7	0.19471798468714183	0.011528222591186797	79.64391850907334
3.2218553912407617	0.007	0.005	0.2681204459127195	2.0900330165567303e-7	0.20138554166756376	0.011483650761506814	78.88293077231175
3.3523406572750236	0.007	0.005	0.26555699286605716	1.9919098449068867e-7	0.20793010743990673	0.011439053606152019	78.12874476262641
3.482936366003515	0.007	0.005	0.263015909901771	1.9048462435322088e-7	0.21435526886656747	0.011394442064510965	77.38114018933051
3.613655988963948	0.007	0.005	0.2604967657218945	1.8271312887983368e-7	0.220663733975708	0.011349828992716996	76.639990161513
3.7444932775779414	0.007	0.005	0.2579995146339438	1.7573724969249106e-7	0.22685720343480034	0.011305231292204124	75.90528123612197
3.8754286444012895	0.007	0.005	0.2555243583117363	1.6944231963962892e-7	0.23293675520565912	0.011260668195783185	75.17707274702028
4.006438449844571	0.007	0.005	0.25307156081469856	1.6373313306970153e-7	0.23890332158731833	0.011216158458447667	74.45544238235836
4.137502074765408	0.007	0.005	0.25064131476288404	1.585302526861822e-7	0.2447580169078231	0.011171718245400648	73.74044681231747
4.268605044049656	0.007	0.005	0.24823368730725776	1.537671861365306e-7	0.2505022569756261	0.011127360325675168	73.0321057931865
4.399738899430547	0.007	0.005	0.24584862815507685	1.4938809763754174e-7	0.25613772541390795	0.011083094334650778	72.33040452848462
4.53089919100995	0.007	0.005	0.2434860110327795	1.453458868889442e-7	0.2616662636284029	0.011038927636974352	71.63530586763763
4.662083386713987	0.007	0.005	0.2411456743786724	1.4160059648579835e-7	0.26708976852484567	0.010994866180450712	70.94676227805266
4.793289335528662	0.007	0.005	0.2388274500576488	1.381181143080582e-7	0.2724101232645673	0.01095091513114712	70.26472429319304
4.924514624643791	0.007	0.005	0.23653117490277414	1.3486914686907705e-7	0.2776291707750355	0.01090707918278917	69.58914390819287
5.055756588130663	0.007	0.005	0.23425669036433705	1.318284160849772e-7	0.2827487154311907	0.010863362629958516	68.91997447660596
5.187012576485256	0.007	0.005	0.2320038377175024	1.2897402408620062e-7	0.2877705345253534	0.010819769341941591	68.2571693004638
5.318280235012382	0.007	0.005	0.22977245339159905	1.2628694075524408e-7	0.29269638883625687	0.010776302724863651	67.60068025611864
5.449557686643674	0.007	0.005	0.2275623661713678	1.23750581926093e-7	0.2975280285280514	0.010732965708606261	66.9504569708306
5.580843471288818	0.007	0.005	0.22537339860736735	1.2135044691274218e-7	0.30226718963942245	0.010689760808039368	66.3064472377194
5.712136485117193	0.007	0.005	0.22320536835791813	1.1907381623632119e-7	0.306915590915641	0.010646690178219275	65.66859741057404
5.843435832829494	0.007	0.005	0.22105809087964842	1.1690949146546689e-7	0.3114749279731146	0.010603755692898328	65.03685319542954
5.974740758144386	0.007	0.005	0.2189313807102026	1.1484758035744257e-7	0.3159468707515774	0.010560958992640458	64.41116002795009
6.106050574261489	0.007	0.005	0.2168250526818237	1.1287931467932748e-7	0.32033306126880445	0.010518301529141263	63.79146343047204
6.237364672579061	0.007	0.005	0.21473892183046286	1.1099690136781265e-7	0.324635114197927	0.010475784580941085	63.17770898526484
6.3686824879240245	0.007	0.005	0.2126728039921969	1.0919339289441896e-7	0.3288546160330203	0.010433409280814697	62.56984251000014
6.500003550747583	0.007	0.005	0.21062651501788854	1.0746258368697475e-7	0.3329931271022663	0.01039117661294449	61.96780982669983
6.631327434954885	0.007	0.005	0.20859987163647867	1.0579891371905446e-7	0.3370521801978446	0.010349087442124648	61.37155701572263
6.762653757912783	0.007	0.005	0.20659269147634132	1.0419738948848385e-7	0.34103328096445124	0.010307142524482416	60.781030422046875
6.8939822239446915	0.007	0.005	0.2046047924306783	1.0265351999958341e-7	0.3449379095668036	0.010265342503093005	60.19617646856494
7.025312563453578	0.007	0.005	0.2026359936169799	1.0116325299356235e-7	0.3487675191937388	0.010223687935867724	59.61694193836371
7.156644532925059	0.007	0.005	0.20068611538277464	9.97229242424946e-8	0.3525235364947095	0.010182179302862136	59.0432739764161
7.287977941023896	0.007	0.005	0.19875497892910016	9.832921601769066e-8	0.3562073627361848	0.010140817004552268	58.47511997880315
7.419312587710807	0.007	0.005	0.1968424072161102	9.697911328482798e-8	0.35982037249981247	0.010099601386849724	57.91242785915033
7.550648307733515	0.007	0.005	0.19494822431870998	9.566987433893505e-8	0.3633639153598988	0.010058532732475083	57.35514585905118
7.681984953232183	0.007	0.005	0.19307225568399206	9.43990000688094e-8	0.3668393158208955	0.010017611271038984	56.80322262380618
7.813322402438577	0.007	0.005	0.1912143280064611	9.316420926686565e-8	0.3702478739744727	0.00997683718043845	56.25660716571335
7.94466053358234	0.007	0.005	0.1893742695952015	9.196341366521627e-8	0.3735908652474906	0.009936210598650953	55.715248972091445
8.075999233589586	0.007	0.005	0.18755191023922435	9.079469897012354e-8	0.37686954108105675	0.009895731624272843	55.17909796566428
8.207338406781618	0.007	0.005	0.1857470810798745	8.965630828935389e-8	0.3800851295761244	0.009855400316794943	54.64810446702152
8.338677966177073	0.007	0.005	0.18395961472567465	8.854662585818871e-8	0.3832388356937726	0.009815216701971264	54.12221922840721
8.470017842190513	0.007	0.005	0.18218934512681884	8.746416427271807e-8	0.38633184187907216	0.009775180771579042	53.601393396794464
8.601357982632694	0.007	0.005	0.1804361075719164	8.640755240689414e-8	0.38936530845545636	0.009735292485654157	53.08557851292766
8.732698317917391	0.007	0.005	0.17869973914230347	8.537552098091608e-8	0.3923403732327167	0.009695551785047607	52.574726644984075
8.864038787156456	0.007	0.005	0.1769800783463641	8.436689559972505e-8	0.3952581525388902	0.009655958585230728	52.06879028098853
8.995379329461581	0.007	0.005	0.1752769652229277	8.338058723248337e-8	0.3981197414249949	0.009616512780560084	51.56772235923379
9.126719892642727	0.007	0.005	0.17359024121582267	8.241558544798127e-8	0.40092621425290426	0.00957721424314206	51.07147623137312
9.258060441906528	0.007	0.005	0.17191974905497792	8.147095251129049e-8	0.40367862525432613	0.009538062821629991	50.58000562743973
9.389400933761303	0.007	0.005	0.17026533308001252	8.054581435671108e-8	0.4063780083542962	0.009499058350290707	50.09326475104913
9.520741342112096	0.007	0.005	0.16862683889682575	7.963935790577504e-8	0.4090253780924815	0.009460200642366282	49.61120817836527
9.652081632165686	0.007	0.005	0.16700411369487733	7.875082316282338e-8	0.41162172945430653	0.009421489498888967	49.13379095144681
9.783421777827261	0.007	0.005	0.16539700601616686	7.787950063887503e-8	0.4141680385909652	0.009382924704479156	48.660968510279325
9.91476173560552	0.007	0.005	0.1638053660612339	7.702472427021368e-8	0.4166652626739304	0.009344506035896502	48.192696782802464
10.04610148810418	0.007	0.005	0.16222904514583375	7.61858727297471e-8	0.41911434108533463	0.009306233250088716	47.728932025060196
10.177441000530527	0.007	0.005	0.16066789621694721	7.536236105986015e-8	0.42151619493160536	0.009268106097698693	47.26963097301468
10.308780246790283	0.007	0.005	0.1591217735235646	7.455364065907848e-8	0.4238717278802132	0.009230124316120018	46.81475074568839
10.440119218185771	0.007	0.005	0.15759053250737892	7.375919762196226e-8	0.4261818266314902	0.009192287627682994	46.36424881300538
10.57145788862297	0.007	0.005	0.15607403019903457	7.297854607663076e-8	0.42844736062448335	0.00915459575032282	45.91808311237054
10.702796249404393	0.007	0.005	0.15457212479923865	7.221123008798765e-8	0.4306691829727596	0.009117048388099116	45.476211925429304
10.834134265738161	0.007	0.005	0.15308467616544844	7.145681625910907e-8	0.4328481300387446	0.00907964524418235	45.038594021254845
10.965471920228923	0.007	0.005	0.1516115452991954	7.071489714095694e-8	0.4349850224878538	0.00904238600886384	44.60518850551507
11.096809204179577	0.007	0.005	0.15015259443891438	6.998508849037067e-8	0.43708066542848295	0.009005270362555941	44.175954847783395
11.228146091496946	0.007	0.005	0.14870768733752585	6.926702438990054e-8	0.4391358482941187	0.008968297983598508	43.75085296320597
11.35948256478614	0.007	0.005	0.14727668895762955	6.856035905845224e-8	0.4411513455604512	0.008931468541245428	43.32984312282479
11.490818632746478	0.007	0.005	0.14585946527682617	6.786476783192576e-8	0.4431279172797818	0.008894781691224622	42.91288589630248
11.622154269285248	0.007	0.005	0.14445588393637543	6.717993808360623e-8	0.4450663084364986	0.00885823709315193	42.49994234276188
11.753489448309995	0.007	0.005	0.14306581384440675	6.650557250830177e-8	0.44696724977384694	0.008821834401031486	42.09097389404789
11.884824169822314	0.007	0.005	0.1416891248916651	6.584139157722057e-8	0.4488314584324506	0.00878557325636239	41.6859422710978
12.016158416428013	0.007	0.005	0.14032568840197576	6.518712686449412e-8	0.45065963758194505	0.008749453300516677	41.28480961647136
12.147492179430946	0.007	0.005	0.1389753768445309	6.454252361857282e-8	0.4524524770597457	0.008713474167773728	40.887538409703104
12.27882545013507	0.007	0.005	0.1376380639145147	6.390733880652724e-8	0.4542106535013079	0.00867763548799342	40.494091491023426
12.410158193751064	0.007	0.005	0.13631362478321102	6.328133674763718e-8	0.45593483025336906	0.008641936893943594	40.10443213494143
12.5414904189788	0.007	0.005	0.13500193538214503	6.266429799182724e-8	0.45762565854151366	0.008606378002565028	39.71852383963469
12.672822117122601	0.007	0.005	0.1337028730119139	6.205601035366368e-8	0.4592837768969965	0.00857095843182442	39.336330506071405
12.804153288184583	0.007	0.005	0.132416316067971	6.145627192517235e-8	0.4609098117368236	0.00853567779382218	38.957816357334195
12.935483897376272	0.007	0.005	0.13114214445327155	6.086488434130535e-8	0.46250437706428865	0.008500535706658706	38.582946060023474
13.06681394470007	0.007	0.005	0.12988023888546169	6.028166212244853e-8	0.46406807555952656	0.008465531775904606	38.21168452042751
13.198143430158384	0.007	0.005	0.12863048123149237	5.970642733691259e-8	0.46560149836125625	0.008430665604186658	37.843996982967816
13.32947234505608	0.007	0.005	0.12739275457811344	5.913900788197729e-8	0.46710522518914777	0.008395936793651242	37.47984905093983
13.460800663303162	0.007	0.005	0.12616694329776823	5.857923573221437e-8	0.4685798244734219	0.008361344948365356	37.119206705898875
13.592128367507438	0.007	0.005	0.12495293278998867	5.8026950352960844e-8	0.47002585387032536	0.008326889667536388	36.762036231576985
13.72345544897437	0.007	0.005	0.12375060947470845	5.74819983982333e-8	0.4714438604604083	0.00829257054570062	36.40830421191577
13.854781916404278	0.007	0.005	0.12255986070708727	5.694423475471656e-8	0.47283438103457026	0.008258387170642737	36.05797750600668
13.986107761102707	0.007	0.005	0.12138057508547291	5.64135170112402e-8	0.4741979419190084	0.008224339132627519	35.71102333869607
14.117432983072609	0.007	0.005	0.12021264220246343	5.588970909313007e-8	0.47553505945280117	0.00819042601770196	35.367409227345796
14.248757564922455	0.007	0.005	0.1190559528670314	5.5372676985737774e-8	0.47684623991416647	0.008156647414564034	35.0271030471836
14.380081480563772	0.007	0.005	0.11791039901142839	5.4862289740073426e-8	0.4781319798108366	0.00812300291236088	34.69007300391374
14.511404729999942	0.007	0.005	0.11677587337843844	5.4358424684770206e-8	0.4793927664040776	0.008089492091883551	34.35628754170511
14.642727304537235	0.007	0.005	0.1156522698185397	5.386096182312747e-8	0.48062907754156214	0.008056114534638403	34.025715430617915
14.774049204179123	0.007	0.005	0.11453948312969199	5.3369786366949236e-8	0.4818413820029784	0.008022869818502748	33.698325719468066
14.905370411535042	0.007	0.005	0.11343740926896863	5.288478437396237e-8	0.48303013943344025	0.007989757524437457	33.37408779809105
15.03669093530561	0.007	0.005	0.11234594497611189	5.240584955170405e-8	0.4841958009128105	0.007956777225579057	33.05297128658902
15.168010758100541	0.007	0.005	0.11126498820183157	5.19328746727313e-8	0.48533880865175355	0.007923928500500457	32.73494616133924
15.299329853832955	0.007	0.005	0.11019443794674699	5.146575413259686e-8	0.48645959632632696	0.007891210928834635	32.4199827076099
15.430648222506877	0.007	0.005	0.10913419396911585	5.1004389550897635e-8	0.48755858953512704	0.007858624082687367	32.10805143357179
15.561965872823109	0.007	0.005	0.10808415692412547	5.0548686869070035e-8	0.4886362057952767	0.007826167531140401	31.799123111278504
15.693282796088852	0.007	0.005	0.10704422856352207	5.009855185223327e-8	0.489692854483814	0.007793840846786395	31.49316883539925
15.824598974914775	0.007	0.005	0.10601431165184386	4.965389133904039e-8	0.49072893707254245	0.007761643603584203	31.19015999857376
15.955914400608469	0.007	0.005	0.10499430981962908	4.9214616059729664e-8	0.49174484741784724	0.007729575372641479	30.890068248225017
16.0	0.007	0.005	0.10465407693917854	4.653862119897113e-8	0.4920814578183345	0.007718842273898029	30.789969329383972
