0.0	0.007	0.005	0.0	0.0	0.0	0.0	100.0
0.006337692754268754	0.007	0.005	0.017868928617854555	7.392878331287373e-5	1.3725080329965786e-5	4.949098054501591e-5	99.93482859687043
0.01141751226028356	0.007	0.005	0.03148274956924057	0.00012404335459597282	4.387128608599011e-5	0.00015311795678749827	99.882622750897
0.018570412862820157	0.007	0.005	0.049639876829881635	0.00018309064706680545	0.00011361799102814498	0.0003794176443265391	99.80915786457238
0.02583825334997345	0.007	0.005	0.06694309278392645	0.0002316564319339544	0.00021530055708897245	0.0006888520897446423	99.7345678152541
0.034361906117227094	0.007	0.005	0.08586016744610418	0.0002768515288387868	0.00037145537995443036	0.00113314982826495	99.64716034956719
0.04345326228139335	0.007	0.005	0.10451483953457767	0.00031403745217448685	0.00057870551927451	0.0016827036214778254	99.5540156836404
0.05349269393309823	0.007	0.005	0.12343081057343788	0.00034494752866282393	0.0008524148953456198	0.0023583519970139283	99.45125875218332
0.0642540396416389	0.007	0.005	0.14190833953981802	0.0003691346837112651	0.001193495039201754	0.0031416994208767444	99.34123056389542
0.07586666082257468	0.007	0.005	0.15994840579887484	0.0003874920105864745	0.0016116553411987878	0.0040357578289396566	99.22263515480006
0.08825961392737425	0.007	0.005	0.17723615849743157	0.0004004849528156355	0.002109438335302035	0.0050275712905107905	99.0962266717313
0.10147093367647798	0.007	0.005	0.19366186433199356	0.0004086823005689488	0.002692286676742001	0.006111243485448045	98.96164816577621
0.1154643782344362	0.007	0.005	0.2090513879434435	0.00041240766386109505	0.0033615530498562396	0.007273693578950834	98.81930177307696
0.13022988042927616	0.007	0.005	0.22330803520500905	0.0004118054758760154	0.004118498285954652	0.008502441352586843	98.66932373189405
0.14573132489367185	0.007	0.005	0.23635104785138478	0.00040683842168041815	0.004961913871483277	0.009780989859716161	98.51211539996093
0.16194386710970948	0.007	0.005	0.24815147440540775	0.00039738145920290035	0.005890056546105917	0.01109166511883123	98.3479634202181
0.17884122090591648	0.007	0.005	0.25871249588214146	0.00038335704354359405	0.006900203628132642	0.012414591373890465	98.17716881995976
0.19640775574658972	0.007	0.005	0.26807008652552344	0.0003648764455123121	0.007989567889308415	0.013729136271395045	97.99992474338599
0.21463859436431426	0.007	0.005	0.2762829674311928	0.000342346714226465	0.00915556849646111	0.01501480431363128	97.81631628690317
0.23355205048616026	0.007	0.005	0.28342860240682605	0.0003164850858324946	0.010396869262068613	0.016253234867002263	97.62619653104389
0.2531954706564914	0.007	0.005	0.28959462448113565	0.00028825103091975883	0.011714017104250565	0.017429458252811614	97.42913029371674
0.2736346856885183	0.007	0.005	0.29486764295721474	0.0002587451294850761	0.013108904836124721	0.018531824693367487	97.224502784663
0.29490397800018403	0.007	0.005	0.29932058772959425	0.00022914262192128823	0.014581338874641626	0.019550133809867556	97.012021239858
0.31692714325005916	0.007	0.005	0.30300886151605033	0.00020064161335329358	0.016123320910792053	0.020473983158164535	96.79249779855289
0.3395289850187738	0.007	0.005	0.3059893239920365	0.00017426700443513927	0.017719581442343722	0.021296092346956116	96.56772268895415
0.36258482740509995	0.007	0.005	0.3083407741642153	0.00015059771416184097	0.0193582252766309	0.022017935067206135	96.33897035281865
0.3860715162609724	0.007	0.005	0.3101520095316618	0.00012978396120032646	0.021034708914830957	0.022647880877583768	96.10650045294763
0.4100240473180802	0.007	0.005	0.31150533730783503	0.00011172075684085517	0.02274893991035703	0.023196668606763386	95.86999742358927
0.43450873173102533	0.007	0.005	0.3124713716236724	9.617386456629948e-5	0.02450336134101679	0.0236751019975148	95.62884153156767
0.45960698663319866	0.007	0.005	0.31310873780774023	8.285903725686601e-5	0.026301727511353776	0.024093034293403898	95.38227202169797
0.4854088958038684	0.007	0.005	0.3134656015184511	7.148557892926915e-5	0.028148566304229652	0.024459073190942003	95.1294524180391
0.5120090102369311	0.007	0.005	0.31358144243096187	6.177980535663034e-5	0.03004880798313579	0.024780554375966133	94.86951313223497
0.5395045334359813	0.007	0.005	0.31348869929375395	5.3495540279211955e-5	0.032007595089927204	0.025063651059696254	94.6015703343117
0.5679940717990143	0.007	0.005	0.3132141341983711	4.6417541111200816e-5	0.034030142813242806	0.025313521310859996	94.32473916107813
0.5975769972150262	0.007	0.005	0.31277992155439677	4.036093708058664e-5	0.0361216515767808	0.025534462423057545	94.03814089635848
0.6283530341742454	0.007	0.005	0.3122044953567668	3.516874131414446e-5	0.03828724231548267	0.025730053209734517	93.74090796950773
0.6604228034215667	0.007	0.005	0.31150318182380504	3.070847045014548e-5	0.04053196382259468	0.025903282611788526	93.43217977226132
0.6938858554880702	0.007	0.005	0.31068873484729653	2.6868993162973497e-5	0.04286062783575161	0.026056644811790867	93.11112270644124
0.7288420437663223	0.007	0.005	0.3097716919316217	2.3557040213401373e-5	0.04527788162833476	0.026192236623170405	92.77691804519264
0.7653902942246333	0.007	0.005	0.3087607026620746	2.069443498694734e-5	0.0477881005599879	0.02631182467348643	92.4287748876895
0.8036287469655193	0.007	0.005	0.3076627692156005	1.8215528040590712e-5	0.050395378480200724	0.026416906612964548	92.06592991696016
0.8436540122957771	0.007	0.005	0.3064834717202854	1.6065096818962013e-5	0.05310345901026598	0.02650875808438955	91.68765557973227
0.8855609144673817	0.007	0.005	0.30522715601268346	1.4196551823848773e-5	0.05591570262160988	0.026588472585372943	91.29326353939908
0.9294420344670746	0.007	0.005	0.3038971114995075	1.2570467712220419e-5	0.05883504216902435	0.02665699330472151	90.88210995015858
0.975387582628958	0.007	0.005	0.30249572920306644	1.1153365881261835e-5	0.061863962698501994	0.02671513941847381	90.4535975332563
1.0234853632108716	0.007	0.005	0.30102464951366703	9.916722274941716e-6	0.06500448891524528	0.026763627162422518	90.00717673654934
1.0738209676902268	0.007	0.005	0.2994848960540729	8.8361559949709e-6	0.0682581888875342	0.026803086764457352	89.54234473342483
1.1264781020939585	0.007	0.005	0.2978769975198141	7.890767798993605e-6	0.07162618705582528	0.02683407584137624	89.05864319675578
1.181538904797913	0.007	0.005	0.2962011000664567	7.062600384441863e-6	0.07510917693773254	0.026857089911292282	88.55565620265618
1.2390842336661732	0.007	0.005	0.29445706882802675	6.336194272760531e-6	0.07870743227875591	0.026872570730500974	88.03300845677771
1.299193738338446	0.007	0.005	0.2926445824120282	5.698220878667149e-6	0.08242080549859479	0.02688091299153006	87.49036549444966
1.3619457410266853	0.007	0.005	0.29076321853307424	5.137175413219143e-6	0.08624871601232326	0.026882469926190054	86.92743556382038
1.4274168064829185	0.007	0.005	0.2888125340715601	4.643118447255994e-6	0.09019012243108505	0.026877558182040934	86.34397416777485
1.4956811026713324	0.007	0.005	0.28679213694061095	4.207455822540758e-6	0.09424348656040224	0.026866462260755546	85.73979022193622
1.5668092770948887	0.007	0.005	0.28470175890565186	3.822751907120825e-6	0.09840671470596735	0.02684943874029444	85.11475611682516
1.640867163870027	0.007	0.005	0.2825413211907551	3.482568436108529e-6	0.10267709759980886	0.026826720393454555	84.46881868580789
1.7179140303272162	0.007	0.005	0.28031100277293675	3.18132679574642e-6	0.10705123409019218	0.026798520322245747	83.80201345123174
1.7980004059225796	0.007	0.005	0.27801131104745586	2.914189662691398e-6	0.11152494442230927	0.026765036194236914	83.11448149184804
1.881165378715099	0.007	0.005	0.27564315878959966	2.6769594357379155e-6	0.11609317019921415	0.026726454681820215	82.40648961027492
1.9674334220916454	0.007	0.005	0.27320794576948115	2.4659907081225326e-6	0.12074986856293948	0.026682956123944623	81.67845290058972
2.0568105953868674	0.007	0.005	0.2707076492324414	2.2781151691410853e-6	0.1254878961945695	0.026634719506374447	80.93096065680011
2.149281491615424	0.007	0.005	0.2681448846243675	2.1105747722198835e-6	0.13029895871104175	0.026581926987231618	80.16479384002216
2.244802261936986	0.007	0.005	0.26552306570508005	1.960970410351264e-6	0.13517338446969013	0.026524770584136017	79.38097254647721
2.3432975687981363	0.007	0.005	0.26284644437443844	1.827209937714981e-6	0.14010013900964413	0.026463456654696113	78.58076768952463
2.444655841988749	0.007	0.005	0.26012018819505217	1.707466872296607e-6	0.1450667789529947	0.026398211075435482	77.7657240543164
2.548726666625615	0.007	0.005	0.2573503911524938	1.6001429328383107e-6	0.1500595375019031	0.026329282808018675	76.9376634510713
2.655319985913599	0.007	0.005	0.2545440305364472	1.5038356428276637e-6	0.15506350907518945	0.026256945811936952	76.09867179212355
2.764208679276277	0.007	0.005	0.2517088338804695	1.4173096960139652e-6	0.16006298762842974	0.026181498114774167	75.2510592964917
2.8751351708054207	0.007	0.005	0.24885304703445485	1.33947201914211e-6	0.1650419598977514	0.02610325742336741	74.39729114529362
2.9878222092433724	0.007	0.005	0.24598510920156053	1.2693505184968153e-6	0.16998472780811796	0.026022553089482866	73.53989032720176
3.1019871081007038	0.007	0.005	0.243113262373763	1.2060765652782342e-6	0.1748765988825237	0.02593971495220445	72.68132087353891
3.2173576418994845	0.007	0.005	0.24024514754402	1.1488712778430532e-6	0.1797045469477957	0.02585506049074471	71.82386714094298
3.333686762833123	0.007	0.005	0.23738746038470407	1.097035504952936e-6	0.18445772139568192	0.0257688825959095	70.96953087247829
3.450763567479	0.007	0.005	0.2345457253590787	1.0499428289607916e-6	0.18912771837233774	0.02568144014964467	70.11996366573247
3.568418563719693	0.007	0.005	0.23172422602158493	1.0070346469371189e-6	0.1937085714349503	0.025592953129686534	69.2764461352972
3.6865229928656404	0.007	0.005	0.22892608458700162	9.678161542530306e-7	0.19819649622082905	0.02550360260334697	68.43991170080886
3.8049833752143454	0.007	0.005	0.22615345078724355	9.318522850457565e-7	0.20258947386375667	0.02541353478846254	67.61100304770976
3.9237334340449945	0.007	0.005	0.2234077405831198	8.987630670507291e-7	0.20688678092793314	0.025322867500149136	66.79014349269097
4.042725783596577	0.007	0.005	0.22068986544623082	8.682182907153584e-7	0.21108856341165685	0.025231697052310674	65.9776055299765
4.161924894481362	0.007	0.005	0.2180004181296878	8.399317861699929e-7	0.21519550463370427	0.02514010432540915	65.17356636947517
4.281302218751709	0.007	0.005	0.2153397982615925	8.13655672700759e-7	0.21920860550449708	0.025048159214068506	64.37814548430002
4.400833382405962	0.007	0.005	0.21270828427327734	7.891749493633386e-7	0.22312905906121397	0.02495592345155871	63.59142611448848
4.520496944356369	0.007	0.005	0.21010606665485787	7.663026570249833e-7	0.2269581899908642	0.024863452160505405	62.813465209106205
4.640273984176965	0.007	0.005	0.2075332613590738	7.448757161212393e-7	0.23069742678391797	0.024770794689183005	62.04429743347026
4.760148128481315	0.007	0.005	0.20498991317369822	7.247514101391661e-7	0.23434828989674267	0.024677995039362525	61.28393617736641
4.880105462407331	0.007	0.005	0.20247600140965008	7.058044628981645e-7	0.23791237723488548	0.02458509232355432	60.53237525557164
5.000134326392636	0.007	0.005	0.1999914476930482	6.879245960926175e-7	0.24139134752039104	0.024492121261340354	59.789591237372456
5.120225022455409	0.007	0.005	0.19753612517193656	6.710144752259122e-7	0.24478690271917578	0.024399112703502177	59.05554619901412
5.2403694543178485	0.007	0.005	0.19510986850448883	6.549879715154635e-7	0.24810077052197957	0.02430609417076228	58.330190709781924
5.360560773508287	0.007	0.005	0.1927124831038289	6.397686808394084e-7	0.2513346889744002	0.024213090355695972	57.61346659583928
5.48079314347458	0.007	0.005	0.19034375147954333	6.252886541397674e-7	0.25449039598554607	0.02412012350489516	56.905308836091265
5.601061494794676	0.007	0.005	0.18800343935201455	6.114873118593956e-7	0.25756961984269683	0.024027213783193856	56.20564739012995
5.721361447022582	0.007	0.005	0.1856912981871257	5.983105093512942e-7	0.2605740750076992	0.02393437948740513	55.514407956011866
5.841689166399129	0.007	0.005	0.1834070687948148	5.857097370606951e-7	0.2635054568457747	0.023841637291032912	54.831513046084154
5.9620413348222225	0.007	0.005	0.18115048262432948	5.736414309225084e-7	0.2663654396342113	0.02374900238693867	54.15688237421507
6.082415086742572	0.007	0.005	0.17892126358187854	5.620663791780939e-7	0.26915567406888985	0.02365648864094313	53.4904333992005
6.202807921964931	0.007	0.005	0.1767191301771249	5.509492095573412e-7	0.271877784557086	0.02356410875178802	52.8320819664809
6.323217642225618	0.007	0.005	0.17454379710547233	5.402579442583015e-7	0.2745333674073394	0.02347187438206982	52.18174278118297
6.44364235147816	0.007	0.005	0.17239497560027894	5.299636138530772e-7	0.2771239906457923	0.02337979623109678	51.53932951341779
6.564080384335106	0.007	0.005	0.17027237503055576	5.200399206923992e-7	0.2796511923953245	0.023287884154813743	50.90475527592966
6.68453027432526	0.007	0.005	0.16817570370435814	5.104629450186795e-7	0.2821164803275759	0.023196147248026232	50.27793286427894
6.80499072210976	0.007	0.005	0.16610466962254425	5.012108877222131e-7	0.2845213312415286	0.023104593920422398	49.65877498218604
6.92546058760226	0.007	0.005	0.16405898078072947	4.922638452757891e-7	0.28686719121885235	0.02301323194895534	49.04719433180401
7.045938866111349	0.007	0.005	0.16203834572090936	4.836036116647898e-7	0.28915547551890275	0.022922068537643298	48.44310377863209
7.16642465648276	0.007	0.005	0.16004247417905984	4.75213503460269e-7	0.2913875684075614	0.022831110379122	47.84641654512278
7.286917145184083	0.007	0.005	0.15807107742948434	4.6707820565648407e-7	0.29356482336540857	0.02274036370028893	47.25704631362813
7.407415630282326	0.007	0.005	0.15612386796543712	4.591836369816237e-7	0.29568856403463223	0.022649834274659296	46.674907130918605
7.527919489553815	0.007	0.005	0.15420056009113803	4.5151682868805274e-7	0.29776008415491495	0.022559527474024794	46.09991358517229
7.648428148582543	0.007	0.005	0.152300870472564	4.4406581640877836e-7	0.2997806475815467	0.022469448317278436	45.53198097063992
7.768941112701965	0.007	0.005	0.15042451766066942	4.3681954678125063e-7	0.3017514894095446	0.02237960146909311	44.97102514510655
7.889457919121605	0.007	0.005	0.1485712228694065	4.2976779062363234e-7	0.30367381575581714	0.022289991296295653	44.41696276248895
8.009978144918302	0.007	0.005	0.1467407098538024	4.229010677521929e-7	0.30554880450740374	0.022200621880515158	43.8697112363855
8.13050144695579	0.007	0.005	0.1449327043200827	4.162105819639383e-7	0.30737760651904994	0.022111497005754623	43.32918856372644
8.251027474090199	0.007	0.005	0.14314693525924746	4.0968815558758124e-7	0.30916134484587576	0.022022620239134916	42.795313723460474
8.37155593901439	0.007	0.005	0.14138313386095885	4.0332617954519875e-7	0.3109011164373019	0.021933994891999167	42.268006351850076
8.492086570369622	0.007	0.005	0.1396410342251264	3.971175618007468e-7	0.31259799199844457	0.021845624068479057	41.747186955207304
8.612619120731168	0.007	0.005	0.13792037322814224	3.910556839863694e-7	0.3142530167012084	0.021757510671616846	41.232776869903674
8.733153358628549	0.007	0.005	0.13622089062103104	3.8513436132659595e-7	0.31586721065546985	0.021669657420282838	40.72469829171287
8.853689100479185	0.007	0.005	0.13454232856652026	3.7934780937448307e-7	0.3174415698992093	0.02158206683617248	40.222874137413044
8.974226146728025	0.007	0.005	0.13288443251806134	3.7369060709120426e-7	0.3189770661101868	0.021494741299792453	39.727228307579594
9.094764337728876	0.007	0.005	0.13124695041656903	3.681576718242714e-7	0.32047464789749464	0.021407683018517108	39.23768544644182
9.21530352181427	0.007	0.005	0.1296296331147334	3.6274423047681663e-7	0.3219352409250493	0.021320894057920012	38.75417106873556
9.335843547313182	0.007	0.005	0.1280322344536058	3.5744579474199695e-7	0.32335974836223325	0.021234376354937263	38.276611582599244
9.456384286501029	0.007	0.005	0.12645451091619272	3.522581412502325e-7	0.3247490516994066	0.021148131707578902	37.80493418601232
9.576925619634272	0.007	0.005	0.12489622181728677	3.471772904026897e-7	0.32610401106691245	0.021062161792928445	37.339066923546966
9.697467434950921	0.007	0.005	0.12335712927521386	3.4219948824183085e-7	0.3274254657430286	0.02097646817315368	36.87893867792188
9.818009636654187	0.007	0.005	0.1218369980836919	3.37321190676976e-7	0.32871423473455413	0.020891052295470284	36.42447913169285
9.938552128946437	0.007	0.005	0.12033559588770644	3.325390469221562e-7	0.3299711170868738	0.020805915508748846	35.975618819832675
10.059094816029418	0.007	0.005	0.11885269314951	3.278498856076039e-7	0.33119689236838246	0.020721059068339924	35.53228911956653
10.179637626054216	0.007	0.005	0.1173880628258229	3.2325070450032e-7	0.3323923213777666	0.02063648412380802	35.09442215386752
10.300180487171739	0.007	0.005	0.1159414806380728	3.187386566189695e-7	0.33355814634755115	0.020552191740175557	34.66195087224754
10.420723335516081	0.007	0.005	0.11451272494509315	3.1431104038234154e-7	0.33469509147007165	0.02046818289634279	34.23480901269945
10.541266091254942	0.007	0.005	0.11310157699468446	3.0996528727426055e-7	0.33580386311139887	0.02038445850553341	33.81293117690376
10.661808698505883	0.007	0.005	0.1117078204208761	3.0569895704099287e-7	0.33688515061335084	0.020301019391024997	33.39625267992971
10.782351101386704	0.007	0.005	0.11033124150074068	3.015097269308763e-7	0.33793962647943887	0.02021786630624417	32.98470962701275
10.902893236032336	0.007	0.005	0.1089716292118866	2.973953831099284e-7	0.338967946717898	0.020134999943369536	32.57823893074247
11.023435070510766	0.007	0.005	0.10762877475341512	2.933538181659084e-7	0.33997075157826084	0.020052420908871518	32.176778167847644
11.143976540957732	0.007	0.005	0.10630247223496074	2.8938301731793006e-7	0.34094866539735297	0.0199701297702212	31.780265785192213
11.264517599475765	0.007	0.005	0.1049925181066012	2.854810578401367e-7	0.341902297387567	0.019888127025596603	31.388640929340703
11.385058214134023	0.007	0.005	0.10369871113912915	2.816461036444724e-7	0.34283224199281326	0.01980641310656436	31.00184344066032
11.505598345019003	0.007	0.005	0.10242085265660882	2.778763972759897e-7	0.3437390790586803	0.019724988396787928	30.61981392284632
11.626137944234703	0.007	0.005	0.1011587465010428	2.74170255035389e-7	0.34462337419490274	0.019643853234169454	30.24249373235856
11.746676987834617	0.007	0.005	0.09991219866941695	2.70526066582395e-7	0.3454856793541998	0.019563007891488265	29.869824869912357
11.867215427923854	0.007	0.005	0.09868101778589645	2.669422847564029e-7	0.34632653281859627	0.019482452610673863	29.501750121646438
11.987753232573985	0.007	0.005	0.0974650146574764	2.6341742682410895e-7	0.34714645981817804	0.019402187577891042	29.138212926280005
12.108290377839905	0.007	0.005	0.09626400233442438	2.5995006999406567e-7	0.34794597278651757	0.01932221293084553	28.779157393182683
12.22882683179414	0.007	0.005	0.095077796242927	2.565388459784592e-7	0.34872557156610184	0.019242528771157247	28.42452834203063
12.349362554527058	0.007	0.005	0.09390621415213095	2.531824378166107e-7	0.3494857437212545	0.019163135165918548	28.074271292953057
12.469897530077757	0.007	0.005	0.09274907583706628	2.498795814400093e-7	0.350226965036995	0.019084032128248274	27.72833236575951
12.590431718537799	0.007	0.005	0.09160620351682103	2.4662905633189207e-7	0.35094969950851035	0.019005219650360596	27.38665841093697
12.710965103947204	0.007	0.005	0.09047742136762243	2.434296897631135e-7	0.35165439992032466	0.018926697673553563	27.049196864080145
12.831497654381316	0.007	0.005	0.08936255587688753	2.4028034877897927e-7	0.3523415078815252	0.01884846611574065	26.715895851738864
12.95202935388103	0.007	0.005	0.08826143551769663	2.3717994263467812e-7	0.3530114542834653	0.01877052485195146	26.38670409409822
13.072560170522818	0.007	0.005	0.08717389101800152	2.3412741604368103e-7	0.35366465938201547	0.018692873736321565	26.061570985461387
13.19309008036618	0.007	0.005	0.08609975511376568	2.3112175078472543e-7	0.3543015331913384	0.018615512587752625	25.74044652044816
13.31361905947116	0.007	0.005	0.0850388625977358	2.2816196273257174e-7	0.35492247568939506	0.01853844119625617	25.423281308575856
13.434147091880558	0.007	0.005	0.08399105022526879	2.252471014314993e-7	0.35552787710297656	0.018461659318978	25.110026546105132
13.55467416163755	0.007	0.005	0.08295615676179434	2.2237624730935136e-7	0.35611811810359967	0.018385166686409663	24.800634030229503
13.675200236821574	0.007	0.005	0.08193402309266005	2.1954850759309595e-7	0.35669356996609325	0.018308963013481495	24.495056191914664
13.79572530147685	0.007	0.005	0.08092449192465964	2.1676301999931775e-7	0.35725459495290135	0.018233047980261697	24.193246006667263
13.916249339648	0.007	0.005	0.07992740790157826	2.1401894892110045e-7	0.35780154645543516	0.01815742124308449	23.895157029078337
14.036772327398204	0.007	0.005	0.0789426176452005	2.113154828431626e-7	0.35833476917632406	0.018082082440429578	23.600743405083062
14.157294232809493	0.007	0.005	0.07796996972779857	2.0865183309433285e-7	0.3588545993456039	0.018007031193688953	23.309959863735845
14.277815055891589	0.007	0.005	0.07700931432891889	2.0602723956025387e-7	0.3593613650970838	0.017932267083178754	23.02276161460298
14.398334788672575	0.007	0.005	0.0760605035404615	2.0344096299831845e-7	0.35985538649132504	0.01785778967394348	22.7391044389694
14.518853415199192	0.007	0.005	0.0751233913399725	2.008922839794711e-7	0.3603369757167761	0.01778359851642755	22.458944681854266
14.639370903555658	0.007	0.005	0.07419783362528022	1.9838050045822605e-7	0.36080643725508277	0.017709693152006115	22.182239262365595
14.759887229808504	0.007	0.005	0.07328368800437529	1.9590493107024759e-7	0.361264068165737	0.017636073098900928	21.90894561088292
14.880402385987608	0.007	0.005	0.07238081371804192	1.93464915849804e-7	0.3617101582936577	0.017562737848110025	21.639021645926885
15.000916348160592	0.007	0.005	0.0714890718604693	1.9105980971155438e-7	0.3621449903260301	0.01748968688357982	21.37242584011343
15.12142912432045	0.007	0.005	0.07060832500280624	1.8868899050235864e-7	0.3625688401397029	0.01741691965377955	21.109117107611578
15.24194069851668	0.007	0.005	0.06973843758727089	1.8635184807360158e-7	0.3629819767674196	0.017344435606243724	20.84905492196641
15.362451046818254	0.007	0.005	0.06887927578241242	1.8404778642809236e-7	0.36338466262660446	0.017272234178332284	20.5921992728284
15.4829601532758	0.007	0.005	0.06803070734739386	1.8177622609414684e-7	0.3637771537353235	0.01720031478819557	20.338510625379
15.603468001940438	0.007	0.005	0.06719260167040135	1.7953660205790422e-7	0.3641596998412159	0.01712867684015577	20.087949931813693
15.723974584844546	0.007	0.005	0.06636482969413053	1.7732836477255157e-7	0.3645325445993832	0.017057319720519486	19.84047860906517
15.844479886040084	0.007	0.005	0.06554726400697655	1.7515097653062474e-7	0.36489592567153667	0.01698624280758417	19.59605856606582
15.964983905540684	0.007	0.005	0.06473977866065225	1.7300391568637246e-7	0.3652500749447216	0.016915445457995344	19.354652149222453
16.0	0.007	0.005	0.06450701003208163	1.6971018244211737e-7	0.36535128592507315	0.016894928951305517	19.28506346772802
