0.0	0.007	0.005	0.0	0.0	0.0	0.0	100.0
0.0062366339092368725	0.007	0.005	0.01922665142174094	6.53336649939941e-5	1.470674822836649e-5	3.19559747686624e-5	99.94858251614137
0.01216874895680385	0.007	0.005	0.0365572552027534	0.00012052893998506501	5.501191618235452e-5	0.00011714811059169574	99.8997001493168
0.020025567776349888	0.007	0.005	0.05815560518176702	0.00018443712583269943	0.00014557980260143674	0.0003020873639731019	99.8349944579945
0.028437760554626473	0.007	0.005	0.07967577528066647	0.00024268393759507804	0.0002864870221998666	0.0005787439948124397	99.76576138170819
0.03813427413020404	0.007	0.005	0.10257235770651096	0.00029845914102538825	0.0005010324847451838	0.0009822433601002645	99.68601779783485
0.0486157422609794	0.007	0.005	0.12520662558162662	0.0003466783415799591	0.0007905342018178476	0.0015014200623149712	99.5998904785261
0.06008605710979826	0.007	0.005	0.14767906298705863	0.00038645876541789227	0.0011696442726522299	0.0021462243369497033	99.50572297441909
0.07235798434449629	0.007	0.005	0.1693159751868662	0.0004150384917074264	0.0016402215386489391	0.0028993682564137867	99.40507307655425
0.0854556780363827	0.007	0.005	0.1899440666815607	0.0004305609293942684	0.002208697867909099	0.003746192601462371	99.29776285252967
0.09927879608644796	0.007	0.005	0.20925216443462075	0.0004316172473540674	0.002874461656936138	0.004655882703946948	99.18463482469464
0.11380040619817247	0.007	0.005	0.22712193626888783	0.00041834409951389085	0.003637953108076773	0.005596043617354533	99.06592917194489
0.12895576896031458	0.007	0.005	0.24344783443854068	0.0003926519709028064	0.004495990454265885	0.006529884709519286	98.94219446427321
0.1447089889429389	0.007	0.005	0.25821402893326817	0.00035784661179096515	0.005445430082662066	0.00742548096781134	98.8137424095566
0.1610690199778114	0.007	0.005	0.27147716475407346	0.0003176924245345764	0.006484995700822697	0.008259834163382386	98.68051892565317
0.17808152425592536	0.007	0.005	0.2833289343409184	0.00027562372536352	0.007615567985352228	0.009018941006060294	98.54217270281656
0.19577220948411614	0.007	0.005	0.2938451194773589	0.00023444323213450758	0.00883671143272053	0.009694613258957473	98.39851719500491
0.21413277678404655	0.007	0.005	0.30308941912338005	0.0001961838443822025	0.01014539652804228	0.010283738236717625	98.24964343746893
0.2331394535122375	0.007	0.005	0.3111327180937393	0.00016206645650534344	0.011537084695887868	0.010788223359852548	98.09576806954944
0.2527835873354569	0.007	0.005	0.31806391264912465	0.00013258323624072712	0.013008038218210036	0.011214237430432839	97.93698518868425
0.27307827421060477	0.007	0.005	0.32398235241475437	0.00010770530861135323	0.014556067204022685	0.011570367672940809	97.77321382668514
0.29405508651459195	0.007	0.005	0.32898873467105616	8.709225816525351e-5	0.01618047417051765	0.01186600452102709	97.60422575648384
0.31575804728348356	0.007	0.005	0.3331791554346648	7.02515795766763e-5	0.01788168440456024	0.012110292858268108	97.42969528169517
0.3382399199515937	0.007	0.005	0.33664266282320987	5.664164367240904e-5	0.019660981497393187	0.01231159431168676	97.24923004803986
0.3615598836534365	0.007	0.005	0.33946056116057377	4.5732962583547527e-5	0.021520315005507454	0.012477259050992118	97.06239052123894
0.3857826061549708	0.007	0.005	0.34170658793695907	3.704103753778346e-5	0.02346220274992842	0.012613579000758242	96.86869815997838
0.41097842961451564	0.007	0.005	0.34344740014683417	3.014123914853017e-5	0.02548971677827805	0.012725837190695453	96.66763469766998
0.43722316947863044	0.007	0.005	0.34474303886798413	2.4673042389471086e-5	0.0276064366183121	0.012818399209021364	96.45864459221164
0.4645996310540651	0.007	0.005	0.3456474512521412	2.0337498035600098e-5	0.029816539893563778	0.01289482997678364	96.24112390248746
0.4931987366183958	0.007	0.005	0.3462088634020771	1.689157099194074e-5	0.032124860368618086	0.012958009118471005	96.01441250541816
0.5231214169867778	0.007	0.005	0.34647010050775345	1.414084822107527e-5	0.034537004322005835	0.013010241938446866	95.77778052042407
0.554480598232304	0.007	0.005	0.34646884065427075	1.1931918341273926e-5	0.03705946906913444	0.013053359063065706	95.5304143556857
0.5874037156801297	0.007	0.005	0.34623783569168765	1.0145057024788532e-5	0.039699795945407915	0.013088803799275186	95.2713990482074
0.6220363126958964	0.007	0.005	0.34580509875714655	8.687610360519681e-6	0.04246679913315531	0.013117706661138233	94.99969267656292
0.6585436799505792	0.007	0.005	0.34519411044360593	7.4883803254544245e-6	0.045370623652074685	0.013140945000253363	94.71411689085222
0.6971165192237521	0.007	0.005	0.34442398402730146	6.492786504028703e-6	0.04842310746082395	0.013159194121852548	94.41331676090486
0.7379750229262468	0.007	0.005	0.3435096420028704	5.659041100535203e-6	0.05163799309627062	0.013172965571106497	94.09573430482534
0.7813754127674323	0.007	0.005	0.3424619534927864	4.95507404383811e-6	0.05503130434060714	0.013182637276094906	93.75956437387765
0.8276170396458404	0.007	0.005	0.34128785899993896	4.356165114359281e-6	0.058621727219705794	0.013188475467522566	93.40270826354124
0.8770514135697179	0.007	0.005	0.3399904533702667	3.843130236589922e-6	0.06243109082216849	0.01319065018158981	93.02271506491944
0.9300925073311429	0.007	0.005	0.3385690408705752	3.4009627396616286e-6	0.06648488029566924	0.013189245220211511	92.6167167250643
0.9872280092258187	0.007	0.005	0.33701917322631914	3.0178255494222175e-6	0.07081273876141089	0.013184263768920948	92.18136031864461
1.0490288729234845	0.007	0.005	0.33533274447223416	2.684317303056505e-6	0.07544873880899802	0.013175631190454257	91.71275879748396
1.1161506848174838	0.007	0.005	0.33349832082556935	2.392950237582976e-6	0.08043093417824596	0.01316319797072076	91.20650969406226
1.1893137669318152	0.007	0.005	0.3315020562365479	2.1377888501000135e-6	0.08579926559562406	0.01314674872295568	90.65787838337256
1.2692231950260304	0.007	0.005	0.32933022093898934	1.914243633322604e-6	0.09158915496240991	0.013126032330706637	90.06242789823536
1.356425374185554	0.007	0.005	0.3269733487310396	1.7188564120624522e-6	0.0978210040994038	0.013100823826216683	89.41709675303339
1.4511621553299472	0.007	0.005	0.3244302456624995	1.548941385861419e-6	0.10449047683732875	0.013071002382405106	88.7212460470605
1.5534183021336105	0.007	0.005	0.3217066110040128	1.4020022821595396e-6	0.11157326896353938	0.013036568602236112	87.97624056093593
1.663126379095261	0.007	0.005	0.31880949479331944	1.2753834905576896e-6	0.11904047935181349	0.012997584182016783	87.18389766558296
1.7802653776815776	0.007	0.005	0.3157447570160615	1.1663872773461037e-6	0.1268656177308396	0.01295412493758793	86.34576243851343
1.9048379830828164	0.007	0.005	0.312517774935789	1.0724899955234265e-6	0.135022996214335	0.012906275476753626	85.46327813474963
2.0368291643413214	0.007	0.005	0.3091345676969062	9.91446816512015e-7	0.1434850893295222	0.012854137239835571	84.5380789006501
2.1761582164998927	0.007	0.005	0.30560299355634396	9.213198759441275e-7	0.15221983058013996	0.012797844087671748	83.57230891650704
2.3226411160327634	0.007	0.005	0.30193358425175093	8.604609632984361e-7	0.16118897119505748	0.012737576713064934	82.5688464751464
2.4759515263134717	0.007	0.005	0.29814032255219597	8.074814601768838e-7	0.17034673312812007	0.012673578812486984	81.53151478214406
2.635588238389895	0.007	0.005	0.294241170058532	7.61217129640207e-7	0.17963922261112356	0.012606170950198604	80.46522554209761
2.8008554129388017	0.007	0.005	0.2902582079114849	7.206929543919749e-7	0.1890048762914544	0.012535758694486601	79.37601715694865
2.9708728930702804	0.007	0.005	0.2862170171055142	6.850884599950525e-7	0.19837670234612076	0.012462827142751414	78.27088516574929
3.144637677563236	0.007	0.005	0.28214488794591336	6.537039985137401e-7	0.2076870507570966	0.012387912409765167	77.15729255978394
3.32110136468288	0.007	0.005	0.2780687990299597	6.25935906057281e-7	0.21687251010108555	0.012311565343622707	76.04261709178655
3.499307081636436	0.007	0.005	0.2740122298316025	6.012530379774772e-7	0.22588092170213592	0.012234289344873465	74.93327962084854
3.678494188206186	0.007	0.005	0.2699929877200778	5.791862922751611e-7	0.2346755132963823	0.012156492658935477	73.83414987327112
3.858152579502145	0.007	0.005	0.2660223612154338	5.593257449256316e-7	0.24323574672911502	0.012078463837007692	72.74831488581253
4.038011876786832	0.007	0.005	0.2621057858013389	5.413209626405376e-7	0.25155482154688547	0.012000376868678924	71.67726108342978
4.217979973792436	0.007	0.005	0.25824455603186475	5.248797382398297e-7	0.25963516014906135	0.011922319280364581	70.62134248383235
4.398063082162079	0.007	0.005	0.25443779502089675	5.097631618225904e-7	0.2674837176521871	0.011844328588562785	69.58031928767832
4.578297262867276	0.007	0.005	0.25068402604507484	4.957778625165582e-7	0.27510847886756695	0.011766423569758957	68.55378765998339
4.758706989308942	0.007	0.005	0.24698206168074954	4.82767360381919e-7	0.2825166064662581	0.011688623385175883	67.5414228796637
4.939291139569797	0.007	0.005	0.24333126580921377	4.706040768847445e-7	0.28971397712848007	0.011610954429896682	66.54305098929757
5.120027285640344	0.007	0.005	0.2397314297174807	4.591827771760344e-7	0.2967055053894898	0.011533449017707323	65.55861491278824
5.300883380447441	0.007	0.005	0.2361825132605348	4.484155906994568e-7	0.30349569901170254	0.01145614076158574	64.58810367180178
5.481828517623221	0.007	0.005	0.23268442537167103	4.382284003845156e-7	0.31008909424876047	0.011379060322744649	63.63149236260721
5.662839113299162	0.007	0.005	0.2292369100553356	4.285582397867771e-7	0.316490459014521	0.011302233115668154	62.68871097888986
5.843900100774564	0.007	0.005	0.22583953556021608	4.193513547850734e-7	0.3227047902709101	0.011225679123875894	61.759641450949694
6.025002939998803	0.007	0.005	0.22249174349980178	4.1056167708566117e-7	0.32873720344107416	0.011149414028447957	60.84413107854902
6.206142816970224	0.007	0.005	0.21919290883023965	4.021495673196988e-7	0.3345928115877119	0.011073450624212833	59.94200893287268
6.387316174939397	0.007	0.005	0.21594238901132032	3.9408076298085315e-7	0.3402766335409864	0.010997800040841096	59.05309930043089
6.568519443249539	0.007	0.005	0.21273954801712844	3.86325501834039e-7	0.34579355301673415	0.01092247241609203	58.177228249177546
6.749748737437838	0.007	0.005	0.20958376149868113	3.788578014598527e-7	0.35114831321910794	0.010847477132947574	57.31422504032134
6.931000135434082	0.007	0.005	0.20647441167487704	3.716548731492774e-7	0.35634552919274026	0.010772822799102327	56.463920731169466
7.112270037985537	0.007	0.005	0.20341088124521434	3.6469664456494846e-7	0.36138970091771283	0.010698517180955013	55.626146510456934
7.293555397132106	0.007	0.005	0.20039255002131323	3.579653673714525e-7	0.36628522106979683	0.010624567183984251	54.80073277717978
7.474853824610849	0.007	0.005	0.19741879382950434	3.5144529182779043e-7	0.3710363786604968	0.010550978875003947	53.98750884048918
7.656163472050346	0.007	0.005	0.19448898719905008	3.451223916085951e-7	0.3756473565929741	0.010477757589841808	53.18630365483099
7.837482887049487	0.007	0.005	0.19160250622381617	3.389841308987202e-7	0.3801222293179809	0.010404908042589565	52.39694660251853
8.018810833153678	0.007	0.005	0.1887587317544657	3.3301926540223915e-7	0.3844649603596767	0.010332434441826849	51.61926836669159
8.2001462178604	0.007	0.005	0.18595705066398086	3.2721767455927804e-7	0.3886794031130955	0.010260340556896104	50.85310127739508
8.381488080651634	0.007	0.005	0.1831968560974782	3.215702198068121e-7	0.39276930325026055	0.010188629755436608	50.09827937989517
8.56283554498522	0.007	0.005	0.1804775482358137	3.160686224638484e-7	0.39673830035494584	0.010117305051361691	49.35463864349993
8.744187794295984	0.007	0.005	0.17779853463784256	3.1070535935569847e-7	0.4005899301977361	0.010046369139795312	48.622017055156306
8.925544180112093	0.007	0.005	0.1751592286398987	3.054735773118546e-7	0.40432762972262537	0.00997582437778348	47.9002541817603
9.106904113975775	0.007	0.005	0.1725590509690725	3.0036701333734305e-7	0.4079547373187468	0.00990567284757994	47.189191611335566
9.288267067453576	0.007	0.005	0.16999742969734527	2.953799281760044e-7	0.41147449550077936	0.00983591637506381	46.4886729404901
9.469632596167894	0.007	0.005	0.16747379986246222	2.905070496334344e-7	0.41489005397018774	0.009766556537262818	45.79854367073801
9.651000327793192	0.007	0.005	0.16498760360722328	2.8574352219557057e-7	0.41820447188493654	0.009697594682352555	45.11865124659116
9.832369914014635	0.007	0.005	0.16253829078482085	2.8108486146543595e-7	0.4214207194814963	0.009629031961763046	44.448845221098175
10.013741042542877	0.007	0.005	0.16012531871199123	2.7652691624984336e-7	0.42454168080531507	0.009560869337960874	43.78897718834008
10.195113449128753	0.007	0.005	0.15774815193672834	2.720658354796317e-7	0.4275701563363255	0.009493107591354836	43.138900719907895
10.376486893541802	0.007	0.005	0.1554062624816708	2.676980376567487e-7	0.4305088649398115	0.009425747339795537	42.498471431460466
10.557861123535767	0.007	0.005	0.15309913021117388	2.634201830438446e-7	0.4333604456391897	0.009358789061363547	41.86754708310693
10.73923594692154	0.007	0.005	0.1508262418137337	2.592291538526471e-7	0.43612746104868316	0.00929223307637325	41.24598730113291
10.920611207544434	0.007	0.005	0.14858709104377735	2.5512203288608756e-7	0.43881239914232467	0.009226079564649775	40.633653644122546
11.101986713212641	0.007	0.005	0.14638117951627963	2.5109608180279257e-7	0.441417674352126	0.009160328599277411	40.03040982025952
11.283362319781915	0.007	0.005	0.14420801556690743	2.471487290460826e-7	0.4439456309347728	0.0090949801227365	39.43612137561482
11.46473787109586	0.007	0.005	0.14206711489295396	2.4327755241400155e-7	0.4463985441436036	0.009030033975173412	38.850655869420486
11.646113247034364	0.007	0.005	0.1399579998834365	2.3948026869249596e-7	0.4487786228889912	0.008965489883065097	38.27388269087354
11.827488363513682	0.007	0.005	0.13788019954688244	2.357547223048239e-7	0.4510880116245702	0.00890134746508289	37.705673039388444
12.008863100414617	0.007	0.005	0.13583325024653342	2.3209887092950502e-7	0.4533287913055525	0.008837606262866593	37.14590012565024
12.190237361642621	0.007	0.005	0.13381669490564452	2.2851077949488884e-7	0.45550298201392736	0.00877426572449123	36.594438954290844
12.371611063115825	0.007	0.005	0.13183008305816743	2.2498861118568158e-7	0.45761254457154765	0.008711325213382633	36.051166337749024
12.55298408471772	0.007	0.005	0.12987297127430023	2.2153061690637738e-7	0.45965938172855453	0.008648784029197751	35.51596101264404
12.734356378403783	0.007	0.005	0.1279449218936132	2.1813513511297138e-7	0.46164534108206257	0.00858664137445711	34.9887032933276
12.915727836071559	0.007	0.005	0.12604550435958786	2.1480057742190528e-7	0.46357221521796244	0.0085248964039489	34.469275436836206
13.09709840967833	0.007	0.005	0.12417429384764324	2.1152543061834414e-7	0.4654417446229316	0.008463548187081678	33.95756126770159
13.278468003135801	0.007	0.005	0.12233087230852253	2.0830824454994136e-7	0.46725561807527655	0.008402595748119752	33.453446463282425
13.45983656840327	0.007	0.005	0.1205148273844603	2.0514763386186727e-7	0.4690154751404078	0.0083420380368196	32.95681825737202
13.641204057440863	0.007	0.005	0.11872575282462279	2.0204227066698276e-7	0.47072290711515774	0.008281873947844371	32.46756555380756
13.82257038617554	0.007	0.005	0.1169632487425143	1.9899087805126208e-7	0.47237945812317367	0.008222102335447916	31.98557899686201
14.003935518580942	0.007	0.005	0.11522692070239861	1.959922325352811e-7	0.4739866272749678	0.008162721988325109	31.510750721410762
14.185299370586742	0.007	0.005	0.11351638056594787	1.9304515390157538e-7	0.4755458691262798	0.008103731663863571	31.042974584462005
14.366661906168735	0.007	0.005	0.11183124548619211	1.901485093111938e-7	0.47705859582729687	0.008045130059096973	30.582145890035374
14.548023065281539	0.007	0.005	0.11017113851092589	1.8730120525952782e-7	0.4785261777467562	0.007986915836609331	30.128161554173474
14.72938279989204	0.007	0.005	0.10853568816000779	1.8450218779452893e-7	0.4799499450031309	0.007929087615027492	29.68091998934744
14.910741049957489	0.007	0.005	0.10692452856288999	1.8175043834479648e-7	0.48133118845689415	0.007871643978842335	29.240321142066676
15.092097779457987	0.007	0.005	0.10533729905645865	1.790449745104081e-7	0.4826711611385073	0.007814583468982684	28.806266382901516
15.273452916342832	0.007	0.005	0.10377364463457928	1.7638484320530317e-7	0.48397107891600843	0.007757904603703445	28.378658629418897
15.454806424594619	0.007	0.005	0.10223321523850296	1.737691247920722e-7	0.4852321221129682	0.007701605857726092	27.95740215213211
15.636158280207272	0.007	0.005	0.10071566590162145	1.711969295758293e-7	0.48645543636419164	0.0076456856717520595	27.542402614086473
15.817508411134444	0.007	0.005	0.09922065717138309	1.6866739100112184e-7	0.4876421332402673	0.007590142472601752	27.13356718623934
15.998856793372305	0.007	0.005	0.09774785422967923	1.6617967256309016e-7	0.4887932918887228	0.007534974645164936	26.73080430691488
16.0	0.007	0.005	0.09773863947582101	1.660983354012941e-7	0.4888004382584835	0.0075346281960557236	26.728284376589436
