0.0	0.007	0.005	0.0	0.0	0.0	0.0	100.0
0.00022933411372722868	0.007	0.005	2.923939397584342e-5	0.00018967574227215912	2.3042106684986615e-9	3.400457140967318e-6	99.99792022298504
0.0003345779262817984	0.007	0.005	4.265682134095638e-5	0.0002453552122289239	4.904183298012349e-9	6.675536093722788e-6	99.99696580613858
0.000520000475658364	0.007	0.005	6.62948769495523e-5	0.00031301234128992453	1.1845602795547907e-8	1.4108663475800515e-5	99.99528430042265
0.000676372870585993	0.007	0.005	8.62282906885528e-5	0.0003494893687481841	2.0040249276995708e-8	2.1501069066713045e-5	99.99386625821786
0.0008733078371807651	0.007	0.005	0.00011133072783065637	0.0003786185670208533	3.340732040248043e-8	3.172859231950316e-5	99.99208040835296
0.0010726423756079269	0.007	0.005	0.00013673715522998206	0.00039623039265776656	5.0395609741493616e-8	4.2728493309956674e-5	99.99027283111944
0.0013014069882318993	0.007	0.005	0.00016589230712427442	0.000407850241164232	7.417907065685979e-8	5.5820950873648995e-5	99.98819842052322
0.0015478007581254157	0.007	0.005	0.00019729145071311114	0.00041460794204962087	1.0491930642564606e-7	7.023598546128417e-5	99.98596419894113
0.001825353295683051	0.007	0.005	0.00023265785911195854	0.00041847132588736577	1.4591017574571424e-7	8.667776178973645e-5	99.98344749919922
0.002133612032369441	0.007	0.005	0.0002719326450115218	0.00042047803527843215	1.9933580341084495e-7	0.00010506220408344229	99.98065244611637
0.0024837326207421363	0.007	0.005	0.0003165355242795419	0.00042144591873724655	2.700982180065978e-7	0.0001260135850842415	99.97747791673945
0.00288313987340409	0.007	0.005	0.00036741008125301607	0.00042185731762650977	3.639109519338696e-7	0.00014995047817742204	99.97385663022592
0.003347538701195829	0.007	0.005	0.00042655344521464665	0.0004220033993569602	4.9052225294697e-7	0.0001777983312982278	99.9696462526444
0.003895848662225414	0.007	0.005	0.0004963701304813248	0.0004220354955401336	6.642710145310592e-7	0.00021068258380575028	99.9646753401008
0.004559235403280045	0.007	0.005	0.0005808205826250804	0.0004220239341929875	9.095883699178061e-7	0.0002504668046151969	99.95866148566076
0.0053842620445413445	0.007	0.005	0.0006858190365345595	0.00042199504409900135	1.2682749120774136e-6	0.00029993889889486943	99.95118280848583
0.006447106234304652	0.007	0.005	0.0008210362524776076	0.0004219547305337697	1.8178668023651704e-6	0.0003636607857110968	99.94154919451971
0.007848870544015693	0.007	0.005	0.0009992898176570905	0.000421901057230496	2.693252710504484e-6	0.0004476835510724304	99.92884503026768
0.009567411115059314	0.007	0.005	0.0012176989760715256	0.00042183467948627253	3.9998497858905966e-6	0.0005506649631941522	99.91327213209313
0.011322945213772213	0.007	0.005	0.0014406654320967514	0.000421763920015508	5.599653876566093e-6	0.000655830146771781	99.8973665154885
0.012911189646806712	0.007	0.005	0.0016422592950583736	0.00042169490502808163	7.277508146984629e-6	0.000750945239418587	99.8829787704298
0.014320021325972146	0.007	0.005	0.0018209807852123388	0.00042163693101643915	8.948845903300216e-6	0.0008352927167687843	99.87021804159902
0.015621303069755463	0.007	0.005	0.0019859754443552805	0.00042159051009467397	1.064527176895747e-5	0.0009131815654134683	99.85843291265944
0.01688973751142836	0.007	0.005	0.00214672833440149	0.00042154625294105695	1.2439832987306289e-5	0.0009890865548518645	99.84694660558462
0.01817285800532057	0.007	0.005	0.002309265196050454	0.00042149964304902943	1.4396600488717323e-5	0.0010658526913425205	99.83532865323238
0.01948910272360768	0.007	0.005	0.0024759173187470554	0.00042145027583306654	1.6551520885317997e-5	0.0011445820732862103	99.82341218382854
0.0208357839380546	0.007	0.005	0.002646338523139736	0.0004213988481039194	1.8910845939559016e-5	0.0012251125476037822	99.81122163320423
0.02219930332050917	0.007	0.005	0.0028188035022029823	0.0004213463143411801	2.145877715959532e-5	0.0013066298924212245	99.7988801753394
0.02356538164332892	0.007	0.005	0.002991504318476663	0.00042129357780132956	2.4171852745077807e-5	0.0013882799874886745	99.78651708634249
0.024925437993427783	0.007	0.005	0.003163356535141476	0.0004212412331642167	2.7032238929329624e-5	0.0014695500216785656	99.77421001798015
0.027629630240532603	0.007	0.005	0.003504790698193358	0.00042114650989502676	3.319089454675396e-5	0.00163107863258551	99.74974445356168
0.031121863549289693	0.007	0.005	0.003945214942968985	0.00042101139748002193	4.207042045252733e-5	0.0018395623939684155	99.71815814286812
0.03796297703726353	0.007	0.005	0.004806324502753955	0.0004207506251538927	6.247917827609585e-5	0.0022475886044810026	99.6563110962604
0.049688646422292086	0.007	0.005	0.006277166014829678	0.00042030337138215774	0.00010668466397621067	0.002945767565907691	99.55039445256993
0.060735014850996805	0.007	0.005	0.007656921193984325	0.00041988246988827526	0.00015890155838120464	0.0036021402767490375	99.45071683700235
0.07568542218481904	0.007	0.005	0.009515269542958534	0.0004193132561112771	0.00024573213074753446	0.004488395184725108	99.31596980038307
0.08991537977265379	0.007	0.005	0.01127444139229105	0.0004187715052275005	0.0003454492086387381	0.005329708508850465	99.18788571999565
0.1070403701415526	0.007	0.005	0.013379124569107751	0.0004181184321698903	0.0004872357874445121	0.006339300577523742	99.03396239178643
0.1235185142931738	0.007	0.005	0.015391597699801614	0.0004174860213069602	0.0006458268005479264	0.007307785579958454	98.88607857131137
0.1419005827257759	0.007	0.005	0.017621963928629462	0.0004167703658993753	0.0008480039875781702	0.008384721795723948	98.72136845739206
0.15947772317710704	0.007	0.005	0.019740307492602867	0.000416065064387688	0.001065873310563157	0.009411067884411494	98.56412739596327
0.17759424089525827	0.007	0.005	0.021909046955499972	0.0004153004279661471	0.0013151470750461386	0.010465332374550374	98.40232327990859
0.19400505928485579	0.007	0.005	0.023860862425912063	0.00041455103723505557	0.0015622858347407946	0.011417102516515527	98.25598258092208
0.2097635116323711	0.007	0.005	0.025723754803799348	0.00041375551669756253	0.0018184070638771607	0.012328006214010838	98.11566407880223
0.22352553946184414	0.007	0.005	0.027341597693798465	0.0004129710515068115	0.0020569502238088075	0.013120925865279224	97.99328633237769
0.23652329713506984	0.007	0.005	0.028861887107521928	0.0004121291738535984	0.002294816501295982	0.013867431833257901	97.87784496159743
0.2477775387995629	0.007	0.005	0.030172220574701925	0.00041129469533641115	0.0025105291671884333	0.01451177691878268	97.77799873095529
0.2574234696948677	0.007	0.005	0.03129086336499552	0.0004104845162786545	0.0027025467805302894	0.015062414066897761	97.69250229881024
0.2667728436268977	0.007	0.005	0.03237121977653522	0.00040960130627616464	0.002894886469857468	0.015594564890992901	97.60970573690432
0.27502111337175106	0.007	0.005	0.03332116500291448	0.0004087248538317134	0.00306962058395879	0.016062660135319578	97.53671864221985
0.2831354614733984	0.007	0.005	0.034252790620226806	0.0004077643162607811	0.0032460983089471983	0.01652178177294972	97.46496984418906
0.29032718293209675	0.007	0.005	0.03507609222903688	0.00040681693509291917	0.0034062808159046865	0.016927466115855182	97.40142322787601
0.2974870846273928	0.007	0.005	0.035893520312636804	0.0004057776622053778	0.003569250659268971	0.017330109489562408	97.3381989310143
0.30386848607759415	0.007	0.005	0.03662019687486824	0.0004047580557634002	0.0037174223334147613	0.017687843305751693	97.28188363823477
0.3102918091543402	0.007	0.005	0.03734986898265604	0.0004036386901330776	0.003869331325902842	0.018046769649228078	97.22523129396049
0.3160518208007927	0.007	0.005	0.03800267631422973	0.0004025445433619871	0.004007898252019768	0.018367571801516522	97.17445727338153
0.3219030800390908	0.007	0.005	0.03866436169711605	0.00040134293552444237	0.004150918026585009	0.018692358065470267	97.12290606199099
0.32718296978015343	0.007	0.005	0.03926017039745983	0.00040017094587855353	0.004281915068500727	0.01898441599954199	97.07641224695467
0.3325848840499015	0.007	0.005	0.03986851025856433	0.00039888425822145833	0.004417837564660688	0.019282164040196417	97.02886693910769
0.337490043468766	0.007	0.005	0.040419824152407774	0.00039763035637144033	0.004542915815795863	0.019551545562038315	96.98571402524067
0.3425342095258719	0.007	0.005	0.040985687700465206	0.00039625533993636593	0.004673173742261223	0.01982752336049257	96.94135822225945
0.3471433997915684	0.007	0.005	0.04150180413228287	0.0003949150738326021	0.0047936422734059314	0.020078729949882267	96.90084511033976
0.3518990986437819	0.007	0.005	0.04203337568229051	0.00039344821216666403	0.004919378162651073	0.020336893282389766	96.85906198773685
0.35627193167648874	0.007	0.005	0.04252130161561511	0.0003920169339113753	0.005036274996364475	0.02057330213147265	96.82065858777486
0.3607924639461166	0.007	0.005	0.043024852605888717	0.00039045453442273034	0.0051584074221508866	0.02081666753309927	96.78097405975706
0.36497482837540385	0.007	0.005	0.04348996097394029	0.00038892749397318827	0.005272564201640593	0.021040850020285603	96.7442727018544
0.3693020306623829	0.007	0.005	0.04397039492836661	0.0003872657154329933	0.005391843776590134	0.021271759057599256	96.70631500247256
0.3733299579105218	0.007	0.005	0.04441688817739382	0.00038563808616218275	0.005503938511972725	0.0214857062884514	96.67099589133404
0.3774974138830037	0.007	0.005	0.04487812517387031	0.0003838729149454718	0.0056209925319104185	0.021706012220068172	96.63446689174887
0.3813998333087718	0.007	0.005	0.04530936323909433	0.0003821397693049616	0.005731590979290595	0.02191129464429604	96.60027353133243
0.38543516508611414	0.007	0.005	0.04575461249188067	0.0003802669589641593	0.005846958096331549	0.022122494540853643	96.56492830471502
0.3892358845402835	0.007	0.005	0.04617334705431175	0.00037842320682695163	0.005956545888918917	0.022320375643547597	96.53164985987192
0.39316240384795553	0.007	0.005	0.04660530218192505	0.00037643819131239127	0.006070702901556044	0.022523704535831055	96.49728197729976
0.3968815542196911	0.007	0.005	0.04701384644271907	0.000374478488594499	0.006179710665910691	0.02271522266325748	96.46474042906947
0.4007194763473079	0.007	0.005	0.047434828129162936	0.0003723762718966376	0.00629309360148715	0.022911721606493716	96.43117116560394
0.4043745907395964	0.007	0.005	0.04783518272692334	0.000370294900532211	0.0064019171147275756	0.023097749854638694	96.3992117324136
0.40814195190231656	0.007	0.005	0.048247245711897015	0.0003680699219529564	0.00651493839020619	0.023288316041903883	96.36628192563366
0.41174879994300617	0.007	0.005	0.04864119518571514	0.00036586063777132064	0.006623955487708638	0.023469607099021787	96.33476567448858
0.4154621852303167	0.007	0.005	0.04904621227535026	0.00036350660337649816	0.006737018852424824	0.02365503204327821	96.30232928072286
0.419035451067906	0.007	0.005	0.049435402510959243	0.0003611624428722316	0.006846604567511616	0.023832252891091005	96.27112714050524
0.42271060567915797	0.007	0.005	0.049835134140826416	0.00035867211248950863	0.006960119097684281	0.024013252610483062	96.23904584261882
0.42626447955393326	0.007	0.005	0.05022113888347884	0.0003561851423562761	0.007070660436917577	0.024187012740256336	96.20803340051357
0.4299168710132758	0.007	0.005	0.05061729595415431	0.000353550048324288	0.007185055105366084	0.024364253333568002	96.17617166977662
0.4334656125758581	0.007	0.005	0.05100167896273551	0.0003509110336475182	0.007296966856364352	0.02453512924394599	96.14522423851635
0.43711100032143535	0.007	0.005	0.051395985224805624	0.0003481210996700467	0.0074127071737613015	0.02470925034828996	96.11344435572505
0.4406695394591299	0.007	0.005	0.05178036527186788	0.0003453190470061787	0.007526450666115748	0.024877809106407432	96.08243173677835
0.4443246208558881	0.007	0.005	0.052174626719709724	0.00034236205184757135	0.007644059564651703	0.025049447933112392	96.05058817099895
0.4479092671495802	0.007	0.005	0.05256075302047235	0.00033938356309988347	0.007760166765785712	0.025216272338845987	96.01936849590669
0.45159248837883187	0.007	0.005	0.05295694363157175	0.0003362443612116172	0.007880252827671935	0.025386091295333556	95.98730087427539
0.4552218652541401	0.007	0.005	0.053346793890558	0.0003330726791763825	0.007999359942254118	0.02555181056046352	95.95571251943967
0.45895454322407014	0.007	0.005	0.0537471729591052	0.0003297320189863698	0.008122658365942944	0.025720533164184538	95.92323592480629
0.4626509327918263	0.007	0.005	0.054143093356040284	0.00032634555545436823	0.008245555927229259	0.025885864916943266	95.89108589367267
0.4664589432722549	0.007	0.005	0.05455038087315644	0.0003227782023090571	0.008372991907792282	0.026054327879657772	95.85797628752228
0.470250389449389	0.007	0.005	0.05495530396639733	0.0003191481459759656	0.00850070461605396	0.026220142151934793	95.82502206116554
0.47416691962687707	0.007	0.005	0.055372965568877094	0.0003153197268305793	0.008633498205911045	0.02638937884376868	95.79099253426425
0.478090815385231	0.007	0.005	0.05579078119169338	0.00031140588122697134	0.008767422284798385	0.02655680634744026	95.7569111288201
0.4821612778784631	0.007	0.005	0.0562235361261388	0.0003072671612612263	0.008907276742332975	0.026728195367366585	95.7215695163059
0.48627109973884525	0.007	0.005	0.05665978723616726	0.0003030100519040345	0.00904943853835019	0.026898831197416467	95.68589940134247
0.4905628992528755	0.007	0.005	0.057114617647342776	0.0002984854662742356	0.009198915218880374	0.027074393086393877	95.64866404737899
0.4949425388313438	0.007	0.005	0.05757798146591246	0.00029378946492451737	0.009352521234617299	0.027250733879485015	95.61068153677896
0.49956761212988454	0.007	0.005	0.058066462684347474	0.0002887505535399186	0.00951590360369368	0.027433822861483905	95.5705868718316
0.5043679650249157	0.007	0.005	0.05857253475905099	0.0002834407068517351	0.009686741336472713	0.027620396543203283	95.52899049328043
0.5095490807041	0.007	0.005	0.05911769670099309	0.00027762789236697845	0.009872567214427431	0.02781776748189202	95.4841150156871
0.515115705188837	0.007	0.005	0.059702207542726926	0.0002712991894265115	0.010073874147663173	0.02802513621802863	95.43592400123183
0.5214816334714789	0.007	0.005	0.060369107923609694	0.00026397301457856267	0.010306175181032084	0.028256259425143405	95.38084311713723
0.5291895927157412	0.007	0.005	0.061174406472399225	0.0002550031877650616	0.010590412307108532	0.028527417654941226	95.31419292248948
0.5380580092604083	0.007	0.005	0.062097978724806664	0.00024459445123490767	0.010921428101105203	0.028827527261035255	95.2375659500618
0.5445724526850606	0.007	0.005	0.06277438652603376	0.00023692789192889256	0.011167278086135967	0.029039855439915628	95.18131757793802
0.5509732406207101	0.007	0.005	0.06343733262946888	0.00022939212184068031	0.011411047271649568	0.02924177419081685	95.12608291056641
0.5563958839622585	0.007	0.005	0.06399768423650949	0.00022302809170775137	0.011619267017628221	0.029407650179141702	95.07931408056005
0.5620361822734659	0.007	0.005	0.06457927846204423	0.00021643536551003612	0.011837491515602152	0.02957515878223263	95.03069243206106
0.5668794156214298	0.007	0.005	0.0650776694642799	0.00021081249726602458	0.012026210669598511	0.029714932527680368	94.98896164777476
0.5719579815867174	0.007	0.005	0.06559927201147386	0.00020495617385720894	0.012225415912546715	0.029857495455592967	94.94522284777663
0.5763642530289055	0.007	0.005	0.06605099285668904	0.0001999214511252645	0.012399337102434961	0.029977895383780106	94.90729045586693
0.5810183565055308	0.007	0.005	0.06652728205400509	0.00019464934365126088	0.012584131553064572	0.030101778450186512	94.86724100249597
0.5851012050291974	0.007	0.005	0.06694440180559212	0.00019007429186080764	0.012747162813591645	0.030207702564466084	94.832121223908
0.5894360028497344	0.007	0.005	0.06738653777326996	0.00018526553413435051	0.012921190371657607	0.03031737768897825	94.79484846143039
0.5932818752039312	0.007	0.005	0.06777818144878645	0.00018105066237506036	0.013076392754765225	0.030412308626946244	94.76179198951387
0.597375854941933	0.007	0.005	0.0681944478215932	0.00017661386698681326	0.013242434381717301	0.030510940955577288	94.72661562395471
0.6010488571667358	0.007	0.005	0.06856734627749328	0.0001726854678444933	0.013392124945625972	0.030597331535528127	94.69506750178216
0.6049602641041268	0.007	0.005	0.06896386289503635	0.0001685527984005618	0.013552280082141203	0.03068717484878503	94.66148322760647
0.6085075118761762	0.007	0.005	0.06932294133185607	0.00016485733996133523	0.013698189586860894	0.030766757894100553	94.63103601027356
0.6122799782875359	0.007	0.005	0.06970427413731298	0.00016097839397277263	0.01385405453427331	0.03084944290847095	94.59866641127593
0.6157363461598818	0.007	0.005	0.07005316308861653	0.00015747704786669032	0.01399748281001939	0.03092345973760632	94.56901881140088
0.6194030279552306	0.007	0.005	0.07042276800038386	0.0001538140842421257	0.014150287663299274	0.031000188442302234	94.53757736394209
0.6227946719916847	0.007	0.005	0.0707641788498249	0.00015047852279464065	0.014292223564933886	0.031069544029261386	94.50850364580238
0.6263812317454495	0.007	0.005	0.0711247195416405	0.0001470029221048678	0.014442934063061475	0.031141220454695716	94.47776880546819
0.6297281193679736	0.007	0.005	0.07146071245532416	0.00014381225818453625	0.014584143962181183	0.03120658772315923	94.44909683889587
0.633254832992559	0.007	0.005	0.07181428364254984	0.0001405019894824647	0.014733534934480402	0.03127390573774458	94.41889376209959
0.6365725350249026	0.007	0.005	0.07214645641293885	0.00013744060329783228	0.014874626660022145	0.03133579564885253	94.39048949524394
0.6400557774447286	0.007	0.005	0.07249474068211431	0.00013427842982633586	0.015023334662124924	0.0313992984058019	94.36067716133311
0.6433567316589511	0.007	0.005	0.07282436133391183	0.00013133444362118245	0.015164803295767342	0.03145810728569125	94.33243368330318
0.6468100256995271	0.007	0.005	0.07316873950370117	0.00012830665677164452	0.015313364237805552	0.03151822788414416	94.30289580983758
0.650104429138249	0.007	0.005	0.0734968396035703	0.0001254708683054682	0.015455624885500466	0.031574269648015504	94.27472563334523
0.6535391939121993	0.007	0.005	0.0738384692288968	0.00012256638880724213	0.015604501180822114	0.031631359365537876	94.24536419884883
0.6568356365024212	0.007	0.005	0.07416590991572836	0.00011983152512881601	0.015747912523875644	0.0316848876856004	94.21719378483182
0.660261726544752	0.007	0.005	0.07450578167734623	0.00011704126072806665	0.015897512846928256	0.03173923586399482	94.18792436589897
0.6635676453485473	0.007	0.005	0.07483330083061866	0.00011440145376392496	0.01604239423020765	0.031790459608166524	94.15969020153216
0.6669937449502834	0.007	0.005	0.07517227964605479	0.00011171783493282827	0.016193088124402073	0.031842307895004494	94.13043856500042
0.6703157527502709	0.007	0.005	0.07550052586934623	0.00010916825153638452	0.01633973207414033	0.031891402005740165	94.10208432946378
0.6737496686579624	0.007	0.005	0.07583938129234923	0.00010658489213058931	0.016491860925872157	0.03194095471526643	94.07278390527229
0.6770937951728375	0.007	0.005	0.07616893873759586	0.00010412147106420712	0.016640542476826913	0.03198806798498888	94.04425839165735
0.6805426781405377	0.007	0.005	0.07650836785582961	0.00010163291680108025	0.016794427946828498	0.03203549976459492	94.01484836229717
0.6839145484505689	0.007	0.005	0.07683977447482752	9.925218138737606e-5	0.01694541166098235	0.03208076045121139	93.98610394274992
0.6873850638564356	0.007	0.005	0.07718041943297989	9.685372121914967e-5	0.01710136229729597	0.032126222038796344	93.95652777423423
0.6907900357336427	0.007	0.005	0.07751418090201355	9.455264268027281e-5	0.01725490779999807	0.03216974202049629	93.92751922115276
0.6942884990409635	0.007	0.005	0.07785664269449594	9.224016465587053e-5	0.01741322441887219	0.03221336464920542	93.89772349915388
0.6977317690773135	0.007	0.005	0.07819324305631263	9.001606295804762e-5	0.017569590802759435	0.03225524251554309	93.86840707668975
0.701264254289722	0.007	0.005	0.078538092452847	8.778594379102065e-5	0.017730570921521287	0.0322971413104576	93.83834057714569
0.7047509426036636	0.007	0.005	0.07887800248627472	8.563641461566353e-5	0.017890020392514024	0.032337464703873074	93.80867331867162
0.7083233731629467	0.007	0.005	0.07922578906006766	8.348543283029567e-5	0.018053962083490433	0.032377741359198714	93.77828623151439
0.7118585926291371	0.007	0.005	0.07956947299289374	8.140829350480476e-5	0.01821676307366688	0.03241658877000416	93.74822535176897
0.7154768177741703	0.007	0.005	0.07992073257599266	7.93335615152397e-5	0.01838396833690987	0.03245533366310343	93.71746863150045
0.7190657353126182	0.007	0.005	0.08026865389768867	7.73268089370635e-5	0.01855039839935392	0.03249277585544717	93.6869710088621
0.7227355987498905	0.007	0.005	0.0806239151505991	7.53257178674064e-5	0.01872117634087864	0.032530069763270844	93.6557957933192
0.7263834870073428	0.007	0.005	0.08097654137546477	7.338749788373155e-5	0.018891524731484463	0.0325661708762485	93.6248175361469
0.7301108871741399	0.007	0.005	0.08133633141327233	7.145767406189852e-5	0.019066194496041793	0.032602086350200815	93.59317463934157
0.7338231747269045	0.007	0.005	0.08169413859111013	6.958625636783082e-5	0.019240764805389537	0.03263690480898618	93.56167066713591
0.7376141229209932	0.007	0.005	0.08205898828048466	6.772552489991708e-5	0.01941965854393651	0.03267150732093244	93.52951009274967
0.7413964407290979	0.007	0.005	0.08242246503475228	6.591928414077855e-5	0.019598771270642357	0.03270509656341398	93.49743375144126
0.7452571150547636	0.007	0.005	0.08279291376431701	6.412563991769978e-5	0.019782237042350877	0.03273844543637954	93.46470424438914
0.7491153421093842	0.007	0.005	0.0831625651409928	6.238304075138602e-5	0.019966232243076563	0.03277085451039952	93.4320069308122
0.7530521415517174	0.007	0.005	0.08353916547875793	6.065462403051361e-5	0.020154637052948416	0.03280300370237098	93.39865553034183
0.756992453834836	0.007	0.005	0.08391551699368724	5.89742080039824e-5	0.020343877269575615	0.032834277783747264	93.36528629114527
0.7610120537574394	0.007	0.005	0.08429883934672906	5.730928377312206e-5	0.020537610309411335	0.032865276551332104	93.33125787469805
0.7650409715715447	0.007	0.005	0.0846824407465916	5.5689660172850375e-5	0.020732483546383174	0.03289545735071356	93.2971630218307
0.7691503786001938	0.007	0.005	0.08507307781802007	5.408660184167615e-5	0.02093195954828601	0.03292535079143025	93.26239985715492
0.7732748199668533	0.007	0.005	0.08546450727878925	5.252643892056232e-5	0.021132882677974706	0.03295447692266803	93.22752253498548
0.7774814321470321	0.007	0.005	0.08586307886931135	5.09837137016444e-5	0.02133854567481543	0.03298330645225845	93.19196379097426
0.7817087691629295	0.007	0.005	0.08626294731412802	4.948173188768001e-5	0.021545968139434938	0.03301141373781309	93.15624352185192
0.7860204390988431	0.007	0.005	0.0866701052285205	4.799788889692352e-5	0.021758295539249805	0.03303921748900398	93.11982475797622
0.7903585599315385	0.007	0.005	0.08707906099783445	4.655285496980048e-5	0.02197270349765018	0.03306633922497683	93.08319694402914
0.7947836640507978	0.007	0.005	0.08749549433025956	4.512651488503234e-5	0.022192210645125023	0.033093152393825806	93.04584955231746
0.7992410416682836	0.007	0.005	0.08791422827843735	4.37372369957434e-5	0.022414131642916047	0.03311931958020989	93.00824492488665
0.8037885565791532	0.007	0.005	0.0883406691357301	4.236708318091032e-5	0.022641376942590836	0.03314517472544511	92.96989551699083
0.8083743261062797	0.007	0.005	0.08876992029672738	4.1032406416707074e-5	0.022871385229429487	0.033170416269836946	92.93123951850194
0.8130539128361829	0.007	0.005	0.08920714999552765	3.971717749924896e-5	0.023106975901603734	0.03319534356829004	92.89180925203624
0.8177779582009452	0.007	0.005	0.08964771183638297	3.84359801732864e-5	0.02334569846514278	0.033219686461784574	92.85202134567214
0.822600056196037	0.007	0.005	0.09009656770459172	3.717446375956878e-5	0.02359029706599784	0.03324371392807754	92.8114251749834
0.8274731074888387	0.007	0.005	0.09054929504866867	3.5945654373458735e-5	0.023838420496080218	0.03326718339603678	92.77041807129199
0.8324490426181806	0.007	0.005	0.09101067816969316	3.4736681146785e-5	0.02409275246348916	0.033290337082653935	92.7285638881837
0.8374827895667437	0.007	0.005	0.09147649522844291	3.35591951207505e-5	0.024351030973321135	0.03331295672899712	92.68624264455146
0.8426248953456885	0.007	0.005	0.09195137898280123	3.2401634130126674e-5	0.024615893217894744	0.033335260893206986	92.64303031716943
0.8478321150700032	0.007	0.005	0.09243128824527233	3.127443143917709e-5	0.02488515779437114	0.0333570528178131	92.59929132737955
0.8531538717857632	0.007	0.005	0.0929207279995578	3.016718588116331e-5	0.025161428642274077	0.0333785300695749	92.55461159973825
0.8585485767875086	0.007	0.005	0.09341582043671595	2.9089248746514098e-5	0.02544259770566746	0.033399514975888736	92.50934142563766
0.8640647716094222	0.007	0.005	0.09392096455743511	2.8031252264722105e-5	0.025731248437367415	0.03342018640744649	92.46307465426186
0.8696623815375945	0.007	0.005	0.09443243134716951	2.700158297914362e-5	0.026025340289351072	0.03344038369966826	92.41614867246544
0.8753892960225339	0.007	0.005	0.0949545339951766	2.5991796003550176e-5	0.026327448712565503	0.03346026900687535	92.36816334930549
0.8812068371166838	0.007	0.005	0.09548367997747524	2.5009415030797616e-5	0.02663559609202083	0.03347969687476605	92.31944418350942
0.8871624615816461	0.007	0.005	0.09602411547005811	2.4046822182478668e-5	0.026952362248505956	0.03349881445087664	92.26959525323466
0.8932187988474257	0.007	0.005	0.09657237461229261	2.3110766517827656e-5	0.027275829399741165	0.033517489942639	92.21893095383676
0.8994230846870706	0.007	0.005	0.09713265416286856	2.2194373965579374e-5	0.02760859414082932	0.03353585696641998	92.16705783717671
0.9057391942564905	0.007	0.005	0.09770160748455847	2.1303695597619248e-5	0.02794879696080409	0.03355379605322731	92.11427975092424
0.9122143529424682	0.007	0.005	0.09828339885080584	2.0432528306428976e-5	0.028299064053194416	0.03357142857322245	92.06020400681498
0.9188136447043528	0.007	0.005	0.0988747954300453	1.9586292559555586e-5	0.028657594071907336	0.03358864621015007	92.00512425865959
0.9255844946528197	0.007	0.005	0.09947994525342524	1.875939258924452e-5	0.029027056134262163	0.03360555920226555	91.94864688259625
0.932493193964785	0.007	0.005	0.10009572674112795	1.7956676582183903e-5	0.029405709069480333	0.03362206938085081	91.89105540443978
0.9395875775539749	0.007	0.005	0.100726287173379	1.7173100776996787e-5	0.029796278834311903	0.03363827681220084	91.8319535861763
0.9468351724620085	0.007	0.005	0.10136861593131125	1.641299267926872e-5	0.030197088393560105	0.03365409259087048	91.77161464932979
0.9542844463920743	0.007	0.005	0.10202687530519725	1.567181116006113e-5	0.03061093583825637	0.03366960746117188	91.70963797531772
0.9619042297348869	0.007	0.005	0.10269816819754508	1.4953408484712175e-5	0.03103621478233655	0.0336847410086475	91.64628599522842
0.9697438535629544	0.007	0.005	0.10338668728354007	1.4253702944913475e-5	0.031475811946527876	0.033699575389374924	91.58115190415681
0.9777735631473841	0.007	0.005	0.1040896546331096	1.3576111774522264e-5	0.031928201109969544	0.033714038002224285	91.51448650855494
0.9860437991856589	0.007	0.005	0.1048113087852551	1.2916974293417628e-5	0.03239637589907258	0.03372820305761965	91.44587491010846
0.9945263864352171	0.007	0.005	0.10554900020770225	1.2279308369034562e-5	0.032878903483770414	0.03374200517251146	91.37555504010159
1.0032731417224718	0.007	0.005	0.1063070289894434	1.1659840088439228e-5	0.03337890488109132	0.03375551117517797	91.30310186740715
1.012257688682652	0.007	0.005	0.10708288658375817	1.1061220328830494e-5	0.033895057928315216	0.033768662362773025	91.22873877576568
1.0215335120230093	0.007	0.005	0.10788095058185658	1.0480531089734173e-5	0.03443063421532412	0.033781518678582305	91.15202839697724
1.0310763226956436	0.007	0.005	0.10869887012839664	9.920085504537702e-6	0.03498444467971039	0.03379402761696699	91.07317736595695
1.0409415930756953	0.007	0.005	0.10954111629070246	9.377293577229857e-6	0.03555993777266095	0.03380624267460277	90.99173359682675
1.0511074790386103	0.007	0.005	0.11040551612791721	8.854157886851901e-6	0.036156085478512456	0.03381811709202935	90.9078842588787
1.0616317856805475	0.007	0.005	0.11129664934697073	8.348391078602465e-6	0.03677654261540584	0.03382969830463264	90.82116002888763
1.0724955439004917	0.007	0.005	0.11221254420491171	7.861710657407472e-6	0.037420476246573124	0.0338409448714862	90.73172536846458
1.083759243535981	0.007	0.005	0.11315790114672913	7.39210899739693e-6	0.038091779467878326	0.033851898497412644	90.6390912265111
1.0954072806331132	0.007	0.005	0.11413097404478434	6.941042785900487e-6	0.03878985417696799	0.033862522642783534	90.54339571364838
1.1075031451815212	0.007	0.005	0.11513658871596563	6.5067635566461765e-6	0.03951886362891274	0.03387285355542078	90.44412796695761
1.1200350872825278	0.007	0.005	0.1161732441848195	6.090491258237503e-6	0.04027848660579854	0.03388285916174989	90.34139622744631
1.1330697754959507	0.007	0.005	0.11724587990584706	5.690718288213462e-6	0.04107318216098642	0.03389257046314243	90.23466698290233
1.1465996675291716	0.007	0.005	0.11835324305320907	5.308452417521592e-6	0.04190294194679906	0.03390195937518017	90.12401632703981
1.1606944170694051	0.007	0.005	0.11950033948796754	4.942411409826796e-6	0.042772524920356846	0.033911051776981505	90.00889043107087
1.1753506192855077	0.007	0.005	0.12068612800156996	4.593416275439216e-6	0.04368224648032297	0.03391982303260047	89.88933455471145
1.1906398844982797	0.007	0.005	0.12191556278697825	4.260397544111333e-6	0.04463711666262138	0.03392829391842328	89.76478379266626
1.2065618644045968	0.007	0.005	0.1231876943766494	3.944015776790776e-6	0.04563772009628588	0.03393644262355063	89.63526218807432
1.223187453324373	0.007	0.005	0.12450717864402254	3.643402706761476e-6	0.04668915907727645	0.03394428476371318	89.50021633976382
1.2405163019117824	0.007	0.005	0.12587288796082063	3.3590827588738243e-6	0.047792098233525156	0.0339518007025908	89.35967462241263
1.2586132707820097	0.007	0.005	0.1272887420265753	3.0903699521296637e-6	0.048951387290085344	0.033959000969023045	89.21313881433339
1.277471622254771	0.007	0.005	0.12875293110991493	2.837669363643493e-6	0.05016734481596948	0.03396586757463268	89.0606935613902
1.2971413897477424	0.007	0.005	0.13026797571281595	2.6004376816972423e-6	0.0514439635532661	0.03397240656410304	88.90196660473633
1.3176010377488259	0.007	0.005	0.131830783524859	2.378934991628653e-6	0.05278061573078974	0.033978602219850364	88.73716578399657
1.3388754781698415	0.007	0.005	0.1334417777282771	2.1726808747387773e-6	0.054179681325573034	0.03398445796046946	88.56612585477832
1.3609217121272588	0.007	0.005	0.1350962002814019	1.98171911823499e-6	0.055639048739405575	0.03398996249731232	88.38922876847371
1.3837347721916937	0.007	0.005	0.13679218852358302	1.805507822331184e-6	0.05715904437110599	0.033995120206455155	88.20655069722349
1.407252372120376	0.007	0.005	0.13852366113707118	1.6437910283010138e-6	0.058736095793265025	0.03399992733701158	88.01862615464393
1.4314463269286986	0.007	0.005	0.14028716353474815	1.4958640558017615e-6	0.06036879457201643	0.034004392882643265	87.82571479357232
1.4562469590170362	0.007	0.005	0.1420763251457495	1.3611613535130685e-6	0.06205281824575769	0.03400852222174495	87.6284049015533
1.4816165929140805	0.007	0.005	0.14388724198163033	1.2388183700708855e-6	0.06378588026114994	0.03401233004499799	87.42702676139362
1.5074911949748073	0.007	0.005	0.14571426338273094	1.1280570864747582e-6	0.06556377573777	0.03401582933703693	87.22211698901631
1.533834994773532	0.007	0.005	0.1475538930275562	1.0279444286218566e-6	0.0673841179438201	0.03401903871987359	87.01398487733697
1.5605966724892881	0.007	0.005	0.14940167539201726	9.376293673927591e-7	0.06924334516485138	0.03402197541971608	86.80305979779942
1.587747676999519	0.007	0.005	0.15125486070825014	8.56212259880227e-7	0.07113937977869471	0.03402465929072146	86.58958869058546
1.6152505098928227	0.007	0.005	0.15311019029553236	7.82879100638689e-7	0.07306944260136033	0.03402710863780424	86.37388660192896
1.643084703178025	0.007	0.005	0.15496565522777017	7.168288124919257e-7	0.07503187833063323	0.03402934243993412	86.15613276084775
1.6712246225107603	0.007	0.005	0.15681897640487844	6.573433344102903e-7	0.07702461212505052	0.03403137803375194	85.93654519073276
1.6996567480165108	0.007	0.005	0.15866874332485634	6.037451468688028e-7	0.07904637690227487	0.03403323238174462	85.71524582136978
1.7283645237881125	0.007	0.005	0.160513398509642	5.55430952973694e-7	0.08109565053360845	0.034034920865488566	85.49237913535991
1.757339727384214	0.007	0.005	0.16235196685189043	5.118456232354052e-7	0.08317147049351951	0.03403645803816484	85.26802391862105
1.7865723188210219	0.007	0.005	0.16418339043383987	4.7249666871009145e-7	0.08527271579258228	0.03403785703781807	85.0422723774802
1.8160578585751408	0.007	0.005	0.16600699175128936	4.369375969654521e-7	0.08739864235383808	0.03403913005137337	84.8151728815389
1.8457907932936546	0.007	0.005	0.1678220441300984	4.0477288479972814e-7	0.089548404380049	0.03404028805670125	84.58678203558125
1.8757692866987377	0.007	0.005	0.16962806535697683	3.7564696029938024e-7	0.09172140501563215	0.034041341120329714	84.35712759929558
1.9059908000300896	0.007	0.005	0.17142454190007642	3.492448327917308e-7	0.09391697909409659	0.03404229830467622	84.12624258680505
1.9364552307430736	0.007	0.005	0.1732111145951466	3.252845861501986e-7	0.09613462194455123	0.03404316786604773	83.8941413093293
1.9671620304102828	0.007	0.005	0.17498740340741342	3.03516213988896e-7	0.09837378123136574	0.03404395724096855	83.66084149553576
1.9981122244036913	0.007	0.005	0.176753123702262	2.837163957452509e-7	0.10063400461692601	0.03404467318173332	83.42634896214385
2.029306546727143	0.007	0.005	0.1785079758736161	2.6568675689576617e-7	0.10291480432703783	0.034045321777250455	83.19067185187298
2.0607467383322176	0.007	0.005	0.1802517180807824	2.4925015428497165e-7	0.10521575221698942	0.03404590854875678	82.95381083473565
2.0924343394821716	0.007	0.005	0.1819840968033817	2.3424891440144475e-7	0.10753639167819835	0.03404643848272054	82.71576827511461
2.1243715187983083	0.007	0.005	0.18370489207642532	2.205421440564549e-7	0.10987629834848658	0.034046916100226046	82.47654200948935
2.156560295724621	0.007	0.005	0.18541387413775987	2.08004157797948e-7	0.11223502317684217	0.034047345491639854	82.23613121396981
2.1890030659351063	0.007	0.005	0.1871108313996965	1.965225004773001e-7	0.11461213085065816	0.03404773036807141	81.99453248195262
2.2217021020919714	0.007	0.005	0.18879554355622655	1.8599662447892035e-7	0.11700716313452618	0.03404807409333619	81.75174356762685
2.2546598816333505	0.007	0.005	0.19046779868428218	1.76336416540835e-7	0.11941966279027187	0.03404837972285686	81.50776095052264
2.2878787646178225	0.007	0.005	0.1921273765918892	1.6746111945483332e-7	0.12184914989013401	0.034048650031367936	81.26258223338301
2.3213611928497655	0.007	0.005	0.19377405911161957	1.592982216420306e-7	0.12429513631789116	0.034048887542816625	81.01620466717159
2.35510948021759	0.007	0.005	0.19540761983657093	1.5178259249364342e-7	0.12675711038453544	0.0340490945536373	80.76862669697081
2.3891259443461172	0.007	0.005	0.19702783095824888	1.4485563343731986e-7	0.1292345464318366	0.03404927315614243	80.51984698724615
2.423412746024152	0.007	0.005	0.19863445591182158	1.384645958235054e-7	0.13172689314716915	0.03404942525760514	80.2698655920502
2.457971982940354	0.007	0.005	0.2002272543864585	1.3256192478754168e-7	0.134233580475258	0.034049552598795406	80.01868325779424
2.4928055756508884	0.007	0.005	0.2018059775633183	1.2710471953506914e-7	0.13675401146846275	0.03404965676960953	79.76630224158008
2.5279153178226723	0.007	0.005	0.2033703711316568	1.2205422643823133e-7	0.13928756614472595	0.03404973922378433	79.51272592908718
2.5633027986806276	0.007	0.005	0.20492017252119202	1.1737541086039924e-7	0.1418335961603447	0.03404980129169241	79.25795937767708
2.5989694272583956	0.007	0.005	0.20645511282546306	1.1303656240531721e-7	0.144391426931319	0.03404984419213596	79.00200911907964
2.6349163713984844	0.007	0.005	0.2079749150349356	1.0900895605237739e-7	0.14696035370459415	0.034049869042796575	78.74488357390966
2.671144574332258	0.007	0.005	0.2094792957302136	1.0526654155460519e-7	0.14953964330495517	0.034049876869773676	78.48659290509144
2.7076547087762655	0.007	0.005	0.2109679641652692	1.0178567455286442e-7	0.15212853150851177	0.03404986861612348	78.2271493164943
2.7444471687724743	0.007	0.005	0.21244062304187372	9.854487293415993e-8	0.15472622323321303	0.03404984514961184	77.96656707780899
2.7815220441801864	0.007	0.005	0.2138969686313161	9.552460164790181e-8	0.15733189161196487	0.034049807269721226	77.70486267007824
2.818879111956765	0.007	0.005	0.21533669163478147	9.27070792659667e-8	0.15994467837369494	0.03404975571398587	77.44205480923334
2.856517809877547	0.007	0.005	0.21675947740711296	9.00761068376528e-8	0.16256369311292684	0.034049691163747765	77.17816459083068
2.8944372273628938	0.007	0.005	0.21816500690464044	8.761691360404078e-8	0.1651880138885038	0.03404961424936192	76.91321551122087
2.9326360861934493	0.007	0.005	0.2195529572873892	8.531601980935432e-8	0.16781668724270338	0.03404952555493568	76.6472335572081
2.9711127440742064	0.007	0.005	0.2209230033867106	8.316111258479643e-8	0.17044872991828705	0.03404942562258361	76.38024713418139
3.0098651600350688	0.007	0.005	0.22227481781352665	8.114093694467272e-8	0.17308312807306814	0.03404931495638285	76.11228725773648
3.0488909137739473	0.007	0.005	0.2236080730115345	7.924519514368622e-8	0.17571884030706475	0.03404919402584115	75.8433873687949
3.088187194771802	0.007	0.005	0.2249224421959927	7.746445811223313e-8	0.17835479870725499	0.03404906326911222	75.57358335831265
3.127750796852975	0.007	0.005	0.22621760048354952	7.579008561811355e-8	0.18098991036820655	0.034048923095913286	75.30291355284062
3.16757812375022	0.007	0.005	0.22749322635983762	7.421415404440371e-8	0.18362305973443208	0.034048773890143776	75.03141862407116
3.2076652168059185	0.007	0.005	0.22874900377367213	7.272939070337621e-8	0.18625311244882345	0.034048616012172246	74.75914134884162
3.2480077303403574	0.007	0.005	0.2299846224940343	7.13291167127363e-8	0.18887891579066318	0.034048449801102915	74.48612672653134
3.288600987951461	0.007	0.005	0.231199780927748	7.000719262568768e-8	0.19149930445388894	0.03404827557652693	74.21242154794632
3.3294399730385593	0.007	0.005	0.23239418676488188	6.875797178442725e-8	0.19411310200305484	0.03404809364034745	73.9380744135299
3.3705193715210133	0.007	0.005	0.2335675590997648	6.757625657628457e-8	0.1967191256972109	0.03404790427822148	73.66313540144277
3.4118335859725315	0.007	0.005	0.23471962955345715	6.645725979165296e-8	0.19931618941096788	0.0340477077609686	73.38765593229773
3.4533767754430924	0.007	0.005	0.23585014399448487	6.539656902782217e-8	0.20190310811776607	0.03404750434572303	73.11168846578616
3.4951428855756945	0.007	0.005	0.2369588638115831	6.439011478041486e-8	0.20447870164462553	0.034047294276998444	72.83528626753983
3.537125685368593	0.007	0.005	0.23804556720534148	6.343414138988212e-8	0.2070417987181215	0.03404707778760275	72.55850313700216
3.5793188050662703	0.007	0.005	0.2391100503344539	6.252518067787876e-8	0.20959124092818943	0.034046855099438195	72.28139313369466
3.6217157750983744	0.007	0.005	0.24015212831406188	6.16600280115019e-8	0.21212588658671566	0.0340466264241968	72.00401030265364
3.664310065981879	0.007	0.005	0.2411716360644999	6.083572053442749e-8	0.21464461445867297	0.03404639196396035	71.72640839981239
3.7070951234065523	0.007	0.005	0.24216842887875428	6.004951747288568e-8	0.21714632701365316	0.03404615191174537	71.44864065497896
3.7500644097047493	0.007	0.005	0.24314238298601526	5.929888200504296e-8	0.21962995385351036	0.03404590645193933	71.17075949928237
3.793211454635901	0.007	0.005	0.24409339615261336	5.8581464634353035e-8	0.22209445544323644	0.03404565576061297	70.89281623938054
3.8365298666315746	0.007	0.005	0.24502138725504385	5.789508863603232e-8	0.22453882435125078	0.034045400005999385	70.61486099293141
3.880013387340173	0.007	0.005	0.24592629670031554	5.723773599343951e-8	0.22696208877199187	0.03404513934867016	70.3369423499265
3.9236559120500147	0.007	0.005	0.2468080859725803	5.660753508168166e-8	0.22936331388188347	0.03404487394185948	70.05910725940542
3.9674515333959763	0.007	0.005	0.24766673756540816	5.600274901300354e-8	0.23174160428971138	0.03404460393160491	69.78140077222119
4.011394535776349	0.007	0.005	0.24850225384903715	5.5421765593504795e-8	0.23409610359995747	0.03404432945715045	69.50386610137082
4.055479459577282	0.007	0.005	0.24931465724090404	5.48630871461041e-8	0.23642599758936955	0.03404405065088453	69.22654424346612
4.099701074918129	0.007	0.005	0.25010398858334676	5.43253223159828e-8	0.2387305123456012	0.034043767638809036	68.94947417585628
4.14405444297241	0.007	0.005	0.2508703071245895	5.380717741609003e-8	0.24100891691616483	0.03404348054043015	68.67269250454183
4.188534889141241	0.007	0.005	0.2516136888680668	5.33074494878157e-8	0.24326052118522856	0.034043189469184026	68.39623366819984
4.233138043582792	0.007	0.005	0.2523342261110398	5.28250191123738e-8	0.245484677138291	0.03404289453240899	68.12012972213793
4.2778598254863	0.007	0.005	0.2530320260158662	5.235884441089342e-8	0.24768077714018716	0.03404259583166263	67.8444104744982
4.322696459531231	0.007	0.005	0.25370720974125377	5.190795510788975e-8	0.24984825377048203	0.034042293462812054	67.56910342287415
4.367644468350484	0.007	0.005	0.25435991121034335	5.1471447321140774e-8	0.2519865783979429	0.03404198751626756	67.29423383980189
4.412700685536389	0.007	0.005	0.2549902762182181	5.104847853208599e-8	0.254095260694773	0.03404167807706397	67.0198247321989
4.457862232547387	0.007	0.005	0.25559846105490497	5.063826324462163e-8	0.25617384639916907	0.03404136522517568	66.74589702116347
4.5031265401718	0.007	0.005	0.2561846317994138	5.024006859280881e-8	0.25822191714509485	0.034041049035515254	66.4724694496111
4.548491306778928	0.007	0.005	0.2567489628099066	4.9853210805577226e-8	0.260239087371088	0.034040729578360074	66.19955887246972
4.593954528342747	0.007	0.005	0.2572916362118091	4.9477051321827885e-8	0.2622250045019807	0.03404040691927077	65.92718011140627
4.639514462099841	0.007	0.005	0.2578128405835227	4.911099377745643e-8	0.2641793461428727	0.03404008111946573	65.65534620899939
4.685169635132114	0.007	0.005	0.25831277026142085	4.8754480792161003e-8	0.26610181929661825	0.03403975223587267	65.38406841097581
4.73091881648758	0.007	0.005	0.258791624275361	4.8406991350614107e-8	0.2679921580304941	0.034039420321433624	65.11335636484965
4.776761031509908	0.007	0.005	0.2592496058037699	4.806803799219228e-8	0.2698501229542869	0.03403908542510018	64.84321806606552
4.822695518316723	0.007	0.005	0.25968692107678537	4.773716469692899e-8	0.27167549834286986	0.03403874759224283	64.57366014485278
4.868721750974381	0.007	0.005	0.2601037790148986	4.7413944395745306e-8	0.27346809202800215	0.034038406864569826	64.30468775756363
4.914839404710263	0.007	0.005	0.26050039034097694	4.709797712485713e-8	0.2752277329854163	0.034038063280464916	64.03630481784323
4.961048360607482	0.007	0.005	0.2608769671223395	4.6788887995592074e-8	0.27695427054303545	0.0340377168750309	63.76851399421614
5.007348679598586	0.007	0.005	0.2612337220905345	4.6486325578167654e-8	0.27864757245460686	0.03403736768035735	63.501316884998644
5.053740606972506	0.007	0.005	0.26157086826409737	4.618996016352829e-8	0.28030752417675314	0.03403701572555682	63.234714014290084
5.100224546074014	0.007	0.005	0.26188861837284405	4.5899482363597126e-8	0.2819340270605914	0.034036661037029514	62.96870500439968
5.146801068830816	0.007	0.005	0.26218718459435386	4.561460161987938e-8	0.28352699791620284	0.0340363036384458	62.70328853490648
5.193470895421899	0.007	0.005	0.2624667781000741	4.5335044939312974e-8	0.2850863675126597	0.034035943550959354	62.438462477845704
5.240234873751388	0.007	0.005	0.2627276086654595	4.506055582717079e-8	0.28661207917333326	0.03403558079342199	62.174224030933445
5.2870939991521135	0.007	0.005	0.2629698845426619	4.479089296903606e-8	0.28810408873929905	0.03403521538228424	61.910569621855224
5.334049384450036	0.007	0.005	0.2631938120699449	4.4525829357784414e-8	0.2895623629246471	0.03403484733187675	61.64749509279428
5.381102251595508	0.007	0.005	0.2633995954539029	4.426515134288495e-8	0.29098687846457844	0.03403447665452441	61.38499576050859
5.428253942000602	0.007	0.005	0.2635874366513021	4.400865764605011e-8	0.29237762185493654	0.034034103360510014	61.12306637143487
5.475505892510512	0.007	0.005	0.2637575351184057	4.3756158651185254e-8	0.2937345880781537	0.034033727458305914	60.86170124786328
5.522859645708866	0.007	0.005	0.2639100877276072	4.350747554602931e-8	0.2950577803959262	0.03403334895453261	60.60089424192177
5.570316822558564	0.007	0.005	0.2640452885675502	4.3262439746523996e-8	0.2963472090939544	0.03403296785421502	60.3406388970606
5.6178791421135275	0.007	0.005	0.2641633289187504	4.302089208496935e-8	0.29760289158684994	0.03403258416066115	60.08092834912346
5.665548390846349	0.007	0.005	0.2642643970939012	4.278268236876294e-8	0.2988248511687881	0.034032197875742826	59.821755503488774
5.713326448731597	0.007	0.005	0.264348678439799	4.25476686379037e-8	0.3000131173040596	0.03403180899971746	59.56311290125271
5.7612152457149035	0.007	0.005	0.2644163552022407	4.231571685441698e-8	0.30116772415530274	0.034031417531612033	59.3049929634409
5.809216800536551	0.007	0.005	0.264467606560114	4.208670017746855e-8	0.30228871121116013	0.034031023468936474	59.04738778805767
5.8573331801800315	0.007	0.005	0.2645026085385978	4.1860498721591205e-8	0.30337612198259345	0.034030626808042426	58.79028937573828
5.905566529292223	0.007	0.005	0.26452153402427303	4.163699895808973e-8	0.30443000439397233	0.034030227543908	58.53368947825402
5.953919032568637	0.007	0.005	0.26452455273103914	4.1416093491342854e-8	0.30545040966087267	0.034029825670472885	58.27757980538274
6.002392957140105	0.007	0.005	0.26451183120901467	4.1197680490437615e-8	0.30643739294394373	0.03402942118031038	58.021951805543566
6.0509906729283	0.007	0.005	0.26448353279014397	4.098166324909747e-8	0.3073910133987132	0.03402901406447428	57.7667965677181
6.0997145212360175	0.007	0.005	0.2644398176595897	4.0767950450520144e-8	0.3083113313347746	0.0340286043136192	57.51210551771393
6.148566931392199	0.007	0.005	0.26438084283785274	4.055645533498138e-8	0.3091984103745682	0.03402819191704685	57.25786980813587
6.197550343799236	0.007	0.005	0.2643067622688533	4.0347095759237464e-8	0.310052315803675	0.03402777686337202	57.004080725324144
6.246667281983491	0.007	0.005	0.2642177267578057	4.01397936186621e-8	0.3108731157002107	0.03402735913993234	56.75072931877465
6.295920275190082	0.007	0.005	0.2641138841180076	3.99344749325401e-8	0.31166087942342735	0.03402693873346129	56.49780680624998
6.345311930790399	0.007	0.005	0.26399537907461734	3.973106930716727e-8	0.31241567867861414	0.034026515629488975	56.245304204051614
6.39484486955978	0.007	0.005	0.2638623534310887	3.9529509997601064e-8	0.31313758632998856	0.034026089812909395	55.99321266357317
6.444521782106237	0.007	0.005	0.2637149459712174	3.932973347962426e-8	0.3138266771336197	0.03402566126751163	55.741523186523985
6.49434538023713	0.007	0.005	0.2635532926222602	3.913167945539305e-8	0.3144830268923311	0.034025229976411026	55.4902268765821
6.5443184272728265	0.007	0.005	0.2633775264114288	3.893529056054582e-8	0.3151067127793612	0.03402479592180132	55.23931478889067
6.594443718879606	0.007	0.005	0.2631877775672836	3.87405122886978e-8	0.3156978129762089	0.03402435908513258	54.98877803044211
6.644724097014516	0.007	0.005	0.2629841735142688	3.854729277774145e-8	0.31625640675300504	0.03402391944700179	54.73860769346553
6.695162443988683	0.007	0.005	0.2627668389340749	3.8355582698654826e-8	0.31678257429780454	0.03402347698721506	54.48879488895072
6.745761686527122	0.007	0.005	0.26253589579017256	3.8165335101232324e-8	0.31727639667108076	0.03402303168476207	54.239330730184065
6.796524776290003	0.007	0.005	0.26229146346317067	3.7976505391383896e-8	0.31773795554438744	0.0340225835179975	53.99020643207934
6.847454720836366	0.007	0.005	0.26203365865417166	3.778905107053032e-8	0.3181673334315716	0.03402213246437764	53.741413162019164
6.898554557384841	0.007	0.005	0.26176259555333886	3.760293174644346e-8	0.31856461337764186	0.03402167850070038	53.49294217238659
6.949827373834677	0.007	0.005	0.26147838577971694	3.741810895912002e-8	0.3189298790786856	0.0340212216029273	53.24478470133416
7.001276289122595	0.007	0.005	0.26118113853127467	3.7234546149524036e-8	0.31926321467570323	0.03402076174636589	52.99693207182737
7.052904460689042	0.007	0.005	0.26087096059708953	3.705220856109097e-8	0.31956470478023136	0.034020298905611125	52.74937565834652
7.104715098963498	0.007	0.005	0.2605479563149063	3.6871063097008754e-8	0.31983443451135074	0.03401983305442235	52.50210682117051
7.156711440642452	0.007	0.005	0.26021222778051123	3.669107835286859e-8	0.32007248930841214	0.03401936416596958	52.25511703788195
7.208896773512492	0.007	0.005	0.25986387474345274	3.651222444748167e-8	0.32027895503809317	0.03401889221261694	52.00839778815767
7.26127443039715	0.007	0.005	0.2595029946867332	3.633447299588978e-8	0.32045391792105365	0.0340184171659823	51.76194058682784
7.313847762025295	0.007	0.005	0.25912968306703543	3.615779713431417e-8	0.3205974644361976	0.034017938997189655	51.5157371145911
7.366620190071202	0.007	0.005	0.2587440329950141	3.5982171279894244e-8	0.32070968147536977	0.034017457676393116	51.269778972325554
7.419595159081057	0.007	0.005	0.25834613562024594	3.580757125848882e-8	0.3207906561877203	0.03401697317321868	51.02405791037727
7.472776161715755	0.007	0.005	0.2579360800028309	3.56339741509113e-8	0.3208404760493955	0.03401648545653977	50.77856571378667
7.526166736090076	0.007	0.005	0.2575139531783499	3.546135828830613e-8	0.32085922884714374	0.03401599449450573	50.533294218760325
7.579770455931091	0.007	0.005	0.25707984028551706	3.528970321551544e-8	0.32084700268090577	0.03401550025463687	50.288235361528535
7.633591035057293	0.007	0.005	0.2566338237475353	3.511898933898004e-8	0.32080388588180136	0.034015002702862555	50.043380707053856
7.6876322112089	0.007	0.005	0.2561759842281389	3.494919826961686e-8	0.32072996694532596	0.03401450180459183	49.79872198813565
7.7418976599540095	0.007	0.005	0.2557064014555534	3.4780313051275955e-8	0.32062533480122773	0.03401399752552106	49.55425149386814
7.7963911713196214	0.007	0.005	0.25522515279369057	3.461231758303817e-8	0.3204900786472414	0.034013489830002755	49.30996127178363
7.851116509881109	0.007	0.005	0.2547323145030865	3.4445197018294444e-8	0.3203242882458398	0.03401297868234944	49.065843761999346
7.9060775350337344	0.007	0.005	0.25422796073862114	3.427893738235821e-8	0.3201280536858188	0.03401246404571791	48.82189126078605
7.961278096236743	0.007	0.005	0.2537121645456786	3.411352586704699e-8	0.3199014657421218	0.03401194588309141	48.57809639145544
8.016722114031612	0.007	0.005	0.2531849971801192	3.394895055917838e-8	0.31964461566625596	0.03401142415652612	48.334451747018925
8.072413518377402	0.007	0.005	0.2526465287394972	3.3785200619962636e-8	0.31935759549669257	0.03401089882773384	48.090950165868186
8.128356300956913	0.007	0.005	0.25209682772499853	3.362226611729704e-8	0.3190404978909213	0.034010369857594196	47.84758450472866
8.184554460244852	0.007	0.005	0.25153596163262165	3.346013815510732e-8	0.31869341648968835	0.034009837206677246	47.60434788149875
8.241012046716339	0.007	0.005	0.2509639965728865	3.3298808752331717e-8	0.3183164457582496	0.03400930083482099	47.36123348069287
8.297733126073906	0.007	0.005	0.25038099769813266	3.3138270938320416e-8	0.31790968130317226	0.034008760701484356	47.11823471517257
8.354721806059466	0.007	0.005	0.24978702899486002	3.297851864626022e-8	0.31747321979888155	0.03400821676549746	46.87534511270092
8.411982199120862	0.007	0.005	0.24918215373468505	3.281954684458883e-8	0.3170071593761451	0.034007668985422644	46.632558477305494
8.469518468397947	0.007	0.005	0.24856643405883902	3.266135138569662e-8	0.3165115993827694	0.03400711731912058	46.389868695169966
8.52733475938907	0.007	0.005	0.2479399317707682	3.250392919511562e-8	0.3159866410808255	0.03400656172441019	46.14727002502017
8.58543526525463	0.007	0.005	0.24730270770841511	3.234727809195245e-8	0.31543238723046496	0.034006002158448866	45.904756823139884
8.643824157716011	0.007	0.005	0.2466548225640714	3.219139697818605e-8	0.31484894286813264	0.03400543857840301	45.662323833571236
8.702505633375917	0.007	0.005	0.24599633645381563	3.203628571388515e-8	0.31423641504207955	0.03400487094100965	45.41996599375499
8.761483870903938	0.007	0.005	0.24532730946716977	3.188194523516602e-8	0.3135949134123924	0.03400429920299714	45.17767861146219
8.820763058135764	0.007	0.005	0.24464780144098094	3.1728377484194244e-8	0.31292455015690945	0.03400372332083131	44.93545725115776
8.880347348458233	0.007	0.005	0.24395787253500117	3.1575585525976015e-8	0.31222544064988833	0.034003143251147346	44.69329791053855
8.940240879834297	0.007	0.005	0.2432575830996117	3.142357351227543e-8	0.3114977034743996	0.034002558950575225	44.45119693879192
9.000447754225336	0.007	0.005	0.24254699399750512	3.127234672511726e-8	0.31074146088831767	0.034001970375950374	44.209151116122364
9.060972032568012	0.007	0.005	0.2418261667500764	3.112191161254892e-8	0.3099568391313266	0.03400137748437417	43.967157668528536
9.121817717444939	0.007	0.005	0.24109516383221258	3.0972275833109876e-8	0.30914396890456036	0.03400078023339591	43.725214330698876
9.18298875156319	0.007	0.005	0.24035404878181482	3.082344826025082e-8	0.30830298566318015	0.03400017858104109	43.483319344268786
9.244488999795008	0.007	0.005	0.23960288650768716	3.0675439043804063e-8	0.30743403013890247	0.033999572486001925	43.2414715203184
9.306322222480798	0.007	0.005	0.23884174371144215	3.052825967913554e-8	0.3065372490215439	0.033998961907916195	42.99967033355922
9.36849208524757	0.007	0.005	0.23807068886469093	3.0381922993417627e-8	0.30561279513771894	0.033998346807287395	42.75791587139237
9.431002119138137	0.007	0.005	0.23728979279802248	3.023644324080463e-8	0.3046608283595	0.03399772714589662	42.51620897582631
9.49385571730501	0.007	0.005	0.23649912884356059	3.00918361289894e-8	0.30368151600657584	0.03399710288685527	42.274551239946334
9.557056114780142	0.007	0.005	0.2356987731871564	2.994811886635134e-8	0.30267503350914143	0.03399647399482647	42.03294506844299
9.620606350762793	0.007	0.005	0.23488880544673252	2.9805310257217497e-8	0.3016415653793912	0.033995840436422904	41.79139380171831
9.684509276686903	0.007	0.005	0.23406930867149198	2.9663430684940326e-8	0.3005813054682145	0.033995202180150876	41.549901662516454
9.748767508912648	0.007	0.005	0.2332403700446266	2.952250222784716e-8	0.299494458125831	0.033994559196907706	41.30847391105133
9.813383405955655	0.007	0.005	0.23240208127841758	2.9382548715918058e-8	0.2983812389987414	0.0339939114602377	41.067116902523495
9.878359053794371	0.007	0.005	0.2315545389025247	2.9243595743612097e-8	0.29724187569430294	0.033993258946508904	40.82583811173526
9.943696229088838	0.007	0.005	0.23069784483710176	2.910567077863115e-8	0.2960766088348182	0.03399260163531334	40.58464623708044
10.009396370222289	0.007	0.005	0.22983210686486769	2.896880319777746e-8	0.29488569299665524	0.033991939509791604	40.34355127109969
10.075460565260899	0.007	0.005	0.22895743887621992	2.883302431390295e-8	0.2936693973442871	0.033991272556788965	40.10256450573483
10.141889486646985	0.007	0.005	0.22807396181450337	2.869836750725239e-8	0.2924280072432227	0.03399060076755109	39.861698728604665
10.208683399889967	0.007	0.005	0.22718180363852164	2.8564868189291726e-8	0.291161824519458	0.03398992413767546	39.6209681448932
10.27584209222493	0.007	0.005	0.22628110034114457	2.8432563939800793e-8	0.28987116920128986	0.033989242667873794	39.380388586282834
10.343364885016012	0.007	0.005	0.22537199584411358	2.8301494451547942e-8	0.2885563796755828	0.03398855636388879	39.13997741339645
10.411250551884423	0.007	0.005	0.22445464314706448	2.8171701688259e-8	0.28721781463660745	0.03398786523736913	38.89975375258077
10.479497334968753	0.007	0.005	0.22352920414855626	2.8043229803205506e-8	0.2858558531222861	0.033987169305749916	38.65973837810437
10.548102884385665	0.007	0.005	0.222595850489063	2.7916125249280516e-8	0.2844708960200617	0.03398646859291525	38.419953864280494
10.617064247071884	0.007	0.005	0.22165476371464363	2.779043673657036e-8	0.2830633665741374	0.03398576312935974	38.180424558957306
10.686377828185837	0.007	0.005	0.22070613579820392	2.7666215281626368e-8	0.2816337114042319	0.03398505295263092	37.941176650275374
10.756039375304063	0.007	0.005	0.21975016933490968	2.7543514197008878e-8	0.28018240102219827	0.03398433810753967	37.70223815081762
10.82604396287807	0.007	0.005	0.21878707771539435	2.742238905326857e-8	0.27870993028593005	0.033983618646367654	37.46363887923737
10.896385977019357	0.007	0.005	0.21781708527558813	2.7302897656769743e-8	0.27721681878718707	0.03398289462907107	37.22541043923934
10.967059086575743	0.007	0.005	0.21684042761715522	2.718510005087069e-8	0.27570361147339956	0.033982166123625264	36.98758624311699
11.038056271045797	0.007	0.005	0.21585735112327306	2.7069058405750792e-8	0.27417087798993944	0.03398143320578275	36.75020134273294
11.109369788312057	0.007	0.005	0.2148681132842095	2.6954836996240206e-8	0.2726192132295638	0.03398069595944933	36.51329246407416
11.18099119973439	0.007	0.005	0.2138729822095597	2.6842502101450484e-8	0.2710492365761875	0.033979954476466616	36.27689784969314
11.25291139671104	0.007	0.005	0.212872236096957	2.673212189721634e-8	0.269461591017303	0.03397920885637496	36.04105710041165
11.325120585494055	0.007	0.005	0.21186616326160057	2.6623766401252655e-8	0.2678569430930998	0.033978459206605596	35.80581115687522
11.397608354581552	0.007	0.005	0.21085506099807763	2.6517507319323326e-8	0.26623598094012907	0.03397770564181287	35.57120201372768
11.470363681428552	0.007	0.005	0.20983923526849485	2.6413417925926724e-8	0.26459941358697664	0.03397694828383068	35.33727263785931
11.543375017801859	0.007	0.005	0.20881899927780573	2.631157291980234e-8	0.2629479684068528	0.03397618726080604	35.104066638175446
11.616630265446622	0.007	0.005	0.2077946735671759	2.621204836933539e-8	0.2612823909608428	0.0339754227074692	34.87162829414094
11.690116927906702	0.007	0.005	0.20676658363503062	2.6114921438577226e-8	0.2596034407839958	0.0339746547635618	34.6400020289386
11.763822084171558	0.007	0.005	0.20573506004007408	2.6020270388984016e-8	0.25791189113991086	0.0339738835741167	34.40923245883118
11.83773251959427	0.007	0.005	0.2047004363002755	2.5928174348450586e-8	0.25620852513877956	0.033973109288089755	34.17936395274362
11.911834750772579	0.007	0.005	0.20366304827342954	2.5838713239230763e-8	0.2544941342263173	0.03397233205809292	33.950440535707735
11.986115149699344	0.007	0.005	0.20262323215026373	2.5751967608472312e-8	0.25276951434907485	0.03397155203908143	33.72250549273188
12.060559950930532	0.007	0.005	0.2015813240903564	2.5668018587865645e-8	0.2510354647968773	0.03397076938826138	33.49560134426533
12.135155402473398	0.007	0.005	0.20053765785495942	2.55869477178624e-8	0.2492927836967633	0.03396998426348268	33.26976938964892
12.20988777920332	0.007	0.005	0.19949256437595023	2.5508836943158406e-8	0.24754226669676208	0.033969196823070195	33.04504968171384
12.284743490548284	0.007	0.005	0.19844637002027088	2.5433768509505694e-8	0.24578470346497705	0.03396840722465893	32.82148072289532
12.359709134002205	0.007	0.005	0.19739939562982622	2.5361824936319824e-8	0.2440208754722757	0.03396761562459443	32.599099334952896
12.434771573464326	0.007	0.005	0.19635195523400795	2.529308899434968e-8	0.24225155322491118	0.033966822177067486	32.37794046245063
12.50991798762594	0.007	0.005	0.19530435520220182	2.5227643708359487e-8	0.24047749424238093	0.03396602703356152	32.15803707305104
12.585135937947982	0.007	0.005	0.194256893145705	2.5165572363911028e-8	0.2386994406241146	0.033965230342090286	31.939420006724454
12.660413411313757	0.007	0.005	0.19320985719687192	2.510695857728537e-8	0.23691811727055137	0.03396443224670117	31.72211790562185
12.73573884713781	0.007	0.005	0.19216352552792731	2.5051886339596957e-8	0.23513423053677174	0.03396363288714237	31.506157192968207
12.81110122374143	0.007	0.005	0.19111816507087617	2.500044008663806e-8	0.23334846555020114	0.033962832397900225	31.291561886397773
12.886490019260945	0.007	0.005	0.19007403200410009	2.4952704825396387e-8	0.23156148657065329	0.0339620309085679	31.078353774296307
12.96189530661882	0.007	0.005	0.1890313704013153	2.490876622807661e-8	0.22977393424767867	0.03396122854279102	30.86655221150785
13.037307697961941	0.007	0.005	0.18799041298871957	2.4868710790813663e-8	0.2279864265182308	0.033960425418813986	30.656174343594778
13.112718433209889	0.007	0.005	0.18695137992892216	2.483262593413968e-8	0.22619955616107476	0.03395962164849477	30.447234925804832
13.188119303097142	0.007	0.005	0.1859144799099976	2.480060021979096e-8	0.22441389234445291	0.033958817338083445	30.239746604935842
13.263502721388337	0.007	0.005	0.18487990919395728	2.4772723464624465e-8	0.22262997870613724	0.033958012587413856	30.03371978506988
13.338861676644855	0.007	0.005	0.18384785234095014	2.474908695391776e-8	0.22084833435179502	0.03395720749038115	29.829162826108238
13.414189738379859	0.007	0.005	0.1828184821976663	2.4729783610824338e-8	0.2190694536245846	0.03395640213484229	29.626082089605855
13.489481047750171	0.007	0.005	0.18179196011111354	2.4714908194467476e-8	0.21729380629710598	0.03395559660268394	29.424482025379476
13.564730282917468	0.007	0.005	0.18076843649747223	2.4704557488977542e-8	0.2155218384111721	0.03395479097016433	29.22436532304486
13.63993266891582	0.007	0.005	0.17974805081252948	2.469883051250855e-8	0.213753972113757	0.03395398530778165	29.02573294147158
13.71508393242637	0.007	0.005	0.17873093227918552	2.4697828725204187e-8	0.21199060683218732	0.03395317968073504	28.82858428221287
13.790180301139959	0.007	0.005	0.17771720001386904	2.470165621636083e-8	0.21023211943566858	0.03395237414891083	28.63291724119593
13.865218448240764	0.007	0.005	0.17670696389892152	2.4710419940048023e-8	0.20847886571483076	0.03395156876746002	28.4387284008305
13.940195521243147	0.007	0.005	0.1757003243191694	2.4724229902661036e-8	0.20673117991332612	0.033950763586473455	28.246012999168403
14.015109061467196	0.007	0.005	0.1746973733733773	2.474319938303539e-8	0.204989376838803	0.03394995865183309	28.054765179376243
14.089957017815056	0.007	0.005	0.1736981948158335	2.4767445164091212e-8	0.2032537517881204	0.033949154005053696	27.864977991607358
14.164737691094489	0.007	0.005	0.17270286492875397	2.4797087694971397e-8	0.20152458210438703	0.033948349683872794	27.676643569795875
14.239449757597969	0.007	0.005	0.17171145233525612	2.4832251385881338e-8	0.1998021269076141	0.033947545721990775	27.489753104370916
14.31409217396868	0.007	0.005	0.17072401938930984	2.487306473403623e-8	0.19808662957690001	0.033946742150089956	27.30429711059462
14.388664235416874	0.007	0.005	0.1697406215257489	2.4919660622942035e-8	0.1963783166987189	0.03394593899520571	27.120265309457626
14.463165485742797	0.007	0.005	0.16876130857172594	2.497217647871094e-8	0.19467740043141937	0.03394513628169422	26.937646875834343
14.537595741029655	0.007	0.005	0.16778612455002193	2.503075454233816e-8	0.19298407825665795	0.03394433403097821	26.756430401287396
14.611955034491787	0.007	0.005	0.1668151085173689	2.509554204217342e-8	0.19129853453429824	0.03394353226214351	26.57660404874845
14.686243640224685	0.007	0.005	0.16584829436392248	2.51666914858027e-8	0.18962094025786957	0.03394273099168652	26.398155512440912
14.760462003543184	0.007	0.005	0.16488571182881906	2.524436081742594e-8	0.18795145492444829	0.03394193023427028	26.221072201823986
14.834610759963935	0.007	0.005	0.16392738635340368	2.5328713717251475e-8	0.1862902263891848	0.033941130002525764	26.045341209062556
14.908690700193752	0.007	0.005	0.16297333963345068	2.541991977855927e-8	0.1846373919343731	0.03394033030743668	25.870949404683664
14.982702779367814	0.007	0.005	0.16202358959452168	2.5518154818391898e-8	0.18299307833927034	0.033939531158247646	25.69788342648689
15.056648067550029	0.007	0.005	0.16107815111889595	2.562360106062746e-8	0.1813574032519917	0.03393873256300745	25.526129805038845
15.130527759133646	0.007	0.005	0.16013703600888315	2.573644742982181e-8	0.17973047523779784	0.03393793452847726	25.355674948872093
15.20434315291215	0.007	0.005	0.15920025332332724	2.5856889792556118e-8	0.1781123944728977	0.03393713706035622	25.186505197371705
15.278095651774992	0.007	0.005	0.15826780945972066	2.5985131246061648e-8	0.1765032529971097	0.03393634016329583	25.01860682713082
15.351786728288978	0.007	0.005	0.1573397086639176	2.6121382350678514e-8	0.17490313570292615	0.03393554384128348	24.851966135021435
15.425417958650915	0.007	0.005	0.15641595267251548	2.626586149905993e-8	0.17331211982628236	0.03393474809728781	24.686569364958007
15.49899093480576	0.007	0.005	0.15549654188344994	2.6418795051084343e-8	0.1717302770687895	0.03393395293422129	24.522402908565077
15.572507361789475	0.007	0.005	0.15458147419837184	2.6580417838871882e-8	0.1701576717072405	0.033933158353901476	24.359453088733737
15.645968931090616	0.007	0.005	0.15367074666379404	2.6750973235706178e-8	0.16859436351733575	0.033932364358433505	24.19770644328024
15.719377437390994	0.007	0.005	0.15276435407405053	2.6930713745839965e-8	0.16704040547078236	0.033931570948962556	24.03714946685485
15.792734652163976	0.007	0.005	0.1518622905917496	2.711990105339901e-8	0.16549584661251343	0.033930778127054646	23.87776888955246
15.866042435445644	0.007	0.005	0.15096454841795934	2.7318806657074823e-8	0.1639607298737415	0.0339299858935037	23.719551432184673
15.9393025999666	0.007	0.005	0.1500711195087479	2.7527711881233716e-8	0.16243509510043538	0.0339291942498153	23.56248410035458
16.0	0.007	0.005	0.149333736142217	2.7708962098213978e-8	0.1611775698971717	0.033928538430920474	23.433139122433932
