0.0	0.007	0.005	0.0	0.0	0.0	0.0	100.0
0.006140180809867181	0.007	0.005	0.01573067460701905	6.103580778367657e-5	1.1721948377809453e-5	3.6899617103292234e-5	99.95744856552697
0.011391457144295493	0.007	0.005	0.028337317306161493	0.00010661671335177148	3.955005744582464e-5	0.00012196401066868692	99.92107160084028
0.01857038374460057	0.007	0.005	0.0443940074877866	0.0001603990162682499	0.00010231602801099562	0.0003070804209027845	99.87136271743039
0.02599595039031575	0.007	0.005	0.05967437875184832	0.00020715663204898716	0.0001950697719454377	0.0005699526802307663	99.81997204788104
0.03457799239857975	0.007	0.005	0.07579317849191007	0.0002518208860651241	0.00033450592057121585	0.0009488798507744207	99.76061061509743
0.043721438641655244	0.007	0.005	0.0913124921968647	0.00029030476059516803	0.0005175713938357266	0.0014249783758830212	99.6974048256132
0.0536841977697084	0.007	0.005	0.10647257351130371	0.00032358368113316686	0.0007534482936000055	0.0020116194005224894	99.62858096993884
0.06425457320314472	0.007	0.005	0.12077328493790876	0.0003509780256645602	0.0010407080537839907	0.002694584466072571	99.55561157787137
0.07549049020922488	0.007	0.005	0.1341879830727719	0.00037296988478332106	0.0013829632220354216	0.00347262083568411	99.47810641703063
0.08731258542670611	0.007	0.005	0.14655179989777728	0.0003897661917245595	0.0017790867930450155	0.004333888716896597	99.39662295071453
0.09972716223595217	0.007	0.005	0.15784485399851111	0.00040174551555457056	0.002229656743949567	0.005271101131885101	99.31112766548522
0.11270431792516977	0.007	0.005	0.16804094360088576	0.0004091660980552984	0.0027333696021833533	0.006273326773422571	99.22183668779701
0.12624349226183282	0.007	0.005	0.17716531265591612	0.0004122277023265689	0.003289462423029669	0.007330873719789273	99.12876424031026
0.1403374722012478	0.007	0.005	0.18525513843491012	0.0004110492352682974	0.0038965490520119963	0.008432538958744155	99.03197063110036
0.1549914250182366	0.007	0.005	0.19236758439417107	0.00040571626410008547	0.004553502131109946	0.009567017842430954	98.93143150042152
0.17021227510137113	0.007	0.005	0.19856756869838849	0.000396334407057835	0.005259121623869927	0.010722082992401512	98.82711101813598
0.18601423329476258	0.007	0.005	0.20392662332698866	0.00038308679705635656	0.006012460798911051	0.011885146727736107	98.71892412527055
0.20241594549914693	0.007	0.005	0.2085182128257631	0.00036628158048241993	0.0068127643851188385	0.013043329231069392	98.6067563219266
0.21944280384032114	0.007	0.005	0.21241596821760875	0.0003463724718874081	0.007659628249911505	0.014184048114818937	98.49044810381595
0.23712710621673527	0.007	0.005	0.21569157406575476	0.0003239508017021565	0.008553047082743718	0.015295507430636523	98.36979420551037
0.2555092705335814	0.007	0.005	0.21841344839399807	0.0002997094813700974	0.009493501837642556	0.016367238399506306	98.24453570222259
0.2746366991306325	0.007	0.005	0.22064552246509672	0.00027439226142884346	0.010481916368449903	0.017390409041136604	98.11436819429242
0.29456023061917064	0.007	0.005	0.22244649615270445	0.00024874019069310633	0.011519474341821337	0.01835792670304895	97.97896635973845
0.31532725959899427	0.007	0.005	0.22386961140410844	0.0002234450679732658	0.012607248900781085	0.019264356145436652	97.83803094233252
0.33697376000321055	0.007	0.005	0.22496306125632082	0.00019911144981287951	0.013745766642097229	0.020105832200543284	97.69134277355207
0.3595197476209367	0.007	0.005	0.22577081740573127	0.0001762251855885191	0.014934754854192184	0.020880118980823054	97.53879302451533
0.3829730066379109	0.007	0.005	0.22633338203041015	0.0001551293374752686	0.016173335977316763	0.02158681277901808	97.38035731274378
0.40734001953697385	0.007	0.005	0.22668796381261308	0.00013601559461738698	0.017460613536856257	0.0222274428453341	97.21602142715297
0.4326370587984208	0.007	0.005	0.22686808489379412	0.00011893775973622414	0.018796267267159546	0.02280523693299838	97.04570666332191
0.45889596513831316	0.007	0.005	0.22690308279521865	0.00010384247567130193	0.020180857809231227	0.023324599214974494	96.8692316407857
0.48616484041673547	0.007	0.005	0.22681789671044156	9.060509144125496e-5	0.021615850853320677	0.02379052990195855	96.68630870253074
0.5145061421669008	0.007	0.005	0.22663320495007094	7.906134663249932e-5	0.023103495831239485	0.024208152844579053	96.49655785435677
0.5439936365986473	0.007	0.005	0.22636580519706284	6.903133248543903e-5	0.024646640903880156	0.024582393494387792	96.29952828898342
0.5747098033821217	0.007	0.005	0.22602910246978464	6.03354116283406e-5	0.026248571508348313	0.02491780031410491	96.09471676196894
0.6067432207570325	0.007	0.005	0.22563361727366013	5.280392708103126e-5	0.027912849561756846	0.025218460438377034	95.8815859778836
0.6401863772821081	0.007	0.005	0.2251874630815016	4.6282265969083056e-5	0.029643177635266055	0.025487981648010534	95.65958000486386
0.6751337259273466	0.007	0.005	0.2246967735448867	4.063285835634587e-5	0.03144327872767801	0.025729512282158813	95.42813795901307
0.7116801159348246	0.007	0.005	0.22416607253031873	3.5735240526817284e-5	0.03331679860060498	0.025945782368731452	95.18670506877005
0.7499196242064715	0.007	0.005	0.22359858890963347	3.148502195303358e-5	0.03526723141229618	0.02613915373033148	94.93474099642538
0.7899448484677853	0.007	0.005	0.22299652061824313	2.779231417808349e-5	0.03729787126464736	0.026311671567266288	94.67172503527195
0.8318466346298561	0.007	0.005	0.222361254245323	2.457998329422928e-5	0.039411787522761504	0.026465112715785888	94.3971584037212
0.8757141687362199	0.007	0.005	0.22169354630982852	2.17819366114474e-5	0.041611819624146826	0.026601028101970074	94.11056413597397
0.9216353275069171	0.007	0.005	0.2209936718018073	1.9341552141118606e-5	0.0439005853539525	0.0267207785053799	93.81148530301607
0.9696970967459482	0.007	0.005	0.22026154592413894	1.7210297084525156e-5	0.0462804925545857	0.02682556366440068	93.49948283729599
1.0199859835768115	0.007	0.005	0.2194968226586749	1.5346535867446826e-5	0.0487537503945364	0.026916445740224535	93.17413345324294
1.0725883162477594	0.007	0.005	0.21869897413327385	1.371451421427302e-5	0.05132237493512014	0.026994368160148073	92.83502835160814
1.127590429206737	0.007	0.005	0.21786735330142606	1.2283495706376823e-5	0.05398818906086075	0.027060170977403517	92.48177270885755
1.1850787174785367	0.007	0.005	0.217001242830462	1.1027029104056823e-5	0.05675281622617322	0.02711460359154895	92.11398603704639
1.245139596385115	0.007	0.005	0.2160998923908723	9.922325769076795e-6	0.05961767003290072	0.02715833551306467	91.7313031625798
1.3078593909923195	0.007	0.005	0.2151625466460601	8.949730272695588e-6	0.06258394103834071	0.027191965622079955	91.33337565032454
1.373324165202716	0.007	0.005	0.214188466226577	8.09227008836774e-6	0.06565258147898718	0.027216030227461226	90.91987359339717
1.441619488168992	0.007	0.005	0.2131769438041124	7.335272427095949e-6	0.06882428803112563	0.027231010150545257	90.49048776581432
1.5128301329561407	0.007	0.005	0.2121273170123063	6.666037977870068e-6	0.07209948264595643	0.027237337011444054	90.04493214965106
1.5870396984958406	0.007	0.005	0.21103897961035004	6.073562861732742e-6	0.0754782913738567	0.027235398861975898	89.58294686892742
1.6643301246799203	0.007	0.005	0.2099113922246227	5.548301553677074e-6	0.0789605202108971	0.027225545288476292	89.10430168852137
1.7447810758722686	0.007	0.005	0.20874409360405521	5.081964491430264e-6	0.08254562739568547	0.02720809210016277	88.6088001919817
1.8284690326529203	0.007	0.005	0.20753671502173685	4.6673456768831134e-6	0.08623268579418074	0.027183325750469226	88.09628556853096
1.9154663538960812	0.007	0.005	0.20628899413228455	4.29817406343078e-6	0.09002034800542462	0.027151507528884643	87.56664632481473
2.005839950652172	0.007	0.005	0.20500079346669906	3.9689869601488455e-6	0.09390679926661863	0.027112877669902682	87.01982405014566
2.099649737268007	0.007	0.005	0.20367212101206283	3.6750210523189664e-6	0.09788970691487282	0.02706765942145647	86.45582211109718
2.1969466151228407	0.007	0.005	0.20230315612666946	3.4121191534174333e-6	0.10196615746083508	0.027016063231477313	85.87471663308521
2.2977701817196725	0.007	0.005	0.20089427772036614	3.1766495901370227e-6	0.10613259144130321	0.026958291021325662	85.27666845410243
2.402147023653752	0.007	0.005	0.19944608253610221	2.9654349707218208e-6	0.11038477232455729	0.026894540004095004	84.66193088140874
2.51008503421275	0.007	0.005	0.19795945639734647	2.775697700186862e-6	0.11471760574376491	0.02682500886136459	84.03087993356999
2.621571805237953	0.007	0.005	0.19643558580431242	2.605003698709905e-6	0.11912514201882539	0.02674990152229264	83.38401926232805
2.736569602467362	0.007	0.005	0.19487601387629935	2.451219651437865e-6	0.12360045583275696	0.02666943291936511	82.7220038990945
2.8550118824193387	0.007	0.005	0.19328267154968135	2.3124731053754546e-6	0.12813560615363387	0.026583833668207817	82.04565349796593
2.976799252405866	0.007	0.005	0.19165791296723475	2.1871188328683624e-6	0.1327215912438459	0.026493354916513584	81.3559673579483
3.1017966158095973	0.007	0.005	0.19000453163923925	2.073708805565546e-6	0.13734836465526662	0.02639827207511685	80.65413128309929
3.22983153035897	0.007	0.005	0.18832575798965584	1.9709659815910126e-6	0.14200490699973783	0.026298887262660515	79.94151654091407
3.360694739689863	0.007	0.005	0.18662522698980394	1.8777611182979274e-6	0.14667938064136654	0.026195529625347193	79.21966612329638
3.4941436425586994	0.007	0.005	0.18490690811814867	1.793092263736913e-6	0.15135938229351906	0.026088552820826786	78.49026501551722
3.6299089444751114	0.007	0.005	0.18317499732555878	1.7160668932872175e-6	0.15603228667682448	0.025978329398430144	77.75509433705479
3.7677046973823622	0.007	0.005	0.1814337714792934	1.645886479078488e-6	0.16068567210336734	0.025865241904527724	77.01596955520553
3.907240711163623	0.007	0.005	0.1796874211599528	1.5818336824509043e-6	0.16530777850582576	0.02574967160723529	76.27466950984767
4.048236136219983	0.007	0.005	0.1779398788723657	1.5232620314560628e-6	0.1698879489621834	0.025631985980162225	75.53286349148681
4.190432021014695	0.007	0.005	0.17619467054673585	1.469588068886144e-6	0.17441698187662177	0.02551252696753556	74.79204820567581
4.333601026836833	0.007	0.005	0.1744548113145939	1.420285558786581e-6	0.1788873448551045	0.025391601767326747	74.0535035314375
4.477552826811658	0.007	0.005	0.17272276052342564	1.3748812361510786e-6	0.18329322119821595	0.02526947754765183	73.31827342563602
4.622134789700578	0.007	0.005	0.17100043677443896	1.332951439753741e-6	0.18763039857048927	0.02514638053835531	72.58717230628741
4.767228666693495	0.007	0.005	0.1692892803347252	1.2941190078217956e-6	0.19189604265653662	0.025022498905065645	71.86081154560496
4.912744722063725	0.007	0.005	0.1675903426905742	1.258050016867249e-6	0.19608841429773008	0.02489798812234757	71.13963748406553
5.058614977731012	0.007	0.005	0.16590438186990547	1.2244501891103438e-6	0.20020658692751156	0.024772977322689595	70.42397189338094
5.204786864830872	0.007	0.005	0.1642319481199701	1.1930610263423594e-6	0.20425020226084428	0.024647575411141636	69.71404834542209
5.351218306958594	0.007	0.005	0.16257344880497243	1.1636558058903477e-6	0.20821928883360522	0.024521875981454756	69.01003976030725
5.4978743092832545	0.007	0.005	0.16092919294050617	1.1360356791951853e-6	0.21211413857837602	0.02439596091265939	68.3120773106143
5.644724981821628	0.007	0.005	0.1592994174355784	1.1100260277086733e-6	0.21593523292448855	0.024269902678642544	67.62026156073529
5.791744356465207	0.007	0.005	0.15768430323036176	1.0854732152570914e-6	0.21968319628175423	0.02414376591170595	66.93466931711397
5.93890994062652	0.007	0.005	0.15608398260236483	1.062241730149834e-6	0.22335877221790995	0.024017608271369	66.25535672960899
6.086202380015434	0.007	0.005	0.15449854495064733	1.0402117467322035e-6	0.22696280428192886	0.023891481163829668	65.58236174680746
6.233605115485948	0.007	0.005	0.15292804236912438	1.0192770520774323e-6	0.23049621826143438	0.023765430417358784	64.9157064818104
6.381104044969301	0.007	0.005	0.15137249489534443	9.993432774421123e-7	0.2339600060675692	0.023639496909715507	64.25539944026278
6.528687201318656	0.007	0.005	0.14983189533310193	9.803263848462814e-7	0.23735521139392932	0.02351371714313315	63.60143756748124
6.676344339304888	0.007	0.005	0.14830621476528644	9.62151375267476e-7	0.2406829146361176	0.023388123861860628	62.95380858857714
6.824066667087074	0.007	0.005	0.14679540630291554	9.447511674997907e-7	0.2439442224278516	0.023262746514986478	62.31249259986671
6.971846566365131	0.007	0.005	0.1452994087533145	9.280656331799812e-7	0.24714025791785388	0.023137611701172674	61.67746362595885
7.119677428857667	0.007	0.005	0.14381814893281458	9.120407575244334e-7	0.25027215443865225	0.023012743490162253	61.04869060146161
7.2675534920147955	0.007	0.005	0.14235154386826804	8.966279142638237e-7	0.25334104975392424	0.02288816372377835	60.42613830549333
7.41546967412665	0.007	0.005	0.14089950288894937	8.817832373313511e-7	0.25634808085355193	0.022763892298513822	59.80976824966348
7.563421565770203	0.007	0.005	0.13946192809495547	8.674670694827143e-7	0.2592943823563403	0.022639947300289592	59.199538876901975
7.711405273996329	0.007	0.005	0.1380387162185666	8.536434887490937e-7	0.26218108218458214	0.02251634524908389	58.595406351579356
7.859417403463379	0.007	0.005	0.1366297590866744	8.402798908288966e-7	0.2650093002867002	0.022393101216044865	57.997324755801124
8.007454958986846	0.007	0.005	0.13523494480067716	8.273466269215109e-7	0.2677801460146317	0.02227022899552974	57.4052465902553
8.155515316568874	0.007	0.005	0.13385415821724808	8.148166847243362e-7	0.27049471702694056	0.02214774121028054	56.819122978291745
8.30359615510311	0.007	0.005	0.13248728176751137	8.026654095402636e-7	0.27315409760505566	0.022025649440804512	56.238904013650604
8.451695387981818	0.007	0.005	0.13113419623295391	7.908702586949791e-7	0.2757593571589726	0.021903964346889532	55.66453908982519
8.599811182918934	0.007	0.005	0.12979478068494507	7.794105837983249e-7	0.27831155041616096	0.021782695709789645	55.09597687438899
8.747941903261626	0.007	0.005	0.12846891313072845	7.682674398792135e-7	0.2808117162809625	0.02166185253337741	54.5331655832097
8.89608610812173	0.007	0.005	0.12715647060516058	7.574234158125233e-7	0.2832608778013125	0.021541443091791825	53.976053019391166
9.044242503423492	0.007	0.005	0.12585732968781463	7.468624844848793e-7	0.2856600413655917	0.021421475012572137	53.424586792776054
9.192409932171305	0.007	0.005	0.12457136665241052	7.365698693516081e-7	0.28801019662775473	0.021301955323566876	52.87871438337678
9.340587354888672	0.007	0.005	0.12329845769297637	7.265319258082582e-7	0.29031231631043514	0.021182890504206894	52.33838323737778
9.488773820227305	0.007	0.005	0.12203847922097097	7.167360353625426e-7	0.2925673559057311	0.021064286541283853	51.80354089325959
9.63696850426685	0.007	0.005	0.12079130757040389	7.071705114026914e-7	0.29477625445001715	0.02094614892682981	51.274134856626816
9.78517067129418	0.007	0.005	0.1195568193726233	6.9782451488723e-7	0.2969399340958735	0.020828482716602873	50.75011275929975
9.933379624752082	0.007	0.005	0.1183348919901059	6.886879783338488e-7	0.29905929962100947	0.020711292593436837	50.231422543452204
10.081594746521322	0.007	0.005	0.11712540320728695	6.797515382439687e-7	0.3011352392494443	0.020594582858261185	49.71801233037302
10.229815496941168	0.007	0.005	0.11592823125593704	6.710064743742702e-7	0.3031686248702192	0.020478357450887007	49.209830431238345
10.378041375559146	0.007	0.005	0.11474325515190155	6.624446544967718e-7	0.3051603117348665	0.020362619999843005	48.70682549005264
10.526271930958659	0.007	0.005	0.11357035462538874	6.540584851038136e-7	0.30711113885923247	0.020247373831926613	48.2089464540568
10.674506741134195	0.007	0.005	0.11240941028503469	6.458408664790028e-7	0.30902192903109366	0.02013262200343027	47.71614264337151
10.822745423315952	0.007	0.005	0.11126030354491787	6.377851525455041e-7	0.3108934892146639	0.020018367307155106	47.228363720015984
10.970987653612674	0.007	0.005	0.11012291648097262	6.298851149168712e-7	0.3127266110565035	0.01990461227105105	46.74555962695721
11.119233127746796	0.007	0.005	0.10899713214123485	6.221349090650998e-7	0.3145220706528551	0.019791359201224233	46.26768071980535
11.267481561058	0.007	0.005	0.10788283454361089	6.145290442489082e-7	0.31628062883469077	0.01967861019346474	45.79467776586601
11.415732698324856	0.007	0.005	0.10677990860081826	6.070623564932882e-7	0.3180030315612095	0.019566367136561184	45.326501912279355
11.563986284312401	0.007	0.005	0.10568824033734604	5.997299829280731e-7	0.319690009852728	0.019454631744638164	44.863104778116
11.712242093229685	0.007	0.005	0.10460771666576804	5.925273399824085e-7	0.32134228041063473	0.019343405544112895	44.404438359425406
11.860499938551389	0.007	0.005	0.10353822531716185	5.854501031941142e-7	0.3229605459793695	0.019232689875291725	43.950454999700035
12.008759643563714	0.007	0.005	0.10247965505458961	5.784941875062028e-7	0.32454549527620347	0.019122485922756213	43.501107480494625
12.1570210413655	0.007	0.005	0.10143189566629666	5.716557300079057e-7	0.32609780326185567	0.019012794722880148	43.05634901853895
12.30528399450756	0.007	0.005	0.10039483782223223	5.649310749066154e-7	0.327618131605524	0.01890361715644661	42.61613320483327
12.4535483262595	0.007	0.005	0.09936837354762157	5.583167564413022e-7	0.32910712824216526	0.018794954005885545	42.18041420567247
12.60181391880214	0.007	0.005	0.09835239552928943	5.518094893612641e-7	0.33056542863563526	0.018686805889164087	41.74914646819085
12.750080654313383	0.007	0.005	0.09734679752365709	5.45406154567768e-7	0.33199365541810066	0.018579173309184367	41.322284893550645
12.898348424787955	0.007	0.005	0.09635147428076712	5.391037882957922e-7	0.3333924187391834	0.018472056652057107	40.89978480469183
13.046617112398893	0.007	0.005	0.09536632166715765	5.328995709178035e-7	0.3347623163292827	0.018365456206405808	40.48160199849011
13.194886609136693	0.007	0.005	0.0943912365237825	5.267908182681024e-7	0.33610393393241195	0.018259372153926683	40.067692685446424
13.343156846268549	0.007	0.005	0.09342611646842056	5.207749743645421e-7	0.3374178457978503	0.018153804553115046	39.65801340581271
13.491427764880292	0.007	0.005	0.09247086008741977	5.148496020777327e-7	0.33870461462949675	0.01804875336501802	39.25252111098393
13.639699276597941	0.007	0.005	0.09152536717785277	5.090123736536697e-7	0.3399647914814355	0.017944218485050126	38.85117326629015
13.787971283226806	0.007	0.005	0.09058953860443407	5.032610646178095e-7	0.3411989161756011	0.017840199732526544	38.453927790259684
13.936243716030443	0.007	0.005	0.08966327604233422	4.97593549441282e-7	0.3424075178515928	0.017736696826727218	38.06074294544725
14.084516516091591	0.007	0.005	0.08874648209759052	4.920077946953361e-7	0.343591115006725	0.017633709404433446	37.67157738954728
14.232789634312335	0.007	0.005	0.08783906030034166	4.865018536050153e-7	0.3447502157043822	0.01753123702333673	37.286390172521266
14.381063001954908	0.007	0.005	0.0869409152755911	4.810738592607321e-7	0.34588531755534335	0.017429279185500246	36.905140809084834
14.52933658956037	0.007	0.005	0.08605195237593868	4.757220232893322e-7	0.346996908378704	0.01732783529971889	36.52778912280758
14.677610328390468	0.007	0.005	0.08517207814777285	4.7044462685251756e-7	0.3480854658045425	0.01722690473834523	36.154295444005015
14.82588418898596	0.007	0.005	0.08430119985065682	4.6524002122959836e-7	0.34915145806311165	0.017126486786171662	35.78462040572455
14.97415813206773	0.007	0.005	0.08343922574364938	4.601066210914346e-7	0.35019534380925715	0.01702658067664855	35.41872506528498
15.122432118356613	0.007	0.005	0.08258606501666223	4.550429015152809e-7	0.351217572389218	0.01692718558755675	35.05657087513823
15.270706069294231	0.007	0.005	0.08174162800363767	4.500473920193865e-7	0.3522185837667449	0.016828300669448144	34.69811977336083
15.418979965241014	0.007	0.005	0.08090582561120273	4.451186799318562e-7	0.3531988093774555	0.01672992498215908	34.34333394112518
15.567253776737633	0.007	0.005	0.08007856970814825	4.40255403083273e-7	0.35415867182834015	0.016632057543195862	33.99217596802823
15.715527474324816	0.007	0.005	0.07925977305948166	4.354562477330607e-7	0.35509858514379267	0.01653469732314211	33.64460882409757
15.863801038363125	0.007	0.005	0.07844934926396653	4.3071994675073816e-7	0.3560189549999513	0.016437843241182002	33.30059583327833
16.0	0.007	0.005	0.0777122258315155	4.254162345892148e-7	0.35684749553943274	0.016349324071442198	32.98769776932253
