0.0	0.007	0.005	0.0	0.0	0.0	0.0	100.0
0.006204708568901042	0.007	0.005	0.019706749473023494	0.00010607586494231036	1.8313100241922997e-5	5.692674058537078e-5	99.95700148450518
0.010590295178314953	0.007	0.005	0.03300378653702871	0.00016729158383823082	5.2666058709235166e-5	0.0001572752333790071	99.92662060341546
0.017041181403662217	0.007	0.005	0.05165732162972783	0.0002406376095467136	0.00013382418093621685	0.0003776690324002508	99.881949266332
0.023336088124683785	0.007	0.005	0.06887079537127422	0.0002967460296520045	0.0002464238272152036	0.000659916411920305	99.83837731347525
0.03079949589894642	0.007	0.005	0.08808565931204314	0.0003478816761380681	0.0004201746534405523	0.001060913707898518	99.78674188148567
0.038666641054401416	0.007	0.005	0.10702269204759689	0.0003878937632667117	0.0006476452026120919	0.0015425249364278393	99.73234211189902
0.04740180888598689	0.007	0.005	0.12657171206740106	0.00041971012164670985	0.0009498084136222776	0.002128737595931193	99.67197487999321
0.05677116392723656	0.007	0.005	0.14593698437161265	0.0004426651430593474	0.0013275805198307905	0.002799245775121565	99.60726550493558
0.0669637184286897	0.007	0.005	0.16526751243181173	0.0004574862051029722	0.0017965012113814191	0.003559685880840619	99.53691841818726
0.07793489694830011	0.007	0.005	0.18422374939033134	0.00046385518400615227	0.0023628236574114742	0.004396462867672306	99.46125293463408
0.08976938768128301	0.007	0.005	0.20271592450910567	0.00046114522232668364	0.00303852136943624	0.005301572455050299	99.37969788692175
0.10243378252570647	0.007	0.005	0.22047581295158722	0.0004484059839829743	0.003828544585517276	0.0062527162499069035	99.29249778926523
0.11587897321673558	0.007	0.005	0.23727345543658201	0.00042511175959361017	0.00473479236403977	0.007220962074444217	99.20000529134082
0.1299967404014771	0.007	0.005	0.25288150588480907	0.0003920003371910272	0.005752594119591845	0.008170065393140996	99.10297871754928
0.14474129967291072	0.007	0.005	0.2672183038624604	0.0003512075584496834	0.006879215243802833	0.009069314192589202	99.00174572947749
0.1601938203376827	0.007	0.005	0.2803488943100695	0.0003056558010324667	0.008120809199075398	0.00989954749853222	98.89576300394693
0.17656514388883063	0.007	0.005	0.29241141206312166	0.0002583473781094275	0.009495066324873427	0.010651757837681762	98.78360234592414
0.1937953049332087	0.007	0.005	0.3033239673249876	0.0002128890815123741	0.010997504079528833	0.011309973162026164	98.66569514124824
0.21109099294295064	0.007	0.005	0.3126910889968935	0.00017348785427940977	0.012554902844693704	0.011848749279254734	98.54748106752099
0.22844439201590594	0.007	0.005	0.320714446297217	0.00014062826799646032	0.014159484976406908	0.01228553090135629	98.42901489021621
0.24596391467670076	0.007	0.005	0.32761335347450565	0.00011376503960245106	0.015815420947550556	0.01264013450043804	98.30955910143064
0.26376773903163164	0.007	0.005	0.33356261432083356	9.20570464507472e-5	0.01752933348940362	0.012929276130314986	98.18831334040922
0.28196990693977025	0.007	0.005	0.33869747740188344	7.462973130563993e-5	0.01930861940156305	0.013166325842899897	98.06450940898155
0.3006816210545964	0.007	0.005	0.3431237851100841	6.068162058951392e-5	0.021161242541657178	0.013361817724012848	97.93740246250894
0.3200095842625325	0.007	0.005	0.34692495968274845	4.9525575004969146e-5	0.023095316011007602	0.013523965679224401	97.80628236902024
0.3400561126563295	0.007	0.005	0.35016792076055625	4.059329303540633e-5	0.025118911401608067	0.013659159251429012	97.67047301272768
0.36091813640321074	0.007	0.005	0.35290748712982495	3.3425260118492195e-5	0.027239800920120398	0.013772367660257787	97.52933915242623
0.3826873909060744	0.007	0.005	0.3551899727479637	2.765475988855607e-5	0.029465354163718253	0.013867470348356494	97.38228520717395
0.4054498553369063	0.007	0.005	0.3570557969188884	2.29917218731399e-5	0.03180238863412808	0.013947509349947623	97.22875913512885
0.4292864209607229	0.007	0.005	0.35854148739322245	1.920773546266277e-5	0.03425717114713657	0.014014887469961617	97.0682480022733
0.45427498193128657	0.007	0.005	0.35968104725738465	1.6123230772622096e-5	0.036835588385647176	0.014071520117540579	96.90026403337424
0.4804926025628632	0.007	0.005	0.3605066736540033	1.3597103856652972e-5	0.039543342884767685	0.014118946974285677	96.72433029069083
0.508018537118802	0.007	0.005	0.3610490295794028	1.1518348163909125e-5	0.042386247350368514	0.01415841576640912	96.53996081327658
0.5369371071756434	0.007	0.005	0.3613371727614845	9.799478599729728e-6	0.04537050776402784	0.014190943506676762	96.3466419652281
0.567340517564461	0.007	0.005	0.36139830702532444	8.371373144271148e-6	0.048502997322739896	0.014217361988218625	96.14381447877415
0.5993312988419089	0.007	0.005	0.36125747269240843	7.179257535455676e-6	0.05179148428408235	0.014238351777847685	95.93085830459871
0.6330247295542436	0.007	0.005	0.36093725835591617	6.179573855287863e-6	0.05524484682892955	0.014254468294952105	95.70707793491964
0.6685499177111928	0.007	0.005	0.3604575918664081	5.337577630289752e-6	0.05887313771242679	0.014266161610257504	95.47169698723269
0.7060513337439226	0.007	0.005	0.35983562107965217	4.625440710627563e-6	0.06268768254850389	0.014273792760931207	95.22385011668435
0.7456890928217372	0.007	0.005	0.3590856960551293	4.020793766760928e-6	0.06670103766649484	0.014277646768618408	94.96258356061561
0.7876381777425622	0.007	0.005	0.35821945170573044	3.5055891676721597e-6	0.07092683025549974	0.014277943748784949	94.6868629507068
0.8320855768455809	0.007	0.005	0.3572459993854659	3.0652167143219002e-6	0.07537938251033825	0.014274848952213868	94.3955949908886
0.879224556324993	0.007	0.005	0.3561722331936241	2.6878102545683003e-6	0.08007305197622565	0.014268482753844245	94.08766779559645
0.92924517926133	0.007	0.005	0.3550032572438532	2.363699213648792e-6	0.08502121623985512	0.014258931525983619	93.76201516351824
0.982321141045354	0.007	0.005	0.3537429175484464	2.0849663603936267e-6	0.09023493227390492	0.014246259987771221	93.41770357611585
1.0385949145346203	0.007	0.005	0.3523943761417341	1.8450821871768139e-6	0.0957214917939503	0.014230524633038179	93.05402814952446
1.0981653322180538	0.007	0.005	0.3509606164364973	1.63859873191866e-6	0.10148329142879792	0.01421178640377829	92.67059031051494
1.1610819924355547	0.007	0.005	0.3494447689404782	1.4608999926442156e-6	0.10751743561174135	0.01419011992546176	92.2673291406782
1.227347130803475	0.007	0.005	0.34785024357976163	1.3080155013820987e-6	0.11381610160656777	0.014165617812807367	91.8445033092395
1.2969204938319938	0.007	0.005	0.34618077876451425	1.1764974235050844e-6	0.12036720468523023	0.014138391306003851	91.40265330345946
1.369721440122634	0.007	0.005	0.3444405422862899	1.0633459788534312e-6	0.12715480493399334	0.014108570180457995	90.94258110970199
1.4456255529982887	0.007	0.005	0.3426343388124398	9.659604328533103e-7	0.13415901949723152	0.014076304165634598	90.46536392300958
1.5244572299051493	0.007	0.005	0.34076787851121565	8.820978084549768e-7	0.1413556073455215	0.014041766078272663	89.9723915675201
1.605982195279853	0.007	0.005	0.3388480086541863	8.098313094279432e-7	0.1487156075078991	0.014005155196332037	89.4654021975658
1.6899072382457814	0.007	0.005	0.3368827403048583	7.475059550764871e-7	0.15620567704093663	0.013966697384083588	88.94647125595522
1.775885210113521	0.007	0.005	0.334881128305788	6.936985451670138e-7	0.16378889835925947	0.01392664246407532	88.41796768533851
1.8635322014263729	0.007	0.005	0.3328528570439762	6.471797885161311e-7	0.1714266072845205	0.01388525547420957	87.88243688832156
1.9524598909340367	0.007	0.005	0.3308074820225144	6.068808498514087e-7	0.17908139732215544	0.013842800173566401	87.34239586294616
2.042309362155649	0.007	0.005	0.3287536600847633	5.71870352005906e-7	0.18672002201469787	0.013799521364601589	86.80012730972715
2.1327811587759773	0.007	0.005	0.3266984917744798	5.413390186166958e-7	0.19431574816540498	0.013755628981125244	86.25750454056802
2.2236526795012175	0.007	0.005	0.3246471739153855	5.145899893949942e-7	0.20184946237699483	0.013711288625743024	85.71589898316826
2.3147788817464714	0.007	0.005	0.3226030401300055	4.910312232091169e-7	0.2093093073326125	0.013666620800480577	85.17619048999646
2.4060788160494266	0.007	0.005	0.3205679163720237	4.701667920009751e-7	0.21668918096493917	0.01362170767388843	84.63886101760573
2.497514748597962	0.007	0.005	0.31854262806207306	4.515858411842714e-7	0.22398673998163887	0.013576603952293919	84.10412843319753
2.589071554729931	0.007	0.005	0.31652748307336614	4.3494989614205765e-7	0.23120156044372364	0.013531347862824313	83.57207399344355
2.680741485344075	0.007	0.005	0.3145226198881468	4.199800784385528e-7	0.23833384364722598	0.013485969529279386	83.04273424769652
2.7725159049374657	0.007	0.005	0.31252819181611363	4.0644557498570127e-7	0.2453837476379013	0.013440495819315666	82.51614966772493
2.864382957607612	0.007	0.005	0.3105444166973191	3.941540406138071e-7	0.252351214769257	0.013394952125900828	81.99237776653618
2.9563286319420436	0.007	0.005	0.3085715519945675	3.829440222120318e-7	0.25923606541635724	0.013349362336865811	81.47148652020125
3.0483389435519705	0.007	0.005	0.3066098470355625	3.7267912706315455e-7	0.2660381672025833	0.013303748148669397	80.95354175760109
3.140401710746853	0.007	0.005	0.30465950564218003	3.6324353522739566e-7	0.2727575621236261	0.013258128508000639	80.43859729312813
3.232507350587793	0.007	0.005	0.3027206707476141	3.5453848106856673e-7	0.2793945137156007	0.013212519485563679	79.92669086500985
3.324648807195248	0.007	0.005	0.30079342772290196	3.464794242727565e-7	0.2859494888552007	0.013166934538560791	79.41784501352537
3.4168209221292516	0.007	0.005	0.2988778191738387	3.389937260439562e-7	0.29242310147097306	0.013121385014874998	78.91207098776782
3.5090197475299205	0.007	0.005	0.2969738603871131	3.3201872613026193e-7	0.2988160561124125	0.013075880655266296	78.40937282383814
3.6012420226033757	0.007	0.005	0.29508155087182997	3.255001527333392e-7	0.3051291065784314	0.013030429988603504	77.90975039212155
3.6934848385794745	0.007	0.005	0.2932008816464216	3.193908098670529e-7	0.3113630301358208	0.012985040611937625	77.41320132123174
3.785745565956384	0.007	0.005	0.2913318369601439	3.136495025819232e-7	0.3175186209670247	0.012939719323168786	76.91972145253244
3.878021830487633	0.007	0.005	0.28947439497595334	3.0824014858897056e-7	0.32359668724011975	0.012894472215254792	76.42930502043544
3.9703115807754004	0.007	0.005	0.2876285266050905	3.031310464408127e-7	0.32959805426776767	0.012849304713655443	75.9419443446976
4.062613058022314	0.007	0.005	0.2857941963282284	2.982942580567848e-7	0.3355235611356606	0.012804221652123275	75.45763004722687
4.15492480239072	0.007	0.005	0.28397136226912395	2.9370509308980666e-7	0.3413740598383903	0.012759227322264657	74.97635107152847
4.2472455798242725	0.007	0.005	0.28215997782503033	2.8934166733579063e-7	0.3471504094883692	0.012714325554908944	74.49809511317885
4.339574345492151	0.007	0.005	0.28035999252697336	2.8518453062880093e-7	0.35285347316913107	0.012669519777395305	74.02284884696263
4.4319101888476835	0.007	0.005	0.27857135322507753	2.8121634811201853e-7	0.3584841138824346	0.012624813074540444	73.55059823983214
4.524252327579411	0.007	0.005	0.27679400429293166	2.774216322021938e-7	0.3640431937044411	0.012580208221374347	73.08132860486495
4.61660005873451	0.007	0.005	0.27502788864230954	2.73786508865485e-7	0.3695315704611579	0.012535707732827667	72.61502486917885
4.708952758753566	0.007	0.005	0.27327294777419625	2.7029852112313446e-7	0.3749500974955753	0.012491313886449047	72.15167158740417
4.801309895733581	0.007	0.005	0.2715291215987236	2.6694646141533617e-7	0.38029962414989177	0.012447028736571728	71.69125289414151
4.893670986634674	0.007	0.005	0.26979634929258317	2.6372022114831456e-7	0.38558099307677335	0.012402854152578089	71.23375273034303
4.986035609530404	0.007	0.005	0.26807456910191807	2.6061066566935723e-7	0.39079504083698013	0.012358791828598009	70.77915479126993
5.078403397505192	0.007	0.005	0.26636371849219054	2.576095239836108e-7	0.3959425974343285	0.012314843300288396	70.3274425660622
5.170774032548392	0.007	0.005	0.2646637342930823	2.547092926529917e-7	0.4010244858841425	0.012271009960058463	69.87859937599578
5.263147221092251	0.007	0.005	0.262974553173059	2.519031496105128e-7	0.4060415208234303	0.012227293079616045	69.4326084997811
5.3555227184890954	0.007	0.005	0.26129611120992563	2.4918488414239894e-7	0.4109945098351947	0.012183693808085086	68.989453060178
5.447900286191612	0.007	0.005	0.25962834468915874	2.465488277981847e-7	0.4158842511356263	0.012140213200965703	68.54911623477707
5.5402797223460825	0.007	0.005	0.25797118955946285	2.4398980183098175e-7	0.4207115352510535	0.012096852213430272	68.11158111225193
5.632660837323517	0.007	0.005	0.25632458188749996	2.415030646585084e-7	0.425477143750427	0.01205361171884001	67.67683081242004
5.72504346595841	0.007	0.005	0.25468845764753845	2.390842696235852e-7	0.43018184993500375	0.012010492509255044	67.24484843070462
5.817427479788077	0.007	0.005	0.25306275251923555	2.3672942792337236e-7	0.4348264194808616	0.011967495295432765	66.81561698474322
5.909812738107198	0.007	0.005	0.2514474027597675	2.344348679876291e-7	0.43941160801913753	0.011924620734767978	66.38911964465431
6.002199118560725	0.007	0.005	0.24984234466546953	2.321972088538663e-7	0.4439381627768828	0.01188186942157349	65.9653395908958
6.094586523263882	0.007	0.005	0.24824751447501642	2.300133338818466e-7	0.44840682292464995	0.011839241888466998	65.5442599887014
6.186974848210041	0.007	0.005	0.24666284890412504	2.2788036246797428e-7	0.45281831816069923	0.01179673862431039	65.12586412925725
6.279364007745825	0.007	0.005	0.24508828472447888	2.2579563166033035e-7	0.4571733699873758	0.011754360066315936	64.7101353185263
6.371753916215613	0.007	0.005	0.2435237590816213	2.237566743096424e-7	0.4614726909171105	0.011712106611627133	64.29705696118076
6.464144518555939	0.007	0.005	0.2419692089798081	2.2176120594386747e-7	0.4657169859786765	0.011669978606170178	63.88661242458922
6.556535729107777	0.007	0.005	0.24042457231607073	2.1980710066906415e-7	0.4699069499792572	0.011627976375216903	63.47878531183776
6.648927505042791	0.007	0.005	0.23888978664590169	2.1789238739474462e-7	0.4740432709683466	0.011586100192245822	63.07355913583662
6.741319785175078	0.007	0.005	0.23736479021062679	2.1601522861691977e-7	0.4781266275347726	0.011544350309006744	62.67091759057529
6.833712514436729	0.007	0.005	0.2358495215253766	2.1417391242856253e-7	0.48215769002709696	0.01150272694633349	62.27084444233529
6.92610564999703	0.007	0.005	0.23434391928075074	2.123668431287939e-7	0.4861371209036201	0.011461230293237808	61.873323503726795
7.0184991551437275	0.007	0.005	0.23284792244575667	2.1059253104839147e-7	0.49006557454463257	0.011419860511385826	61.4783386608675
7.1108929992831635	0.007	0.005	0.23136147026872989	2.0884958411969327e-7	0.49394369733973237	0.011378617736663188	61.08587387362542
7.203287145702313	0.007	0.005	0.2298845024732121	2.071366983874728e-7	0.4977721272706643	0.011337502086064401	60.69591322733624
7.295681557687804	0.007	0.005	0.22841695915567325	2.054526519198376e-7	0.5015514942783159	0.011296513656233844	60.30844090579915
7.388076204645032	0.007	0.005	0.2269587806870162	2.0379629939568314e-7	0.5052824206087054	0.011255652521959128	59.92344116527123
7.480471055979173	0.007	0.005	0.22550990780907665	2.021665654143897e-7	0.5089655206541397	0.011214918740018209	59.54089835994615
7.5728660810952055	0.007	0.005	0.22407028163237627	2.0056243922185008e-7	0.5126014010516347	0.011174312350206652	59.16079694136103
7.66526126163615	0.007	0.005	0.22263984344502732	1.9898297181438256e-7	0.5161906612524685	0.011133833370931911	58.78312140794176
7.757656591483157	0.007	0.005	0.22121853471653946	1.9742727161104768e-7	0.5197338935878844	0.011093481800182764	58.407856306008156
7.850052027802642	0.007	0.005	0.21980629784736133	1.958944927043708e-7	0.5232316814934963	0.011053257637736258	58.03498642767406
7.942447570594728	0.007	0.005	0.21840307494443253	1.943838437124454e-7	0.5266846026466637	0.011013160851168192	57.664496487558594
8.034843201502154	0.007	0.005	0.21700880876020734	1.928945747603282e-7	0.5300932267132485	0.010973191403318044	57.29637137071474
8.127238896048482	0.007	0.005	0.21562344249857363	1.9142597625634918e-7	0.5334581159267555	0.010933349247553894	56.930596081386554
8.219634635876357	0.007	0.005	0.21424691962796075	1.8997737800792715e-7	0.5367798256305495	0.010893634323094597	56.567155693664475
8.312030414866667	0.007	0.005	0.21287918379177043	1.8854814764212332e-7	0.5400589045689631	0.010854046553012881	56.206035327836396
8.404426220781161	0.007	0.005	0.21152017908108384	1.871376852046038e-7	0.543295894309225	0.01081458585269911	55.84722022239019
8.496822041381575	0.007	0.005	0.2101698499403937	1.8574542191943896e-7	0.5464913295535984	0.010775252127725163	55.490695709124125
8.589217864429642	0.007	0.005	0.20882814116539186	1.8437081813221597e-7	0.5496457382261247	0.010736045274322122	55.13644721256289
8.681613677687096	0.007	0.005	0.20749499790077172	1.830133614106357e-7	0.5527596415582767	0.010696965179828653	54.78446024937725
8.774009468915677	0.007	0.005	0.20617036563804353	1.8167256478894594e-7	0.5558335541735326	0.010658011723112225	54.434720427807235
8.866405231996263	0.007	0.005	0.20485419012647452	1.8034796619813602e-7	0.5588679843705534	0.010619184772395311	54.08721342414813
8.95880095469061	0.007	0.005	0.20354641754637323	1.7903912487520237e-7	0.5618634337986155	0.010580484190793188	53.741925028501846
9.051196630879616	0.007	0.005	0.20224699433258794	1.777456220711705e-7	0.5648203979411582	0.010541909831516932	53.398841098176064
9.14359224832507	0.007	0.005	0.20095586734558404	1.7646705764300707e-7	0.5677393657995401	0.010503461543336099	53.057947602853176
9.23598780702701	0.007	0.005	0.19967298361249972	1.7520305206727367e-7	0.5706208205538792	0.010465139163240022	52.719230556221795
9.328383300866365	0.007	0.005	0.1983982905828967	1.7395324212699795e-7	0.5734652390555736	0.010426942524400972	52.38267608350222
9.420778723724078	0.007	0.005	0.19713173604030193	1.72717280937463e-7	0.5762730921020999	0.010388871453891694	52.04827039809079
9.513174075600205	0.007	0.005	0.19587326801701668	1.7149483808703206e-7	0.5790448446961102	0.01035092577043794	51.715999779067225
9.605569332018433	0.007	0.005	0.19462283520740928	1.7028559321758143e-7	0.5817809552092753	0.010313105297226448	51.38585068031539
9.697964492978862	0.007	0.005	0.19338038629908774	1.6908924399604795e-7	0.5844818769254398	0.010275409842016256	51.05780955393425
9.790359552362514	0.007	0.005	0.19214587038888767	1.6790549984809685e-7	0.5871480571906894	0.010237839209962941	50.73186296007021
9.882754510169498	0.007	0.005	0.1909192368162232	1.6673408346146027e-7	0.5897799378441967	0.010200393198833702	50.40799752291722
9.975149366399929	0.007	0.005	0.18970043524408509	1.655747290024181e-7	0.5923779551081242	0.010163071601721594	50.08619995210246
10.067544102696752	0.007	0.005	0.18848941589681148	1.6442717803903528e-7	0.594942539152746	0.010125874214624343	49.7664571054645
10.15993872517917	0.007	0.005	0.18728612899432914	1.632911869232843e-7	0.5974741153655183	0.01008880081932771	49.448755839677055
10.252333233847322	0.007	0.005	0.18609052515499525	1.6216652057016644e-7	0.5999731035547713	0.01005185119597254	49.13308311661064
10.344727616463288	0.007	0.005	0.1849025554694411	1.6105295073349873e-7	0.6024399178669454	0.010015025125617505	48.81942602282939
10.4371218607892	0.007	0.005	0.1837221713377033	1.5995025780005555e-7	0.6048749671957592	0.009978322385457471	48.507771726588906
10.529515972944273	0.007	0.005	0.1825493242350065	1.5885823388363512e-7	0.6072786557231139	0.009941742741711676	48.19810741599662
10.621909946809694	0.007	0.005	0.1813839661019108	1.5777667655196416e-7	0.6096513821735072	0.009905285961955609	47.89042040202151
10.714303770147689	0.007	0.005	0.18022604926095095	1.5670538955127473e-7	0.6119935400537984	0.009868951812772857	47.58469809648433
10.806697449077483	0.007	0.005	0.1790755261084517	1.5564418721345614e-7	0.6143055183358311	0.009832740050259576	47.280927930688705
10.8990909835993	0.007	0.005	0.17793234942178301	1.545928893608943e-7	0.6165877008894937	0.009796650429827233	46.97909743654463
10.99148437371337	0.007	0.005	0.1767964722799932	1.5355132215706617e-7	0.6188404667037068	0.009760682703902387	46.67919422561364
11.083877619419914	0.007	0.005	0.1756678480618814	1.5251931779342913e-7	0.6210641899484545	0.009724836622042526	46.381205988599845
11.176270708481274	0.007	0.005	0.17454643059214386	1.5149671172687588e-7	0.6232592397471646	0.009689111935776224	46.08512053393661
11.268663628659853	0.007	0.005	0.17343217398762747	1.5048334481228653e-7	0.6254259805409385	0.009653508393916389	45.790925747193235
11.36105638607488	0.007	0.005	0.17232503243623418	1.4947906678625422e-7	0.6275647725699606	0.009618025735617177	45.49860953269948
11.453448974607733	0.007	0.005	0.17122496056520997	1.484837298507744e-7	0.629675971210175	0.009582663702295033	45.208159910784254
11.545841394258721	0.007	0.005	0.17013191321813712	1.4749719215724052e-7	0.6317599274610064	0.009547422030645384	44.91956495889515
11.638233638909266	0.007	0.005	0.16904584559880556	1.4651931508293153e-7	0.6338169877230421	0.00951230045742251	44.632812849584745
11.730625714678574	0.007	0.005	0.16796671305336267	1.4554996682015112e-7	0.6358474942643119	0.009477298712536948	44.34789179299184
11.82301761544809	0.007	0.005	0.16689447135619642	1.4458901711422314e-7	0.6378517847313159	0.00944241652845393	44.06479011232278
11.915409335099298	0.007	0.005	0.16582907656290147	1.4363633959010894e-7	0.6398301924819295	0.00940765363559325	43.78349620503031
12.00780087363255	0.007	0.005	0.1647704849386164	1.4269181287700436e-7	0.641783046768279	0.009373009760114265	43.50399852389246
12.100192231048204	0.007	0.005	0.16371865302792238	1.4175531917282242e-7	0.643710672655303	0.009338484626315579	43.226285595468006
12.192583407346614	0.007	0.005	0.16267353765305717	1.4082674408781468e-7	0.6456133910739783	0.009304077956707393	42.95034601962488
12.284974384171733	0.007	0.005	0.16163509611780105	1.3990597253254516e-7	0.6474915185031427	0.009269789478889859	42.676168523371466
12.377365173761564	0.007	0.005	0.1606032856542233	1.3899289909705217e-7	0.6493453680211677	0.009235618907409765	42.403741814782556
12.469755769997715	0.007	0.005	0.15957806397333116	1.3808741741304173e-7	0.6511752483539336	0.009201565962052141	42.133054728385936
12.562146172880587	0.007	0.005	0.158559388987798	1.3718942529134204e-7	0.6529814644245439	0.009167630358801653	41.864096151954804
12.654536376291837	0.007	0.005	0.15754721894604556	1.362988219376942e-7	0.6547643171607609	0.0091338118144191	41.59685506190923
12.746926380231896	0.007	0.005	0.15654151229560667	1.354155105186965e-7	0.6565241037834735	0.009100110042000172	41.331320487240355
12.839316190819918	0.007	0.005	0.15554222768356543	1.3453939809088637e-7	0.658261117847686	0.00906652475107101	41.06748150962623
12.931705801937598	0.007	0.005	0.15454932415360603	1.3367039141706364e-7	0.6599756489447488	0.009033055654327502	40.80532731545844
13.02409520746667	0.007	0.005	0.15356276100985788	1.3280839955583848e-7	0.6616679829873003	0.00899970246319641	40.54484715989333
13.116484401288911	0.007	0.005	0.15258249781524635	1.319533337692769e-7	0.6633384022559248	0.008966464887887136	40.286030366416654
13.20887337728614	0.007	0.005	0.1516084943898549	1.3110510743508962e-7	0.6649871854452191	0.008933342637441862	40.028866326411055
13.301262147696175	0.007	0.005	0.15064071061763118	1.30263640170005e-7	0.6666146080305123	0.008900335413230024	39.773344448121065
13.393650712519474	0.007	0.005	0.1496791067682914	1.2942885081270098e-7	0.6682209417635049	0.008867442919994943	39.51945424164492
13.486039053400619	0.007	0.005	0.1487236435546573	1.286006558572323e-7	0.669806454626518	0.008834664867992786	39.26718533407291
13.578427176458764	0.007	0.005	0.14777428168628312	1.2777897924152716e-7	0.671371411617505	0.008802000957789477	39.0165273516328
13.670815081694421	0.007	0.005	0.14683098218728632	1.2696374526721168e-7	0.6729160742580527	0.008769450891227116	38.76747000360575
13.763202769108105	0.007	0.005	0.14589370633085655	1.2615487993656636e-7	0.6744407007433002	0.008737014369280892	38.52000306503487
13.855590238700328	0.007	0.005	0.14496241563766316	1.2535231089020832e-7	0.6759455459842358	0.008704691092099485	38.274116376304825
13.947977490471606	0.007	0.005	0.14403707187427311	1.2455596734765687e-7	0.6774308616494564	0.008672480759044332	38.02979984272411
14.040364518303914	0.007	0.005	0.14311763711227585	1.237657785890038e-7	0.6788968961099369	0.008640383070852287	37.78704345013569
14.132751316079274	0.007	0.005	0.1422040736644746	1.2298167533268722e-7	0.6803438945812038	0.008608397727518438	37.54583724806963
14.225137883798258	0.007	0.005	0.14129634402343477	1.2220359116028656e-7	0.6817720992573326	0.00857652442622267	37.30617133351826
14.31752422146144	0.007	0.005	0.14039441092142138	1.2143146102038928e-7	0.6831817492516158	0.008544762863504168	37.06803586676121
14.409910329069394	0.007	0.005	0.13949823732886593	1.206652211814456e-7	0.6845730806357394	0.008513112735295507	36.83142107096082
14.502296194385773	0.007	0.005	0.13860778657041165	1.1990480618901778e-7	0.6859463262977563	0.008481573741130921	36.59631726280107
14.5946818296481	0.007	0.005	0.13772302196919772	1.1915015778598533e-7	0.6873017165270878	0.00845014557162396	36.362714758568934
14.687067234856945	0.007	0.005	0.1368439072010742	1.1840121593782125e-7	0.6886394785006212	0.00841882792108298	36.13060396767682
14.779452391657648	0.007	0.005	0.13597040634701898	1.1765791719746952e-7	0.6899598362448109	0.00838762048953403	35.8999754065022
14.87183730616927	0.007	0.005	0.13510248348505696	1.1692020525645441e-7	0.6912630112895789	0.008356522968233197	35.67081959064287
14.964221984510827	0.007	0.005	0.1342401029238948	1.1618802491335249e-7	0.6925492223433386	0.008325535048045604	35.44312709660297
15.056606426682922	0.007	0.005	0.13338322925799798	1.1546132049563964e-7	0.6938186852454404	0.008294656421517343	35.21688857633507
15.14899062656781	0.007	0.005	0.13253182736430658	1.1474003578927197e-7	0.6950716130071211	0.008263886782866754	34.992094756372815
15.241374578047797	0.007	0.005	0.13168586234314725	1.1402411552814592e-7	0.6963082159331536	0.008233225825945874	34.768736422230056
15.333758281123549	0.007	0.005	0.13084529946132803	1.133135069296418e-7	0.6975287017364851	0.00820267324224455	34.546804403376534
15.426141735795735	0.007	0.005	0.1300101042076411	1.1260815812930603e-7	0.6987332754876507	0.00817222872296702	34.32628958789186
15.518524942065023	0.007	0.005	0.12918024229144273	1.1190801815286986e-7	0.6999221396483807	0.008141891959056811	34.10718292209078
15.61090789993208	0.007	0.005	0.12835567964124348	1.1121303688939458e-7	0.7010954941047794	0.008111662641221004	33.88947541015085
15.703290597161079	0.007	0.005	0.12753638251147947	1.1052316187382515e-7	0.702253536047701	0.008081540463941479	33.673158142303016
15.795673039870984	0.007	0.005	0.1267223172089618	1.0983834620416032e-7	0.7033964603910198	0.008051525115493736	33.45822222260678
15.888055234180712	0.007	0.005	0.12591345025687847	1.0915854379731415e-7	0.7045244595659335	0.008021616284014566	33.24465881225104
15.980437167854536	0.007	0.005	0.1251097485525668	1.084837045116164e-7	0.7056377233328811	0.007991813663441767	33.03245917121063
16.0	0.007	0.005	0.12494021567867246	1.0625346331003458e-7	0.7058715960820401	0.007985519253358428	32.98769776932243
