0.0	0.007	0.005	0.0	0.0	0.0	0.0	100.0
0.00022295635795476667	0.007	0.005	2.9592171359247522e-5	0.00021686892199258533	1.7570080558210798e-9	2.1328959476007303e-6	99.99825791379679
0.00032525635117176723	0.007	0.005	4.3169272184884596e-5	0.00028137453133418106	3.739157351398427e-9	4.1956137291184375e-6	99.99745859529428
0.0005049853906846894	0.007	0.005	6.702142326538297e-5	0.0003604228448604393	9.012783994264101e-9	8.880834750324368e-6	99.99605430229964
0.0006565496752740083	0.007	0.005	8.71345765850331e-5	0.00040365742932470087	1.5234175188075638e-8	1.3556887861346879e-5	99.99487008683354
0.0008468619299161681	0.007	0.005	0.00011238817126692284	0.0004386055936152475	2.534468634518863e-8	2.0026760332316938e-5	99.99338314216317
0.0010392642070735734	0.007	0.005	0.0001379173364835967	0.0004600994964031632	3.816729103957451e-8	2.699570235680956e-5	99.99187989023899
0.0012593876510253014	0.007	0.005	0.00016712254553023277	0.00047453212219546057	5.604446641326781e-8	3.5282775133385746e-5	99.99016007869311
0.001495906123948563	0.007	0.005	0.00019850039944424604	0.00048311539828096604	7.90669777675487e-8	4.4400994944018065e-5	99.98831220671497
0.001761352770219356	0.007	0.005	0.00023371283008150393	0.0004881497277912157	1.0960954613874586e-7	5.477632287291314e-5	99.98623836531895
0.002055068205659914	0.007	0.005	0.00027267127672809334	0.0004908502283855171	1.4920181858687418e-7	6.634485785615662e-5	99.9839437199321
0.002387049464854768	0.007	0.005	0.000316700325780722	0.0004922063620331324	2.0128248602355806e-7	7.947239639040081e-5	99.9813501870371
0.0027636733592503676	0.007	0.005	0.0003666437106375068	0.0004928159665884503	2.697819651572295e-7	9.439314747196585e-5	99.97840797451397
0.0031985442368548857	0.007	0.005	0.00042430265853986244	0.0004930536848307366	3.6132149585463595e-7	0.0001116348008292863	99.97501084013813
0.003707676315098835	0.007	0.005	0.000491796279715012	0.0004931232084986541	4.854378996543633e-7	0.00013182570962825462	99.97103373707843
0.004317110317311615	0.007	0.005	0.000572570192449126	0.0004931254865636487	6.580300074574082e-7	0.00015599472862476492	99.96627333006295
0.005064984436495402	0.007	0.005	0.0006716685291615589	0.0004931024093992178	9.055844128061853e-7	0.00018565167198542358	99.96043185025084
0.006013502896223616	0.007	0.005	0.0007973150414379708	0.0004930667733388277	1.276197239400604e-6	0.0002232603640639935	99.95302367273678
0.007256923321701539	0.007	0.005	0.0009619607874450757	0.0004930189356005456	1.8579057505658512e-6	0.0002725534681175776	99.94331306526144
0.008862475297605844	0.007	0.005	0.0011744481661942854	0.0004929568052510313	2.7697627289628965e-6	0.00033618841272891405	99.93077575328834
0.010639736772824275	0.007	0.005	0.001409516644996462	0.0004928864472525457	3.990140954911985e-6	0.00040661032164071543	99.91689944327526
0.012312622775102257	0.007	0.005	0.0016306419262453594	0.0004928152763982727	5.341136774529838e-6	0.0004728786999668918	99.9038398252363
0.013794718959071108	0.007	0.005	0.0018264364684657983	0.0004927507943141388	6.701722860185273e-6	0.0005315747982847089	99.89227106059
0.01513467233563467	0.007	0.005	0.002003362671352565	0.0004926997121126528	8.064017726856242e-6	0.0005846295772405743	99.88181296993368
0.01641173990306023	0.007	0.005	0.0021719056690715295	0.000492654738295423	9.479090018631159e-6	0.0006351839165112883	99.87184671052464
0.01768656685754088	0.007	0.005	0.00234007529044264	0.0004926085429658614	1.1005168755338981e-5	0.0006856394751679779	99.86189892872437
0.018989436421232263	0.007	0.005	0.0025118640226807665	0.0004925594185923468	1.2681854273797407e-5	0.0007371945141691157	99.85173334747606
0.020325713172745744	0.007	0.005	0.002687973500777046	0.0004925077285726559	1.4524303070365347e-5	0.000790060534061334	99.8413081831052
0.02168522332618883	0.007	0.005	0.0028670575416039888	0.0004924543336920642	1.652623537719195e-5	0.0008438343026386073	99.83070287685442
0.023052956585440106	0.007	0.005	0.0030471358736547318	0.0004924001708950422	1.8669851678702786e-5	0.0008979216782263038	99.82003456031522
0.02441751261809671	0.007	0.005	0.0032267070519906805	0.0004923459710803236	2.0937859526464685e-5	0.0009518717371802288	99.80939216222728
0.027131044606513118	0.007	0.005	0.003583535610598102	0.0004922468512510323	2.5831373896796452e-5	0.001059120846749913	99.78823224912125
0.03057602881835184	0.007	0.005	0.004036045055032847	0.0004921066889461599	3.2777567399340635e-5	0.0011952131997668872	99.76137499063917
0.03903411811199246	0.007	0.005	0.005144649633840325	0.0004917554138242372	5.329873222041055e-5	0.0015290239716451448	99.69546598477075
0.04495871711570368	0.007	0.005	0.005919167580214351	0.0004914900107977478	7.059426739121316e-5	0.0017625679074347903	99.64932494086244
0.054563675434313286	0.007	0.005	0.007171286802297717	0.0004910198839594627	0.00010371299835347208	0.0021406780211106445	99.57456646132405
0.060838358035436524	0.007	0.005	0.007986912755664507	0.0004906635398193052	0.00012872255541372633	0.002387324913055459	99.5257588790959
0.06927477179646661	0.007	0.005	0.009080612312512386	0.0004901196554642005	0.00016652228596284968	0.002718453456556024	99.46017398738026
0.07497624632440614	0.007	0.005	0.00981785867117441	0.0004896833995410701	0.0001947644650704427	0.002941886354724449	99.41587505748993
0.08199784240604947	0.007	0.005	0.010723712044278848	0.0004890708572942152	0.0002325167153664271	0.0032166236912999392	99.36134624752005
0.08712614015368851	0.007	0.005	0.011383852862380492	0.0004885467409341858	0.00026215173729494815	0.0034169510146934744	99.32153944855804
0.09382637864294514	0.007	0.005	0.012244489981993022	0.00048776686062370207	0.00030347988965098726	0.0036782156835951946	99.26955498191548
0.09861089354831604	0.007	0.005	0.012857772838851351	0.00048711791317207866	0.0003347927132068316	0.003864421116813204	99.23245049972407
0.10409866356931813	0.007	0.005	0.013559886602711636	0.0004862853121927815	0.0003725471267211826	0.00407758730470466	99.18990926637431
0.10843006872359466	0.007	0.005	0.014113064136994926	0.0004855409806838671	0.0004037281205959563	0.004245497568883656	99.15634506041391
0.11364205431466488	0.007	0.005	0.014777548413497276	0.0004845475757462084	0.00044285780304699105	0.004447109103988846	99.11597226203952
0.11775271259505975	0.007	0.005	0.015300734045364802	0.00048366945533435664	0.0004749546542859076	0.00460575297018915	99.0841421006078
0.12267601621419734	0.007	0.005	0.015926319535251757	0.0004825142053182174	0.0005148250516999666	0.004795294935331761	99.04603281507823
0.12656302960555718	0.007	0.005	0.01641943556783582	0.0004815033321195498	0.0005473991358411816	0.004944552766321528	99.01595538426186
0.13120851876484899	0.007	0.005	0.01700785827863445	0.00048018876717068857	0.0005875930546905663	0.005122447128401067	98.98002090298354
0.1348926924517386	0.007	0.005	0.01747380770084408	0.00047904539548838986	0.0006204445235163513	0.005263121428670422	98.9515318053532
0.13928610941003267	0.007	0.005	0.018028639885823813	0.00047757432815313604	0.0006607438372826154	0.005430368336447516	98.91756896786443
0.14279690331548733	0.007	0.005	0.018471369547024576	0.000476297129908964	0.0006938229795561566	0.005563589826791107	98.890437532669
0.14696853852247763	0.007	0.005	0.0189966982429557	0.00047467177575446687	0.0007341366983981162	0.005721359948656608	98.85820878661725
0.15033645354024833	0.007	0.005	0.019420232526244023	0.00047325771617932725	0.0007674797508687104	0.005848288251222608	98.83219699398651
0.1543165000113784	0.007	0.005	0.019920075182230094	0.0004714792221921878	0.000807797168901723	0.0059977393133539055	98.80146628153793
0.15756982895126137	0.007	0.005	0.020328112405938632	0.00046992371237575915	0.0008414864691721829	0.006119435835816014	98.77635379414214
0.1613866376700621	0.007	0.005	0.020806204634618946	0.00046799187646860094	0.0008818492284260156	0.006261643200444089	98.74689993591876
0.1645504220296202	0.007	0.005	0.021201994423560133	0.00046628899602658313	0.0009159905212703408	0.006379030618346282	98.72249204635354
0.1682300946040326	0.007	0.005	0.021661746918465414	0.00046420206523833073	0.0009564767686944888	0.0065149701119329335	98.69411178321485
0.1713262958670044	0.007	0.005	0.022048119699160842	0.0004623446391950931	0.0009911895567209742	0.0066288386753623665	98.67023798836631
0.17489271974002246	0.007	0.005	0.02249262978290258	0.00046009920299659816	0.0010319040591254937	0.006759386684923523	98.64274561789681
0.17794053164642196	0.007	0.005	0.0228720424631408	0.0004580789411590317	0.0010673155962272838	0.006870406018641944	98.61925712426559
0.1814158226663904	0.007	0.005	0.023304155158993072	0.00045566972939603296	0.0011083863423447357	0.006996354729731931	98.59248101296099
0.18443228005235932	0.007	0.005	0.023678772234399466	0.0004534772023716266	0.0011446312042536566	0.007105096301500668	98.56924597566218
0.18783727920701704	0.007	0.005	0.02410114645737139	0.0004508968409352275	0.0011862089332874155	0.00722717035142781	98.5430246747139
0.19083800477190757	0.007	0.005	0.0244729365581214	0.0004485212606166822	0.0012234326014564768	0.007334134064814093	98.51992239606972
0.19419277222226394	0.007	0.005	0.02488810947526647	0.00044575997078293543	0.0012656923842898583	0.007453006201728085	98.49410079743966
0.19719273019348077	0.007	0.005	0.02525894109285976	0.0004431888019095771	0.0013040572148631162	0.00755864584270409	98.4710158944346
0.20051711602157643	0.007	0.005	0.02566940060576969	0.00044023395054140584	0.0013472028870316719	0.007674954072834012	98.44544081445146
0.20353141427825955	0.007	0.005	0.026041142223187083	0.0004374522904858516	0.001386896848987713	0.007779702616516243	98.42225703422768
0.20684577021520767	0.007	0.005	0.026449415426052465	0.00043428768376561124	0.0014311692079575784	0.00789407045429391	98.39677173149768
0.20989057829439206	0.007	0.005	0.026824048292434146	0.0004312773124542505	0.0014724183463053564	0.007998366867568142	98.37336489742395
0.2132167046715924	0.007	0.005	0.027232817236581816	0.0004278820735767688	0.0015181087108813815	0.00811142891331911	98.34780180421308
0.21631042378388105	0.007	0.005	0.027612577230494168	0.00042461998100084235	0.0015611955513487677	0.008215749942817306	98.32403085024725
0.2196729387379439	0.007	0.005	0.02802484439823181	0.0004209667159946134	0.001608667987637803	0.00832818741383886	98.29820108780935
0.2228378744748493	0.007	0.005	0.028412423030073217	0.0004174227331679322	0.001653960287298908	0.008433090684415412	98.27389526478416
0.2262663595057772	0.007	0.005	0.028831768772907617	0.0004134744211868678	0.0017036889814291553	0.008545685585499348	98.24757223822844
0.22953139390669788	0.007	0.005	0.0292306326414091	0.00040960718729107917	0.0017516878593262708	0.008651876391170382	98.22251069814456
0.23306407693879708	0.007	0.005	0.029661655354856438	0.0004053115917232127	0.0018043236562049884	0.008765603168803527	98.19540195831804
0.23646946031292837	0.007	0.005	0.030076617738496937	0.0004010611069736856	0.001855751660743253	0.008874052964589518	98.16927715982169
0.2401602702757837	0.007	0.005	0.030525775511104553	0.0003963398152700509	0.0019122515422073942	0.008990253431801265	98.14097052639417
0.24376740257390841	0.007	0.005	0.030964162441264653	0.0003916120691274751	0.001968233412610283	0.009102441995100054	98.11331354467924
0.24770160787867593	0.007	0.005	0.031441638172292743	0.00038633596666952033	0.002030148498432762	0.009223214932500955	98.08315768061877
0.2516166940625415	0.007	0.005	0.031916109140054966	0.00038096566417861037	0.0020926475909297322	0.009341720249571264	98.05315756667885
0.25595386817253596	0.007	0.005	0.03244093703643868	0.00037488743061802075	0.0021629117734793036	0.009471002280282548	98.01993383445193
0.2604027949327986	0.007	0.005	0.03297841944792287	0.0003685201752391309	0.002236103981042835	0.009601387755512315	97.98586574781974
0.2655453449560168	0.007	0.005	0.0335986055059144	0.00036100961548143044	0.002322112025774946	0.00974923397612386	97.94650092750854
0.271284610596481	0.007	0.005	0.03428937156210081	0.0003524572990128344	0.002419870665450545	0.009910535304164012	97.9025870846646
0.2792056858917779	0.007	0.005	0.03524034369995913	0.00034040538749898755	0.0025578437611309796	0.010126615998839886	97.84201151758981
0.28506909659471785	0.007	0.005	0.035942497590740106	0.00033134723476076845	0.002662242072177958	0.010281607418503102	97.7971958600069
0.2913101681764112	0.007	0.005	0.036688213588567366	0.00032160247937775477	0.0027754707951042584	0.01044188813479717	97.74951618961877
0.29611079552765573	0.007	0.005	0.037260652490534826	0.0003140683128944162	0.0028640369460135647	0.010561862227484854	97.7128568424559
0.30075372774665504	0.007	0.005	0.03781332511119916	0.0003067556903118671	0.0029509047456585	0.010675143259725576	97.67741479156481
0.3048551508751315	0.007	0.005	0.03830075298201596	0.0003002931940461942	0.003028627723457064	0.010772958901691727	97.64611707091153
0.30903261677601396	0.007	0.005	0.03879646101189197	0.00029371347624401	0.003108739585417825	0.010870416121246031	97.61424938128538
0.3127697850602991	0.007	0.005	0.03923927560409518	0.00028784251078922105	0.003181215631198987	0.010955748111821166	97.58574930447826
0.3165941485608011	0.007	0.005	0.03969179041257916	0.00028185172727196336	0.0032561697699701924	0.011041264694504003	97.55659288140869
0.32005500424609934	0.007	0.005	0.04010074346622728	0.00027645596763310466	0.0033246835373563783	0.011117084892172923	97.53021530079518
0.3236091839039893	0.007	0.005	0.04052018091172043	0.0002709406385968207	0.0033957191217526637	0.011193406942728612	97.50313385656617
0.32686300381800076	0.007	0.005	0.04090368998711966	0.0002659232637956425	0.003461348883797986	0.011261916728512667	97.47834762832422
0.33021079069815706	0.007	0.005	0.041297793838869445	0.0002607925198770887	0.003529468122859155	0.011331054700402868	97.45285217580074
0.33330985201153746	0.007	0.005	0.04166218352232893	0.00025607887018025746	0.0035930620123677637	0.01139384425017412	97.42925686482171
0.336499451642224	0.007	0.005	0.04203678344985975	0.0002512628554096045	0.003659049984200478	0.011457261038846867	97.40497818828614
0.33948261580185507	0.007	0.005	0.04238673946728706	0.0002467972385258405	0.003721258045092033	0.011515474439631879	97.3822763380077
0.34255040844436146	0.007	0.005	0.042746221168844904	0.00024224305033452564	0.0037857244110229096	0.011574241154208053	97.3589359841044
0.3454465678590118	0.007	0.005	0.043085217191023574	0.000237984414734638	0.003847042119789548	0.011628707729775143	97.33690658214738
0.34842022745510365	0.007	0.005	0.043432907197829565	0.00023365205164867128	0.003910462312860671	0.011683618672265842	97.31429286778109
0.35125105526969946	0.007	0.005	0.043763541855331795	0.00022957014639719687	0.003971269758128491	0.01173494797390362	97.29277022394548
0.35415191140458596	0.007	0.005	0.04410199677836061	0.000225429185812816	0.00403401893851572	0.011786601666214888	97.2707200964148
0.3569339015386267	0.007	0.005	0.04442624214792001	0.0002215015691006704	0.00409461185079764	0.011835249589457862	97.24957819328668
0.3597786615001827	0.007	0.005	0.04475745852261807	0.00021752864203560606	0.004156990984337035	0.011884104931012449	97.22796401893818
0.3625245992016987	0.007	0.005	0.04507683846202957	0.0002137384714209907	0.004217604097911046	0.011930419155002205	97.2071052417365
0.3653265848767261	0.007	0.005	0.045402402931581855	0.0002099154057681299	0.004279859372131896	0.011976834247099152	97.18582532404346
0.36804659226033726	0.007	0.005	0.045718119452557715	0.00020624984973336983	0.004340683562778097	0.01202108536729745	97.16517245345291
0.3708166286159436	0.007	0.005	0.046039316331353074	0.0002025623197870001	0.004403020729707555	0.012065344535395399	97.14414422629923
0.3735189055950091	0.007	0.005	0.04635233891438901	0.00019901142972337822	0.00446421545864767	0.01210774747467487	97.1236347673897
0.3762659576378096	0.007	0.005	0.046670227129033924	0.00019544798235040064	0.004526810330715592	0.012150080190696067	97.1027899176348
0.3789573076359523	0.007	0.005	0.04698135595129508	0.0001920038957484298	0.004588512649317018	0.012190809027340493	97.08237207804747
0.38168894234576056	0.007	0.005	0.04729682472262375	0.0001885552438825934	0.0046515188539017855	0.012231403346322098	97.06165300993567
0.38437514743024814	0.007	0.005	0.047606735682937516	0.0001852116214370038	0.004713849939960999	0.012270601685034202	97.04128283131227
0.38709787185514266	0.007	0.005	0.0479205452004107	0.00018187012895820348	0.004777404690512175	0.012309613905483446	97.02064007983928
0.38978396236450497	0.007	0.005	0.04822982221710288	0.00017862175603740538	0.004840474620313789	0.012347402211543805	97.00027937693008
0.39250347398112767	0.007	0.005	0.048542633697570337	0.0001753810592516858	0.004904703060610357	0.012384963915627276	96.9796696932848
0.3951939225065516	0.007	0.005	0.048851791904341094	0.00017222356438678933	0.004968614286550386	0.012421444744297828	96.95928457183692
0.3979152950415555	0.007	0.005	0.04916418986227934	0.00016907829357521006	0.0050336327592572245	0.01245766797423175	96.9386695029538
0.40061416050129756	0.007	0.005	0.04947369278891055	0.00016600794471077285	0.005098482745322227	0.012492929793088196	96.91822925958851
0.4033419869453592	0.007	0.005	0.049786202124112854	0.00016295351339660948	0.0051644013666603305	0.012527910955017839	96.89757405566496
0.4060530206484772	0.007	0.005	0.050096474311614396	0.00015996707211350991	0.00523028456245711	0.012562030944437393	96.87705036847622
0.4087915227008159	0.007	0.005	0.05040957334759932	0.0001569995185818303	0.005297209233750993	0.01259585376169129	96.85632314747878
0.4115182494858463	0.007	0.005	0.050721009957713024	0.00015409413267505496	0.005364218628561272	0.012628899922928425	96.83568945743434
0.41427136391473973	0.007	0.005	0.051035140685282254	0.00015120999805712262	0.005432252672469349	0.012661637716858035	96.81486054646881
0.41701714384709004	0.007	0.005	0.051348114772104866	0.00014838312316938626	0.005500481013129832	0.012693670464133115	96.7940915875494
0.4197885899550632	0.007	0.005	0.05166369081483491	0.0001455793585585426	0.005569726490197509	0.012725387916450155	96.77313300887262
0.4225566668523385	0.007	0.005	0.05197855900431332	0.00014282869954641896	0.0056392672803198774	0.01275646130745728	96.7522044391014
0.4253500030885642	0.007	0.005	0.052295972251131174	0.00014010259139598895	0.00570982615065568	0.012787215873874214	96.73108947955176
0.42814354457371023	0.007	0.005	0.05261307938348757	0.0001374260569440503	0.005780774524010411	0.01281737858598091	96.70997757709982
0.4309622142012951	0.007	0.005	0.05293270529601321	0.00013477516936205743	0.005852749629134236	0.012847221611031492	96.68868044139651
0.43378434402542043	0.007	0.005	0.053252388129292935	0.00013217083786312033	0.0059252030986396195	0.012876517709588232	96.66736185996722
0.4366317135899113	0.007	0.005	0.053574590165330144	0.0001295929665998485	0.00599869903869808	0.012905495326327508	96.64585737934527
0.43948553989747363	0.007	0.005	0.05389718056733548	0.00012705905878323818	0.006072758201305216	0.012933964893705886	96.62430893494039
0.4423649327131807	0.007	0.005	0.054222313981830125	0.00012455219387018601	0.006147882151676639	0.012962118760863534	96.60257231423819
0.4452535718558708	0.007	0.005	0.05454814157223669	0.0001220870519387051	0.006223651330807597	0.012989798402010989	96.58077080619394
0.44816829778113754	0.007	0.005	0.054876556746360806	0.00011964934711625687	0.006300513822104027	0.013017166313165397	96.55877739970168
0.45109489667608116	0.007	0.005	0.05520595133246988	0.00011725141718972366	0.00637810171901945	0.013044089583453915	96.53669944331108
0.4540482780429702	0.007	0.005	0.05553799662065896	0.00011488116565108081	0.006456817370332498	0.013070705964060939	96.514424560329
0.4570160333393224	0.007	0.005	0.05587129023354776	0.00011254898467673007	0.006536337675194705	0.013096903713934386	96.4920464441194
0.4600114288091338	0.007	0.005	0.05620731453231126	0.00011024459903148552	0.006617025921612176	0.013122800037573669	96.46946517080374
0.4630236075438206	0.007	0.005	0.05654484359161324	0.00010797678205979785	0.006698598005977799	0.013148300725813921	96.4467627031422
0.4660644353396132	0.007	0.005	0.05688519879410421	0.00010573677713728522	0.006781383857276906	0.013173505871424726	96.42384972968594
0.46912439284698404	0.007	0.005	0.057227305924253784	0.00010353200836220094	0.006865133435516961	0.013198335813684193	96.40079810667294
0.47221415143950135	0.007	0.005	0.05757234904549427	0.00010135498802852754	0.006950148212584914	0.013222876355293166	96.37752757431687
0.475325350289036	0.007	0.005	0.05791938496718775	9.921201238428343e-5	0.007036208072651168	0.013247059947363367	96.3541012405149
0.4784676416754229	0.007	0.005	0.0582694805143182	9.709665641403796e-5	0.007123590261650435	0.013270960424646837	96.33044656967978
0.48163366971558125	0.007	0.005	0.05862180579334015	9.501427322421213e-5	0.007212101015093273	0.013294520326928749	96.30661908620148
0.4848322186398409	0.007	0.005	0.05897732763550304	9.295932890189341e-5	0.007301997058405453	0.013317803447111212	96.28255283587552
0.488056808472426	0.007	0.005	0.059335314546496355	9.093638578017019e-5	0.007393107974878287	0.01334076075248533	96.25829673835804
0.4913154844198387	0.007	0.005	0.05969664804563142	8.894065919333417e-5	0.007485673187673681	0.013363447582621871	96.2337904453118
0.49460253430471013	0.007	0.005	0.06006068254530602	8.697604644516654e-5	0.007579543119031907	0.01338582196731894	96.20907709186137
0.49792537444479423	0.007	0.005	0.060428226738166016	8.503839495611546e-5	0.007674942686645857	0.013407932102340274	96.18410110352663
0.5012789686061098	0.007	0.005	0.06079871031819218	8.313104175774723e-5	0.007771741027164515	0.013429741946919873	96.15890052796455
0.5046702000489547	0.007	0.005	0.061172879964259456	8.125036853647045e-5	0.007870151039992123	0.013451293644884434	96.13342384133718
0.5080946313079033	0.007	0.005	0.061550231703567486	7.939923901405249e-5	0.00797005880955598	0.013472556147704456	96.10770458982248
0.5115586958665326	0.007	0.005	0.06193145954706892	7.757448768277006e-5	0.00807166743114974	0.013493566455767587	96.08169467246931
0.5150584899765949	0.007	0.005	0.062316118286414736	7.577857748256077e-5	0.008174878470979249	0.013514297733588395	96.05542362831122
0.5186000701273078	0.007	0.005	0.06270485737971082	7.400872776140823e-5	0.008279887209025236	0.013534782595645724	96.02884623143542
0.5221800113198974	0.007	0.005	0.06309728395655462	7.226706142323473e-5	0.008386609482324394	0.013554997768635531	96.0019884319106
0.5258040577705767	0.007	0.005	0.06349401008221808	7.05511255479942e-5	0.008495234581189748	0.013574972118085653	95.97480739251789
0.5294692178686102	0.007	0.005	0.06389468987553001	6.886275356618634e-5	0.008605691656633099	0.013594685392788535	95.94732582014119
0.5331809801867454	0.007	0.005	0.0642999042160217	6.719977286691362e-5	0.008718165663762803	0.013614163238254482	95.91950284157225
0.5369367495067113	0.007	0.005	0.06470934979350865	6.556376954906111e-5	0.00883259834002031	0.013633387976552966	95.89135820336054
0.5407418094597946	0.007	0.005	0.06512358179757548	6.395281153086066e-5	0.008949171847220468	0.013652382477246044	95.8628526169917
0.5445939307472456	0.007	0.005	0.06554233578923062	6.236827312267873e-5	0.009067839966523451	0.01367113125788121	95.83400310257451
0.5484982389726871	0.007	0.005	0.06596614628808065	6.0808428907860845e-5	0.009188783557362638	0.013689654790762387	95.80477160628031
0.5524528458245342	0.007	0.005	0.06639478462825874	5.9274471567619096e-5	0.009311968066739333	0.013707939468825023	95.77517261421526
0.5564627617316374	0.007	0.005	0.0668287691741025	5.7764853902598096e-5	0.009437574481695916	0.013726003685675633	95.74516898858211
0.5605264204910688	0.007	0.005	0.06726790458272298	5.628061218497697e-5	0.009565579727447631	0.013743835442730527	95.71477282876464
0.5646487566369042	0.007	0.005	0.06771269712527944	5.4820353639451e-5	0.009696166301741221	0.013761451321708758	95.68394762205469
0.568828513043301	0.007	0.005	0.0681629829462221	5.338497914610348e-5	0.009829322615010749	0.013778840710926115	95.65270318494785
0.5730705860150062	0.007	0.005	0.06861926004238883	5.197323004318051e-5	0.009965234074357343	0.013796018608588596	95.6210033519866
0.5773740175439763	0.007	0.005	0.06908139451401615	5.05858901659766e-5	0.010103900699735572	0.013812975596098042	95.58885573807979
0.5817437024866343	0.007	0.005	0.06954987973363978	4.9221817534794096e-5	0.010245512247723429	0.013829725284687632	95.55622425489881
0.5861789771751589	0.007	0.005	0.07002461074656109	4.788169428020925e-5	0.010390080666200868	0.013846259287437431	95.52311435892577
0.5906847709114261	0.007	0.005	0.07050607977489719	4.656448033935861e-5	0.010537801547962754	0.013862589995521197	95.48948977668891
0.5952607138994142	0.007	0.005	0.07099421021212408	4.527076919551398e-5	0.010688699265346052	0.01387870991653412	95.45535381798244
0.5999118045181712	0.007	0.005	0.07148949638029396	4.399961044326316e-5	0.01084297677358944	0.013894630360181674	95.42066977268533
0.6046379715304708	0.007	0.005	0.0719918899144373	4.2751519798326626e-5	0.01100067158421583	0.013910344614935946	95.38543877812123
0.6094443191913276	0.007	0.005	0.07250189061862156	4.152562561942668e-5	0.011161995701693982	0.013925863032951787	95.34962342136694
0.614331082497118	0.007	0.005	0.07301947850500408	4.032237554316504e-5	0.011327000652858044	0.013941179581868846	95.31322262040129
0.6193035092262879	0.007	0.005	0.07354516221854401	3.9140967458024216e-5	0.011495909306508473	0.013956303761468855	95.27619798876063
0.6243621530067432	0.007	0.005	0.0740789506938736	3.79817891699293e-5	0.011668788314113051	0.013971230132152682	95.23854614444134
0.6295124441362255	0.007	0.005	0.0746213647893125	3.684410029337345e-5	0.01184587338138292	0.013985967430198185	95.20022744865068
0.634755273751391	0.007	0.005	0.07517244347999082	3.57282355209521e-5	0.012027247705631287	0.014000510739328183	95.16123609228009
0.6400962970885817	0.007	0.005	0.07573272342087833	3.463350934328038e-5	0.012213162047443389	0.014014868110705918	95.12153088226849
0.645536765942325	0.007	0.005	0.07630227505775727	3.356020937571254e-5	0.0124037178304239	0.014029035088539057	95.08110342565699
0.6510826042572573	0.007	0.005	0.07688165439336829	3.250769949404675e-5	0.012599183280734479	0.014043019101031236	95.03991066584459
0.6567354551467831	0.007	0.005	0.07747096539702165	3.147622511201823e-5	0.01279968012365713	0.014056816103014078	94.99794141603213
0.6625015620487298	0.007	0.005	0.07807078749948324	3.0465194264285377e-5	0.0130054968769145	0.014070432959695492	94.95515039788714
0.6683829946176931	0.007	0.005	0.07868126052074856	2.947481480895066e-5	0.013216777965860783	0.014083865987986707	94.9115233900863
0.6743863711380063	0.007	0.005	0.07930299163193061	2.8504534569535004e-5	0.013433835386557319	0.01409712153979168	94.86701250428911
0.6805142311455559	0.007	0.005	0.07993615943311595	2.7554527772901558e-5	0.013656839144147033	0.014110196253328681	94.82160018755123
0.6867736310005962	0.007	0.005	0.08058140367450259	2.6624278060331482e-5	0.013886128415893104	0.014123096012559518	94.77523549941377
0.6931676330868709	0.007	0.005	0.08123894536591805	2.571392933469555e-5	0.014121902246800188	0.01413581774303306	94.72789719154576
0.6997038008904982	0.007	0.005	0.08190946192761175	2.4822997961155242e-5	0.014364531185081724	0.014148366895038029	94.67953079165405
0.7063857834635647	0.007	0.005	0.08259322116623417	2.3951600313413567e-5	0.01461424745234922	0.014160740652964734	94.63011091761051
0.7132217318706395	0.007	0.005	0.08329094401591569	2.30992825665448e-5	0.01487145790262218	0.014172944065845327	94.57957900783039
0.7202159562598652	0.007	0.005	0.08400295011279056	2.226613621774703e-5	0.01513643280133979	0.014184974549072294	94.52790503655723
0.7273772873205876	0.007	0.005	0.0847300104249286	2.1451734732394986e-5	0.015409621064055596	0.014196836777775786	94.47502571786441
0.7347107862409287	0.007	0.005	0.0854725024924336	2.065614690043515e-5	0.015691336856233275	0.014208528375967203	94.42090576653464
0.7422260692205543	0.007	0.005	0.08623125462369066	1.987897132572517e-5	0.01598207789888965	0.014220053667384899	94.36547644500295
0.7499290538989087	0.007	0.005	0.08700670923980033	1.9120256149091385e-5	0.016282209194064798	0.014231410462521011	94.30869648931343
0.7578302637557432	0.007	0.005	0.08779976014386387	1.8379623311197e-5	0.01659228517649875	0.014242602751194338	94.25049087802182
0.7659365994411772	0.007	0.005	0.08861092292637918	1.7657101979572536e-5	0.016912730031728804	0.014253628512420522	94.19081150652738
0.7742596341906071	0.007	0.005	0.08944116618755861	1.6952335787144634e-5	0.017244164290531442	0.014264491417147324	94.12957609984893
0.7828073962227831	0.007	0.005	0.09029108776334074	1.6265336875687598e-5	0.01758708109066354	0.014275189589331647	94.06672873485128
0.791592673801738	0.007	0.005	0.09116174148169501	1.5595769138161176e-5	0.01794217814253496	0.014285726392305848	94.00217876436723
0.8006247945867893	0.007	0.005	0.09205381796696159	1.4943629323439509e-5	0.018310029251191514	0.014296100074125972	93.93586128851396
0.8099179493824413	0.007	0.005	0.0929684674939233	1.4308600646260933e-5	0.01869142224080088	0.014306313693182311	93.86767602919522
0.8194829652202092	0.007	0.005	0.09390648523916524	1.3690666026918588e-5	0.01908702546571158	0.014316365599371259	93.79754777117212
0.8293356475143138	0.007	0.005	0.09486912982131093	1.3089527428742463e-5	0.01949773193300889	0.014326258541058387	93.72536519536175
0.8394885458693147	0.007	0.005	0.09585731310468955	1.2505155850482378e-5	0.01992432060496037	0.014335990938863485	93.65104129380288
0.8499593136777259	0.007	0.005	0.09687241390722974	1.1937271853576859e-5	0.02036780694392797	0.014345565215703184	93.57445217590055
0.8607624687814067	0.007	0.005	0.09791547277931173	1.1385836556633917e-5	0.02082909892707878	0.014354979824476559	93.49549743830752
0.8719177566974659	0.007	0.005	0.09898799907819684	1.085058954396261e-5	0.021309353698512997	0.014364236832222379	93.4140390529734
0.8834419063782187	0.007	0.005	0.10009117099468534	1.0331484907573806e-5	0.02180962810536925	0.014373334664312107	93.32996168626691
0.8953569785195847	0.007	0.005	0.10122663375258197	9.828282643719722e-6	0.02233124089252793	0.014382274975682141	93.24311181220396
0.9076821180281914	0.007	0.005	0.10239570534337815	9.340933433585521e-6	0.022875417574964356	0.014391056078577732	93.15335796433801
0.9204418459437158	0.007	0.005	0.10360016149050459	8.869220221712322e-6	0.023443656513853016	0.01439967912424055	93.06053038382142
0.9336577962114114	0.007	0.005	0.10484144636460804	8.413095473454804e-6	0.024037367199899226	0.014408142178068697	92.96448128744916
0.9473568920252837	0.007	0.005	0.10612143852078375	7.97236937511427e-6	0.024658237522179573	0.014416445739047433	92.86502548560703
0.9615630395323213	0.007	0.005	0.10744166477541317	7.547003058876507e-6	0.025307863613654114	0.014424587428269957	92.76200085372022
0.9763050764631475	0.007	0.005	0.10880403688508314	7.136840390661211e-6	0.025988112789131334	0.014432566863241129	92.65521073168358
0.9916083713025406	0.007	0.005	0.11021006519133889	6.74186016430586e-6	0.02670074150771993	0.014440380931566169	92.54448495003487
1.0075023825329381	0.007	0.005	0.11166155228419378	6.3619480286753785e-6	0.02744774535586632	0.014448028044163948	92.42962516462386
1.024012091379931	0.007	0.005	0.1131598023185804	5.997109941045402e-6	0.028230959926515618	0.014455503978431454	92.31046691739792
1.0411649463625887	0.007	0.005	0.11470625386309989	5.647280528590004e-6	0.029052384993437562	0.014462805540990694	92.18682949109046
1.0589821166042073	0.007	0.005	0.11630168787928101	5.312498164516805e-6	0.02991376484305766	0.014469927006792829	92.05857903020011
1.0774846540750014	0.007	0.005	0.11794678945245615	4.992744419924664e-6	0.03081687515736056	0.014476863265527336	91.92558404602418
1.0966847629978516	0.007	0.005	0.1196413774222414	4.688079740989629e-6	0.031763088964583845	0.01448360693089336	91.78777809806806
1.1165913533089369	0.007	0.005	0.12138491611290694	4.398506490370811e-6	0.03275363121662971	0.014490151119136617	91.64511960661834
1.137202015682953	0.007	0.005	0.12317583129156073	4.124064550310114e-6	0.033789163007256054	0.014496487335540077	91.4976490758666
1.1585086514334606	0.007	0.005	0.12501203384612353	3.864713005543226e-6	0.034870037831245725	0.014502608025228656	91.34544826490712
1.1804912791135977	0.007	0.005	0.12689041581297014	3.6203914761609393e-6	0.03599596537772946	0.014508505238752198	91.18868395249
1.2031244299111097	0.007	0.005	0.12880743757090957	3.390925329441572e-6	0.03716631112087386	0.014514172889944813	91.02756166463175
1.2263733709316715	0.007	0.005	0.13075883828574061	3.176069710627621e-6	0.038379881656106646	0.014519605912167045	90.86235205755095
1.2502009103761047	0.007	0.005	0.13274024084969693	2.975449852753175e-6	0.039635259888015015	0.014524801919525404	90.69334199062777
1.2745652849959106	0.007	0.005	0.13474699458665212	2.7886047820215892e-6	0.04093068492088833	0.014529760432406601	90.52084919019845
1.2994260794587293	0.007	0.005	0.1367746797850508	2.6149642925054813e-6	0.042264359876377305	0.014534483752113348	90.34518003856823
1.3247425767422516	0.007	0.005	0.13881897500607743	2.453894284689094e-6	0.043634366392749147	0.014538976097200486	90.16664117754323
1.3504779498252946	0.007	0.005	0.14087599605905918	2.304696652773999e-6	0.045038895523859764	0.01454324386328211	89.98550991576218
1.3765975383140305	0.007	0.005	0.14294214793157026	2.166648353715305e-6	0.0464761639627576	0.01454729478894211	89.8020465107183
1.4030714106220454	0.007	0.005	0.14501431800097483	2.0390084066435368e-6	0.04794456450756798	0.014551137921701367	89.61647631152678
1.4298726477514938	0.007	0.005	0.14708972614875104	1.9210452583225124e-6	0.049442583190237296	0.014554782955184723	89.4290020358263
1.4569787624076178	0.007	0.005	0.1491660216796632	1.8120424852058377e-6	0.050968888951813694	0.014558240124174707	89.23979404867774
1.4843701789222368	0.007	0.005	0.1512411511774357	1.7113147160341317e-6	0.052522259174412916	0.014561519753063924	89.04900123003328
1.5120309811022792	0.007	0.005	0.15331340261705437	1.6182098439724256e-6	0.0541016310037883	0.014564632176133954	88.85674597081797
1.5399476796372022	0.007	0.005	0.15538129958429958	1.532116575226697e-6	0.0557060397027977	0.014567587464689852	88.66313296460477
1.5681095972350025	0.007	0.005	0.157443619346695	1.4524637931763162e-6	0.057334647572197896	0.01457039539182933	88.46824671161146
1.596507927374951	0.007	0.005	0.1594993134152578	1.3787229416088927e-6	0.05898669581919926	0.014573065285670704	88.2721582114399
1.6251359231580342	0.007	0.005	0.16154751318235533	1.3104057798588364e-6	0.06066152033345476	0.014575606028724366	88.07492379643898
1.6539882242402444	0.007	0.005	0.16358747399414067	1.2470639370679622e-6	0.06235851660141335	0.014578025992383212	87.87658990397193
1.6830609354290147	0.007	0.005	0.16561857480722386	1.1882860490116008e-6	0.06407714754548215	0.014580333056217849	87.67719263932287
1.7123511607867146	0.007	0.005	0.16764028009381415	1.133696010467704e-6	0.06581691877743404	0.014582534589421063	87.47676106964562
1.7418570253494312	0.007	0.005	0.16965213714460414	1.082950061791109e-6	0.06757738195624043	0.014584637479608155	87.27531715060822
1.7715773625897797	0.007	0.005	0.17165375090113413	1.0357345995016848e-6	0.06935811788791527	0.01458664813932385	87.07287793051144
1.8015117106236516	0.007	0.005	0.173644780776591	9.91763495045636e-7	0.0711587375733123	0.014588572537802687	86.86945563019167
1.8316601062561202	0.007	0.005	0.17562492431474608	9.507759102578815e-7	0.07297887086601804	0.014590416219170625	86.66505909237603
1.8620230633796824	0.007	0.005	0.17759391376978614	9.125339714256019e-7	0.07481816591316573	0.014592184332959583	86.45969396660203
1.8926014461453398	0.007	0.005	0.17955150611270743	8.768207762312336e-7	0.0766762820578921	0.014593881657013317	86.25336360179564
1.9233964482086707	0.007	0.005	0.18149748033903826	8.434384283484046e-7	0.07855288898211417	0.014595512625564315	86.04606921387978
1.9544094944866537	0.007	0.005	0.18343163008864666	8.122063372184424e-7	0.08044766101403694	0.014597081351406308	85.83781057146867
1.9856422392475466	0.007	0.005	0.18535376264971795	7.829595676560493e-7	0.0823602771904958	0.014598591651668867	85.6285860277505
2.0170964843030754	0.007	0.005	0.1872636931611005	7.555474268580752e-7	0.08429041636212728	0.01460004706775813	85.4183930856933
2.04877419138665	0.007	0.005	0.1891612448277848	7.298320977499042e-7	0.08623775799507043	0.014601450888269805	85.20722832833013
2.0806774140563435	0.007	0.005	0.19104624435933698	7.056874770494306e-7	0.08820197799273347	0.01460280616642433	84.99508788488625
2.1128083106900735	0.007	0.005	0.1929185224394222	6.829980604758386e-7	0.0901827494593365	0.014604115739635248	84.78196735307394
2.1451690910027557	0.007	0.005	0.19477791034342845	6.616579888213113e-7	0.09217973934891921	0.014605382244686963	84.5678621620629
2.177762023654517	0.007	0.005	0.19662424025642944	6.415701443872321e-7	0.09419260885793677	0.01460660813410846	84.35276752751493
2.210589402512961	0.007	0.005	0.1984573432651102	6.226453646347111e-7	0.09622101125895717	0.014607795689565202	84.13667867925301
2.24365354696672	0.007	0.005	0.20027704937607968	6.048017123989243e-7	0.09826459183088122	0.014608947035382474	83.9195908622743
2.2769567733632643	0.007	0.005	0.20208318598026342	5.879638341665901e-7	0.10032298600626878	0.014610064149907613	83.70149952666547
2.3105013967295527	0.007	0.005	0.20387557806233966	5.720623647855204e-7	0.10239581939517295	0.014611148876946586	83.48240031706726
2.3442897100183853	0.007	0.005	0.20565404722893496	5.570334018320908e-7	0.10448270642960442	0.01461220293549168	83.26228920851518
2.378323971682112	0.007	0.005	0.2074184112650872	5.42818026253091e-7	0.10658324953669798	0.014613227928918676	83.04116258608241
2.4126064042384714	0.007	0.005	0.20916848430665946	5.29361864476055e-7	0.10869703900765514	0.014614225353736156	82.81901725205701
2.447139176674871	0.007	0.005	0.21090407621322857	5.16614699456765e-7	0.11082365188914227	0.014615196607131785	82.59585053721696
2.481924388547966	0.007	0.005	0.21262499210654837	5.045301167712817e-7	0.11296265100596209	0.014616142993967638	82.37166039928691
2.5169640722296696	0.007	0.005	0.2143310328587299	4.930651781776419e-7	0.115113585128213	0.014617065733690756	82.14644540316125
2.5522601693715563	0.007	0.005	0.21602199434257763	4.821801340573164e-7	0.11727598758330944	0.014617965966000943	81.92020486629316
2.5878145278936686	0.007	0.005	0.21769766774867486	4.718381556660615e-7	0.11944937616523883	0.014618844756599492	81.69293887046723
2.623628882192341	0.007	0.005	0.21935783914150656	4.6200509701568715e-7	0.12163325205382333	0.014619703102065198	81.46464837994067
2.6597048567505976	0.007	0.005	0.22100229016095654	4.5264927190385385e-7	0.12382710020520099	0.01462054193490454	81.23533520877999
2.696043933590811	0.007	0.005	0.22263079709554623	4.437412605296471e-7	0.1260303875831379	0.01462136212737121	81.00500221729226
2.732647457688155	0.007	0.005	0.22424313175734334	4.3525372339349793e-7	0.12824256375283216	0.01462216449585825	80.77365326519225
2.769516623005359	0.007	0.005	0.22583906149356253	4.2716123715302625e-7	0.13046306034208913	0.014622949804512987	80.54129328712638
2.806652453170348	0.007	0.005	0.22741834902858857	4.1944014541076815e-7	0.13269129023880114	0.014623718768475829	80.30792840010494
2.844055796545745	0.007	0.005	0.22898075298082743	4.1206841971883413e-7	0.13492664771540178	0.01462447205717797	80.07356591857216
2.8817273112074973	0.007	0.005	0.23052602798180416	4.0502553443944204e-7	0.13716850800542546	0.01462521029718867	79.8382144316677
2.919667462188472	0.007	0.005	0.23205392534136313	3.9829235028412254e-7	0.13941622767350179	0.014625934075091756	79.60188380232168
2.9578764958529424	0.007	0.005	0.23356419281777124	3.9185101177166133e-7	0.14166914369101996	0.014626643939721478	79.3645853076313
2.996354452038917	0.007	0.005	0.2350565759397734	3.8568484691634216e-7	0.1439265748136803	0.014627340404936061	79.12633154264229
3.0351011199758196	0.007	0.005	0.23653081714170593	3.7977828451782216e-7	0.14618781971327524	0.014628023951182043	78.88713667180936
3.0741160839418527	0.007	0.005	0.23798665839332617	3.7411676440503176e-7	0.14845216043544612	0.01462869502852121	78.64701612379687
3.113398650229987	0.007	0.005	0.2394238393130208	3.6868667314363974e-7	0.1507188589883318	0.014629354057406004	78.40598701831853
3.152947901069654	0.007	0.005	0.2408421000889469	3.634752663276841e-7	0.15298716138757915	0.014630001431538269	78.16406780910678
3.192762644453112	0.007	0.005	0.2422411805258122	3.584706122512123e-7	0.15525629572345018	0.014630637518812077	77.92127856652992
3.2328414453738015	0.007	0.005	0.2436208220616867	3.536615291746267e-7	0.15752547497823932	0.014631262663499647	77.67764076014514
3.273182599212744	0.007	0.005	0.24498076769939986	3.490375350095223e-7	0.15979389657762333	0.014631877187376456	77.43317739461435
3.3137841478373478	0.007	0.005	0.24632076342397796	3.445887962222084e-7	0.16206074442371493	0.014632481391423778	77.18791288475593
3.3546438692738345	0.007	0.005	0.24764055868422785	3.4030608370915916e-7	0.16432518947210908	0.014633075557017407	76.94187309112186
3.395759289261705	0.007	0.005	0.24893990757795084	3.361807299821556e-7	0.16658639157195815	0.014633659947353628	76.6950852230735
3.4371276907003585	0.007	0.005	0.2502185698999531	3.3220459008102325e-7	0.168843501197683	0.014634234808740277	76.44757775562358
3.4787461014768644	0.007	0.005	0.25147631148051236	3.2837000768889e-7	0.1710956600218902	0.014634800371504601	76.19938047595814
3.520611329622992	0.007	0.005	0.25271290593089724	3.246697795396206e-7	0.173342004077966	0.014635356851476614	75.95052424755178
3.56271996610822	0.007	0.005	0.2539281352971467	3.2109712577808445e-7	0.17558166513529835	0.01463590445093209	75.70104096972824
3.605068387947649	0.007	0.005	0.25512179068751295	3.176456623950867e-7	0.17781377210053595	0.014636443359480245	75.45096353563622
3.6476527899868905	0.007	0.005	0.25629367364313727	3.1430937362065435e-7	0.18003745391429898	0.014636973755249557	75.20032562205213
3.6904691921043735	0.007	0.005	0.25744359670671857	3.1108258845531464e-7	0.18225184109744297	0.014637495805681534	74.94916162687215
3.7335134582421667	0.007	0.005	0.25857138424725473	3.0795995799309225e-7	0.1844560678812654	0.014638009668414014	74.69750653843663
3.7767813247275894	0.007	0.005	0.25967687342390555	3.049364339712442e-7	0.18664927474632168	0.014638515492208138	74.44539575310048
3.8202684091700223	0.007	0.005	0.26075991454346925	3.0200725028248635e-7	0.1888306098963727	0.014639013417583236	74.19286500883027
3.8639702458401737	0.007	0.005	0.2618203720009289	2.9916790394519805e-7	0.19099923199927304	0.014639503577706344	73.9399501669463
3.9078822985812125	0.007	0.005	0.26285812454600166	2.964141391819701e-7	0.19315431170046343	0.014639986098964981	73.68668712753312
3.951999985780746	0.007	0.005	0.2638730657621598	2.9374193180429595e-7	0.1952950336548771	0.014640461101631252	73.43311167730853
3.996318705904016	0.007	0.005	0.2648651044540117	2.911474744848255e-7	0.19742059847777982	0.0146409287004816	73.17925933739241
4.0408338546664995	0.007	0.005	0.26583416475272525	2.886271638856212e-7	0.19953022418702848	0.014641389005283598	72.92516526190488
4.085540860345516	0.007	0.005	0.2667801865314451	2.8617758744935804e-7	0.20162314839901524	0.014641842121430826	72.67086403577036
4.130435189873002	0.007	0.005	0.2677031250978797	2.8379551268163294e-7	0.20369862902545127	0.014642288150236974	72.41638964222449
4.17551238189912	0.007	0.005	0.2686029513956109	2.8147787577173794e-7	0.20575594613531492	0.014642727189474186	72.1617752791366
4.220768059302025	0.007	0.005	0.26947965169795435	2.792217719772029e-7	0.2077944027419033	0.014643159333671276	71.90705329492187
4.266197944787783	0.007	0.005	0.27033322732024145	2.7702444641657584e-7	0.20981332564218172	0.01464358467442051	71.65225510880194
4.311797888728161	0.007	0.005	0.271163694504345	2.748832848963146e-7	0.21181206669288205	0.014644003300773116	71.39741106480432
4.357563879059782	0.007	0.005	0.2719710839056566	2.727958059939362e-7	0.21379000317512648	0.014644415299440551	71.1425503889434
4.403492051151545	0.007	0.005	0.27275544005803515	2.7075965384583057e-7	0.2157465380813638	0.014644820754981736	70.88770114788693
4.449578706824309	0.007	0.005	0.2735168209678651	2.6877259062135686e-7	0.2176811007081535	0.01464521975005546	70.63289015840381
4.495820324264476	0.007	0.005	0.2742552975173222	2.6683249013197826e-7	0.21959314676619646	0.01464561236557434	70.37814294925987
4.5422135586422865	0.007	0.005	0.2749709527114469	2.6493733185085486e-7	0.22148215804074822	0.014645998680770154	70.12348377531434
4.588755261090559	0.007	0.005	0.27566388120987395	2.6308519477369476e-7	0.22334764274496066	0.01464637877340493	69.86893553152655
4.6354424791749285	0.007	0.005	0.2763341885560878	2.61274252198568e-7	0.22518913504361524	0.014646752719815135	69.61451976996067
4.682272463401581	0.007	0.005	0.27698199050772154	2.5950276652575593e-7	0.22700619477615716	0.01464712059500066	69.36025668416877
4.7292426642829595	0.007	0.005	0.27760741224422053	2.5776908472956046e-7	0.22879840676843946	0.014647482472633972	69.1061651453634
4.776350744837664	0.007	0.005	0.27821058779865904	2.5607163351870274e-7	0.230565380703079	0.014647838425185475	68.85226265522341
4.823594564873962	0.007	0.005	0.27879165913318915	2.544089156625606e-7	0.23230674988587477	0.014648188523828851	68.59856545143403
4.870972202665613	0.007	0.005	0.2793507757156809	2.527795052274361e-7	0.23402217139311648	0.014648532838627083	68.34508841166739
4.918481932627014	0.007	0.005	0.27988809356676647	2.511820446077027e-7	0.23571132456414876	0.014648871438387381	68.09184519422737
4.96612223419857	0.007	0.005	0.280403774724662	2.4961524055991977e-7	0.237373910642796	0.014649204390748696	67.83884821058237
5.013891791232482	0.007	0.005	0.28089798660916815	2.480778608083807e-7	0.2390096520462657	0.01464953176219503	67.5861086490879
5.061789472191723	0.007	0.005	0.28137090122369546	2.4656873144014714e-7	0.24061829098492832	0.014649853617939305	67.33363659954273
5.109814351461771	0.007	0.005	0.28182269481056227	2.450867331542407e-7	0.24219958948904668	0.014650170022088635	67.08144095986474
5.157965673321331	0.007	0.005	0.2822535469667437	2.4363079934473876e-7	0.2437533275104019	0.014650481037423639	66.8295296446635
5.206242879493434	0.007	0.005	0.2826636404034501	2.421999125239777e-7	0.24527930314736313	0.014650786725601469	66.57790945874955
5.254645579155402	0.007	0.005	0.28305316019896287	2.407931025235636e-7	0.24677733099300378	0.014651087146981611	66.32658627204941
5.303173557183958	0.007	0.005	0.2834222934320815	2.394094437254602e-7	0.24824724174283552	0.014651382360701728	66.07556499352418
5.351826753399914	0.007	0.005	0.2837712286086993	2.380480532418811e-7	0.24968888091702832	0.014651672424573419	65.8248496951613
5.400605283623643	0.007	0.005	0.2841001554312068	2.367080880303007e-7	0.25110210886042145	0.014651957395231958	65.57444351924136
5.449509396040144	0.007	0.005	0.284409264134057	2.353887439320562e-7	0.2524867988482776	0.014652237327901699	65.32434891821349
5.498539508374957	0.007	0.005	0.2846987454042906	2.3408925257750663e-7	0.25384283757309517	0.014652512276637894	65.07456747849847
5.547696163944534	0.007	0.005	0.284968789793903	2.3280888063936325e-7	0.2551701233223201	0.014652782294098825	64.82510015950942
5.596980055853092	0.007	0.005	0.285219587586358	2.315469273104103e-7	0.2564685661043584	0.014653047431708153	64.57594718362643
5.646391999009545	0.007	0.005	0.2854513283820511	2.3030272326916245e-7	0.25773808635884554	0.014653307739526082	64.32710819121911
5.6959329379668375	0.007	0.005	0.28566420090900535	2.2907562883716875e-7	0.25897861466560607	0.014653563266319343	64.07858221299433
5.745603941677365	0.007	0.005	0.28585839277690467	2.2786503244700983e-7	0.2601900911122262	0.014653814059557917	63.830367708466554
5.795406191573778	0.007	0.005	0.2860340902312703	2.2667034954976575e-7	0.26137246453058055	0.014654060165379987	63.58246263693078
5.845340979448918	0.007	0.005	0.28619147797322886	2.2549102112247261e-7	0.2625256920080152	0.01465430162860887	63.334864478512635
5.89540971529333	0.007	0.005	0.28633073901844985	2.243265122513672e-7	0.2636497386325753	0.01465453849281532	63.08757020584656
5.945613895246138	0.007	0.005	0.2864520544580835	2.2317631153233607e-7	0.2647445763568969	0.01465477080019009	62.84057645247138
5.995955129296987	0.007	0.005	0.28655560340929515	2.2203992923034278e-7	0.2658101842372932	0.01465499859170126	62.593879385243135
6.046435119099071	0.007	0.005	0.28664156283702924	2.2091689668331075e-7	0.2668465475645168	0.014655221907014118	62.34747482295841
6.097055655660288	0.007	0.005	0.28671010745329806	2.1980676524225653e-7	0.2678536574752573	0.014655440784507326	62.10135825592335
6.147818623759589	0.007	0.005	0.28676140963284297	2.187091051359468e-7	0.2688315107064469	0.014655655261316375	61.85552483272296
6.198725992918041	0.007	0.005	0.28679563931877217	2.1762350476111166e-7	0.26978010909339445	0.014655865373317563	61.60996941219659
6.249779811647158	0.007	0.005	0.2868129639525387	2.1654956982290242e-7	0.2706994591669779	0.01465607115512838	61.3646865986329
6.300982222033867	0.007	0.005	0.28681354841711365	2.1548692222163515e-7	0.27158957212654533	0.014656272640188346	61.11967067915852
6.352335430214096	0.007	0.005	0.28679755497734294	2.1443519981592022e-7	0.27245046303973147	0.014656469860662451	60.87491577259684
6.403841854329034	0.007	0.005	0.2867651431421022	2.1339405266148926e-7	0.2732821529704718	0.014656662848016321	60.630415134101426
6.4555037874381345	0.007	0.005	0.28671646978579435	2.123631491751997e-7	0.2740846631837754	0.014656851631757584	60.3861627653292
6.507323736875246	0.007	0.005	0.286651688953317	2.1134216851642756e-7	0.2748580204849745	0.014657036240741156	60.142151807184845
6.559304168013688	0.007	0.005	0.28657095205591804	2.1033080507163176e-7	0.27560225297671115	0.014657216702245464	59.89837575890637
6.611447708226083	0.007	0.005	0.28647440761594795	2.0932876382036252e-7	0.2763173929282471	0.014657393042722455	59.65482752276898
6.663756968337709	0.007	0.005	0.2863622015262574	2.0833576320755802e-7	0.2770034740118982	0.01465756528719375	59.411500247748165
6.7162346994232855	0.007	0.005	0.28623447676218	2.0735153158135702e-7	0.2776605332869477	0.0146577334598007	59.16838660243132
6.768883668821765	0.007	0.005	0.2860913736277718	2.0637580908898e-7	0.2782886093642362	0.014657897583407272	58.92547935858143
6.821706744710197	0.007	0.005	0.28593302956219635	2.054083455026957e-7	0.2788877433222164	0.014658057679889917	58.68277100426503
6.87470684123237	0.007	0.005	0.2857595792821022	2.0444890088538704e-7	0.2794579778722228	0.014658213769977705	58.440254003349914
6.927886954591799	0.007	0.005	0.2855711546827563	2.0349724439265925e-7	0.2799993576227515	0.014658365873376036	58.197920635102406
6.981250125305702	0.007	0.005	0.2853678849740626	2.0255315462710932e-7	0.28051192853735385	0.014658514008669148	57.95576317225618
7.034799485221764	0.007	0.005	0.2851498965227847	2.016164183798671e-7	0.2809957382711567	0.014658658193465436	57.713773672545706
7.088538208946504	0.007	0.005	0.2849173130495029	2.0068683110485092e-7	0.2814508355713052	0.014658798444272958	57.47194420482327
7.142469561195992	0.007	0.005	0.28467025545117236	1.9976419580380413e-7	0.2818772705809201	0.014658934776636792	57.230266640718774
7.196596858672512	0.007	0.005	0.284408841977592	1.9884832331631984e-7	0.2822750943863183	0.014659067205046785	56.9887328322684
7.250923485417897	0.007	0.005	0.2841331881891715	1.9793903177403341e-7	0.28264435904765167	0.014659195742987623	56.747334548102565
7.305452901211425	0.007	0.005	0.283843406931721	1.9703614616307178e-7	0.28298511754378736	0.014659320402965186	56.506063442078805
7.360188628305709	0.007	0.005	0.28353960842428305	1.9613949829306314e-7	0.2832974235792956	0.014659441196481411	56.26491111809459
7.415134259835054	0.007	0.005	0.28322190024002636	1.9524892639507035e-7	0.2835813315480151	0.014659558134060243	56.02386909852607
7.470293461061473	0.007	0.005	0.28289038732127103	1.9436427492088844e-7	0.2838368964452693	0.014659671225254713	55.782928824833874
7.52566996329131	0.007	0.005	0.2825451720414974	1.9348539429965227e-7	0.28406417375531257	0.014659780478638872	55.54208169011647
7.581267572465785	0.007	0.005	0.2821863541811748	1.9261214071495294e-7	0.28426321941394084	0.014659885901829406	55.301319007568964
7.6370901705099685	0.007	0.005	0.28181403094337987	1.9174437584873414e-7	0.28443408973109546	0.014659987501490054	55.06063201106642
7.6931417092642596	0.007	0.005	0.28142829702173655	1.9088196674959728e-7	0.28457684129986355	0.014660085283322485	54.820011887671676
7.7494262192698695	0.007	0.005	0.281029244571257	1.9002478560890085e-7	0.2846915309580638	0.014660179252083896	54.57944974611224
7.805947807470344	0.007	0.005	0.28061696325230057	1.8917270958248817e-7	0.28477821571629774	0.014660269411583172	54.33893663331009
7.862710654872375	0.007	0.005	0.28019154027985543	1.8832562074621002e-7	0.2848369527005867	0.014660355764677844	54.09846355082621
7.919719025538268	0.007	0.005	0.2797530603893975	1.8748340570852292e-7	0.2848677991128293	0.014660438313287906	53.85802142335694
7.9769772605483835	0.007	0.005	0.27930160591427283	1.8664595572768565e-7	0.28487081217524307	0.014660517058385445	53.61760113121516
8.034489783313813	0.007	0.005	0.2788372567795377	1.8581316639311696e-7	0.2848460490926371	0.014660592000001207	53.377193494795826
8.09226130486512	0.007	0.005	0.27836008882195384	1.8498493465559946e-7	0.2847935667780759	0.01466066313746791	53.136788429357814
8.150296315725615	0.007	0.005	0.2778701779763335	1.8416116604334963e-7	0.28471342215979417	0.01466073046877373	52.896377071597456
8.20859961336694	0.007	0.005	0.2773675959961713	1.8334176697346275e-7	0.28460567177529633	0.014660793991223935	52.65594958819998
8.267175891033416	0.007	0.005	0.2768524139480675	1.8252665055019957e-7	0.2844703722786317	0.01466085370095489	52.41549688808013
8.326030084388385	0.007	0.005	0.27632469927991815	1.817157315240726e-7	0.28430757982543636	0.014660909593314508	52.17500919880554
8.385167077178892	0.007	0.005	0.2757845184434547	1.8090893045797905e-7	0.2841173507234195	0.014660961662555642	51.93447728320283
8.444591973159756	0.007	0.005	0.27523193450321615	1.8010616983157212e-7	0.2838997406868511	0.014661009902091947	51.693891335554
8.504309854083612	0.007	0.005	0.27466700938290145	1.7930737730659998e-7	0.2836548055944494	0.014661054304277233	51.45324197468205
8.564325983024146	0.007	0.005	0.2740898020296277	1.7851248296576966e-7	0.28338260077716393	0.01466109486056988	51.212519427709644
8.624645639453878	0.007	0.005	0.2735003700148223	1.7772142147323042e-7	0.2830831816914705	0.014661131561403074	50.971714203403344
8.68527426892183	0.007	0.005	0.27289876814458935	1.7693413002783537e-7	0.2827566032636723	0.014661164396281703	50.73081649985702
8.74621734451525	0.007	0.005	0.2722850498606967	1.761505502433242e-7	0.2824029205961404	0.014661193353692084	50.489816766129984
8.807480493860995	0.007	0.005	0.2716592660348018	1.753706263975887e-7	0.2820221883233393	0.014661218421166994	50.2487052056653
8.869069387575804	0.007	0.005	0.2710214661421987	1.7459430688179527e-7	0.28161446129067	0.014661239585226544	50.00747222619152
8.930989834970987	0.007	0.005	0.2703716973430046	1.738215429956297e-7	0.28117979401655285	0.014661256831414162	49.76610807110076
8.993247704102856	0.007	0.005	0.2697100053650417	1.7305228995357e-7	0.28071824127013356	0.014661270144263588	49.5246031413925
9.055848981344766	0.007	0.005	0.26903643394301924	1.7228650613857803e-7	0.280229857730482	0.01466127950731358	49.28294777130761
9.1187997278081	0.007	0.005	0.2683510253423145	1.715241536040894e-7	0.2797146983787594	0.014661284903094401	49.04113240598593
9.182106106196203	0.007	0.005	0.26765382013816813	1.707651978615229e-7	0.2791728183820755	0.01466128631313066	48.799147505633904
9.245774353285853	0.007	0.005	0.2669448575851508	1.7000960815372553e-7	0.27860427341973915	0.01466128371793816	48.556983659041144
9.309810802780992	0.007	0.005	0.26622417543839944	1.6925735720068213e-7	0.2780091196003343	0.014661277097024689	48.314631503818866
9.374221857331174	0.007	0.005	0.26549181034094443	1.6850842160761356e-7	0.2773874138355545	0.01466126642889255	48.0720818401891
9.439014002863695	0.007	0.005	0.2647477977434131	1.67762781675397e-7	0.2767392138497402	0.014661251691040907	47.829325583462655
9.504193792925511	0.007	0.005	0.263992172164285	1.670204216397151e-7	0.2760645784805366	0.014661232859972718	47.58635382966208
9.56976783689448	0.007	0.005	0.26322496741578194	1.662813298087462e-7	0.27536356797544964	0.014661209911206261	47.34315790504949
9.635742796591591	0.007	0.005	0.2624462167378767	1.655454986879296e-7	0.27463624422248517	0.014661182819287534	47.099729383390084
9.702125387179466	0.007	0.005	0.2616559528830102	1.6481292493387592e-7	0.2738826709414705	0.014661151557801962	46.8560600871293
9.768922346896252	0.007	0.005	0.2608542085755715	1.6408360977409403e-7	0.2731029142453274	0.014661116099403506	46.61214220216836
9.836140441632459	0.007	0.005	0.26004101656502143	1.633575589677437e-7	0.27229704283775424	0.01466107641583321	46.36796826292647
9.90378643354634	0.007	0.005	0.2592164101149316	1.6263478317081876e-7	0.27146512865003825	0.014661032477960663	46.12353126750755
9.971867084927142	0.007	0.005	0.25838042307284387	1.6191529795615395e-7	0.27060724708492645	0.014660984255810678	45.87882466288499
10.040389116467033	0.007	0.005	0.2575330905011153	1.6119912424042147e-7	0.26972347784517964	0.014660931718624906	45.6338424930568
10.109359210094501	0.007	0.005	0.25667444876920853	1.6048628823847436e-7	0.2688139052369255	0.01466087483489997	45.38857938432576
10.178783956321185	0.007	0.005	0.2558045363377433	1.5977682214142415e-7	0.2678786192161789	0.014660813572475014	45.14303072656864
10.248669855699115	0.007	0.005	0.25492339387827767	1.5907076397142804e-7	0.2669177157633606	0.014660747898584814	44.89719265855213
10.31902327338494	0.007	0.005	0.25403106498255396	1.5836815811612578e-7	0.2659312979064937	0.014660677779960073	44.65106221694073
10.389850401579913	0.007	0.005	0.25312759678411884	1.5766905565822972e-7	0.2649194766892846	0.014660603182934212	44.40463745264565
10.461157230178506	0.007	0.005	0.25221304048167875	1.5697351459657044e-7	0.2638823720586331	0.014660524073552887	44.15791751440355
10.53294950683045	0.007	0.005	0.25128745200126235	1.5628160026770794e-7	0.26282011393220434	0.014660440417705135	43.91090276516007
10.605232685999258	0.007	0.005	0.2503508928056557	1.5559338569127092e-7	0.26173284346591724	0.014660352181280601	43.66359493123205
10.678011881148981	0.007	0.005	0.2494034306691871	1.5490895193328203e-7	0.2606207143160109	0.014660259330338314	43.415997234797054
10.751291805567744	0.007	0.005	0.2484451406037501	1.5422838865727028e-7	0.2594838941096905	0.014660161831305113	43.168114558989885
10.82507673584508	0.007	0.005	0.24747610549019566	1.5355179415565116e-7	0.258322565595834	0.014660059651159617	42.919953529962804
10.899370409827519	0.007	0.005	0.24649641756870236	1.5287927619882547e-7	0.25713692884944495	0.01465995275772196	42.671522812960916
10.974176001060934	0.007	0.005	0.24550617892569734	1.5221095208588257e-7	0.25592720230914784	0.014659841119857731	42.42283314276412
11.04949601227416	0.007	0.005	0.24450550304220955	1.5154694930297649e-7	0.2546936251188647	0.014659724707814407	42.17389761771344
11.125332231296676	0.007	0.005	0.2434945155129106	1.5088740561200908e-7	0.2534364584898416	0.01465960349348684	41.92473177655924
11.201685624845684	0.007	0.005	0.24247335558062214	1.5023246965422826e-7	0.25215598808553275	0.014659477450796918	41.67535387225991
11.278556280538867	0.007	0.005	0.24144217701880422	1.4958230110522892e-7	0.2508525256210931	0.014659346556018688	41.425784977054924
11.355943296089205	0.007	0.005	0.24040114970547616	1.4893707110953523e-7	0.2495264113430965	0.014659210788210426	41.17604925050014
11.433844738398978	0.007	0.005	0.2393504602413865	1.4829696221918228e-7	0.24817801530942438	0.014659070129547166	40.926173970850854
11.512257518742802	0.007	0.005	0.23829031367365588	1.4766216881043677e-7	0.24680774007427903	0.014658924565817189	40.676189828243
11.591177349320835	0.007	0.005	0.2372209340985247	1.470328968608101e-7	0.24541602193698056	0.014658774086792075	40.426130946179036
11.670598641690807	0.007	0.005	0.23614256601822411	1.4640936414214377e-7	0.24400333314376968	0.01465861868671703	40.17603508041996
11.750514467633424	0.007	0.005	0.2350554748191368	1.4579179979848467e-7	0.2425701829247752	0.014658458364696016	39.925943611345566
11.830916472558197	0.007	0.005	0.23395994785622484	1.4518044423036263e-7	0.24111711928692753	0.014658293125177621	39.675901679132025
11.911794874721792	0.007	0.005	0.23285629432951088	1.4457554840594293e-7	0.23964472916697543	0.014658122978273425	39.42595804484363
11.993138358473361	0.007	0.005	0.23174484656166788	1.4397737366955437e-7	0.2381536403879801	0.014657947940296128	39.176165276413975
12.074934168699944	0.007	0.005	0.23062595848496684	1.433861903212725e-7	0.23664451982268167	0.014657768033869355	38.926579310929
12.15716799162822	0.007	0.005	0.22950000699970652	1.428022774685664e-7	0.23511807532092946	0.014657583288483225	38.67725967458908
12.239824105095154	0.007	0.005	0.22836738960290204	1.4222592108886844e-7	0.23357505252806895	0.014657393740446601	38.42826888079336
12.322885314493366	0.007	0.005	0.22722852490481674	1.4165741361842789e-7	0.23201623550341252	0.014657199433290623	38.179672486542884
12.406333117903843	0.007	0.005	0.2260838499655422	1.410970518438962e-7	0.2304424429143407	0.014657000417625016	37.93153846369186
12.49014771069425	0.007	0.005	0.22493381979430235	1.405451360458917e-7	0.22885452706917614	0.014656796751329956	37.6839370638925
12.574308216977274	0.007	0.005	0.22377890370609563	1.4000196764642685e-7	0.227253368518121	0.014656588499167617	37.436940022406354
12.658792697963175	0.007	0.005	0.22261958471481152	1.3946784842118276e-7	0.22563987472700303	0.014656375732886853	37.190620439125254
12.743578416409834	0.007	0.005	0.2214563553963277	1.3894307806899943e-7	0.22401497376155297	0.014656158530652939	36.94505192340423
12.82864194361162	0.007	0.005	0.22028971590505125	1.3842795305682894e-7	0.22237961084931945	0.014655936976812067	36.70030822307384
12.913959382884501	0.007	0.005	0.21912017039447554	1.3792276464932087e-7	0.22073474262774986	0.014655711161309181	36.45646253600107
12.99950652903501	0.007	0.005	0.21794822432792524	1.3742779769525728e-7	0.219081332554089	0.01465548117921585	36.21358703038166
13.085259110038601	0.007	0.005	0.21677438068416832	1.3694332890814583e-7	0.21742034469311836	0.014655247129987285	35.971752153988085
13.171192917282296	0.007	0.005	0.21559913772009925	1.3646962596156077e-7	0.2157527396489182	0.014655009116967916	35.73102628357235
13.257284067928808	0.007	0.005	0.21442298496315876	1.3600694602558447e-7	0.2140794679582191	0.014654767246490629	35.491475023918625
13.343509113995363	0.007	0.005	0.21324640134648332	1.3555553532280244e-7	0.21240146650044966	0.014654521627354287	35.25316095962368
13.429845248082687	0.007	0.005	0.21206985207246767	1.3511562828894579e-7	0.2107196531035525	0.014654272369997983	35.016143155264324
13.51627047410763	0.007	0.005	0.21089378601185876	1.346874469039328e-7	0.20903492191764167	0.014654019585735928	34.780476773820766
13.6027636505307	0.007	0.005	0.20971863489486034	1.3427120104953384e-7	0.20734814138423038	0.01465376338634081	34.546213057984
13.68930472072954	0.007	0.005	0.2085448100133237	1.338670878799e-7	0.20566014868057086	0.014653503883061391	34.313398813933105
13.775874683330864	0.007	0.005	0.2073727025154162	1.3347529249410642e-7	0.203971749366422	0.014653241186393481	34.0820766118871
13.862455772261356	0.007	0.005	0.2062026809077394	1.3309598790788133e-7	0.20228371307965765	0.014652975405221005	33.85228442744905
13.949031393557616	0.007	0.005	0.20503509190498348	1.3272933597700025e-7	0.20059677411531285	0.014652706646690482	33.62405593989039
14.035586254749134	0.007	0.005	0.2038702587213971	1.3237548762871617e-7	0.19891162838769919	0.014652435015503718	33.39742031932522
14.12210630850243	0.007	0.005	0.20270848191492966	1.3203458390434523e-7	0.19722893414687687	0.01465216061378949	33.17240250708587
14.208578774463437	0.007	0.005	0.2015500392119156	1.3170675666180669e-7	0.19554931129642164	0.014651883540748065	32.949023286628716
14.294992107689053	0.007	0.005	0.2003951860828946	1.3139212953866714e-7	0.19387334186778038	0.014651603892478365	32.727299491054865
14.38133599980224	0.007	0.005	0.19924415590803105	1.310908187356596e-7	0.1922015699667159	0.014651321761716804	32.50724412189102
14.467601275908365	0.007	0.005	0.19809716155559232	1.3080293419307945e-7	0.19053450383516154	0.014651037237934086	32.28886672860777
14.55377992758396	0.007	0.005	0.19695439516246696	1.3052858029739541e-7	0.18887261536161323	0.01465075040700812	32.072173434241996
14.639864973745262	0.007	0.005	0.19581603021739194	1.302678570353101e-7	0.18721634299189852	0.014650461351483087	31.857167390533387
14.725850486349955	0.007	0.005	0.194682221462943	1.3002086068006281e-7	0.18556609151846784	0.014650170150303319	31.64384880924407
14.811731427729018	0.007	0.005	0.1935531072934895	1.297876850107359e-7	0.18392223554465137	0.014649876879198812	31.432215456586924
14.897503709597538	0.007	0.005	0.1924288092285972	1.2956842171366573e-7	0.1822851187315691	0.014649581610341357	31.22226258869902
14.983163990585854	0.007	0.005	0.19130943482447652	1.2936316167750033e-7	0.18065505808344634	0.014649284412910283	31.013983524722768
15.06870976330693	0.007	0.005	0.1901950767808353	1.2917199526602972e-7	0.1790323427223016	0.014648985352682702	30.807369501394334
15.154139141109658	0.007	0.005	0.18908581597073407	1.289950134162951e-7	0.17741723839916781	0.014648684492678605	30.602410252601697
15.239450939497837	0.007	0.005	0.18798172061606078	1.2883230805480354e-7	0.1758099864126639	0.014648381892796348	30.399093867049498
15.324644486411826	0.007	0.005	0.18688284898027593	1.286839728380784e-7	0.17421080766496508	0.014648077610413233	30.19740729216065
15.409719686942172	0.007	0.005	0.18578924875045671	1.2855010360489034e-7	0.1726199019104083	0.014647771700101148	29.997336222467574
15.494676879668404	0.007	0.005	0.18470095910353684	1.2843079902044823e-7	0.17103745092082234	0.01464746421409385	29.798865478231424
15.579516851092984	0.007	0.005	0.18361801072115602	1.2832616093672982e-7	0.1694636186723821	0.014647155202200716	29.601979004054034
15.664240743531689	0.007	0.005	0.18254042716170493	1.2823629487532048e-7	0.16789855351111196	0.014646844712113437	29.406660112837542
15.748850058793904	0.007	0.005	0.18146822499528464	1.2816131041909157e-7	0.16634238852255714	0.01464653278937371	29.212891501934497
15.833346572469592	0.007	0.005	0.180401415065563	1.2810132159389508e-7	0.16479524353925668	0.014646219477675316	29.020655471730027
15.91773233255349	0.007	0.005	0.179340002667483	1.2805644716088478e-7	0.16325722557294461	0.014645904818863804	28.829933945978308
16.0	0.007	0.005	0.17830912189340228	1.2802738858496277e-7	0.1617647994575625	0.01464559640700236	28.64520624686821
