0.0	0.007	0.005	0.0	0.0	0.0	0.0	100.0
0.006218888083940433	0.007	0.005	0.01899782787136843	6.163098635760097e-5	1.4303717055008979e-5	2.697862847252344e-5	99.94099181541947
0.012177810234314256	0.007	0.005	0.03622594182484094	0.00011458193407932785	5.386157888022824e-5	9.988354634744483e-5	99.8844829956968
0.02004765751885143	0.007	0.005	0.05760054446175526	0.0001763812149957091	0.00014254846221973473	0.0002586770561210975	99.80990171779855
0.0284875475815976	0.007	0.005	0.07889189265666309	0.00023362483338756548	0.00028068890797142197	0.0004980559609774641	99.72998011961622
0.038193314065355685	0.007	0.005	0.10144487265447438	0.0002894863116416903	0.0004903410920214609	0.0008487430784718641	99.63815040666752
0.048666661392666496	0.007	0.005	0.12365261754080176	0.00033949172054191274	0.0007723467397545427	0.0013029253500523824	99.5391531860039
0.06008768052956956	0.007	0.005	0.14557724078482726	0.0003835183208587999	0.0011396809896846822	0.0018713030962257526	99.43131039691586
0.07226671113300544	0.007	0.005	0.16657609538275941	0.00041975622548829456	0.0015932119531945463	0.00254353769914098	99.31643882203957
0.08523220001579399	0.007	0.005	0.18650908686982748	0.00044709497896645465	0.0021385591487666656	0.003314528376105717	99.1942952770326
0.09890673396496377	0.007	0.005	0.20512143732595697	0.0004638194459100266	0.0027755708956340693	0.004167539558881127	99.06563481569988
0.11327711495868588	0.007	0.005	0.2223206163827046	0.00046831141129570676	0.0035050929479232703	0.005083130476593922	98.93060712346713
0.1283003691426009	0.007	0.005	0.23802642454418357	0.0004595001761872994	0.004325172719655813	0.006033829606388561	98.7896416440504
0.14396059520716425	0.007	0.005	0.2522338138511044	0.00043764463774893764	0.00523409452931638	0.006989589805803236	98.64291317192094
0.160229632703158	0.007	0.005	0.2649592460244448	0.0004046877836141832	0.006228566372050766	0.007918899336546477	98.4907112406039
0.17708489856125337	0.007	0.005	0.2762525822685241	0.000363914807770996	0.007304879825946565	0.008794124614307057	98.33327264204316
0.19454303534207637	0.007	0.005	0.286205157132764	0.00031903436191105673	0.008461428658306451	0.009596116168627346	98.17046818224564
0.21265240991659423	0.007	0.005	0.2949244040399297	0.0002733941417988828	0.009698724666715935	0.010314123608160261	98.00187546582477
0.2314466449521276	0.007	0.005	0.3025040094861672	0.0002296558995184471	0.011016393958957555	0.01094316127151011	97.82721306564113
0.2509299466699108	0.007	0.005	0.3090259712507837	0.00018967288414178742	0.012411961123057872	0.011483002121152077	97.64647550219077
0.27109511484866194	0.007	0.005	0.3145733273933389	0.00015447849237470196	0.013881996835131336	0.01193782117253105	97.45976422167712
0.29194773175741634	0.007	0.005	0.31923537521334683	0.00012440547366744114	0.015423926521043175	0.01231518955029299	97.26706325466836
0.3135134293364725	0.007	0.005	0.32310338649693754	9.929811712089759e-5	0.017036700323143653	0.012624452151241042	97.06817341602283
0.33583505470456604	0.007	0.005	0.3262652319204791	7.87181048668563e-5	0.018720676277919842	0.012875340541473932	96.86274033528588
0.358968173226965	0.007	0.005	0.32880227621953595	6.209697884193891e-5	0.020477315367544113	0.013077108361183212	96.65029758158909
0.38297792410272685	0.007	0.005	0.33078827615666184	4.883423823745452e-5	0.022308936488125417	0.013238094327473745	96.43029702666183
0.4079374814101372	0.007	0.005	0.332289360574949	3.83547096319756e-5	0.02421857270298512	0.013365554892628518	96.20212429512503
0.43392740214457826	0.007	0.005	0.33336444440586843	3.013879401504671e-5	0.026209886389979894	0.013465648336833448	95.965106066333
0.46103554874843866	0.007	0.005	0.3340657834773214	2.3735416347501775e-5	0.028287124600045375	0.013543500281479803	95.71851220137867
0.4893583243020591	0.007	0.005	0.3344395418821816	1.8764292205162033e-5	0.030455172887206318	0.013603310386581115	95.46154610818664
0.5190019325178193	0.007	0.005	0.33452625865460583	1.4912364503080025e-5	0.0327196081668737	0.013648470761427035	95.19333522881041
0.5500844380266341	0.007	0.005	0.33436123966972314	1.192697959762791e-5	0.03508680791795038	0.013681685620378628	94.91291471413003
0.5827387189325793	0.007	0.005	0.33397486395981896	9.607687194784565e-6	0.037564119474786266	0.013705083471248065	94.61920367062919
0.6171145858743861	0.007	0.005	0.33339284542608083	7.797895521441546e-6	0.04015995484248533	0.01372031679167018	94.31098969585975
0.6533829195315559	0.007	0.005	0.33263644580053975	6.376817686030884e-6	0.04288402417336083	0.013728650070582629	93.98689621117019
0.6917400905672313	0.007	0.005	0.331722650672748	5.252298187110347e-6	0.045747570059056344	0.013731033322475446	93.6453486043584
0.7324134767858195	0.007	0.005	0.33066431178048983	4.354625100973623e-6	0.04876365779605895	0.01372816225077437	93.28453225907036
0.775668221898159	0.007	0.005	0.32947025515122746	3.631376348640226e-6	0.051947523426959775	0.01372052585217936	92.90234175672914
0.821815640284215	0.007	0.005	0.3281453470728759	3.0432487980100307e-6	0.05531699771136346	0.013708442623835157	92.4963184253834
0.871223747585526	0.007	0.005	0.32669050559107315	2.560769074426319e-6	0.05889302505112572	0.01369208657905891	92.06357305485486
0.9243303408731998	0.007	0.005	0.3251026469765678	2.161760369341326e-6	0.06270028609300579	0.013671504283523286	91.60069150511873
0.9816590026873058	0.007	0.005	0.3233745597459553	1.8294318131377071e-6	0.06676792146923577	0.013646624104403416	91.10362189015292
1.0438376922063526	0.007	0.005	0.32149472250294364	1.5509650656594739e-6	0.07113029484590994	0.013617259129834485	90.56754880658012
1.111619065190667	0.007	0.005	0.31944710009720295	1.316483224735547e-6	0.0758276900660075	0.013583105531294291	89.98676511092984
1.185890311735571	0.007	0.005	0.31721129496699935	1.1183287774686502e-6	0.08090606120619079	0.013543744298617865	89.35464852462091
1.2676501396862099	0.007	0.005	0.31476371815667736	9.505662996751247e-7	0.08641436469741376	0.01349866162584593	88.6639304792576
1.3579074283696022	0.007	0.005	0.3120810776883359	8.086424376876834e-7	0.09239670531634112	0.013447317923030947	87.90762360208873
1.4574470762961957	0.007	0.005	0.3091476235204157	6.891164005346361e-7	0.09887648597595605	0.013389302345030761	87.08101408183235
1.5666101185192118	0.007	0.005	0.3059615443133765	5.89240651614342e-7	0.10584329759927086	0.013324487714685173	86.18342231943353
1.6854267310027113	0.007	0.005	0.3025306969965395	5.06421175120743e-7	0.11326381008250298	0.013252968965358878	85.21696640331582
1.8139308109051417	0.007	0.005	0.29886328060082973	4.3804280365353486e-7	0.1211030436042572	0.013174871152502297	84.18390802764873
1.9522092254360843	0.007	0.005	0.2949665057283754	3.8166561685699605e-7	0.1293275105706145	0.013090307832937475	83.08625690645552
2.1003223827648734	0.007	0.005	0.2908489048312397	3.351638564733892e-7	0.13790053952350956	0.012999421657818293	81.92640791732344
2.258189095948413	0.007	0.005	0.28652340905080276	2.96757915575795e-7	0.1467763866258827	0.012902450653345221	80.70800043143787
2.425488021809562	0.007	0.005	0.2820096601460216	2.6498449674035363e-7	0.15589646798035467	0.012799784862228854	79.43656614529588
2.601557536727758	0.007	0.005	0.27733605466719446	2.38651958596828e-7	0.1651866466205783	0.012692021991554354	78.12010351379294
2.7853167740401594	0.007	0.005	0.27254091367968475	2.167928773339775e-7	0.17455672109370243	0.012580006876941588	76.76940674786638
2.975255014882487	0.007	0.005	0.26767165312046876	1.9861758646979371e-7	0.18390402800792807	0.012464826079575095	75.39783196394639
3.1695502259553496	0.007	0.005	0.2627806960763561	1.8347020055673742e-7	0.1931229458731493	0.01234772315743616	74.02014570870323
3.3663544675312	0.007	0.005	0.25791767969604223	1.7079104725384733e-7	0.2021202186666482	0.012229917070659749	72.65032978827368
3.5641130953887146	0.007	0.005	0.2531217284010322	1.600959277624665e-7	0.21082836432489108	0.012112409378758926	71.2994047813343
3.761826004205966	0.007	0.005	0.24841603526247502	1.5097238426743048e-7	0.21921330181446821	0.011995836461420635	69.97390371912769
3.9590782730561407	0.007	0.005	0.2438084832359627	1.4308642329215597e-7	0.22727043670961602	0.011880465456840374	68.67604707495623
4.15588885549575	0.007	0.005	0.23929642238007642	1.3618258771304761e-7	0.23501392388779818	0.01176629734879293	67.40508841252108
4.352483897454638	0.007	0.005	0.23487266923537978	1.30071864090907e-7	0.24246494487575773	0.011653209106602199	66.1590042928018
4.54910352940993	0.007	0.005	0.23053015776029925	1.2461382723809208e-7	0.2496434080508806	0.011541069954140915	64.93580435107732
4.745897537120927	0.007	0.005	0.22626418922885333	1.1970093462095717e-7	0.25656439364610084	0.011429801534421443	63.734165048796285
4.942906453528848	0.007	0.005	0.22207263277038605	1.1524784309589976e-7	0.2632382305935381	0.011319386979160937	62.55348616166983
5.140093933749611	0.007	0.005	0.21795503116823833	1.1118501526397427e-7	0.26967228284064526	0.011209850814489141	61.39363890077148
5.337393727045129	0.007	0.005	0.21391149653989422	1.0745509247085206e-7	0.275872879465948	0.011101231684427884	60.25465484738803
5.534746159002803	0.007	0.005	0.20994192927928626	1.0401075603273265e-7	0.28184656202863806	0.010993562086470414	59.136505944452225
5.732114987500117	0.007	0.005	0.2060457048346937	1.0081318931487035e-7	0.2876005127475996	0.010886859699928223	58.039016268047256
5.929487533522708	0.007	0.005	0.20222171743719014	9.783066829465317e-8	0.29314242060506834	0.010781128088538094	56.96187434484837
6.126865849459597	0.007	0.005	0.19846859045657084	9.503716499980481e-8	0.29848012375372934	0.010676362102300076	55.9046924052444
6.3242568903549605	0.007	0.005	0.1947848842511451	9.241107520541723e-8	0.3036212921439453	0.010572553506758937	54.86706493052979
6.521665730018096	0.007	0.005	0.19116922707980355	8.993418036927522e-8	0.3085732486111704	0.010469694718136363	53.848605528255284
6.719093246165133	0.007	0.005	0.18762035226803675	8.759090310746409e-8	0.3133429349951498	0.010367780024841938	52.84895740116313
6.916536838158523	0.007	0.005	0.1841370779814549	8.536780746786638e-8	0.3179369581719391	0.01026680518451725	51.86778764978584
7.113992322339331	0.007	0.005	0.180718268602039	8.325326171319234e-8	0.32236165585760607	0.01016676643800559	50.90477639289761
7.311455723629147	0.007	0.005	0.17736280179524122	8.12371920489248e-8	0.32662314901279127	0.010067659621515483	49.95960749096464
7.508924269735338	0.007	0.005	0.1740695522533107	7.931087483825821e-8	0.3307273686056221	0.009969479717537989	49.031963966960085
7.7063964175402395	0.007	0.005	0.17083739294182065	7.746673734900911e-8	0.3346800587406865	0.009872220902228687	48.121528357486966
7.903871500106224	0.007	0.005	0.1676652023275246	7.569817714911762e-8	0.3384867727779702	0.009775876772429571	47.22798474872229
8.101349229747097	0.007	0.005	0.16455187312684846	7.39994011910829e-8	0.3421528685654142	0.00968044062765902	46.351021240694735
8.298829397238023	0.007	0.005	0.16149631711524337	7.236529553413618e-8	0.34568350920427987	0.009585905641316844	45.490331301985506
8.496311623321215	0.007	0.005	0.15849746861134084	7.079131516471272e-8	0.34908366574772465	0.009492264996133381	44.6456147511453
8.69379543717512	0.007	0.005	0.15555428271751376	6.927340609970646e-8	0.3523581259193941	0.009399511857726021	43.81657726109543
8.891280276415108	0.007	0.005	0.15266573484627485	6.780793670151621e-8	0.3555115010091444	0.009307639384787882	43.00293022572343
9.088765644044235	0.007	0.005	0.149830818027764	6.639164890158621e-8	0.3585482348671093	0.009216640665717092	42.204390001455614
9.286251134615465	0.007	0.005	0.1470485423039858	6.50216116707142e-8	0.36147261021283866	0.00912650871749192	41.42067773662534
9.48373642115533	0.007	0.005	0.14431793470193724	6.369517959885019e-8	0.3642887541113198	0.009037236501699129	40.65151936390364
9.681221242086252	0.007	0.005	0.14163803918575557	6.240995744428175e-8	0.36700064330383686	0.008948816939190637	39.89664558682043
9.87870542738454	0.007	0.005	0.13900791607169655	6.11637721637648e-8	0.36961210990284293	0.00886124290619371	39.15579171497529
10.076188780870785	0.007	0.005	0.13642664334559995	5.995463999884924e-8	0.37212684503139826	0.0087745072932349	38.42869803514161
10.273671119446924	0.007	0.005	0.13389331581546732	5.8780746660526636e-8	0.3745484045082432	0.008688602992448901	37.7151095725642
10.471152260017885	0.007	0.005	0.1314070449795906	5.764042728771808e-8	0.3768802136268851	0.008603522907774226	37.01477605381416
10.668632045649053	0.007	0.005	0.12896695840098366	5.6532151586018935e-8	0.37912557222833815	0.008519259947673108	36.32745173057808
10.866110319409172	0.007	0.005	0.12657219975148815	5.545450764638176e-8	0.38128765897232925	0.008435807040087593	35.652895392082115
11.063586924370712	0.007	0.005	0.12422192851623888	5.44061892943419e-8	0.38336953577936317	0.008353157135480769	34.99087028184548
11.261061742844607	0.007	0.005	0.1219153192495049	5.33859879221537e-8	0.38537415250116985	0.008271303193363765	34.34114388806597
11.458534644067067	0.007	0.005	0.11965156192605854	5.239277912904806e-8	0.38730435046960204	0.008190238206893116	33.7034880425931
11.656005497278196	0.007	0.005	0.1174298615003506	5.1425515102723584e-8	0.3891628666184017	0.008109955199488662	33.077678796756935
11.853474224033025	0.007	0.005	0.1152494370586917	5.048322118948296e-8	0.39095233777862937	0.008030447205812833	32.463496182553904
12.050940667423916	0.007	0.005	0.11310952300578349	4.9564979222291724e-8	0.3926753031626927	0.007951707326455842	31.86072454686939
12.248404749013002	0.007	0.005	0.11100936706542808	4.8669933789855464e-8	0.3943342093440952	0.007873728666281377	31.269151988317322
12.445866364210852	0.007	0.005	0.10894823117936706	4.779727895367374e-8	0.395931412728315	0.007796504378078198	30.688570610424893
12.643325421509042	0.007	0.005	0.10692539082612491	4.694625670861576e-8	0.39746918319631985	0.007720027648189953	30.118776329764295
12.840781803249056	0.007	0.005	0.10494013517187231	4.611614958327042e-8	0.39894970697836185	0.007644291712872616	29.559568918448242
13.038235417930535	0.007	0.005	0.10299176628687924	4.530628129713461e-8	0.40037509012603084	0.007569289839037818	29.01075178341992
13.235686174057008	0.007	0.005	0.10107959917759067	4.4516011327722976e-8	0.40174736125005406	0.007495015335440736	28.472131975488182
13.433133980136024	0.007	0.005	0.09920296154761069	4.3744731939005e-8	0.4030684743653364	0.007421461553488349	27.94352012200153
13.630578744679276	0.007	0.005	0.09736119356308358	4.2991865510215105e-8	0.404340311631619	0.007348621887960538	27.42473036076043
13.82802037620273	0.007	0.005	0.09555364762238915	4.2256862130097665e-8	0.4055646859935799	0.007276489777651766	26.91558027514536
14.025458770151133	0.007	0.005	0.09377968824646316	4.1539196187079755e-8	0.40674334364747616	0.007205058710650474	26.415890863221772
14.2228938612006	0.007	0.005	0.09203869138918658	4.083836934310478e-8	0.40787796680023086	0.007134322205955384	25.925486343490768
14.420325544805063	0.007	0.005	0.09033004492439753	4.015390138341436e-8	0.40897017556123955	0.007064273842316498	25.444194292070446
14.617753742573766	0.007	0.005	0.0886531478499538	3.948533480117683e-8	0.4100215305991774	0.006994907235068519	24.971845418496205
14.81517836304546	0.007	0.005	0.08700741042260637	3.8832229574992034e-8	0.41103353510808893	0.006926216050504052	24.5082736037118
15.01259931476391	0.007	0.005	0.0853922538356067	3.819416307547665e-8	0.41200763699347853	0.006858194001451455	24.053315809257768
15.210016519352203	0.007	0.005	0.08380710991249274	3.7570730214405856e-8	0.4129452309652975	0.006790834843077601	23.60681199101698
15.407429872290088	0.007	0.005	0.08225142122445116	3.6961538287143794e-8	0.41384766030810277	0.00672413238650393	23.16860513227318
15.604839321358085	0.007	0.005	0.08072464027514725	3.6366214184110147e-8	0.4147162191280849	0.006658080472407633	22.73854101409371
15.802244762046298	0.007	0.005	0.07922623013350813	3.5784392469396255e-8	0.41555215369173965	0.006592673006512468	22.316468393572137
15.999646115997457	0.007	0.005	0.07775566362954903	3.521572279737785e-8	0.4163566645323265	0.006527903933210648	21.902238777308103
16.0	0.007	0.005	0.07775305198933154	3.5192297014495295e-8	0.4163580792863158	0.006527788427313808	21.901503129704135
