0.0	0.007	0.005	0.0	0.0	0.0	0.0	100.0
0.00021204379721117812	0.007	0.005	2.9619359356194353e-5	0.00019345076450673834	1.515746141224767e-9	1.659956905378353e-6	99.9983747217697
0.0003091386704491187	0.007	0.005	4.3181326336111175e-5	0.0002501462731831474	3.221589093837331e-9	3.2551054091965663e-6	99.99763051554336
0.00048030109068391695	0.007	0.005	6.708772912908085e-5	0.0003191400739647588	7.776241417977578e-9	6.8773699952379274e-6	99.996318614873
0.0006245336492991246	0.007	0.005	8.723169314596035e-5	0.0003563523216046831	1.3147303049966754e-8	1.0477433084758548e-5	99.9952131356274
0.0008061615604800011	0.007	0.005	0.00011259694800877661	0.0003861079202938415	2.1905188568422718e-8	1.5458452391540143e-5	99.99382105480542
0.000989925961348789	0.007	0.005	0.00013825891878612597	0.00040412263267256313	3.3028270018503484e-8	2.0814342664340788e-5	99.9924126186555
0.0012007599577740604	0.007	0.005	0.0001676990001102353	0.0004160299173075592	4.8592256116636964e-8	2.718826351531083e-5	99.99079673587197
0.0014277576382561864	0.007	0.005	0.00019939366828826128	0.0004229703625140927	6.869671235059821e-8	3.420446632965271e-5	99.9890569998936
0.0016833604942287788	0.007	0.005	0.0002350793077966064	0.0004269496739707045	9.54882729780253e-8	4.220488959518746e-5	99.98709806683631
0.001967115419803697	0.007	0.005	0.0002746915868534823	0.0004290246975141579	1.3038295976493501e-7	5.114740330546414e-5	99.9849234220656
0.0022892358633618496	0.007	0.005	0.0003196548939537754	0.00043003136789427666	1.7656431067388687e-7	6.133382345565382e-5	99.9824548084496
0.0026564767510504467	0.007	0.005	0.0003709101161496918	0.0004304637987380194	2.3773277800205328e-7	7.296518611076618e-5	99.97964048255697
0.0030831591226181424	0.007	0.005	0.00043045314275386794	0.0004306215230626037	3.201966890770175e-7	8.648739082213587e-5	99.9763707303316
0.003586479147238124	0.007	0.005	0.0005006793301958679	0.0004306610341133154	4.332116807969215e-7	0.00010244105163548315	99.97251382593514
0.004194738277887184	0.007	0.005	0.0005855305846123579	0.0004306557412090297	5.92514592329739e-7	0.00012172069268314642	99.96785297943259
0.004950128944765089	0.007	0.005	0.0006908810981358435	0.00043063371984565144	8.249548054080448e-7	0.000145661773015585	99.96206502529171
0.005921723778261123	0.007	0.005	0.0008263431900910715	0.0004306020478877872	1.1802523186581622e-6	0.0001764511518479442	99.95462096435654
0.007203123197649174	0.007	0.005	0.0010049279064601412	0.0004305597300154404	1.745677005183132e-6	0.0002170510755405237	99.94480412358888
0.008784624844273725	0.007	0.005	0.0012252255228625201	0.0004305069592011334	2.595228852007664e-6	0.00026714844472816183	99.93268951960673
0.010412615859243357	0.007	0.005	0.0014518704099698825	0.0004304498368080213	3.6446032816902685e-6	0.00031870581688610056	99.9202203320326
0.011890042152659895	0.007	0.005	0.001657441235514235	0.0004303928885433143	4.750256685876423e-6	0.0003654838741113289	99.90890570373405
0.01319961222833607	0.007	0.005	0.0018395666463834229	0.00043034517973424046	5.852114841473829e-6	0.0004069383383815629	99.89887764605716
0.014406378694203793	0.007	0.005	0.002007320279352258	0.0004303084826670741	6.968718126720114e-6	0.0004451309738732958	99.88963770008867
0.015580149845698651	0.007	0.005	0.002170418581228239	0.00043027401965483214	8.147854850642505e-6	0.00048227251859343307	99.88065121190006
0.01676615837590953	0.007	0.005	0.0023351485848264065	0.00043023736920955495	9.432404960244968e-6	0.0005197945279673212	99.87157185448528
0.01798251062649961	0.007	0.005	0.002504021447083142	0.00043019817578248326	1.0846947697493151e-5	0.0005582694601656043	99.86226106134355
0.01922739386868777	0.007	0.005	0.002676780253706711	0.00043015709386790316	1.2396407556398116e-5	0.0005976394373660677	99.85273277125513
0.02048846414969572	0.007	0.005	0.00285170791578494	0.00043011496633663365	1.4070837286287638e-5	0.0006375136592038291	99.84308151311681
0.021752386504216285	0.007	0.005	0.003026952960167954	0.00043007258903421435	1.5854799015711682e-5	0.0006774702974079562	99.83340936341872
0.024269508979355866	0.007	0.005	0.003375723192237578	0.00042999726808539616	1.9722469232828366e-5	0.0007570211979055065	99.81414990674973
0.027530105753139876	0.007	0.005	0.0038270472629490025	0.00042988726221194936	2.535458604428957e-5	0.0008600232076733187	99.78920737038237
0.03416908999271892	0.007	0.005	0.004744392445912669	0.0004296655687443959	3.898463530901601e-5	0.0010695876875167847	99.73844049959655
0.04358379700291518	0.007	0.005	0.006041585353600546	0.00042934471356755776	6.325899978612567e-5	0.0013663988962119926	99.66649255748716
0.05368295158613243	0.007	0.005	0.00742828556894801	0.0004289860601241378	9.569966329077435e-5	0.001684297624881589	99.58937170890422
0.06437917249504972	0.007	0.005	0.00889156822588239	0.0004285786545615252	0.00013722166360618544	0.0020204213974781607	99.50775651323717
0.07476847447748443	0.007	0.005	0.010307561210940086	0.00042813974775080324	0.00018454492588671555	0.002346313821300678	99.4285472303215
0.0850147020332498	0.007	0.005	0.011698952359579792	0.00042764682710019894	0.0002379053795719832	0.002667114319875992	99.35049051925239
0.09456167005210847	0.007	0.005	0.012990841088935935	0.0004271131124816202	0.00029355077487212307	0.0029654357743759043	99.27781598174674
0.10374216617341034	0.007	0.005	0.014229014589534253	0.0004265128040720094	0.0003524074762593485	0.0032517192509118704	99.2079812840714
0.1121692032504938	0.007	0.005	0.015362018876565147	0.00042586659839286727	0.0004110126678056964	0.0035139453846971397	99.14392128227242
0.12023702760177615	0.007	0.005	0.01644355141533212	0.000425146128660921	0.00047119601742126615	0.00376443260893191	99.0826306737814
0.12762599921377638	0.007	0.005	0.01743136090670755	0.00042438191134254585	0.0005297895756402653	0.003993306456996413	99.026530496948
0.13473521993232335	0.007	0.005	0.018379322587710863	0.0004235397410458401	0.0005892795715285408	0.0042129763493726135	98.97258428926243
0.14126989948431065	0.007	0.005	0.019248559597645595	0.0004226593221508031	0.0006466397667823576	0.004414377181731124	98.92302373830714
0.14761038626646625	0.007	0.005	0.020090033564335308	0.0004216982987929461	0.0007047330501818081	0.004609271417264644	98.87495971342426
0.15347337035541486	0.007	0.005	0.020866446095946897	0.00042070480358844025	0.0007605761692028354	0.004788986426672186	98.83053617653309
0.15921375711902688	0.007	0.005	0.021625053062960888	0.00041962754632940706	0.0008172192937604371	0.004964432956376246	98.78706089090255
0.16455728068767697	0.007	0.005	0.022329819388246075	0.0004185225109023802	0.0008716873884985168	0.005127256254253201	98.74660846822819
0.1698322405475322	0.007	0.005	0.023024226386345062	0.0004173298555628876	0.000927095169371067	0.005287484537194067	98.70669134532598
0.17477500242858934	0.007	0.005	0.02367371703857027	0.0004161127116159789	0.0009804842661424507	0.005437130453986543	98.66930270298207
0.17968825368372898	0.007	0.005	0.024318195298963768	0.0004148035820958211	0.001034958472921076	0.005585376108773582	98.63215132421446
0.18432086293417024	0.007	0.005	0.024924826654255845	0.00041347193620910693	0.00108759771091737	0.005724658626906997	98.59713482303405
0.18895161197190377	0.007	0.005	0.02553021215303246	0.00041204368842775026	0.0011414489044962123	0.005863372164277151	98.56214480675543
0.19334318458312155	0.007	0.005	0.02610340518678837	0.0004105937572239991	0.001193653094640077	0.0059944170545249064	98.5289734833519
0.19775230854815765	0.007	0.005	0.026677984810744796	0.0004090425451813562	0.0012471724419452288	0.006125461623248499	98.49568081837391
0.20195614888643273	0.007	0.005	0.027224970010832555	0.00040746949823400623	0.001299228516561874	0.006249887448533669	98.46394869684028
0.20619119057884372	0.007	0.005	0.027775184276049213	0.000405790519171443	0.0013526822915026283	0.006374697314974338	98.43199139324443
0.21024920227511895	0.007	0.005	0.0283016176180577	0.00040408867380887457	0.0014048504177147645	0.006493754876638666	98.40137967536452
0.21434815640188606	0.007	0.005	0.028832587024085032	0.00040227627503877547	0.0014584840292395265	0.006613454558964777	98.37046877177974
0.2182941431251716	0.007	0.005	0.029343006152345676	0.0004004391509285345	0.001511004581238686	0.006728130263598873	98.3407205944767
0.22228827487302266	0.007	0.005	0.029858919284657146	0.00039848681077608194	0.0015650503377904715	0.006843622192859984	98.3106186207905
0.22615039379919377	0.007	0.005	0.03035707953732699	0.00039650706421964413	0.0016181529512963048	0.00695471380959608	98.28152033076806
0.23006634574480286	0.007	0.005	0.030861480549155607	0.0003944072629702273	0.0016728391665338856	0.007066742677301573	98.25202524113857
0.23386896315423455	0.007	0.005	0.03135060668064031	0.0003922765104912885	0.0017267525977212783	0.0071749153405886845	98.22339226245447
0.23773037765708535	0.007	0.005	0.0318466143530557	0.00039002049188289735	0.0017823134548395133	0.007284116194873358	98.19432509179718
0.24149553053439146	0.007	0.005	0.03232959651094915	0.0003877290174011944	0.0018372761613582045	0.0073899449027068865	98.16599082269362
0.2453243701517296	0.007	0.005	0.03282008017162251	0.00038530642441971934	0.0018939626261376588	0.007496880472791649	98.1371856701386
0.24907300331436252	0.007	0.005	0.03329963729497483	0.0003828427421874546	0.0019502347320476318	0.007600884037144724	98.10899211600596
0.25289072756465286	0.007	0.005	0.0337873709450537	0.00038024108452280284	0.002008327487842223	0.007706075748168155	98.08028725118346
0.2566438581260317	0.007	0.005	0.03426620176629127	0.00037759129997243403	0.0020662054209775156	0.007808746293325288	98.0520762426728
0.2604726104470503	0.007	0.005	0.03475401655141485	0.00037479517217109783	0.0021260315200576853	0.00791270289846741	98.02330517231785
0.26425258257206785	0.007	0.005	0.03523495921467192	0.0003719420331540601	0.0021858675029593636	0.008014534838482332	97.99490894116614
0.2681165759259998	0.007	0.005	0.035725918194965976	0.00036893193248511606	0.0022478236777490417	0.008117782962560409	97.96589002087096
0.2719486333162316	0.007	0.005	0.036212147085310495	0.0003658533648750071	0.0023100540104915176	0.008219306412990717	97.93711942943949
0.2758760146687991	0.007	0.005	0.03670977720173908	0.00036260382693413523	0.0023746418990870277	0.008322428810120398	97.90764192522022
0.27979055522436336	0.007	0.005	0.03720508209020934	0.0003592705651217136	0.002439831207805874	0.008424254753494098	97.87826962817489
0.28381626381975017	0.007	0.005	0.03771372683461814	0.00035574704765756285	0.002507714900854234	0.008527946487460551	97.84807238532247
0.2878525037186084	0.007	0.005	0.03822296382547473	0.00035211853741047046	0.0025766313030783877	0.008630837963802067	97.81780549909952
0.29202320015884226	0.007	0.005	0.03874838892568449	0.0003482718130000763	0.0026487396126532894	0.008736001472842585	97.78654018776803
0.296235872795753	0.007	0.005	0.03927830275491732	0.00034428850168782794	0.0027224947779463564	0.008841002364390232	97.75497034967259
0.3006195510138772	0.007	0.005	0.039828875490602336	0.00034004351832901734	0.0028002229145729	0.008948932205314212	97.72212981401732
0.3050929397969708	0.007	0.005	0.040389820907266144	0.0003356105230266896	0.0028805669711311215	0.009057637484230607	97.68862858100499
0.3098008024581277	0.007	0.005	0.040979193764852324	0.00033084089184027985	0.0029662360940101687	0.009170443081186029	97.6533837754417
0.31468406061455373	0.007	0.005	0.04158946956424406	0.0003257867759761817	0.0030562985686211196	0.009285684561652555	97.61683932939955
0.31993375049381145	0.007	0.005	0.042244343367398685	0.0003202410481694914	0.003154477771311102	0.009407526845508964	97.5775679013006
0.32556182610619344	0.007	0.005	0.04294504455150236	0.0003141768796845046	0.0032612894903725105	0.009535750789964187	97.53548342570915
0.3319530645962605	0.007	0.005	0.04373903862552835	0.0003071574889020236	0.0033845267719368414	0.009678294059134486	97.48771433534192
0.339631007380799	0.007	0.005	0.04469046577108609	0.00029856372252403567	0.0035352887063064492	0.009845142897655963	97.43035915437939
0.34935970970181834	0.007	0.005	0.04589223765053299	0.00028747220627887694	0.0037305421873285484	0.010049551142003767	97.3577330101673
0.3559193886241292	0.007	0.005	0.04670016576779531	0.0002799112048906731	0.0038648394255722867	0.010182904353609046	97.30879463578785
0.3624625273742388	0.007	0.005	0.04750415213384897	0.0002723146396230122	0.0040009054265130245	0.010312301642494054	97.26000416576747
0.3677481194868112	0.007	0.005	0.04815223134751274	0.00026616260933121707	0.004112348567488256	0.010414181264461992	97.22060875471642
0.3735537088943819	0.007	0.005	0.04886264331240307	0.00025939417383062603	0.004236320468742859	0.010523351684415908	97.17735600652723
0.37829830261858505	0.007	0.005	0.04944211814633072	0.0002538731434676991	0.004338846615620167	0.01061044971066757	97.14202216810777
0.38355713485418114	0.007	0.005	0.05008323794147348	0.0002477635739517278	0.00445375085790771	0.010704763341277767	97.10287371482175
0.3878797209582031	0.007	0.005	0.05060930449092358	0.00024276614124844192	0.004549190541831603	0.010780542204959222	97.07070679556313
0.39271241764624876	0.007	0.005	0.051196478797806054	0.00023720070934550575	0.004656948177619627	0.01086340961036938	97.03475645786925
0.39671492785573725	0.007	0.005	0.051682007964452846	0.00023262353203422123	0.004747034450658672	0.010930568990929	97.00499194162228
0.4012185899756442	0.007	0.005	0.05222748913392172	0.00022750199822170938	0.004849306259879567	0.011004552564122609	96.97151154421614
0.404982548713808	0.007	0.005	0.05268269561689111	0.00022325832147288357	0.00493551349918816	0.011065107416001392	96.94353899483878
0.40923185923960664	0.007	0.005	0.05319585414261421	0.00021850054902202218	0.005033635800996909	0.011132084235713954	96.9119691613267
0.41281945569107176	0.007	0.005	0.05362848733604927	0.00021452307311797177	0.005117135472489125	0.011187496791839268	96.88532347144366
0.41687096658568384	0.007	0.005	0.05411638852647621	0.00021006729621942906	0.005212153260124285	0.0112488374738895	96.85524101828743
0.4203289328298405	0.007	0.005	0.05453224575419372	0.00020630547564787072	0.005293853568752681	0.011300164010404665	96.82957302020488
0.42422551786176244	0.007	0.005	0.05500022692884561	0.00020210460465366092	0.005386579549642798	0.011356878308823867	96.80065736766345
0.4275890041812932	0.007	0.005	0.05540365107090445	0.00019852089650854821	0.005467182184161611	0.011404887180978445	96.77570466066057
0.4313634929463094	0.007	0.005	0.05585578578865258	0.0001945389610112205	0.005558252663821524	0.011457730082822474	96.74771050752099
0.4346589533484952	0.007	0.005	0.05625003289924218	0.0001911057402006831	0.005638298355134582	0.011502984130221165	96.7232757732139
0.4383370198693217	0.007	0.005	0.05668949577680931	0.00018731485039642142	0.005728222325016313	0.011552532291524382	96.69601143028893
0.44158463830743233	0.007	0.005	0.057077040143811084	0.00018401168998540777	0.005808133634391505	0.011595450380707483	96.67194425161742
0.44518676391087647	0.007	0.005	0.05750635407306072	0.00018038990742470302	0.005897326899861123	0.011642152839269697	96.64525692758683
0.44840218462028614	0.007	0.005	0.05788910479922279	0.00017720159518707867	0.00597743982395306	0.011683051890460002	96.62144083507292
0.45194504547601794	0.007	0.005	0.05831031509329758	0.00017373139724680725	0.006066249802056247	0.011727264811987378	96.59520624303525
0.45514062101310154	0.007	0.005	0.05868977164496718	0.00017064649124086224	0.006146837297498577	0.011766388863591331	96.5715493802233
0.45863807045373595	0.007	0.005	0.059104569001025016	0.00016731367130287428	0.00623556092675067	0.01180839958273606	96.5456643837794
0.4618237579504908	0.007	0.005	0.05948193252225667	0.0001643234607843546	0.00631685022571837	0.011845939955010576	96.52209280886632
0.46528752691039316	0.007	0.005	0.05989174051577682	0.0001611163387001941	0.006405746931358415	0.011885983834835386	96.49647018084275
0.468471535773122	0.007	0.005	0.060267994008199745	0.0001582140970310008	0.006487932334883384	0.011922093248666565	96.47292302939363
0.471911738110629	0.007	0.005	0.060674032098747686	0.00015512294746364774	0.006577233500776761	0.011960365694317352	96.44748767212573
0.47510099877764506	0.007	0.005	0.06104999827672894	0.00015230339683478344	0.006660485816382458	0.011995168220978809	96.42391365847843
0.4785265019401353	0.007	0.005	0.061453327935068344	0.00014932002952544254	0.006750401820364041	0.012031833397444186	96.39859983249555
0.4817270090018126	0.007	0.005	0.06182971143774927	0.00014657895542770211	0.0068348754072854465	0.01206543155363511	96.37495469068462
0.48514571017618335	0.007	0.005	0.06223127043778541	0.00014369640283962775	0.0069256009318561795	0.012100628819708982	96.3497039510375
0.48836277523807425	0.007	0.005	0.06260868882909652	0.00014103037603027216	0.007011438997822257	0.012133108671956001	96.32594855033233
0.49178181071069943	0.007	0.005	0.06300931717747481	0.00013824265734502743	0.007103157119238507	0.01216695741037543	96.30070818298019
0.4950202506560288	0.007	0.005	0.06338832393189724	0.0001356488325833302	0.007190495752629882	0.01219839228601358	96.27680712614139
0.4984461585661625	0.007	0.005	0.06378878394934817	0.00013295077174283493	0.007283381189831884	0.01223099559982111	96.25152893345758
0.5017104372037121	0.007	0.005	0.06416988565933525	0.00013042674163983388	0.00737235247267524	0.012261448812395779	96.22744950326143
0.5051492868975943	0.007	0.005	0.06457087786013765	0.0001278138247711945	0.007466574244010877	0.01229289639930448	96.20208883987463
0.5084436238932196	0.007	0.005	0.06495454737976993	0.0001253575125211817	0.00755730872671016	0.012322423280466626	96.1778001901845
0.5119011194779104	0.007	0.005	0.06535672310797899	0.00012282577573175237	0.007653032344697884	0.01235279368660063	96.15231519217193
0.5152295747740454	0.007	0.005	0.06574340965249474	0.00012043535657436045	0.007745661040140954	0.012381443111114243	96.12778772223166
0.518711139519684	0.007	0.005	0.0661473813024449	0.00011798129657560482	0.007843050370206422	0.012410805520322697	96.10213867995368
0.5220776794341279	0.007	0.005	0.06653751826985099	0.00011565514039076863	0.00793770638954549	0.01243862105954361	96.07734354566782
0.5255885280571554	0.007	0.005	0.06694386794543396	0.00011327564098866739	0.008036925327884128	0.01246703674821174	96.05149236793524
0.528997080212019	0.007	0.005	0.0673378793219154	0.00011101226876841474	0.00813374532366655	0.012494057569468713	96.02640107703927
0.5325422803178272	0.007	0.005	0.06774716610747732	0.00010870454111805909	0.008234959302993162	0.012521581085986687	96.0003108368793
0.5359967779275598	0.007	0.005	0.06814547153891456	0.00010650259343028169	0.008334084711555416	0.01254784264174643	95.97489492383309
0.5395813025638443	0.007	0.005	0.0685582376281579	0.00010426412748187041	0.008437462067229293	0.012574522766419976	95.94852947122202
0.5430857235270717	0.007	0.005	0.06896125680322736	0.00010212234002591804	0.008539040287236087	0.012600057347084682	95.92276021153955
0.5467144992025269	0.007	0.005	0.06937803300257425	9.995086344551194e-5	0.008644753592461767	0.012625937895584645	95.89608382088062
0.5502728992457524	0.007	0.005	0.06978618926959806	9.786804941946882e-5	0.008748939067554416	0.012650775060534554	95.86993199031707
0.553950849184576	0.007	0.005	0.07020749985751418	9.576149354526325e-5	0.008857166421272782	0.012675895550141694	95.84290904425414
0.557567393038598	0.007	0.005	0.07062122353974998	9.373652966383488e-5	0.008964121733781949	0.01270006248282766	95.81634469349316
0.5612994765257543	0.007	0.005	0.07104759058674225	9.169300138459893e-5	0.009075048017843682	0.01272445868569426	95.78893939669638
0.5649784661271031	0.007	0.005	0.07146732188260728	8.972481774757031e-5	0.009184944960331261	0.012747980476563097	95.76193164892297
0.5687697165027739	0.007	0.005	0.07189926932833952	8.774257535632487e-5	0.009298763135993373	0.012771684891382659	95.73410775301208
0.5725156199338667	0.007	0.005	0.07232546122148156	8.583014677481417e-5	0.009411783868591242	0.012794584781880598	95.70662459709997
0.5763711805596675	0.007	0.005	0.07276351863105919	8.390757992011212e-5	0.009528696290696533	0.01281762702907728	95.67834514169634
0.5801886597715125	0.007	0.005	0.07319663958331935	8.204991966339734e-5	0.009645034527529217	0.012839926608911832	95.65035323542966
0.5841138207769376	0.007	0.005	0.07364134590080224	8.018553165709346e-5	0.009765254360333398	0.012862333775084757	95.62158028476114
0.5880077599578021	0.007	0.005	0.07408188253658075	7.838168647622273e-5	0.009885116642491042	0.012884053149329694	95.59304475447534
0.5920079937850238	0.007	0.005	0.07453378960533723	7.657407984569551e-5	0.010008869319639218	0.012905850074436707	95.56373914415155
0.5959835282900459	0.007	0.005	0.0749822493714647	7.482312623071444e-5	0.010132476375729501	0.012927008003096834	95.53462338151198
0.600064525344124	0.007	0.005	0.07544192536525816	7.307099060341916e-5	0.010260001145764776	0.012948217524337525	95.5047444659572
0.6041270738820929	0.007	0.005	0.07589883946231298	7.137203106133773e-5	0.010387589429016996	0.012968831550830971	95.47500990225171
0.6082947808873673	0.007	0.005	0.07636687251175356	6.967413217565251e-5	0.010519141072606531	0.012989474720319454	95.44451528387981
0.6124500775597557	0.007	0.005	0.07683279870098783	6.802629314721973e-5	0.010650964376717063	0.013009561271001073	95.414121166935
0.6167107372142715	0.007	0.005	0.0773098005444126	6.638146364145933e-5	0.010786815059818702	0.013029657541317935	95.38296641755828
0.6209648693465334	0.007	0.005	0.07778532648599135	6.47838925710429e-5	0.010923146408191434	0.013049232027164268	95.35186954798696
0.6253250620690982	0.007	0.005	0.07827193622075998	6.319102421740278e-5	0.01106358770475765	0.01306879941059944	95.3200079168427
0.6296845082908961	0.007	0.005	0.0787576827035213	6.16428882395854e-5	0.011204721350226795	0.013087876302325333	95.28816238443588
0.6341511972108892	0.007	0.005	0.07925457075064651	6.0100925156938536e-5	0.01135006648137313	0.013106931510546153	95.25554448465653
0.6386228709999046	0.007	0.005	0.07975119538019887	5.860140939016126e-5	0.011496320193689262	0.013125524412314757	95.22290136704238
0.6432034514008358	0.007	0.005	0.08025906777619582	5.710934195431308e-5	0.011646906536774238	0.013144082981161919	95.18947483203392
0.6477947494665547	0.007	0.005	0.0807672690262505	5.5657647964452086e-5	0.011798624175711986	0.013162204696899079	95.15598186053431
0.6524971019445963	0.007	0.005	0.08128687193530741	5.42145078160492e-5	0.011954816035859404	0.013180281092245262	95.12169097602346
0.6572159567165772	0.007	0.005	0.08180739345403462	5.280985266407689e-5	0.012112370403608878	0.013197943679978162	95.08729217446992
0.6620485054529518	0.007	0.005	0.08233951802833402	5.141470842345239e-5	0.012274562111331181	0.01321555139003024	95.05207747641835
0.6669034450200785	0.007	0.005	0.08287315353878003	5.005632342800402e-5	0.012438358215519772	0.013232766215521526	95.01671274898104
0.6718752237857966	0.007	0.005	0.08341864138073012	4.870827656496648e-5	0.012606977661116727	0.013249917837171808	94.98051056879926
0.6768754382996798	0.007	0.005	0.08396624002636832	4.739540642790742e-5	0.012777456382445193	0.013266695619306716	94.9441152446156
0.6819961628944564	0.007	0.005	0.08452598906716967	4.6093587952603115e-5	0.012952968971776576	0.01328340293067679	94.9068572117696
0.6871515803081911	0.007	0.005	0.08508846147291423	4.482548971575198e-5	0.013130611262637067	0.013299753785649718	94.86936152613218
0.6924317285817625	0.007	0.005	0.0856634323465213	4.356905754549828e-5	0.013313524362941056	0.01331602780692016	94.83097402048476
0.6977530974886134	0.007	0.005	0.0862417570967231	4.234500027029225e-5	0.013498855935281457	0.013331961280127742	94.79230254966171
0.7032040024278827	0.007	0.005	0.08683298054931714	4.113313619073054e-5	0.013689724036901583	0.013347812336701579	94.75270606453853
0.7087029892040982	0.007	0.005	0.08742821180459236	3.995239992056096e-5	0.013883320828201982	0.013363337441108677	94.71277706279145
0.7143369414141938	0.007	0.005	0.08803679666529951	3.878430752772786e-5	0.01408275134278383	0.013378775211912863	94.67188550657984
0.7200262389290824	0.007	0.005	0.08865007253889519	3.7646182708620726e-5	0.014285245717103927	0.013393900458038973	94.63061016649394
0.7258566041115623	0.007	0.005	0.08927721477776542	3.652108533406773e-5	0.01449390565827113	0.013408934021756594	94.58833006330654
0.7317500552981752	0.007	0.005	0.08990976673652566	3.5424872347164406e-5	0.014705993514075503	0.013423667443911574	94.54561167690088
0.7377914070896161	0.007	0.005	0.09055675954485147	3.434201139305325e-5	0.014924617137370665	0.013438305317814939	94.50184126523983
0.7439041473090117	0.007	0.005	0.09120992314478236	3.3287019919495485e-5	0.015147066131342389	0.013452654500385705	94.45757425904817
0.7501724203804191	0.007	0.005	0.09187816844021589	3.224565316201505e-5	0.01537646378359484	0.013466904677794381	94.41220245482386
0.7565210408350117	0.007	0.005	0.09255339549808005	3.123120160185393e-5	0.015610122836084641	0.013480876778951777	94.36627128473
0.7630337067770341	0.007	0.005	0.09324441697006579	3.023060166017521e-5	0.01585119119759176	0.01349474676288174	94.31917649269452
0.7696364406985765	0.007	0.005	0.09394328918832229	2.9256016891902244e-5	0.016097001439784646	0.01350834853183005	94.27145438857515
0.776412707796465	0.007	0.005	0.09465874681825596	2.8295470253430186e-5	0.016350735304913506	0.013521845359415823	94.22250315698427
0.7832896458908041	0.007	0.005	0.09538299135077871	2.736008729000405e-5	0.01660974282084633	0.013535083153060845	94.17285067336013
0.790350690473741	0.007	0.005	0.0961246979997484	2.643889331074573e-5	0.016877248825913807	0.013548213418556323	94.12189613971603
0.7975240307606314	0.007	0.005	0.09687620524827936	2.5542054908531393e-5	0.017150619522944815	0.013561093217019904	94.07015947917766
0.8048932677378086	0.007	0.005	0.09764614583264389	2.4659524598591982e-5	0.017433132263774985	0.013573863096305873	94.01703955642829
0.8123876049765387	0.007	0.005	0.09842698970852959	2.38005809820578e-5	0.017722169237309075	0.013586390515067851	93.96304863318177
0.8200909980814537	0.007	0.005	0.09922734267188385	2.2956036401672284e-5	0.018021069982344207	0.01359880577991728	93.9075839379793
0.8279336583311329	0.007	0.005	0.10003980352484247	2.2134345235725047e-5	0.01832723378592393	0.013610986076332446	93.85115014739728
0.8360000802845913	0.007	0.005	0.10087296525711587	2.132711902591309e-5	0.01864407238995805	0.013623052104638846	93.79314160331562
0.8442215115714502	0.007	0.005	0.1017195561433583	2.054204529950342e-5	0.01896900487399994	0.013634890183403291	93.73405522581402
0.8526831645658082	0.007	0.005	0.10258816890154646	1.977148020928319e-5	0.01930552556038277	0.013646611967204424	93.67328127488388
0.8613173885398299	0.007	0.005	0.10347166511129688	1.902239653452439e-5	0.019651077758526543	0.013658112376997865	93.61130848821331
0.8702102900012608	0.007	0.005	0.10437864830502462	1.828784543498855e-5	0.020009249276370523	0.013669494520370295	93.54752188538365
0.8792954263893954	0.007	0.005	0.10530212065030051	1.757413251392654e-5	0.020377514139773983	0.013680661444335815	93.4824013118336
0.8886599726101418	0.007	0.005	0.10625070599064776	1.6874958628335744e-5	0.02075956515801394	0.013691708154146973	93.41532542458629
0.8982388443171793	0.007	0.005	0.10721755777016073	1.6196006117182385e-5	0.021152915844998954	0.01370254538957378	93.34676417094408
0.9081204537823214	0.007	0.005	0.1082113274949452	1.5531584076853544e-5	0.02156137607160476	0.013713260448006642	93.27608878664404
0.918241274783672	0.007	0.005	0.1092253342863972	1.4886792253256959e-5	0.021982510315352095	0.013723771366588963	93.20375797884213
0.9286911186837467	0.007	0.005	0.11026826205916875	1.4256509744755585e-5	0.022420258096123896	0.013734158086135276	93.12913458512978
0.9394082667166054	0.007	0.005	0.11133361327296251	1.3645291941297497e-5	0.02287224919541364	0.013744345571854482	93.05266440408562
0.9504840749247714	0.007	0.005	0.1124301052054451	1.3048552569180488e-5	0.023342565572411884	0.013754406718651701	92.97370104890481
0.9618589293300499	0.007	0.005	0.11355144397112997	1.2470338971594438e-5	0.023828919632770635	0.013764273068279795	92.89267543247949
0.9736258346120424	0.007	0.005	0.11470637455624562	1.1906567097831228e-5	0.024335547680736643	0.013774010733900695	92.80893145518147
0.9857276173737917	0.007	0.005	0.11588882826958417	1.1360811055951015e-5	0.024860264777922157	0.013783557491506837	92.72288293470731
0.9982589628160001	0.007	0.005	0.117107562353354	1.0829459081091266e-5	0.025407471156436403	0.013792972893247064	92.63386412907712
1.0111654776493564	0.007	0.005	0.11835675223090458	1.0315646209621929e-5	0.025975105814606294	0.013802200598710958	92.54226957389523
1.024543416166874	0.007	0.005	0.11964513525176348	9.816205651998883e-6	0.026567736711415428	0.013811293766202548	92.44742502166119
1.0383414450804782	0.007	0.005	0.12096714094549284	9.33386736115792e-6	0.02718344631230129	0.01382020156524654	92.34970401577237
1.0526569999587536	0.007	0.005	0.122331425749668	8.865885246257553e-6	0.027826961610620204	0.01382897085561873	92.2484269425518
1.0674419065437046	0.007	0.005	0.12373266325028301	8.414618311045552e-6	0.02849652019448657	0.013837555903642173	92.14394597320425
1.0827939037841976	0.007	0.005	0.12517932065688314	7.97771979197803e-6	0.029196975637996836	0.013845997280133502	92.03558275501742
1.0986676696253843	0.007	0.005	0.12666626617359147	7.557212359651921e-6	0.02992671259569489	0.013854253873491344	91.92367059985884
1.115159536832889	0.007	0.005	0.1282015943875397	7.151129429194201e-6	0.030690636320712086	0.01386235988026741	91.80754487801319
1.1322260065586311	0.007	0.005	0.12978025448950728	6.7611909518371155e-6	0.03148723298946408	0.013870278282451439	91.68752760678763
1.1499590232779184	0.007	0.005	0.13140967754710892	6.385790738461074e-6	0.032321316492738277	0.013878036754306596	91.56298915106267
1.1683147885743892	0.007	0.005	0.13308469086129937	6.026375017594483e-6	0.03319136876240034	0.013885601844166158	91.4342553215993
1.1873762693704473	0.007	0.005	0.13481164733121775	5.6816701510354754e-6	0.03410187761236871	0.013892994633765744	91.30076368487971
1.2070960908961432	0.007	0.005	0.13658496934480058	5.35286424778321e-6	0.03505114461834334	0.013900184903799365	91.16286664997936
1.2275423607582732	0.007	0.005	0.13840944103917582	5.038967550035289e-6	0.036043011376708955	0.013907187464015473	91.02010961651482
1.2486605650099631	0.007	0.005	0.14027881061007888	4.7409007228183715e-6	0.03707538839924486	0.013913975522290713	90.87289578538042
1.2704984969731357	0.007	0.005	0.14219589593895615	4.457875884546217e-6	0.03815114453017841	0.013920558758340614	90.7209151771027
1.2929928424715822	0.007	0.005	0.14415371349044917	4.1905090702882165e-6	0.03926766307784958	0.01392691480487721	90.56463202326866
1.3161689939301549	0.007	0.005	0.14615306303751885	3.938104431987958e-6	0.0404266607364099	0.013933050334532524	90.40389349465146
1.33995729463123	0.007	0.005	0.14818655268748232	3.7009320124532055e-6	0.04162505910251835	0.01393894892370776	90.23920607944507
1.3643638426221325	0.007	0.005	0.1502533755212335	3.4782871483793185e-6	0.04286350633274305	0.013944616735358276	90.07055031144604
1.389318863147223	0.007	0.005	0.15234635511405126	3.2700920343909764e-6	0.04413873843572008	0.013950044369869167	89.89843036623178
1.4148159089016843	0.007	0.005	0.15446376359644237	3.075584749789569e-6	0.0454506309838008	0.013955239263470013	89.72291166037884
1.440791796438206	0.007	0.005	0.15659924418863064	2.894400211195489e-6	0.04679607147721407	0.013960198836907873	89.54444905658087
1.4672344481298032	0.007	0.005	0.15875078266647902	2.7257307432615217e-6	0.048174504528043616	0.013964932307316835	89.3631442238708
1.4940914738490882	0.007	0.005	0.16091317321902196	2.569024939814753e-6	0.04958320903192583	0.013969442519840577	89.17937398871248
1.5213499736691811	0.007	0.005	0.1630845161626571	2.4234726436384034e-6	0.051021459779920654	0.013973740014632828	88.99324307577466
1.548969434245689	0.007	0.005	0.16526079214122077	2.2884377138274626e-6	0.052487020639998744	0.013977831199059213	88.80504362157734
1.5769386277715138	0.007	0.005	0.1674403925696039	2.163151228160286e-6	0.053979150478685255	0.013981727140450796	88.61486666515812
1.605227885434624	0.007	0.005	0.16962033686730763	2.046969269306871e-6	0.05549608181409588	0.013985436121309954	88.42292770702535
1.6338285338980147	0.007	0.005	0.17179934101153227	1.939193328371661e-6	0.05703712873220453	0.013988969023102846	88.22929862579697
1.6627197968697767	0.007	0.005	0.17397524826938054	1.8392188757285077e-6	0.05860092062867597	0.013992334765354966	88.0341325477228
1.6918955745488953	0.007	0.005	0.17614706427476015	1.7464309688421574e-6	0.06018684855272909	0.013995543563799649	87.83748262550723
1.721341921342258	0.007	0.005	0.17831324615028563	1.660287509721105e-6	0.06179385221190945	0.013998604193115872	87.63945442006006
1.7510549552835744	0.007	0.005	0.18047303103920395	1.580258508743983e-6	0.06342139607673204	0.014001525947949766	87.44008526073807
1.7810257574727213	0.007	0.005	0.18262531438277896	1.505871488062389e-6	0.06506864934291273	0.014004317027540236	87.23944597834753
1.8112522127714707	0.007	0.005	0.18476950685775062	1.4366758648779014e-6	0.06673513632336647	0.01400698571534225	87.03756151722382
1.841728986432309	0.007	0.005	0.18690480680259908	1.3722669928180071e-6	0.06842018813387642	0.014009539438566275	86.83447816853602
1.8724552974305901	0.007	0.005	0.18903074881124327	1.31226493683515e-6	0.07012337245609226	0.014011985481646793	86.63021169950473
1.9034283145141992	0.007	0.005	0.19114673562946707	1.256326711546325e-6	0.07184412998976816	0.014014330445957969	86.42479145313966
1.934648228182572	0.007	0.005	0.1932523870434411	1.2041333601182053e-6	0.07358205633923597	0.014016580684961566	86.21822666598136
1.9661139166955313	0.007	0.005	0.19534724013220822	1.1553958095042513e-6	0.07533666215266739	0.014018741998218988	86.01053527758323
1.9978262480383662	0.007	0.005	0.19743097057987727	1.1098467743111582e-6	0.0771075573678835	0.014020819900735768	85.80172210903885
2.029785244209754	0.007	0.005	0.19950320147490544	1.0672432358431319e-6	0.0788942935942229	0.01402281945312508	85.59179762495094
2.0619922219369586	0.007	0.005	0.20156364308668728	1.0273612088791666e-6	0.08069648389366722	0.014024745431018072	85.3807638552839
2.094447935686569	0.007	0.005	0.203611970956614	9.899964951964773e-7	0.08251369922445269	0.01402660223345215	85.1686266223252
2.1271539681304117	0.007	0.005	0.20564791437442048	9.549611735972442e-7	0.08434554637147368	0.014028393992085785	84.95538644059188
2.160111517439949	0.007	0.005	0.20767117897895768	9.220835080589557e-7	0.08619160017826896	0.014030124524439757	84.74104646147833
2.1933222851178282	0.007	0.005	0.20968150187086673	8.912055261351275e-7	0.08805145334692814	0.014031797405324266	84.52560668983224
2.226787696311443	0.007	0.005	0.2116786033594867	8.621825383517341e-7	0.08992467284367807	0.014033415946033051	84.30906906427609
2.260509458202961	0.007	0.005	0.213662220855356	8.348814147637057e-7	0.09181083123679544	0.01403498324208763	84.09143383551596
2.2944890492118106	0.007	0.005	0.2156320783759309	8.09179976592257e-7	0.09370947818401285	0.014036502166140667	83.87270287399735
2.3287280819131655	0.007	0.005	0.21758790819975696	7.849657161386028e-7	0.09562016082904827	0.01403797540162223	83.65287732407879
2.363227963933475	0.007	0.005	0.2195294314606167	7.621351831792323e-7	0.09754240497219609	0.014039405442741857	83.43195978418866
2.397990123488722	0.007	0.005	0.22145637152401776	7.405930176427729e-7	0.09947572781282071	0.014040794618496994	83.20995285124675
2.4330157855151615	0.007	0.005	0.22336844187375016	7.202513782838429e-7	0.10141962566517097	0.014042145096405664	82.98686054656797
2.4683061114114473	0.007	0.005	0.22526535451727153	7.010291939748187e-7	0.10337358197087076	0.014043458900269007	82.76268741206415
2.5038620500045305	0.007	0.005	0.2271468125220767	6.828516563691991e-7	0.10533705931170742	0.01404473791554926	82.53743944756908
2.539684417241369	0.007	0.005	0.22901251511057513	6.656496323486411e-7	0.10730950416874628	0.014045983902711811	82.31112358951303
2.5757738104745984	0.007	0.005	0.23086215393960965	6.493592183476455e-7	0.10929034258488372	0.014047198503621572	82.0837482383292
2.6121306264336113	0.007	0.005	0.23269541498327087	6.33921283488328e-7	0.11127898162522207	0.014048383251017899	81.85532312614635
2.648755031193964	0.007	0.005	0.23451197795421047	6.192810781401827e-7	0.11327480825742949	0.014049539575617002	81.6258594864274
2.685646951401203	0.007	0.005	0.2363115168892077	6.053878690280167e-7	0.11527718947223148	0.01405066881334056	81.3953700875744
2.7228060505399325	0.007	0.005	0.23809370005279124	5.921946130073005e-7	0.11728547166360422	0.014051772211516381	81.16386935835816
2.7602317220825037	0.007	0.005	0.23985819073047793	5.796576544449288e-7	0.1192989810048239	0.014052850935098733	80.93137340582295
2.7979230851957535	0.007	0.005	0.24160464815550148	5.677364497430811e-7	0.12131702402928844	0.014053906072454086	80.69790001633756
2.835878955285645	0.007	0.005	0.24333272730211894	5.563933241219251e-7	0.1233388869384684	0.014054938640002141	80.4634688110774
2.874097859720416	0.007	0.005	0.24504208080318568	5.455932366021423e-7	0.12536383740411858	0.014055949587720629	80.22810112021452
2.9125780031283717	0.007	0.005	0.24673235857476497	5.353035807204345e-7	0.12739112375191727	0.014056939802887213	79.99182016768847
2.9513172990398533	0.007	0.005	0.24840321041815602	5.254939846027945e-7	0.1294199777288016	0.014057910115231302	79.75465084635678
2.9903133301740343	0.007	0.005	0.25005428545268427	5.161361477397794e-7	0.13144961356291765	0.014058861299896785	79.51661993122619
3.0295633915323177	0.007	0.005	0.25168523511841395	5.072036713849253e-7	0.13347923142146959	0.01405979408219005	79.27775578491116
3.0690644562924745	0.007	0.005	0.2532957128303938	4.986719227441357e-7	0.13550801687815603	0.014060709140119528	79.03808853528216
3.1088132072352197	0.007	0.005	0.25488537635953284	4.905178954884841e-7	0.1375351438273063	0.01406160710826436	78.79764985335808
3.148806034896972	0.007	0.005	0.2564538887449096	4.827200905118166e-7	0.13955977569258327	0.014062488580579277	78.55647293484424
3.189039057483014	0.007	0.005	0.2580009200131336	4.752584022214294e-7	0.14158106776412382	0.014063354113461815	78.31459235070379
3.2295081282501283	0.007	0.005	0.2595261483083618	4.681140172948186e-7	0.14359816889751395	0.014064204228311488	78.07204397481927
3.270208862415016	0.007	0.005	0.26102926167230034	4.612693186025367e-7	0.14561022418065597	0.014065039414297285	77.82886479592307
3.311136656950319	0.007	0.005	0.26250995941797034	4.5470779881850946e-7	0.1476163772053353	0.014065860130759465	77.58509277479511
3.3522867029679526	0.007	0.005	0.26396795312619803	4.4841398226107744e-7	0.14961577194116032	0.014066666809283871	77.34076674762366
3.393654026209023	0.007	0.005	0.26540296852408124	4.423733493837651e-7	0.1516075559297077	0.01406745985616122	77.0959261646995
3.4352334983246315	0.007	0.005	0.2668147461771905	4.365722714806406e-7	0.15359088198299506	0.014068239654100442	76.85061100579206
3.4770198791738944	0.007	0.005	0.26820304312806165	4.309979466636492e-7	0.15556491130115127	0.01406900656439021	76.60486151477362
3.5190078378933913	0.007	0.005	0.2695676336465943	4.256383439667008e-7	0.15752881547068395	0.014069760928506475	76.35871806339549
3.561191985729745	0.007	0.005	0.27090831024087836	4.204821502862761e-7	0.15948177892411272	0.014070503069811745	76.11222094897514
3.60356689833996	0.007	0.005	0.2722248841882571	4.155187227190432e-7	0.16142300079918306	0.014071233294945895	75.86541025721945
3.6461271611820396	0.007	0.005	0.27351718665230196	4.107380420835795e-7	0.16335169774253283	0.01407195189550689	75.61832559393093
3.6888673845050675	0.007	0.005	0.2747850687084397	4.0613067327289517e-7	0.16526710518774992	0.01407265914909905	75.37100599769427
3.7317822356254657	0.007	0.005	0.27602840179695676	4.0168772665192087e-7	0.16716847930975592	0.014073355320594835	75.12348975493462
3.7748664688070153	0.007	0.005	0.2772470779734835	3.974008225636888e-7	0.1690550987335272	0.01407404066326659	74.87581423260461
3.8181149468772797	0.007	0.005	0.27844100981354436	3.932620590221641e-7	0.17092626574931402	0.014074715419709812	74.62801576174427
3.8615226687764133	0.007	0.005	0.27961013039252147	3.892639812902587e-7	0.17278130766473118	0.014075379822795917	74.38012948987688
3.905084779967092	0.007	0.005	0.2807543927189874	3.8539955484701576e-7	0.17461957730232527	0.014076034096303383	74.13218933411471
3.9487966059905637	0.007	0.005	0.28187376972331596	3.8166213812694966e-7	0.1764404543732754	0.014076678455852967	73.88422780454228
3.9926536600719293	0.007	0.005	0.28296825348931964	3.780454592634551e-7	0.17824334563387534	0.014077313109401161	73.63627597805127
4.036651662247719	0.007	0.005	0.28403785475015414	3.7454359335352675e-7	0.18002768543345565	0.01407793825787134	73.38836340836642
4.080786552638835	0.007	0.005	0.2850826021932168	3.7115094155501184e-7	0.18179293592002047	0.01407855409566251	73.14051807119385
4.125054492873721	0.007	0.005	0.2861025414669445	3.6786221219629733e-7	0.18353858669274484	0.014079160810966418	72.89276637718982
4.169451887898146	0.007	0.005	0.28709773465615557	3.646724017292747e-7	0.18526415519384876	0.014079758586344238	72.6451330716572
4.213975369387949	0.007	0.005	0.288068258875572	3.615767793328865e-7	0.18696918552649028	0.014080347598758496	72.39764134986213
4.258621835015781	0.007	0.005	0.28901420611674367	3.585708684679029e-7	0.18865324938287228	0.01408092802033796	72.15031266162154
4.303388410719719	0.007	0.005	0.28993568141667003	3.5565043497646797e-7	0.19031594396410104	0.014081500018104074	71.90316694474527
4.3482724867627045	0.007	0.005	0.29083280264313444	3.5281147071249805e-7	0.19195689267526503	0.014082063754656734	71.65622244891384
4.393271679362987	0.007	0.005	0.2917056987566801	3.500501829069055e-7	0.19357574300953848	0.014082619387891973	71.40949597103462
4.438383863543862	0.007	0.005	0.2925545095547416	3.4736297960617824e-7	0.1951721670400166	0.01408316707161538	71.16300269775805
4.483607149184542	0.007	0.005	0.2933793843084883	3.44746459595055e-7	0.19674585981249754	0.014083706955432025	70.91675636043428
4.528939880710253	0.007	0.005	0.2941804809206324	3.421974012771628e-7	0.19829653860365667	0.014084239184930519	70.67076925926969
4.574380636655043	0.007	0.005	0.29495796510816813	3.3971275219735306e-7	0.19982394215799815	0.014084763901855216	70.42505228809222
4.6199282079458115	0.007	0.005	0.29571200926595254	3.372896203420308e-7	0.20132782921441786	0.014085281244028709	70.1796150734787
4.6655816122087606	0.007	0.005	0.2964427919936548	3.3492526409566053e-7	0.20280797825431143	0.01408579134568713	69.93446591828086
4.711340071715191	0.007	0.005	0.2971504970470078	3.3261708447613335e-7	0.2042641860411722	0.014086294337392459	69.68961194093058
4.757203006232442	0.007	0.005	0.2978353126022119	3.3036261712067596e-7	0.2056962666912584	0.014086790346118002	69.44505913285933
4.803170037948425	0.007	0.005	0.2984974307353235	3.2815952426079834e-7	0.20710405112912703	0.014087279495457983	69.20081235101054
4.849240968889588	0.007	0.005	0.2991370465322665	3.260055882406654e-7	0.20848738570249095	0.014087761905535843	68.95687545622526
4.895415776443529	0.007	0.005	0.2997543575263986	3.2389870481323114e-7	0.20984613140199684	0.014088237693110166	68.71325135367543
4.9416946118823475	0.007	0.005	0.300349563205791	3.2183687644833065e-7	0.21118016318052063	0.014088706971704746	68.46994201698503
4.988077786540877	0.007	0.005	0.3009228643929529	3.198182067306233e-7	0.21248936893210232	0.014089169851607778	68.22694857668297
5.0345657670888695	0.007	0.005	0.3014744627881009	3.1784089472757547e-7	0.21377364876937752	0.014089626439963079	67.98427135966266
5.081159167655489	0.007	0.005	0.3020045605065862	3.15903229656881e-7	0.21503291423514861	0.014090076840825872	67.74190994440016
5.1278587418674295	0.007	0.005	0.30251335965272014	3.140035860335156e-7	0.216267087542182	0.014090521155215651	67.49986321568586
5.174665381016962	0.007	0.005	0.30300106199225674	3.121404187619507e-7	0.21747610100105275	0.014090959481224097	67.25812938681588
5.221580093534261	0.007	0.005	0.3034678684609343	3.1031225930524486e-7	0.21865989599204663	0.014091391913944887	67.01670611756502
5.268604018570141	0.007	0.005	0.3039139790576677	3.0851771083165667e-7	0.21981842284499017	0.014091818545719925	66.7755904552477
5.315738399077538	0.007	0.005	0.3043395923541956	3.067554449188297e-7	0.2209516397135431	0.014092239466006764	66.53477898379117
5.362984601636363	0.007	0.005	0.30474490547870936	3.0502419715123884e-7	0.22205951263288987	0.014092654761668613	66.2942677322651
5.410344083085891	0.007	0.005	0.3051301136343093	3.033227645956833e-7	0.22314201431232325	0.014093064516783582	66.05405235487865
5.457818404047055	0.007	0.005	0.3054954100653369	3.016500017076729e-7	0.22419912408234646	0.014093468812870312	65.81412807071536
5.505409226830882	0.007	0.005	0.3058409858855237	3.000048174566195e-7	0.22523082746596668	0.014093867728965632	65.57448968340871
5.553118291169161	0.007	0.005	0.30616702977235816	2.983861728419496e-7	0.2262371153024716	0.01409426134151584	65.33513171161958
5.600947437291902	0.007	0.005	0.30647372802358663	2.967930774086245e-7	0.22721798392003498	0.014094649724662076	65.09604828057653
5.648898568826615	0.007	0.005	0.30676126421317645	2.9522458772341006e-7	0.22817343405238286	0.014095032950024533	64.85723331529026
5.696973691847152	0.007	0.005	0.30702981935491264	2.9367980348301947e-7	0.22910347134261044	0.014095411087103438	64.61868035250563
5.745174861635823	0.007	0.005	0.307279571515799	2.921578669655854e-7	0.23000810501247956	0.01409578420293633	64.38038281232505
5.79350423466015	0.007	0.005	0.30751069604534675	2.9065795905215753e-7	0.2308873486066486	0.014096152362584848	64.14233374669685
5.841964018291604	0.007	0.005	0.30772336525635907	2.8917929867085554e-7	0.23174121879178897	0.01409651562881787	63.90452609446167
5.8905565005284855	0.007	0.005	0.30791774853319953	2.8772113991707144e-7	0.23256973567647776	0.014096874062411916	63.666952540462454
5.939284031605912	0.007	0.005	0.308094012209575	2.86282770766111e-7	0.23337292225662898	0.014097227722079284	63.42960561180758
5.98814902159028	0.007	0.005	0.3082523195410644	2.8486351131101975e-7	0.23415080418020057	0.014097576664518247	63.19247769469143
6.037153960736315	0.007	0.005	0.3083928307470757	2.834627115490062e-7	0.2349034098696894	0.014097920944619431	62.955560941104004
6.086301374869487	0.007	0.005	0.30851570286035107	2.820797511630179e-7	0.23563076963946603	0.014098260615209066	62.7188474901046
6.1355938783469455	0.007	0.005	0.30862108986813463	2.8071403638609996e-7	0.23633291633169054	0.014098595727476928	62.48232921690783
6.185034122734398	0.007	0.005	0.3087091425740993	2.7936500026860094e-7	0.2370098843833391	0.014098926330673604	62.245997985274734
6.23462484024961	0.007	0.005	0.30878000869154504	2.7803210001640375e-7	0.23766171028928534	0.014099252472456901	62.0098454438945
6.28436879866561	0.007	0.005	0.308833832766932	2.767148170626682e-7	0.2382884318375046	0.014099574198638725	61.77386324671165
6.3342688483416145	0.007	0.005	0.3088707562518687	2.7541265467317477e-7	0.23889008858391692	0.014099891553539513	61.538042833804916
6.384327876891751	0.007	0.005	0.30889091745937197	2.7412513803941564e-7	0.2394667211417964	0.014100204579736994	61.30237565135397
6.434548843214898	0.007	0.005	0.30889445160638407	2.72851812355296e-7	0.24001837147440733	0.014100513318325155	61.066852995224366
6.484934755179057	0.007	0.005	0.3088814908141017	2.71592242498956e-7	0.24054508251064222	0.014100817808811691	60.83146612095969
6.535488771236412	0.007	0.005	0.3088521640625842	2.7034600956845097e-7	0.24104689903577015	0.014101118089757026	60.596205775744444
6.5862139903046595	0.007	0.005	0.30880659728311755	2.69112715288262e-7	0.24152386541978485	0.014101414197545134	60.36106318363003
6.637113640561969	0.007	0.005	0.30874491330621817	2.67891976508764e-7	0.2419760274507679	0.014101706167549098	60.12602916960576
6.68819094226996	0.007	0.005	0.30866723200143775	2.666834278581511e-7	0.24240343094153405	0.014101994033359091	59.89109480048981
6.739449233900475	0.007	0.005	0.308573670152466	2.6548671790287686e-7	0.24280612276786964	0.014102277827535885	59.65625080701921
6.790891864617021	0.007	0.005	0.3084643416354203	2.6430151115198093e-7	0.2431841498682628	0.01410255758102853	59.42148808372812
6.842522287281415	0.007	0.005	0.30833935727750295	2.63127485133986e-7	0.2435375598994436	0.014102833323715204	59.18679726751609
6.894343980955441	0.007	0.005	0.3081988250399013	2.619643317548434e-7	0.24386640057786532	0.0141031050840024	58.95216909670899
6.946360513727334	0.007	0.005	0.3080428498970901	2.608117551870129e-7	0.2441707200458848	0.014103372889183504	58.71759413020994
6.998575506077912	0.007	0.005	0.3078715339502553	2.596694722925823e-7	0.24445056654885158	0.014103636765262191	58.48306291928254
7.050992652791448	0.007	0.005	0.3076849763886104	2.585372115605234e-7	0.24470598849782615	0.014103896737083267	58.24856591400462
7.103615706818494	0.007	0.005	0.3074832735671811	2.574147130889448e-7	0.24493703431681907	0.014104152828266775	58.01409354128145
7.156448501467235	0.007	0.005	0.30726651895072826	2.563017276442295e-7	0.24514375248396517	0.014104405061331428	57.779636111379205
7.209494934252275	0.007	0.005	0.30703480319661675	2.551980166677073e-7	0.24532619139297535	0.01410465345762718	57.545183895980664
7.262758978757287	0.007	0.005	0.30678821413237034	2.5410335159875056e-7	0.24548439934385938	0.0141048980374033	57.31072708144895
7.316244675410908	0.007	0.005	0.3065268368225923	2.530175137542545e-7	0.24561842445898982	0.014105138819775355	57.07625581563167
7.369956157797202	0.007	0.005	0.30625075346519737	2.51940293465528e-7	0.24572831469609896	0.014105375822851757	56.841760098861776
7.423897618549792	0.007	0.005	0.3059600435835332	2.5087149054248487e-7	0.2458141177136269	0.014105609063587215	56.60722993994729
7.478073342978767	0.007	0.005	0.3056547838818745	2.4981091320899555e-7	0.24587588089804172	0.014105838557937768	56.372655215827656
7.5324877000112105	0.007	0.005	0.3053350483098685	2.4875837814621086e-7	0.24591365128717563	0.014106064320822452	56.13802571854714
7.587145136576383	0.007	0.005	0.30500090812160474	2.477137102948014e-7	0.24592747552558764	0.014106286366103293	55.90333118650521
7.642050186481533	0.007	0.005	0.3046524318515526	2.4667674253678206e-7	0.24591739983615182	0.014106504706624914	55.668561273285306
7.697207556562819	0.007	0.005	0.3042896847637539	2.4564731383008575e-7	0.24588346991169527	0.014106719354546804	55.43370518912064
7.752622030521266	0.007	0.005	0.30391272944848974	2.4462527094558013e-7	0.24582573082330655	0.01410693032094548	55.19875212304797
7.808298400142875	0.007	0.005	0.3035216263582714	2.4361046953042686e-7	0.24574422713872335	0.014107137615566357	54.96369153932741
7.864241607048908	0.007	0.005	0.30311643288777634	2.4260277129324096e-7	0.24563900277920114	0.014107341247367247	54.72851258329174
7.920456648469834	0.007	0.005	0.3026972040557677	2.4160204562827007e-7	0.24551010111885108	0.014107541224161291	54.493204488182606
7.97694864989189	0.007	0.005	0.30226399201433346	2.406081682103803e-7	0.24535756484069166	0.014107737552879758	54.25775627782367
8.03372281482591	0.007	0.005	0.301816846449677	2.39621021778008e-7	0.24518143602920817	0.014107930239387124	54.02215698598687
8.090784472061586	0.007	0.005	0.30135581425109587	2.3864049517610013e-7	0.24498175603204395	0.014108119288639876	53.78639546844142
8.148139040148015	0.007	0.005	0.3008809398191899	2.3766648396470868e-7	0.24475856555605305	0.014108304704558313	53.55046055990363
8.205792056201552	0.007	0.005	0.30039226486856674	2.3669888985849655e-7	0.24451190456797575	0.014108486490115951	53.31434096428829
8.263749166892678	0.007	0.005	0.2998898285314694	2.3573762080787418e-7	0.24424181232040243	0.014108664647300656	53.078025301986145
8.322016126956317	0.007	0.005	0.29937366740818566	2.3478259102483886e-7	0.24394832736831176	0.014108839177102624	52.84150212572148
8.380598824969258	0.007	0.005	0.2988438153734506	2.3383372053563485e-7	0.24363148744533183	0.014109010079581898	52.604759826335105
8.439503239237656	0.007	0.005	0.29830030400934576	2.328909358718705e-7	0.24329132970872835	0.014109177353728491	52.367786821942374
8.49873549895807	0.007	0.005	0.2977431620902672	2.3195416917676529e-7	0.24292789042528407	0.01410934099763021	52.13057132167086
8.558301828094528	0.007	0.005	0.29717241614023293	2.310233589774159e-7	0.2425412053167308	0.014109501008302173	51.89310156260935
8.618208603361527	0.007	0.005	0.2965880899303328	2.3009844941995336e-7	0.24213130923384893	0.014109657381836095	51.655365588884166
8.67846228946968	0.007	0.005	0.2959902051485211	2.2917939135438753e-7	0.24169823662193246	0.014109810113217248	51.41735152083207
8.73906950973254	0.007	0.005	0.29537878076181334	2.282661411350052e-7	0.24124202108772894	0.014109959196499183	51.17904728612831
8.800036988797947	0.007	0.005	0.29475383363343866	2.2735866169523464e-7	0.24076269585902613	0.014110104624647042	50.940440857986204
8.861371587633098	0.007	0.005	0.2941153782320007	2.2645692211863078e-7	0.24026029359821133	0.01411024638961696	50.70152012859975
8.923080286115264	0.007	0.005	0.29346342686843685	2.25560897866318e-7	0.23973484661064803	0.014110384482305244	50.46227298912519
8.98517019403379	0.007	0.005	0.292797989646353	2.2467057081203952e-7	0.23918638684108767	0.014110518892566426	50.22268729842206
9.047648529113179	0.007	0.005	0.29211907476673804	2.2378592957563964e-7	0.23861494616530346	0.014110649609159408	49.98275097939607
9.110522644602185	0.007	0.005	0.29142668830615703	2.229069693778969e-7	0.2380205562556132	0.014110776619802248	49.74245192397795
9.173799981813817	0.007	0.005	0.29072083481671296	2.22033692677068e-7	0.2374032491480714	0.014110899911072245	49.501778185948574
9.237488118732912	0.007	0.005	0.29000151687768994	2.2116610873853266e-7	0.23676305692365152	0.014111019468504076	49.260717805819816
9.301594713360254	0.007	0.005	0.2892687358198418	2.2030423450993047e-7	0.2361000124152029	0.014111135276481532	49.019259036643575
9.366127531177453	0.007	0.005	0.2885224915201207	2.1944809438273763e-7	0.23541414911450947	0.01411124731829717	48.777390249060566
9.431094408526763	0.007	0.005	0.2877627829299414	2.1859772084843468e-7	0.23470550174660595	0.014111355576096567	48.53510007783663
9.49650327575519	0.007	0.005	0.2869896079233067	2.1775315435495245e-7	0.2339741062345503	0.014111460030932036	48.292377343121075
9.562362102061915	0.007	0.005	0.2862029640686398	2.1691444412370922e-7	0.2332200005380837	0.014111560662690505	48.04921126266543
9.628678909127272	0.007	0.005	0.28540284860790877	2.1608164820057423e-7	0.23244322476948032	0.014111657450142923	47.80559140585025
9.695461740625847	0.007	0.005	0.2845892589654359	2.1525483398770003e-7	0.23164382182303062	0.014111750370928771	47.5615078100571
9.762718648536245	0.007	0.005	0.2837621930696796	2.1443407850294272e-7	0.23082183784434085	0.014111839401575291	47.31695103268589
9.830457651785062	0.007	0.005	0.2829216500272211	2.1361946911201453e-7	0.22997732306665067	0.014111924517488912	47.07191230142001
9.898686725181316	0.007	0.005	0.28206763044025357	2.1281110379306841e-7	0.22911033231485706	0.014112005692998753	46.82638355106286
9.967413769541354	0.007	0.005	0.28120013696518265	2.1200909150591903e-7	0.22822092576392475	0.01411208290138428	46.58035752621027
10.036646543697016	0.007	0.005	0.2803191753715356	2.11213553284962e-7	0.22730917023608263	0.014112156114875965	46.33382801582465
10.106392659059862	0.007	0.005	0.27942475482950185	2.1042462225828167e-7	0.22637513973217877	0.014112225304742713	46.08678985900099
10.176659503612054	0.007	0.005	0.2785168891065778	2.096424446007396e-7	0.2254189169206528	0.014112290441317971	45.83923919792654
10.24745420551001	0.007	0.005	0.27759559727944594	2.0886718003168512e-7	0.2244405941515913	0.01411235149408784	45.591173583582616
10.31878357150269	0.007	0.005	0.27666090478364636	2.0809900243218543e-7	0.22344027484519	0.014112408431773091	45.34259216460689
10.39065401343399	0.007	0.005	0.2757128446383027	2.073381006453251e-7	0.22241807509406783	0.014112461222425307	45.09349591005086
10.463071481665622	0.007	0.005	0.27475145859818556	2.065846790204796e-7	0.2213741252136914	0.01411250983355389	44.843887799636654
10.536041381463678	0.007	0.005	0.2737767985456385	2.058389582531954e-7	0.22030857157417055	0.014112554232266367	44.59377306426606
10.609568486372137	0.007	0.005	0.27278892793851955	2.05101175918865e-7	0.21922157851706559	0.014112594385435955	44.343159426775216
10.683656848552342	0.007	0.005	0.27178792331091106	2.0437158715984706e-7	0.21811333034990013	0.014112630259896801	44.09205734253873
10.758309686165388	0.007	0.005	0.2707738760941707	2.0365046548127167e-7	0.21698403371324615	0.014112661822659462	43.84048030640535
10.833529292099776	0.007	0.005	0.26974689415753006	2.0293810302129575e-7	0.21583391965306517	0.014112689041170018	43.588445074796574
10.909316899496924	0.007	0.005	0.26870710393938463	2.0223481128865717e-7	0.21466324636227505	0.014112711883585009	43.3359720202105
10.985672594079272	0.007	0.005	0.26765465193940924	2.0154092135127303e-7	0.2134723012134664	0.014112730319098115	43.083085315024185
11.062595167919053	0.007	0.005	0.2665897070058396	2.0085678432020351e-7	0.2122614036846288	0.014112744318281422	42.82981329681079
11.140082020942879	0.007	0.005	0.2655124619554071	2.0018277117104806e-7	0.21103090752660938	0.014112753853474002	42.576188660334175
11.218129024176719	0.007	0.005	0.2644231357021268	1.9951927300199255e-7	0.20978120349262097	0.014112758899193242	42.32224876170266
11.296730427396618	0.007	0.005	0.26332197474300945	1.9886670053317802e-7	0.20851272131104104	0.014112759432580942	42.068035762978404
11.375878750211733	0.007	0.005	0.26220925483694846	1.9822548345637176e-7	0.20722593184281665	0.014112755433869072	41.81359681880879
11.45556467231142	0.007	0.005	0.26108528265517617	1.9759607018083836e-7	0.20592134916686983	0.014112746886867812	41.55898425284442
11.535777003601966	0.007	0.005	0.2599503962543327	1.9697892601491482e-7	0.2045995312470312	0.014112733779458717	41.3042554684329
11.616502576400713	0.007	0.005	0.258804966587622	1.963745324898468e-7	0.20326108173802265	0.014112716104098727	41.049473101334364
11.697726279110872	0.007	0.005	0.2576493969482243	1.957833850999428e-7	0.20190664931074448	0.01411269385829753	40.79470471796069
11.779430991948107	0.007	0.005	0.2564841237259247	1.952059917936289e-7	0.20053692842547385	0.014112667045097395	40.540022822769096
11.861597700669817	0.007	0.005	0.25530961455377554	1.9464287020773243e-7	0.1991526569566318	0.014112635673478856	40.2855043096594
11.944205486275147	0.007	0.005	0.2541263681389469	1.940945456090278e-7	0.19775461569685118	0.014112599758763993	40.03123030876953
12.027231712780146	0.007	0.005	0.2529349111829762	1.9356154759667025e-7	0.19634362433498065	0.014112559322897882	39.77728543001719
12.110652102221678	0.007	0.005	0.2517357968341543	1.9304440771805965e-7	0.19492053914030025	0.014112514394711546	39.523757372396055
12.194440966363414	0.007	0.005	0.25052960081991366	1.925436559630833e-7	0.19348624780787196	0.014112465010042687	39.27073607280232
12.27857138022099	0.007	0.005	0.2493169183469516	1.9205981814826074e-7	0.19204166512254564	0.014112411211802948	39.01831305853217
12.363015469073751	0.007	0.005	0.2480983593128334	1.9159341249327496e-7	0.1905877265368499	0.014112353049892435	38.76658048555704
12.447744596254411	0.007	0.005	0.24687454490564578	1.9114494735671813e-7	0.18912538333658302	0.014112290581087665	38.51563050585805
12.532729736516146	0.007	0.005	0.24564610149877017	1.9071491803372323e-7	0.18765559452893085	0.01411222386871027	38.265554114995254
12.617941651900402	0.007	0.005	0.24441365738568294	1.9030380505144064e-7	0.18617932208861526	0.01411215298234682	38.01644062082574
12.703351256980266	0.007	0.005	0.2431778367842273	1.899120718859656e-7	0.18469752292548633	0.014112077997341162	37.768376586572444
12.788929850869906	0.007	0.005	0.24193925578687003	1.8954016354638e-7	0.1832111431821063	0.014111998994308426	37.52144520083307
12.874649366685308	0.007	0.005	0.24069851809501935	1.8918850559201244e-7	0.18172111229575183	0.014111916058569611	37.27572562567409
12.960482631870335	0.007	0.005	0.23945621064424363	1.8885750343776818e-7	0.1802283369653654	0.0141118292795131	37.031292343187616
13.046403552986227	0.007	0.005	0.23821290038191337	1.8854754222906922e-7	0.1787336965527035	0.014111738749977985	36.78821474485132
13.132387326358963	0.007	0.005	0.23696913073817782	1.8825898691313015e-7	0.17723803817740086	0.01411164456557333	36.54655666906356
13.21841051448354	0.007	0.005	0.23572542011198386	1.8799218323617768e-7	0.17574217430567524	0.014111546824115268	36.30637633504667
13.304451238408774	0.007	0.005	0.23448225875492168	1.8774745835437726e-7	0.1742468784894273	0.014111445624924312	36.067725963402
13.390489189653945	0.007	0.005	0.23324010834093434	1.8752512227876336e-7	0.17275288441527728	0.01411134106831943	35.83065191178522
13.476505723773938	0.007	0.005	0.23199940042950273	1.8732546931847904e-7	0.17126088370342368	0.014111233255027028	35.59519458701774
13.5624838591146	0.007	0.005	0.23076053636920102	1.8714877975553904e-7	0.16977152551779248	0.014111122285715313	35.361388621890754
13.64840826657114	0.007	0.005	0.22952388739522012	1.8699532163114224e-7	0.16828541648447143	0.014111008260564344	35.12926307333625
13.734265262088638	0.007	0.005	0.22828979474694805	1.8686535267738115e-7	0.1668031207045503	0.014110891278857838	34.898841609275415
13.820042728438727	0.007	0.005	0.22705857085533335	1.8675912218255247e-7	0.1653251611164847	0.01411077143869973	34.6701428795925
13.905730103130804	0.007	0.005	0.22583049962486088	1.8667687281636454e-7	0.1638520198283724	0.014110648836673588	34.443180701211496
13.991318239873374	0.007	0.005	0.22460583856823543	1.8661884266207366e-7	0.16238414072428417	0.014110523567713267	34.217964570502026
14.076799399307	0.007	0.005	0.223384819117904	1.8658526692811318e-7	0.16092192992591323	0.014110395724825746	33.99449982150078
14.162167091667277	0.007	0.005	0.22216764908178	1.8657637958827038e-7	0.15946575886099493	0.01411026539906327	33.772788163616916
14.24741603786703	0.007	0.005	0.2209545134222729	1.8659241521113763e-7	0.1580159653510953	0.014110132679356357	33.55282789599269
14.332542051222303	0.007	0.005	0.2197455761816919	1.8663361028886636e-7	0.15657285609553112	0.014109997652497121	33.33461431815029
14.417541970012387	0.007	0.005	0.2185409816905772	1.8670020482736153e-7	0.15513670831496185	0.014109860403075498	33.118139997336314
14.50241353396922	0.007	0.005	0.21734085657504462	1.8679244350881234e-7	0.15370777236077562	0.0141097210135333	32.903395168382254
14.587155334242759	0.007	0.005	0.21614531072119328	1.869105770581693e-7	0.15228627308806927	0.014109579564127082	32.69036793527633
14.671766690815804	0.007	0.005	0.21495443926229715	1.870548631450202e-7	0.15087241245072924	0.014109436133033677	32.47904464667699
14.756247631304824	0.007	0.005	0.21376832312947366	1.8722556762791365e-7	0.14946637038911786	0.014109290796308483	32.26941000715312
14.840598752747006	0.007	0.005	0.21258703124219785	1.874229653064718e-7	0.14806830766340962	0.014109143628060886	32.06144747253988
14.924821212543991	0.007	0.005	0.2114106208730457	1.8764734082482703e-7	0.14667836651621977	0.014108994700427107	31.855139315476034
15.008916624980348	0.007	0.005	0.2102391393277176	1.8789898940177467e-7	0.1452966728885985	0.014108844083720712	31.650466918107526
15.09288701411127	0.007	0.005	0.209072624821996	1.8817821760793656e-7	0.14392333767651197	0.014108691846499776	31.447410918241818
15.176734778167107	0.007	0.005	0.20791110718930544	1.88485343842524e-7	0.14255845778135445	0.014108538055623414	31.245951322759492
15.260462598935312	0.007	0.005	0.2067546093386697	1.8882069901639346e-7	0.14120211803331162	0.01410838277641927	31.046067748001203
15.344073462461886	0.007	0.005	0.20560314715890832	1.8918462716792251e-7	0.13985439127959687	0.014108226072655406	30.847739388076125
15.42757055269333	0.007	0.005	0.20445673116808585	1.8957748570751213e-7	0.13851534051138256	0.014108068006754137	30.650945283129328
15.510957256217914	0.007	0.005	0.20331536661566327	1.8999964610650933e-7	0.13718501916524092	0.014107908639806616	30.45566431825991
15.594237122987272	0.007	0.005	0.20217905418262874	1.9045149424366635e-7	0.13586347211698996	0.014107748031673731	30.261875324718176
15.67741382735877	0.007	0.005	0.20104779066398662	1.909334307611835e-7	0.13455073664328268	0.014107586241091768	30.06955717664137
15.760491145922249	0.007	0.005	0.19992156941038616	1.9144587143399185e-7	0.13324684309229667	0.014107423325749805	29.878688845756802
15.843472951976613	0.007	0.005	0.19880038053557253	1.9198924770459854e-7	0.1319518152751312	0.014107259342336758	29.68924941616122
15.926363171701452	0.007	0.005	0.19768421163356203	1.9256400688485122e-7	0.13066567143824315	0.014107094346665908	29.501218185177418
16.0	0.007	0.005	0.19669585738696735	1.9310241973001578e-7	0.12952943661370295	0.01410694681793368	29.33517685063618
