0.0	0.007	0.005	0.0	0.0	0.0	0.0	100.0
0.006676024517381735	0.007	0.005	0.017359843302298672	6.494198202414316e-5	1.4014886737942065e-5	5.5169875939525645e-5	99.93164791650442
0.01168548166380041	0.007	0.005	0.029832932670797598	0.00010545768340305054	4.2399558254950295e-5	0.00016071272634760563	99.88038956792897
0.01890337255374474	0.007	0.005	0.0470084227277667	0.00015366494552740054	0.0001089682426333262	0.00039197263837058164	99.80658005748109
0.026084887803408115	0.007	0.005	0.06320727939850418	0.00019188157728504036	0.00020382560886863165	0.0006976656124908086	99.7331966532129
0.03455891003834101	0.007	0.005	0.0812415525727121	0.00022709560162500678	0.00035039019790638964	0.0011344259206798927	99.64667532251109
0.043547105458414864	0.007	0.005	0.09916677176477792	0.0002553318558492098	0.0005443168859991453	0.0016667647833968529	99.5549862166359
0.053512543387299216	0.007	0.005	0.11768640541963732	0.00027823349587952	0.00080247457901997	0.002318488990190467	99.4534268245106
0.06421736575189878	0.007	0.005	0.1361038880587403	0.0002952752754101906	0.001126616982992548	0.003069675854560486	99.34444766258785
0.07585365778311842	0.007	0.005	0.15452080885350927	0.0003068392992667636	0.0015295829406405208	0.003925553022798303	99.22612123681137
0.088387990443004	0.007	0.005	0.1726429195614066	0.00031261251917244525	0.002017543936207799	0.00487246601902161	99.09882053498251
0.10193081224377869	0.007	0.005	0.19039815916202288	0.0003120044295285555	0.0026017222739976205	0.005902397102242299	98.96146100631034
0.11648253738848988	0.007	0.005	0.20756253129079427	0.0003040753771544421	0.0032887142568130273	0.006991999873517403	98.81408075555542
0.13199483288109765	0.007	0.005	0.2238969701965488	0.0002881361724273535	0.004081369536342738	0.008106218929827236	98.65721351541036
0.1482874176042506	0.007	0.005	0.2391048485891965	0.0002646173890305764	0.004973173226934546	0.009195660042497267	98.4927237671036
0.16523547922197193	0.007	0.005	0.25304371571405065	0.00023529551472715153	0.005957434046448288	0.01021722682437142	98.32190734877953
0.18294252714858156	0.007	0.005	0.26579728304200156	0.00020255056864946458	0.0070394871961004385	0.011148279917508065	98.14375768299745
0.20178914117282912	0.007	0.005	0.27758837968487615	0.00016857449915738657	0.00824328657084027	0.011984138137426832	97.95449750833352
0.22192373124507803	0.007	0.005	0.28841564285671323	0.0001358741957027715	0.009580094347878038	0.012712306754783853	97.75270652524044
0.2418291943824979	0.007	0.005	0.297562985206514	0.0001084684778455261	0.010945324287659553	0.013286364198534592	97.55362050984638
0.26172604808705063	0.007	0.005	0.30537003261818946	8.61295659812989e-5	0.01234642868227131	0.013740113767948273	97.35502580384728
0.28176498045605197	0.007	0.005	0.3120658859315046	6.826208044247045e-5	0.013788396121742517	0.014099744019233924	97.15542160838056
0.30212980050844274	0.007	0.005	0.31783496980551557	5.410499979380562e-5	0.015280196782253388	0.014386652277400177	96.9529905796772
0.3229606419531254	0.007	0.005	0.32280584941895474	4.296130185073821e-5	0.016828785267610884	0.014616796896589427	96.74636355282418
0.344406301914763	0.007	0.005	0.3270799472091378	3.421280402159103e-5	0.018442503335514213	0.014802588130458776	96.53409801001182
0.3665998756679679	0.007	0.005	0.33073323132359994	2.735109324321376e-5	0.02012901882332167	0.014953406602133717	96.31492009497856
0.389673151966829	0.007	0.005	0.3338258477409383	2.1964267047637582e-5	0.021896191183663056	0.015076450606544943	96.08758206836903
0.41374752092007006	0.007	0.005	0.33640538737684217	1.772678543010618e-5	0.023751222268774207	0.015177208849925324	95.85095241254373
0.4389384621797278	0.007	0.005	0.3385114931253555	1.4383115484921396e-5	0.025700870587571548	0.015259907977975428	95.6039717220116
0.4653494067470825	0.007	0.005	0.34017828615662277	1.1734849545918907e-5	0.027750880969015117	0.015327804561681365	95.34571304603905
0.4930759778297737	0.007	0.005	0.3414370544788332	9.628125735394047e-6	0.029906242790524545	0.015383438703162375	95.07534015760044
0.5222057265037753	0.007	0.005	0.3423176344616461	7.944094306806124e-6	0.032171126861618576	0.015428805097562524	94.7921101660131
0.5528232260515894	0.007	0.005	0.3428493120180835	6.590921806048059e-6	0.03454925797638567	0.015465487885772792	94.49532413604915
0.5850140648061334	0.007	0.005	0.343060956562437	5.497664137984803e-6	0.03704421267278611	0.01549475474484069	94.18428919297816
0.618870195295568	0.007	0.005	0.3429807281972451	4.6094347428125726e-6	0.03965982236474779	0.01551762645686524	93.85826836978227
0.6544943340815655	0.007	0.005	0.342635520695188	3.883693697855806e-6	0.04240049340730086	0.015534926786795735	93.51644073543042
0.6920040380300152	0.007	0.005	0.3420503487964511	3.287379572494246e-6	0.04527148608333939	0.015547319633922353	93.15786577889304
0.731534119856148	0.007	0.005	0.3412478216510087	2.794721910596828e-6	0.04827904646157676	0.015555336925903334	92.78146484800821
0.7732405736593008	0.007	0.005	0.3402477129120745	2.3855390255142073e-6	0.051430631866548754	0.015559400825051976	92.38598936485317
0.8173029352325131	0.007	0.005	0.33906668346284946	2.0439604552065897e-6	0.054734992111662314	0.015559840617711939	91.97000538783693
0.8639273000405101	0.007	0.005	0.33771811747902025	1.7574443727656923e-6	0.05820227476342665	0.015556906182749698	91.53187343862288
0.9133484711481102	0.007	0.005	0.3362120884006375	1.516033581676769e-6	0.06184403734644781	0.015550778658639752	91.06973827267547
0.9658313431921843	0.007	0.005	0.3345554386068023	1.311786415183455e-6	0.06567317589045422	0.015541579238554658	90.58152758606087
1.0216699442611492	0.007	0.005	0.33275200303069663	1.13834280218923e-6	0.06970365842127611	0.015529377054832105	90.06497420672584
1.0811822376676874	0.007	0.005	0.33080302217641755	9.90591661953738e-7	0.07394994071584889	0.015514197435721007	89.51767851385397
1.1446973648634855	0.007	0.005	0.32870783489943894	8.644150754255761e-7	0.0784258590290176	0.01549603232620419	88.93723967090995
1.2125318823370852	0.007	0.005	0.3264649412044812	7.56488124445357e-7	0.08314281756735648	0.01547485491284961	88.3214832986467
1.284953685172828	0.007	0.005	0.3240734456947502	6.641163385146905e-7	0.08810727430433793	0.015450639726753222	87.66879126055099
1.3621401557272055	0.007	0.005	0.321534627978038	5.850949127853335e-7	0.09331808323076345	0.015423386197058483	86.9784672180249
1.4441470289548197	0.007	0.005	0.31885307229225274	5.175825399904328e-7	0.09876486608616261	0.015393138661374844	86.25098607486906
1.530903065984224	0.007	0.005	0.316036874167965	4.5999758545407755e-7	0.10442834551188133	0.015359994976651603	85.4879974876492
1.6222250299312009	0.007	0.005	0.3130971480647542	4.1095108722428314e-7	0.1102820938695325	0.015324103975350886	84.6921437467781
1.7178308173003531	0.007	0.005	0.3100475837232661	3.69216713992048e-7	0.11629413044286514	0.015285660584960626	83.86689463984621
1.8173384246459512	0.007	0.005	0.3069044349525871	3.3371999860788145e-7	0.12242759945445704	0.015244905166707021	83.0165049844102
1.9202590656118366	0.007	0.005	0.30368664896315595	3.035289895785718e-7	0.12864112242793332	0.015202125010528159	82.14601801399361
2.0260048624635565	0.007	0.005	0.3004154967380009	2.778389187139913e-7	0.13489004770475116	0.01515764976173555	81.26114233698884
2.1339270320529287	0.007	0.005	0.2971132636325182	2.5595285681724073e-7	0.14112935125114315	0.01511183365589104	80.36788230258534
2.2433700274925577	0.007	0.005	0.29380152402787574	2.3726538613197385e-7	0.14731707938155422	0.015065030446826144	79.47206169618403
2.3537558842288764	0.007	0.005	0.29049862638912866	2.212483688009159e-7	0.15341896456821819	0.01501755516178458	78.57863786058091
2.4646443055871057	0.007	0.005	0.28721806736457944	2.0744535492982844e-7	0.15941106472562933	0.01496965636432972	77.69125882698388
2.57575669876546	0.007	0.005	0.28396803751210486	1.9546967311821816e-7	0.16528007122283334	0.014921504721077174	76.81213883853516
2.686959201391494	0.007	0.005	0.28075219082928377	1.8500192427116817e-7	0.1710213842466363	0.0148732002774638	75.94226571264313
2.798218023498059	0.007	0.005	0.27757116075514526	1.75783956918559e-7	0.1766359804051235	0.014824792547160846	75.08181053540771
2.9095485153496052	0.007	0.005	0.2744241582664608	1.676095458407325e-7	0.1821273318529483	0.014776303759460378	74.230559765351
3.0209753422392933	0.007	0.005	0.27131015830634764	1.6031395951880228e-7	0.1874992299936184	0.014727747338629443	73.3882360783381
3.132511155825117	0.007	0.005	0.26822849999934145	1.5376447768069474e-7	0.19275474655729863	0.014679138168640443	72.554660687916
3.2441516517768534	0.007	0.005	0.2651790013404087	1.478528371488582e-7	0.19789607880652424	0.014630495490631064	71.72978435253091
3.3558804786131975	0.007	0.005	0.26216180078425877	1.4248966592344774e-7	0.20292485929219026	0.014581841309941572	70.91364451916492
3.467677106821961	0.007	0.005	0.2591771300827339	1.3760052096378976e-7	0.2078425587391379	0.014533197378248054	70.10630387373746
3.5795231741292706	0.007	0.005	0.2562251419780088	1.3312304164907056e-7	0.21265077355473055	0.014484582757569734	69.307803731484
3.691405514757779	0.007	0.005	0.2533058355115389	1.290048017313578e-7	0.21735133760471004	0.01443601277628306	68.5181438327379
3.803316192711681	0.007	0.005	0.25041906343294373	1.2520158360673307e-7	0.221946296085514	0.014387499248264308	67.73728434673187
3.9152509367000645	0.007	0.005	0.2475645799292827	1.2167593909404287e-7	0.2264378175958263	0.014339051349114736	66.96515878204295
4.0272073119775875	0.007	0.005	0.2447420919703708	1.1839598699200887e-7	0.23082810619540747	0.014290676570870051	66.20168787522766
4.139183334884842	0.007	0.005	0.2419512963655386	1.1533442453495826e-7	0.23511934106442875	0.014242381453120678	65.44678961449358
4.251176857551385	0.007	0.005	0.23919189551277528	1.1246773697698439e-7	0.23931365239810548	0.014194171955149458	64.7003834997647
4.363185508568376	0.007	0.005	0.23646359862880015	1.0977557251751311e-7	0.24341312065409906	0.014146053568671584	63.962390875405966
4.475206930455076	0.007	0.005	0.23376611578177758	1.072402478707045e-7	0.2474197865332626	0.014098031288676746	63.23273331609599
4.587239017263216	0.007	0.005	0.2310991523194608	1.0484634795469613e-7	0.25133565975111116	0.014050109573833113	62.511331119663176
4.6992800632030525	0.007	0.005	0.22846240576260315	1.0258039559204151e-7	0.25516272368380155	0.01400229233672407	61.79810246676636
4.811328733159989	0.007	0.005	0.22585556704386028	1.0043056993639611e-7	0.25890293351457544	0.01395458300302122	61.0929637560123
4.923384003467558	0.007	0.005	0.22327832236107645	9.838646967262248e-8	0.2625582136521429	0.013906984576702627	60.39583010526144
5.035445058100328	0.007	0.005	0.2207303559283361	9.64389109831115e-8	0.2661304540903435	0.013859499718433631	59.706616095775864
5.1475112145116	0.007	0.005	0.21821135188953125	9.457975791230056e-8	0.269621508193168	0.01381213080626131	59.025236289830815
5.25958185686753	0.007	0.005	0.215720995945677	9.280177844443323e-8	0.2730331910507341	0.013764879988902868	58.351605670896724
5.3716564063769905	0.007	0.005	0.21325897606510255	9.109852403369838e-8	0.27636727921692955	0.013717749219770398	57.68563983574283
5.483734373265509	0.007	0.005	0.21082498138351347	8.9464232594973e-8	0.2796255129117756	0.013670740253816822	57.027254696908635
5.595815319677097	0.007	0.005	0.20841870308074545	8.78937402176901e-8	0.2828095955101454	0.013623854679631023	56.37636671986208
5.707898852261554	0.007	0.005	0.20603983457319755	8.638240718376987e-8	0.2859211939909297	0.0135770939369102	55.7328929750519
5.819984659299073	0.007	0.005	0.2036880707644236	8.492605775367021e-8	0.2889619406029316	0.013530459313647844	55.09675093519585
5.932072443898557	0.007	0.005	0.20136310949044123	8.35209209015159e-8	0.29193343166381136	0.013483951985207248	54.46785886623054
6.044161968542037	0.007	0.005	0.19906465059744174	8.2163586766385e-8	0.2948372294501361	0.013437573005618016	53.846135577836094
6.156253017971774	0.007	0.005	0.19679239672719814	8.085096314536049e-8	0.29767486187404846	0.013391323331759538	53.231500635885396
6.268345406616347	0.007	0.005	0.19454605316169418	7.958024070026916e-8	0.3004478233713077	0.013345203828018215	52.62387432041701
6.380438948897989	0.007	0.005	0.19232532840847386	7.834885968389847e-8	0.30315757486515	0.013299215285388986	52.02317778396977
6.4925334963524755	0.007	0.005	0.1901299334440504	7.715448602433716e-8	0.30580554537660615	0.013253358412325313	51.429332846928205
6.604628930207158	0.007	0.005	0.18795958186461467	7.599498721419551e-8	0.30839313248354466	0.013207633843379156	50.84226203828827
6.716725116838923	0.007	0.005	0.18581399073230082	7.486840777183488e-8	0.31092170196602353	0.013162042162324587	50.26188882456882
6.828821944893882	0.007	0.005	0.18369287982626098	7.377295412170466e-8	0.3133925893564462	0.013116583891376932	49.68813740723044
6.9409193401361104	0.007	0.005	0.18159597135669792	7.270697991478265e-8	0.31580710088662317	0.013071259489247781	49.120932645322526
7.053017206056662	0.007	0.005	0.1795229910623598	7.166896652933462e-8	0.3181665128355277	0.013026069378840608	48.56020035235084
7.165115475841457	0.007	0.005	0.17747366720810467	7.065751509723407e-8	0.3204720733015061	0.012981013929448773	48.005867025123045
7.277214075251713	0.007	0.005	0.17544773124917085	6.967133195336881e-8	0.3227250020414825	0.012936093474710475	47.45786002343101
7.389312937472075	0.007	0.005	0.17344491752590163	6.870922000805573e-8	0.32492649141036833	0.01289130830928009	46.916107487475315
7.501411995686758	0.007	0.005	0.17146496336829298	6.777006916358468e-8	0.3270777068231446	0.012846658694237166	46.38053836614455
7.613511212775849	0.007	0.005	0.16950760854727331	6.685285127595515e-8	0.32917978791158653	0.012802144847499067	45.85108226858913
7.725610536771186	0.007	0.005	0.16757259603582203	6.595660879421978e-8	0.331233848247271	0.012757766963635165	45.327669670100626
7.837709923128535	0.007	0.005	0.16565967158341807	6.50804505335666e-8	0.33324097634877714	0.012713525206832943	44.81023179700182
7.9498093347276555	0.007	0.005	0.16376858369080916	6.422354599935616e-8	0.33520223623446	0.012669419712632694	44.29870061982186
8.061908734448297	0.007	0.005	0.161899083707994	6.33851195202372e-8	0.33711866783804	0.012625450592436284	43.79300887980018
8.17400808517023	0.007	0.005	0.16005092580218988	6.256444561345358e-8	0.33899128755249935	0.01258161793493768	43.2930900802217
8.286107357197325	0.007	0.005	0.15822386680584735	6.176084559331153e-8	0.3408210888815216	0.012537921804550392	42.798878445305576
8.398206528257548	0.007	0.005	0.15641766619219377	6.097368384453697e-8	0.34260904294547717	0.012494362242672105	42.310308913589765
8.510305553806878	0.007	0.005	0.15463208652119634	6.020236122176185e-8	0.3443560985191634	0.012450939280354824	41.827317258562154
8.622404418997496	0.007	0.005	0.15286689257484906	5.944631753603877e-8	0.3460631833510701	0.01240765291916013	41.3498398547593
8.734503108981645	0.007	0.005	0.15112185181321006	5.870502563223136e-8	0.3477312041601796	0.012364503143735401	40.87781380112269
8.846601594063689	0.007	0.005	0.14939673457118874	5.7977987161831425e-8	0.3493610468987235	0.012321489928410836	40.41117697422875
8.958699851972119	0.007	0.005	0.1476913136786226	5.7264732709164006e-8	0.3509535775547514	0.01227861322943636	39.94986792552124
9.070797860435569	0.007	0.005	0.14600536454827936	5.6564818869594833e-8	0.3525096424920832	0.012235872988640015	39.493825905115656
9.182895597182824	0.007	0.005	0.14433866514661814	5.587782632236423e-8	0.354030068894372	0.012193269134160403	39.04299085388982
9.294993047366738	0.007	0.005	0.14269099585638098	5.5203358950341026e-8	0.35551566529638967	0.012150801578320838	38.59730336631592
9.407090196140278	0.007	0.005	0.1410621395614576	5.454104139270441e-8	0.3569672219020943	0.012108470221117607	38.15670471341589
9.519187028656535	0.007	0.005	0.13945188161848054	5.389051757268114e-8	0.3583855109997871	0.01206627495082128	37.72113683507781
9.631283537492566	0.007	0.005	0.13786000972391774	5.325145025913173e-8	0.35977128745859704	0.012024215641757456	37.2905423041055
9.743379692954049	0.007	0.005	0.13628631430678922	5.262351619621611e-8	0.3611252887601288	0.011982292165981394	36.864864432446204
9.855475472770738	0.007	0.005	0.13473058807356514	5.200640853627461e-8	0.3624482357634634	0.011940504382579396	36.44404714808778
9.967570869520133	0.007	0.005	0.1331926258858736	5.1399836788819626e-8	0.3637408331577615	0.011898852135427558	36.02803496197896
10.079665875779808	0.007	0.005	0.13167222494558983	5.080352405827571e-8	0.36500376964734355	0.011857335259220963	35.61677301809548
10.191760484127418	0.007	0.005	0.13016918476817127	5.021720615814366e-8	0.36623771831406193	0.011815953579892641	35.21020708622704
10.303854672293339	0.007	0.005	0.12868330735197778	4.9640628844901476e-8	0.3674433368136235	0.0117747069204695	34.80828360777781
10.41594842543185	0.007	0.005	0.1272143968508638	4.9073549911743245e-8	0.3686212679711838	0.011733595093194764	34.410949607204124
10.52804172127379	0.007	0.005	0.1257622597454298	4.851573655227452e-8	0.3697721399592961	0.011692617905351976	34.018152738337015
10.640134559821023	0.007	0.005	0.12432670443410088	4.7966968689571427e-8	0.370896566931246	0.011651775148744407	33.62984117377086
10.752226918804757	0.007	0.005	0.1229075417850693	4.742703243359907e-8	0.37199514888658347	0.011611066616313927	33.245963754161636
10.864318805650562	0.007	0.005	0.1215045844485927	4.6895726568187256e-8	0.37306847250400244	0.01157049208351314	32.86646980220628
10.97641020551345	0.007	0.005	0.12011764749300101	4.637285497599191e-8	0.3741171109364742	0.0115300513275074	32.49130929467989
11.088501103548627	0.007	0.005	0.11874654809362047	4.585822915071532e-8	0.3751416243385971	0.011489744119313198	32.120432778291075
11.200591477488082	0.007	0.005	0.11739110559808365	4.5351666691088425e-8	0.3761425600955978	0.011449570226718723	31.753791387348013
11.312681312487506	0.007	0.005	0.11605114132109463	4.485299298073861e-8	0.37712045324675497	0.01140952940918896	31.391336788243336
11.424770608549485	0.007	0.005	0.11472647843895342	4.4362041946460295e-8	0.37807582682156576	0.011369621415506391	31.03302115092335
11.536859343406691	0.007	0.005	0.11341694240752455	4.387865032989465e-8	0.37900919179483933	0.011329845997248572	30.678797261946812
11.648947517061933	0.007	0.005	0.11212236041289138	4.340266383450734e-8	0.3799210477353632	0.01129020289313071	30.328618375889288
11.761035114671555	0.007	0.005	0.11084256178481122	4.293393138683985e-8	0.38081188275604405	0.011250691842419589	29.98243832718094
11.87312212139214	0.007	0.005	0.10957737779788997	4.247230699474192e-8	0.3816821738986414	0.011211312579831833	29.640211476325184
11.98520852980365	0.007	0.005	0.10832664156711877	4.201765061940638e-8	0.3825323874403209	0.011172064833126277	29.30189268164167
12.097294317639953	0.007	0.005	0.10709018827497233	4.1569824514973954e-8	0.38336297896934957	0.011132948331096182	28.967437360695616
12.209379492327551	0.007	0.005	0.105867854657471	4.112869987496477e-8	0.3841743939562867	0.011093962788175307	28.63680135127965
12.321464039023748	0.007	0.005	0.1046594795582863	4.069414859504503e-8	0.3849670676002021	0.011055107922779604	28.309941061296982
12.433547928040138	0.007	0.005	0.10346490381501636	4.026604407848292e-8	0.3857414251271269	0.011016383454774825	27.986813437999437
12.545631174226452	0.007	0.005	0.10228396960723238	3.984427054123415e-8	0.3864978824216285	0.0109777890851097	27.66737579163684
12.657713755317697	0.007	0.005	0.10111652130829007	3.942870982744331e-8	0.3872368456785382	0.010939324524225595	27.351586025868304
12.769795656472127	0.007	0.005	0.09996240498659441	3.90192482973083e-8	0.38795871192920844	0.01090098947676066	27.039402502856507
12.881876870271064	0.007	0.005	0.09882146838986394	3.861577672491268e-8	0.38866386924466495	0.010862783641729674	26.730784039011322
12.993957374450467	0.007	0.005	0.09769356115228353	3.8218186454057416e-8	0.38935269679915374	0.010824706720258731	26.425689961023583
13.106037169014828	0.007	0.005	0.09657853439909511	3.7826375448302326e-8	0.3900255653005704	0.010786758403068744	26.12407999890874
13.218116253968638	0.007	0.005	0.09547624095752401	3.744024451324382e-8	0.39068283704085177	0.010748938378234365	25.82591434306144
13.330194607048565	0.007	0.005	0.09438653555257388	3.705969330743201e-8	0.39132486596096794	0.010711246338785082	25.531153697217285
13.44227221341427	0.007	0.005	0.09330927449175165	3.668462523765038e-8	0.39195199801646385	0.010673681972746698	25.23975919317216
13.55434907307073	0.007	0.005	0.09224431558024766	3.63149487193395e-8	0.39256457139460904	0.010636244960815196	24.951692367838955
13.666425163755548	0.007	0.005	0.09119151845693821	3.595057057025385e-8	0.39316291648719426	0.010598934988892892	24.666915254134747
13.778500478051596	0.007	0.005	0.09015074422125216	3.559140240914628e-8	0.39374735626976703	0.010561751735759156	24.385390280049812
13.89057500111955	0.007	0.005	0.08912185562613233	3.523735663576661e-8	0.39431820635038883	0.010524694880610155	24.1070803208429
14.002648725542702	0.007	0.005	0.08810471692212762	3.488834900270082e-8	0.39487577521327505	0.010487764098223197	23.83194865686877
14.11472165132674	0.007	0.005	0.08709919384342328	3.4544298592856787e-8	0.39542036437688427	0.010450959059089833	23.55995896979949
14.2267937487886	0.007	0.005	0.0861051539212176	3.420512086436762e-8	0.39595226837455627	0.010414279441683601	23.291075427391405
14.338865025356538	0.007	0.005	0.08512246586884134	3.3870739923098675e-8	0.3964717752321952	0.010377724910605476	23.025262517162663
14.450935458770335	0.007	0.005	0.08415100015892532	3.3541076050615996e-8	0.3969791663007432	0.010341295138572917	22.76248520251458
14.563005041614314	0.007	0.005	0.08319062861211118	3.321605393546516e-8	0.3974747166149396	0.010304989791917355	22.50270881147955
14.675073773894932	0.007	0.005	0.08224122445006724	3.289560129675097e-8	0.3979586949986458	0.010268808533138347	22.24589905106177
14.787141625931026	0.007	0.005	0.0813026625913714	3.257964163011476e-8	0.3984313640481192	0.010232751032951137	21.99202208727214
14.899208605151355	0.007	0.005	0.08037481907094335	3.22681070695445e-8	0.3988929805569892	0.010196816948790792	21.741044388087264
15.011274689297359	0.007	0.005	0.07945757158499576	3.1960925359744663e-8	0.39934379536784387	0.010161005946417197	21.4929328708564
15.12333986353274	0.007	0.005	0.07855079916240401	3.165802699520211e-8	0.3997840536626728	0.010125317688009701	21.24765481340834
15.235404127864886	0.007	0.005	0.07765438209329704	3.1359346736653166e-8	0.4002139951165432	0.010089751829919495	21.00517783473557
15.347467489722787	0.007	0.005	0.07676820197845924	3.106482217660599e-8	0.40063385398967455	0.010054308025159631	20.765469908357232
15.459529912006005	0.007	0.005	0.07589214212079916	3.077438305825414e-8	0.4010438590599821	0.010018985939870533	20.528499468209834
15.571591394722418	0.007	0.005	0.07502608686272255	3.048796780105811e-8	0.40144423405114205	0.009983785227511097	20.294235229409352
15.683651915615666	0.007	0.005	0.07416992203848821	3.020551134659832e-8	0.40183519752982994	0.009948705547690853	20.06264631061171
15.795711482115351	0.007	0.005	0.0733235345592872	2.9926955897523294e-8	0.40221696320501216	0.00991374654990966	19.833702121778263
15.907770094229603	0.007	0.005	0.0724868126867049	2.965224323696515e-8	0.4025897399065488	0.009878907885300074	19.607372438146417
16.0	0.007	0.005	0.07180531641719559	2.681973800660603e-8	0.40288995671210626	0.009850327681906296	19.423030615458877
