0.0	0.007	0.005	0.0	0.0	0.0	0.0	100.0
0.00021954418370009508	0.007	0.005	2.8237493897461707e-5	0.0002078925535578867	1.3494535491802303e-9	1.7649848022803994e-6	99.99837481992417
0.00032021115878465994	0.007	0.005	4.1184411894696584e-5	0.00026940118756322635	2.8706176217548123e-9	3.468112995973538e-6	99.9976296395215
0.000497284894623824	0.007	0.005	6.39569788050404e-5	0.0003445829799468931	6.922970353773089e-9	7.336184862729986e-6	99.99631887676932
0.0006465734607355349	0.007	0.005	8.315511509652754e-5	0.00038549524825342836	1.1703086511990296e-8	1.1190938564517927e-5	99.99521380307156
0.0008342240565436896	0.007	0.005	0.00010728506041812469	0.00041843549387537434	1.9480871271523002e-8	1.6524400110494805e-5	99.99382478074313
0.0010239910448854627	0.007	0.005	0.0001316855073870511	0.0004385789851913444	2.93503524959223e-8	2.226567194948657e-5	99.99242011213167
0.001241322622135681	0.007	0.005	0.00015962820766440746	0.0004520275457443653	4.31285842656193e-8	2.9094785695116552e-5	99.99081143273156
0.0014750156153438539	0.007	0.005	0.0001896721035427299	0.0004599674932400361	6.0892255792766e-8	3.6609986356789155e-5	99.9890816756795
0.0017376066089955723	0.007	0.005	0.00022342817433470673	0.00046458640493455004	8.449701529099045e-8	4.516782032202529e-5	99.98713805608945
0.002028511225903027	0.007	0.005	0.00026082026460051	0.0004670390215975548	1.1514885571242122e-7	5.471836187303557e-5	99.98498491168301
0.0023578360152297297	0.007	0.005	0.0003031460905910097	0.00046825568029321433	1.555585520026658e-7	6.557094923814085e-5	99.98254745449277
0.0027321139413260744	0.007	0.005	0.0003512433859604635	0.0004687940842485589	2.0884352466692024e-7	7.792657548838345e-5	99.97977735429416
0.0031652536991206384	0.007	0.005	0.00040689680602102815	0.0004689995760442604	2.8027885970499225e-7	9.223551205459015e-5	99.97657170258746
0.0036737401082158703	0.007	0.005	0.00047222040638765094	0.00046905725818427755	3.7751249244562656e-7	0.00010903722651366523	99.97280854419228
0.004284499955061467	0.007	0.005	0.0005506670587190796	0.00046905711275780834	5.133860914333423e-7	0.00012921847834079502	99.96828867740365
0.005037249243683659	0.007	0.005	0.0006473274419090289	0.0004690354663604647	7.094856469109604e-7	0.00015408951720387505	99.96271831316768
0.0059969289569343585	0.007	0.005	0.000770522027169385	0.0004690028227077432	1.005318150578624e-6	0.00018579369660251652	99.95561710853083
0.007259116989933199	0.007	0.005	0.0009324854617620872	0.0004689590399464268	1.4725406617701474e-6	0.00022748475098596912	99.94627824440897
0.008867002832948445	0.007	0.005	0.0011387029234603612	0.0004689028796155253	2.196177305932568e-6	0.0002805831718296221	99.93438284374017
0.010598735246489764	0.007	0.005	0.0013606716852560018	0.0004688404314093604	3.1363279553438067e-6	0.00033775734924172706	99.92157278955763
0.012203439817593774	0.007	0.005	0.0015662357663104847	0.0004687773780832586	4.156160232197267e-6	0.0003907246448260704	99.90970385763248
0.013623092101849633	0.007	0.005	0.001747996217553051	0.000468721696828593	5.1774381831018725e-6	0.0004375733046120109	99.89920480967018
0.014914864119013407	0.007	0.005	0.0019133038154263947	0.00046867862444082515	6.2037275238031935e-6	0.000480193123325028	99.88965245977882
0.01615552758572733	0.007	0.005	0.0020719992200722444	0.0004686400466028936	7.276338460363061e-6	0.0005211189330555355	99.8804789054867
0.017400209977950668	0.007	0.005	0.0022311379761016325	0.0004685998059273284	8.437923932425165e-6	0.0005621697790326773	99.87127648154082
0.018674468167312174	0.007	0.005	0.0023939847952302133	0.00046855685127062595	9.715736289617867e-6	0.0006041882486187931	99.86185627047232
0.019980741541913802	0.007	0.005	0.002560846070362544	0.00046851170861993347	1.1118631644745547e-5	0.0006472541869641455	99.85220030299358
0.021307741093751335	0.007	0.005	0.0027302750850681026	0.0004684652405169799	1.2640069718180391e-5	0.0006909948940020612	99.84239208370208
0.022640860255907357	0.007	0.005	0.002900404498664965	0.00046841832405982337	1.4266133971104445e-5	0.0007349286348975539	99.83253960279488
0.02396981238872896	0.007	0.005	0.0030699214095773206	0.00046837161335412506	1.5984387733861743e-5	0.000778716378893115	99.82271888620967
0.026612162908439964	0.007	0.005	0.0034067319633394096	0.00046828800176699077	1.9688880007832154e-5	0.0008657534209571937	99.80319526234015
0.030016708303853806	0.007	0.005	0.0038402275475802523	0.00046816729293147754	2.502605348492195e-5	0.0009778464355027863	99.77804561303981
0.036929856632142107	0.007	0.005	0.004718845096468509	0.000467924527229962	3.781100022777142e-5	0.0012052831449894425	99.72699713076307
0.04663104730507728	0.007	0.005	0.005948144751462921	0.00046757687752900707	6.012927921789494e-5	0.0015240458425731904	99.65540505711202
0.0569871902035103	0.007	0.005	0.00725573258083882	0.00046719003047026583	8.955506495905423e-5	0.001863808540063935	99.57903633444742
0.06776441063388015	0.007	0.005	0.008611343333240394	0.0004667578616858686	0.0001262676050983198	0.0022167990079178463	99.49962462378014
0.07817846056853325	0.007	0.005	0.00991630479250488	0.0004662942167577802	0.0001675942254888589	0.00255729913364495	99.42294909122556
0.08831519533109913	0.007	0.005	0.011181841608494739	0.00046577960032021713	0.00021329684744576018	0.002888132228517182	99.34837209560122
0.09773586497491231	0.007	0.005	0.012353857766509085	0.00046522333513988206	0.0002605753494517853	0.0031950187465109164	99.27911341767583
0.10669908713539769	0.007	0.005	0.013465286971628972	0.0004646036464259681	0.00030982153023748955	0.00348643587779115	99.2132626154812
0.11492359289635702	0.007	0.005	0.014481970641856665	0.0004639365771149386	0.00035864004253919533	0.0037532948354228168	99.1528774262508
0.12272481173860449	0.007	0.005	0.015443554104287173	0.0004631992695681279	0.0004081353694730511	0.00400588643621109	99.09563401890853
0.12988027285271783	0.007	0.005	0.016323170992858634	0.00046241597584006835	0.0004562465269462845	0.004237060744673684	99.04315807990619
0.1367057350536105	0.007	0.005	0.017160112642427824	0.0004615598344950728	0.0005045433227932047	0.0044570689820928175	98.9931281468997
0.1429984818944487	0.007	0.005	0.017929912020634303	0.00046066212860674827	0.0005511390545931095	0.004659422154973537	98.94702535293034
0.1490534341371455	0.007	0.005	0.01866897608976458	0.0004596899935470138	0.0005978374282483568	0.004853644986491817	98.90268499200478
0.15467575943068118	0.007	0.005	0.019353791472507324	0.00045868077975076905	0.0006428274367300854	0.005033524162447846	98.86153054564126
0.16013490026240434	0.007	0.005	0.020017403642790775	0.000457595041641446	0.0006880048244416104	0.0052077125272656545	98.82158696778353
0.16524214849904725	0.007	0.005	0.020637058068716883	0.0004564755618242744	0.0007315961495483544	0.005370216753967264	98.78423273833147
0.17024165067754304	0.007	0.005	0.021242535064518526	0.0004552767787410012	0.0007755040676939674	0.005528829892163152	98.74768023580404
0.17495261662252382	0.007	0.005	0.02181206945036284	0.00045404621372296185	0.0008179925335066147	0.005677836967453646	98.71324966464128
0.1795955840026484	0.007	0.005	0.02237243631497945	0.0004527331005026212	0.0008609216632676656	0.005824231806855484	98.67932781420483
0.183999629292389	0.007	0.005	0.022903099878361588	0.00045138892993271725	0.000902604915569744	0.005962639876603739	98.64716231823029
0.18836376636262875	0.007	0.005	0.023428122760288626	0.0004499587546868155	0.0009448320403662608	0.006099328575807816	98.61529863952057
0.1925282356523131	0.007	0.005	0.02392835361181277	0.0004484972201981587	0.0009859795074168799	0.0062293038873022805	98.58490238291921
0.19667257441863759	0.007	0.005	0.024425419655140137	0.0004469461964530206	0.0010277514731592938	0.006358177668084897	98.55466235925769
0.2006488209257009	0.007	0.005	0.024901625572550753	0.00044536265938392564	0.0010685986448122418	0.006481354458752294	98.5256575746704
0.204618930227053	0.007	0.005	0.025376413988065193	0.0004436862100936404	0.0011101320007564544	0.006603855888373523	98.49670607441458
0.20844684604823632	0.007	0.005	0.025833552365979603	0.00044197536059958215	0.0011508843697040987	0.006721485794620228	98.46879955718813
0.2122786766595561	0.007	0.005	0.026290524773917853	0.0004401682464867161	0.001192370893393695	0.006838735166542924	98.44087241883643
0.21599000153131795	0.007	0.005	0.026732522496992966	0.00043832418115200076	0.001233211104915416	0.006951795600506195	98.41383110095667
0.21971268080713455	0.007	0.005	0.02717527651207818	0.0004363805155288074	0.0012748250331774584	0.007064682044230932	98.38671451530197
0.22333340508231198	0.007	0.005	0.02760533264933152	0.0004343967098076753	0.0013159206304329788	0.007173954139091852	98.36034775351114
0.22697127378532228	0.007	0.005	0.028036857752168968	0.0004323098817523936	0.0013578260063706311	0.007283201213943212	98.33386325925025
0.2305234051399355	0.007	0.005	0.028457664476435447	0.00043017907375677704	0.0013993369528734624	0.007389326254504794	98.30800983308549
0.23409752979039192	0.007	0.005	0.028880530554278337	0.0004279415909773895	0.001441694691829172	0.007495539700731707	98.28200319393639
0.2376004250648559	0.007	0.005	0.029294438297329767	0.0004256555839974634	0.0014837805769655004	0.007599060614581056	98.25652152137343
0.2411297670753681	0.007	0.005	0.029710940008962374	0.00042325883098059345	0.0015267554571630527	0.007702764096632448	98.23085414474086
0.24460118852567175	0.007	0.005	0.030120087024241515	0.00042080820400824357	0.0015695827633250318	0.00780415706113	98.20561454017113
0.24810356070988537	0.007	0.005	0.03053236045143407	0.0004182421015302606	0.0016133507354938645	0.007905819973770056	98.18015647471913
0.2515605781455847	0.007	0.005	0.030938781913117844	0.0004156158028876036	0.0016571007410992997	0.008005519820045158	98.15503455607592
0.25505350883014677	0.007	0.005	0.03134890826136341	0.0004128683272123936	0.0017018573600215768	0.00810558067111978	98.12965818680824
0.25851335821424887	0.007	0.005	0.031754638327494866	0.0004100530998788881	0.0017467355807123807	0.00820400317572924	98.1045286230868
0.2620149677542519	0.007	0.005	0.03216474723993561	0.000407109596282028	0.0017927065901747594	0.008302891300850147	98.07910229945702
0.26549597993959817	0.007	0.005	0.032571927518698314	0.00040408914687636784	0.0018389550846896223	0.008400455197812618	98.05383207176796
0.2690260022580791	0.007	0.005	0.03298431548521755	0.0004009313146635884	0.001886410919591662	0.008498613946758467	98.02821270660623
0.2725487565877372	0.007	0.005	0.033395327781571255	0.0003976850639548606	0.0019343257202664855	0.008595766141336891	98.00265276247715
0.276129891152303	0.007	0.005	0.03381261287262997	0.0003942893971436849	0.0019836028423782528	0.008693681487274276	97.97667606169917
0.27971883904674866	0.007	0.005	0.03423026413771705	0.00039079051183161167	0.002033560524461119	0.008790930583868772	97.9506495928435
0.2833787700192325	0.007	0.005	0.034655615293731984	0.0003871257683507593	0.0020850952464891216	0.008889172079227197	97.92411548630567
0.28706478331397406	0.007	0.005	0.03508342624769055	0.0003833378790793715	0.0021375964454153277	0.00898713938159464	97.89739955063844
0.29083952152644255	0.007	0.005	0.03552094122321286	0.0003793607066358285	0.002191982620743484	0.00908642657032263	97.8700480976919
0.2946643464599628	0.007	0.005	0.03596364948458029	0.0003752320035774617	0.002247729550198548	0.009185934234001878	97.84234151479761
0.2986044013480968	0.007	0.005	0.036419051674086544	0.0003708786996986826	0.0023058264036768727	0.009287258731570668	97.81380842123495
0.30262939426759106	0.007	0.005	0.036883597725612595	0.00036633020661716847	0.0023658758478130107	0.009389502723156178	97.7846688152392
0.30681274747976744	0.007	0.005	0.0373657004790995	0.00036149926273999387	0.002429035196076146	0.00949438590085635	97.75439193349438
0.31113880295991414	0.007	0.005	0.03786347723968907	0.00035639798325778774	0.002495147267863397	0.009601333403562671	97.72309210842471
0.31570360510249035	0.007	0.005	0.03838787593677344	0.0003509060169320814	0.0025657846472627887	0.009712481786736499	97.69007577300076
0.32052855602877983	0.007	0.005	0.038941213305414446	0.0003449876353716144	0.00264142244025747	0.009828029564831246	97.65518995784224
0.32578585313525016	0.007	0.005	0.03954302700291545	0.0003384177658099721	0.0027249734559066045	0.009951626250553116	97.61719233483021
0.33165673831926484	0.007	0.005	0.040213718111436265	0.00033094750819505966	0.002819669039318315	0.010086757629571565	97.57477741826774
0.3388378395006756	0.007	0.005	0.041032139216607914	0.00032164530752185527	0.002937485997808181	0.01024782845891954	97.52292174525523
0.3481895338058492	0.007	0.005	0.04209473179023286	0.00030931434568364896	0.003094172632577588	0.010450509871739533	97.45543324431168
0.35421202542019653	0.007	0.005	0.04277712417438818	0.00030129215271788737	0.0031970174031443073	0.010576753308275998	97.41199537228678
0.3602651576567085	0.007	0.005	0.043461478134168736	0.0002931743042069786	0.0033019059766373903	0.010700228824608998	97.36835601059339
0.3650514418064072	0.007	0.005	0.04400153486738048	0.0002867423265399934	0.0033859165795123995	0.010795434860392203	97.33386368594051
0.3704465658699508	0.007	0.005	0.0446091584386147	0.00027948115231856075	0.0034817453121342864	0.010900177520454461	97.29499840930366
0.37477214757172084	0.007	0.005	0.04509546060022211	0.00027367167074280376	0.0035594392592856877	0.010982188188001415	97.26384908794458
0.37967233413494955	0.007	0.005	0.045645434287927805	0.0002671005287871213	0.0036483772620068858	0.011072981984053501	97.22857397715764
0.3836316033238017	0.007	0.005	0.04608908456948387	0.00026181730774736656	0.0037209513211089174	0.01114471071472441	97.2000816194142
0.38813902477789597	0.007	0.005	0.04659337575991482	0.00025582491268906667	0.0038043463929155054	0.011224603588533475	97.16765471965992
0.3918178525332167	0.007	0.005	0.04700434773171471	0.0002509680858159559	0.003873019121139406	0.011288424331094284	97.14119683464305
0.39601721967647746	0.007	0.005	0.04747279475571434	0.00024545363585759826	0.0039520742560871305	0.011359763147897552	97.11100407018317
0.3994861811227291	0.007	0.005	0.04785922088508542	0.0002409368742041141	0.004017912465243758	0.011417487046169062	97.08606988155371
0.4034440062783019	0.007	0.005	0.04829950506402137	0.0002358178228258825	0.004093616166729876	0.011482022633622952	97.05762965898204
0.4067576829904238	0.007	0.005	0.04866764102994801	0.00023157324285646253	0.004157478716505083	0.01153497972959364	97.0338245795298
0.4105252458073494	0.007	0.005	0.049085659318429814	0.00022678463389444993	0.004230618285516344	0.01159401083137737	97.00676592642273
0.41372487248514056	0.007	0.005	0.04944021110082493	0.00022276101739888052	0.004293173659148931	0.01164316714489704	96.98379211841856
0.4173417518865019	0.007	0.005	0.04984049845285804	0.0002182523119474539	0.004364372975966419	0.011697664850791496	96.95782892343304
0.420458465834843	0.007	0.005	0.05018500597896692	0.00021441150077566555	0.004426139132433378	0.01174372590703042	96.9354616621204
0.42395542821166204	0.007	0.005	0.05057107602854624	0.0002101434269231015	0.004495894380411484	0.011794425064443705	96.9103716705292
0.4270125875745803	0.007	0.005	0.05090818570455872	0.0002064574695513756	0.004557268420343793	0.011837907170119852	96.88844249623978
0.4304140490836797	0.007	0.005	0.05128281712922294	0.00020239907644677892	0.0046259826771102176	0.011885375156204674	96.86404945537446
0.43342938498068445	0.007	0.005	0.05161453055318575	0.00019884743918056799	0.004687272706732572	0.011926661788339949	96.84243058820446
0.43675505271687215	0.007	0.005	0.051979957745711694	0.0001949740630887323	0.004755279207930736	0.01197134399837866	96.81859234949701
0.4397422164630233	0.007	0.005	0.05230780972616693	0.00019154158076589454	0.004816728041400443	0.01201072456174266	96.79718549481305
0.4430082635517224	0.007	0.005	0.05266585888999058	0.0001878333468344638	0.004884307270403212	0.012052976063854283	96.77378550026519
0.4459779540086716	0.007	0.005	0.05299104659745562	0.00018450871712004377	0.004946110258193067	0.012090672878118696	96.75251369929113
0.4491978691208353	0.007	0.005	0.05334323387513046	0.00018094943480887003	0.005013502561082531	0.01213078075694282	96.7294548301104
0.45215864878657225	0.007	0.005	0.05366670999919725	0.00017772412859279416	0.005075820827813813	0.012166967860465545	96.70825656493297
0.4553438542364296	0.007	0.005	0.054014312722776556	0.0001743004761519645	0.005143235736853499	0.012205167189610547	96.6854566677796
0.45830273958718354	0.007	0.005	0.05433685264446375	0.0001711679549971113	0.005206205966994236	0.012239983495803084	96.66428159985655
0.46146305074436694	0.007	0.005	0.05468096217180065	0.00016786886754506354	0.005273829248696265	0.012276468983614473	96.64167016324402
0.46442593965151957	0.007	0.005	0.05500321245276963	0.0001648240244964754	0.005337570909314512	0.01231002753281421	96.62047604992541
0.46756990990197345	0.007	0.005	0.05534477375580987	0.0001616402315563478	0.005405569937200292	0.01234496212753751	96.59799170974105
0.47054189215751724	0.007	0.005	0.05566728726248553	0.00015867899247002987	0.005470190621878285	0.012377356636802344	96.57674216545907
0.47367707735450437	0.007	0.005	0.056007129195633804	0.00015560266281297087	0.005538718570250016	0.012410877998387804	96.55433079373901
0.4766626625989931	0.007	0.005	0.056330390793983824	0.00015272170127712023	0.0056043179997903375	0.012442187546059955	96.53299364786974
0.47979582720324265	0.007	0.005	0.05666924961363251	0.00014974616691992848	0.005673517181192718	0.012474412983850753	96.51060686399587
0.4827991115984534	0.007	0.005	0.056993694893356366	0.00014694270223588208	0.005740190185404967	0.012504705368830278	96.48915296093381
0.4859363904174563	0.007	0.005	0.057332232649615636	0.00014406224303746765	0.005810194724166105	0.01253573564299698	96.46674696434462
0.4889611804206402	0.007	0.005	0.05765826176674639	0.00014133389611047431	0.005878033509054041	0.012565069826327312	96.44514927327235
0.4921082085055585	0.007	0.005	0.057997081007376085	0.00013854356892839694	0.005948971547780861	0.012594992121129108	96.42268390689058
0.49515811490641126	0.007	0.005	0.058325069136553845	0.00013588825841099095	0.006018067472538084	0.012623420029153475	96.40091684631945
0.4983201340087042	0.007	0.005	0.05866472488733553	0.00013318375998882872	0.006090063042303608	0.012652310307937975	96.37835482994005
0.5013986430853308	0.007	0.005	0.058995030071381814	0.00013059962850756794	0.006160508012448357	0.012679878165602513	96.35639375743072
0.5045805878807152	0.007	0.005	0.0593360394813953	0.0001279771866077848	0.006233682596496277	0.012707803032727111	96.33370006760947
0.5076911165430625	0.007	0.005	0.059669008652774656	0.0001254625479069975	0.006305570193710442	0.012734552365505308	96.3115208851824
0.5108976874277291	0.007	0.005	0.060011859068712585	0.00012291883256134657	0.0063800441069556315	0.012761570569730703	96.28866223263795
0.5140436266171415	0.007	0.005	0.06034783272570207	0.00012047213373761153	0.006453470529005941	0.012787538964273284	96.26624107709857
0.517279351257331	0.007	0.005	0.060692988451966114	0.00011800418517609343	0.006529364140647687	0.012813702614737436	96.24318546577385
0.5204641026455228	0.007	0.005	0.06103230454619835	0.00011562397833470912	0.006604429051325777	0.012838924317835084	96.22049844777356
0.5237333894491251	0.007	0.005	0.06138021264697661	0.00011322914770714659	0.0066818639067580225	0.012864279879445816	96.1972147927429
0.5269603951637808	0.007	0.005	0.06172320966415156	0.00011091407019214026	0.006758671178435459	0.012888786258252691	96.17423778637934
0.5302675789853064	0.007	0.005	0.0620743048539769	0.00010858997166277276	0.006837771014326487	0.012913375360492882	96.15069558821165
0.5335403482473104	0.007	0.005	0.06242132451043483	0.00010633873098242331	0.006916429445748067	0.012937195275114503	96.12740404338031
0.5368897323335363	0.007	0.005	0.06277603356940828	0.00010408320129079928	0.006997321183153331	0.012961055389839318	96.10357309029435
0.540211865741042	0.007	0.005	0.06312742320619082	0.000101894563779209	0.007077945205900147	0.01298421549596891	96.07994186251499
0.5436077589341355	0.007	0.005	0.06348616882099681	9.97056293339908e-5	0.0071607598917701005	0.0130073804943612	96.05579196725758
0.5469829708630412	0.007	0.005	0.06384228354749459	9.757841181008559e-5	0.00724347027367898	0.013029905489311305	96.03179516160736
0.5504297227277376	0.007	0.005	0.0642054878652363	9.545426084181401e-5	0.007328344029858689	0.013052406112308752	96.00729591402583
0.5538618628236407	0.007	0.005	0.06456669255621543	9.338732433191501e-5	0.007413268597532293	0.013074318938695529	95.98290673623963
0.5573638964346308	0.007	0.005	0.06493478042458788	9.132628387524244e-5	0.007500343568429789	0.013096183189778341	95.958027273412
0.5608569711425345	0.007	0.005	0.06530145166921185	8.931852862882337e-5	0.0075876179721299335	0.013117505208284332	95.93321788144402
0.5644188151900302	0.007	0.005	0.06567485373793229	8.731904492768312e-5	0.007677043310496984	0.013138758688418337	95.90792666358612
0.5679770105277168	0.007	0.005	0.06604738186410333	8.536940600191044e-5	0.00776681186338168	0.01315950982998995	95.88266801111808
0.5716033287503423	0.007	0.005	0.06642653733733643	8.343002918427619e-5	0.007858744704334753	0.013180176009700534	95.85693261743184
0.5752310330907322	0.007	0.005	0.06680532837736061	8.153747330154383e-5	0.007951161267891952	0.01320037490182424	95.83119429816277
0.5789266568009728	0.007	0.005	0.06719068801901489	7.965684279547604e-5	0.008045767836763067	0.013220475370691685	95.80498120173066
0.5826284856706008	0.007	0.005	0.0675761658212363	7.78203653975294e-5	0.008140996806587945	0.01324013945105225	95.77873128028244
0.586398445081214	0.007	0.005	0.0679681947569686	7.599719851023237e-5	0.008238453556848924	0.013259694121549565	95.7520056325746
0.5901792666802521	0.007	0.005	0.0683608031011289	7.421582174023449e-5	0.008336670920480764	0.013278839732606419	95.72521047130252
0.5940288233702335	0.007	0.005	0.06875998365657802	7.244890390602535e-5	0.008437165763679727	0.013297867015947346	95.69793587977735
0.5978937872949461	0.007	0.005	0.06916018862309095	7.072167433922453e-5	0.008538560299709709	0.013316509494184543	95.6705599440142
0.6018284686553012	0.007	0.005	0.06956702327693765	6.900985064250586e-5	0.008642293954860578	0.013335026454045542	95.6426982369862
0.6057830367641468	0.007	0.005	0.06997531574862341	6.733583749459577e-5	0.008747068553824395	0.013353180207214472	95.61470388639174
0.6098086718147668	0.007	0.005	0.0703903301271375	6.567800574351384e-5	0.008854256007005935	0.013371202689558196	95.58621486963136
0.6138586519232277	0.007	0.005	0.07080722848270977	6.405629933321875e-5	0.008962629139789432	0.013388881265055448	95.55756213096684
0.6179814116623663	0.007	0.005	0.07123097470985752	6.245140336870865e-5	0.009073501305799923	0.013406424019243586	95.52840331383517
0.6221329951889074	0.007	0.005	0.07165702781003966	6.088111356963187e-5	0.009185708679511842	0.013423640167339363	95.49904962743803
0.6263594338008026	0.007	0.005	0.07209008781841263	5.9328138480866475e-5	0.009300514178438359	0.013440716941391954	95.46917594479514
0.630619236928587	0.007	0.005	0.07252587822271903	5.780839350744882e-5	0.009416810579611797	0.013457482670005476	95.43907588808707
0.6349563382342703	0.007	0.005	0.07296886746025633	5.6306360983163025e-5	0.009535817756175334	0.01347410629971006	95.40843938719603
0.6393314475903903	0.007	0.005	0.0734150149574768	5.4836306322432604e-5	0.009656479121474746	0.013490432923425166	95.37754436843437
0.6437866765661251	0.007	0.005	0.07386858644841614	5.338427050468129e-5	0.009779978318314883	0.013506615412001693	95.34609386244895
0.648284701782499	0.007	0.005	0.07432575211762367	5.196306744407483e-5	0.009905304114079872	0.013522513601799077	95.31435176838565
0.6528660602703947	0.007	0.005	0.07479060076266796	5.0560111776695176e-5	0.010033610191707858	0.01353826618520594	95.28203246298642
0.6574951903437465	0.007	0.005	0.07525949122178474	4.918693684134441e-5	0.01016392603616329	0.013553746004775468	95.24938728262735
0.6622112800270762	0.007	0.005	0.07573635862125898	4.78321710282696e-5	0.010297381243344561	0.013569079212602817	95.21614035455006
0.666980349657637	0.007	0.005	0.07621773105859518	4.6506214595139827e-5	0.010433041964716495	0.013584150160814445	95.1825317358929
0.6718404426729415	0.007	0.005	0.07670741085802749	4.519877193785672e-5	0.01057201919479165	0.013599073870313842	95.14829386129388
0.6767590041629514	0.007	0.005	0.07720207835693883	4.391923778103418e-5	0.010713412228570317	0.013613744910553472	95.11365663283557
0.6817731217964511	0.007	0.005	0.0777054221174325	4.2658273021071744e-5	0.010858318701650835	0.013628268392499261	95.07835946298168
0.6868515282895638	0.007	0.005	0.07821425981242726	4.142437738368188e-5	0.011005868019730998	0.013642547984785189	95.04262307993456
0.6920305313333338	0.007	0.005	0.07873218371328461	4.020906445662746e-5	0.011157149526510868	0.013656679948158437	95.0061926398204
0.6972800321097122	0.007	0.005	0.07925613578826783	3.902003504338094e-5	0.011311320158062771	0.013670576080022135	94.96928055091759
0.7026357203742989	0.007	0.005	0.07978962784757077	3.7849565783285067e-5	0.011469465832348629	0.01368432470385124	94.93163657937998
0.7080685656851028	0.007	0.005	0.08032971505694332	3.670464162804342e-5	0.011630768944742055	0.013697844908928457	94.89346553299109
0.713613794663155	0.007	0.005	0.08087984359623682	3.557822386007413e-5	0.011796316843086444	0.013711217879142895	94.8545207091944
0.719243360871406	0.007	0.005	0.08143717230068633	3.447665408842004e-5	0.011965315749860985	0.013724369266682366	94.81499992429498
0.7249921737875289	0.007	0.005	0.0820050953808138	3.3393510239476494e-5	0.012138859246549035	0.013737373805460298	94.77465899445599
0.730833101370681	0.007	0.005	0.08258086725257602	3.233455400059312e-5	0.012316176185943117	0.013750163074330595	94.73368925034634
0.7368008794708745	0.007	0.005	0.08316784325578719	3.129392004010471e-5	0.012498371332719126	0.01376280596373849	94.691848036304
0.7428692370943115	0.007	0.005	0.08376336684199005	3.0276845451204803e-5	0.012684695483606016	0.013775239426268083	94.64932059016371
0.7490728748688645	0.007	0.005	0.08437076672422796	2.9277969585267286e-5	0.012876269617893225	0.013787527033393903	94.60586483491444
0.7553863449446876	0.007	0.005	0.08498747025912695	2.830205343082592e-5	0.013072366307707643	0.013799610628668352	94.5616602017504
0.7618444499373046	0.007	0.005	0.08561679127038524	2.7344195332993085e-5	0.013274127996899306	0.013811548922662127	94.51646425695382
0.7684225453242675	0.007	0.005	0.08625623750362851	2.6408722474178185e-5	0.01348084950140033	0.013823288231528334	94.47045078704748
0.7751556711753899	0.007	0.005	0.08690911902031236	2.5491152373192684e-5	0.013693700205964176	0.0138348828008117	94.42337608504577
0.7820199840755476	0.007	0.005	0.08757302193495647	2.4595415591936825e-5	0.01391199830419011	0.01384628305382421	94.37540833504173
0.7890509029235294	0.007	0.005	0.08825126374342311	2.3717413273024855e-5	0.014136946096563496	0.013857539122775145	94.32630160651019
0.7962253998558424	0.007	0.005	0.08894150822980817	2.2860712499725484e-5	0.01436788697496654	0.01386860521408483	94.27621841143761
0.8035794164879757	0.007	0.005	0.08964709117698129	2.202156689405295e-5	0.014606062564182936	0.013879527650789574	94.22490963684672
0.8110907792526397	0.007	0.005	0.09036575529650294	2.1203208988410413e-5	0.014850844263422341	0.013890264143249485	94.17253188923215
0.8187961024159123	0.007	0.005	0.09110086540471739	2.0402217390352263e-5	0.01510352002744644	0.013900857470012766	94.11883188257092
0.826674128333134	0.007	0.005	0.09185024608685828	1.9621515902014577e-5	0.015363493089674787	0.013911268598468607	94.0639599327177
0.8347623051913462	0.007	0.005	0.0926173022083076	1.8857983461748164e-5	0.01563210557323194	0.013921536996805378	94.00765752352768
0.8430403771825491	0.007	0.005	0.09339994483947502	1.8114258475394418e-5	0.015908797521159455	0.013931626667874678	93.95006813596116
0.8515467986919657	0.007	0.005	0.09420162998206938	1.7387498292721292e-5	0.016194973963651087	0.013941573972993622	93.89092690514867
0.860262437398199	0.007	0.005	0.09502036235576419	1.6680076437103635e-5	0.01649011836083954	0.013951345759686483	93.83036969722424
0.8692269422992315	0.007	0.005	0.09585966053181223	1.5989408969919198e-5	0.01679570855760277	0.013960975460959946	93.7681240861683
0.8784224543583602	0.007	0.005	0.09671763162484366	1.53176237144421e-5	0.017111279544911727	0.013970432589939625	93.70431736448347
0.8878900254938514	0.007	0.005	0.0975978686488438	1.4662377533737714e-5	0.01743839329884663	0.013979747809164864	93.63866821686831
0.8976132641640273	0.007	0.005	0.0984985926578765	1.4025569717587146e-5	0.0177766466596965	0.013988893139802352	93.57129411649025
0.9076348497181732	0.007	0.005	0.09942348274916893	1.3405082064077045e-5	0.018127698471026722	0.013997896606364593	93.50190344591417
0.9179400952194744	0.007	0.005	0.1003708877210558	1.2802601287156371e-5	0.018491220074701508	0.01400673259117654	93.43060234328878
0.9285735525977987	0.007	0.005	0.1013445841868859	1.2216219702646897e-5	0.018868981636525808	0.014015426594135677	93.35708736717933
0.939522521533793	0.007	0.005	0.10234306446414744	1.1647426504447654e-5	0.01926074425356243	0.014023955218000109	93.2814515289913
0.9508336871697612	0.007	0.005	0.10337021296476795	1.1094511501371092e-5	0.019668405563100864	0.01403234153133864	93.20337797603379
0.9624966523644504	0.007	0.005	0.10442468177112632	1.0558781150925368e-5	0.020091834104073662	0.014040564212475005	93.12294460604669
0.97456049687605	0.007	0.005	0.10551047037246424	1.0038711061080406e-5	0.02053307243255412	0.014048643969876345	93.0398196130239
0.9870174671644036	0.007	0.005	0.10662640577245222	9.535439436545968e-6	0.020992116425253678	0.0140565614066066	92.95406368294047
0.9999192550701603	0.007	0.005	0.10777660228837169	9.047617818570287e-6	0.02147117071763283	0.014064334908738908	92.86532887696605
1.0132610629340046	0.007	0.005	0.10896007070958373	8.576231080548679e-6	0.021970378764544767	0.014071946831941648	92.77365682818336
1.0270972919168042	0.007	0.005	0.1101810253473377	8.12009866711275e-6	0.02249212112821044	0.014079413237304083	92.6786831789376
1.0414262823421239	0.007	0.005	0.11143865411140672	7.680068032111206e-6	0.023036705341313177	0.014086718023908795	92.58042963178923
1.0563049530165483	0.007	0.005	0.11273722741084109	7.2551209736955936e-6	0.023606691367498232	0.014093874864693516	92.47851717256569
1.0717346270110435	0.007	0.005	0.11407607070146197	6.8459850316538465e-6	0.02420255473869717	0.014100868934337768	92.3729490708265
1.0877739576829333	0.007	0.005	0.11545941319645175	6.45180148629067e-6	0.024827014563956577	0.014107711375008741	92.26333751086464
1.1044263924200497	0.007	0.005	0.11688661674310426	6.0731969935558486e-6	0.025480689236456005	0.01411438829414631	92.14967366199035
1.1217504343730695	0.007	0.005	0.11836168016586819	5.709471494763809e-6	0.026166389417531657	0.01412090807052639	92.0315742611927
1.139749501369128	0.007	0.005	0.11988379582429215	5.361169953405694e-6	0.02688479409099365	0.01412725732789271	91.90903347445789
1.158478263381381	0.007	0.005	0.12145640359445072	5.027748468521299e-6	0.02763865598224923	0.014133441402017784	91.78169801325191
1.1779360283976728	0.007	0.005	0.12307817762401405	4.709683108347159e-6	0.028428541602182725	0.01413944704415344	91.6495929616548
1.1981676526938505	0.007	0.005	0.1247515098713497	4.406571583007985e-6	0.02925688334263926	0.014145276407627283	91.51243556250141
1.219162315894046	0.007	0.005	0.12647408752482683	4.118813505610946e-6	0.030123859322567427	0.014150916295792819	91.37032226522506
1.2409475863964563	0.007	0.005	0.12824669915923953	3.846103220692002e-6	0.031031227029696403	0.014156366100026078	91.22309064159454
1.2634965044143731	0.007	0.005	0.13006563974068014	3.58871849384822e-6	0.031978468912583234	0.014161613384732449	91.07094791015543
1.2868137441028145	0.007	0.005	0.1319297629064022	3.3463617403428315e-6	0.03296635731132906	0.014166656231617397	90.9138879909444
1.3108544803813695	0.007	0.005	0.13383397333284888	3.1191078645734236e-6	0.03399352696082668	0.01417148469235232	90.75223834862257
1.335601352811937	0.007	0.005	0.13577542543939644	2.906558102859532e-6	0.035059712993775874	0.01417609787630282	90.58614085712291
1.360997231764542	0.007	0.005	0.13774822859705763	2.7085158222740922e-6	0.036162865343969036	0.014180490339498369	90.4160033798077
1.3870107092689963	0.007	0.005	0.13974861886404225	2.5244147435265963e-6	0.03730195658592369	0.014184664252997792	90.24205964922544
1.413582407152404	0.007	0.005	0.14177079991758162	2.3537908964943956e-6	0.0384746479624643	0.014188619613268678	90.06472875727528
1.4406769785089784	0.007	0.005	0.14381095575702865	2.1959276336343474e-6	0.039679563954028135	0.014192362218829932	89.8842671901789
1.468241365710239	0.007	0.005	0.14586406686591016	2.050174051530956e-6	0.04091445772615821	0.01419589681780471	89.70104748873628
1.496243455812927	0.007	0.005	0.1479268184308473	1.9157372417321736e-6	0.0421779353101443	0.014199232012739012	89.5153008004616
1.5246406246950368	0.007	0.005	0.14999523934585435	1.7918853548186914e-6	0.04346805809017124	0.014202375678924371	89.32732623507302
1.5534071035208608	0.007	0.005	0.1520667073705216	1.6778285752375352e-6	0.04478358558919237	0.014205337882490676	89.13730948877142
1.5825111025089764	0.007	0.005	0.15413826208270245	1.5728405670465708e-6	0.04612294772596162	0.014208127975107707	88.94547459602886
1.6119335633397576	0.007	0.005	0.1562079423772092	1.4761897549733644e-6	0.047485110119567756	0.01421075631507993	88.75196025723076
1.6416520407449486	0.007	0.005	0.15827362042756832	1.387207696147519e-6	0.0488688417370569	0.014213232510206933	88.55692638002905
1.6716532851745438	0.007	0.005	0.16033387510746486	1.3052484064410033e-6	0.05027330364054288	0.01421556643971349	88.36047150634117
1.7019221542562974	0.007	0.005	0.16238720622643435	1.2297247006569834e-6	0.05169753957561315	0.014217767232106444	88.16270582757953
1.7324499469105497	0.007	0.005	0.16443259748852743	1.1600832949421265e-6	0.05314087061980854	0.014219843881985357	87.96369676242512
1.7632269096376327	0.007	0.005	0.16646899693749811	1.0958228899369183e-6	0.054602547284641444	0.01422180467584292	87.76351810389679
1.7942477048007908	0.007	0.005	0.1684956763474351	1.0364783864446615e-6	0.0560820111039705	0.014223657572074366	87.5622144875905
1.8255064165361534	0.007	0.005	0.1705118927755273	9.816290319179728e-7	0.057578660511645174	0.0142254098903799	87.35983400963809
1.857000100714185	0.007	0.005	0.17251711551531304	9.308880849770988e-7	0.0590920221189555	0.014227068550829034	87.15640527429905
1.8887255002620036	0.007	0.005	0.17451080870206032	8.839057782022185e-7	0.060621595356929917	0.014228639914525727	86.95195875592647
1.9206813459969958	0.007	0.005	0.17649257434951698	8.403623093271595e-7	0.06216696426553941	0.014230129938539343	86.7465119974242
1.952866185795736	0.007	0.005	0.17846201220918037	7.999683047877404e-7	0.06372769398104254	0.014231544099239683	86.54008366578492
1.985279892055372	0.007	0.005	0.18041881093241036	7.624598864396951e-7	0.06530340436846525	0.014232887496776855	86.3326839024529
2.0179222307488742	0.007	0.005	0.18236265803567303	7.275980112034818e-7	0.06689370130056041	0.014234164823226852	86.12432354661127
2.0507938323763484	0.007	0.005	0.18429329700925465	6.951649287757982e-7	0.06849822427503706	0.014235380434447482	85.91500795096485
2.083895262958889	0.007	0.005	0.18621047040972882	6.649630795598525e-7	0.07011660152529939	0.01423653834232812	85.70474294211442
2.1172276425694596	0.007	0.005	0.18811395525203423	6.368124963871342e-7	0.07174848043811448	0.014237642265513476	85.49353090074135
2.150792052042926	0.007	0.005	0.1900035276658566	6.105496077340835e-7	0.0733934987429814	0.014238695633809055	85.2813745502578
2.1845899217393043	0.007	0.005	0.19187898454079236	5.860252958388852e-7	0.07505130366335569	0.014239701624904656	85.06827450563819
2.218622632667374	0.007	0.005	0.1937401205396944	5.631037851189213e-7	0.07672153246596794	0.014240663173498537	84.85423180664283
2.252891784604176	0.007	0.005	0.19558674271602322	5.416611436158098e-7	0.07840382567463604	0.014241582999448879	84.63924623425142
2.2873989281671316	0.007	0.005	0.19741865560293356	5.215843093189548e-7	0.08009781397696067	0.014242463618463258	84.42331800277991
2.3221457346924392	0.007	0.005	0.19923567030884468	5.027699334730829e-7	0.08180312660673278	0.014243307363561622	84.2064466973614
2.3571338150496937	0.007	0.005	0.20103759486343864	4.851235517010198e-7	0.0835193824947095	0.01424411639579515	83.98863241047749
2.3923648304921286	0.007	0.005	0.2028242401205017	4.685586769679667e-7	0.08524619575776696	0.01424489272106755	83.76987505004678
2.4278403779081157	0.007	0.005	0.20459541396136108	4.529961026798547e-7	0.08698317012833372	0.01424563820029945	83.55017505355397
2.463562044968988	0.007	0.005	0.20635092432180674	4.383631931509074e-7	0.08872990173029403	0.014246354562434813	83.32953304296154
2.4995313544871673	0.007	0.005	0.20809057664327912	4.2459329722132146e-7	0.0904859764416544	0.014247043413974415	83.10795016656198
2.53574976482297	0.007	0.005	0.20981417422779305	4.1162519510321454e-7	0.09225097002568171	0.01424770624883459	82.88542809141204
2.5722186654806585	0.007	0.005	0.2115215183642898	3.994026040469286e-7	0.09402444804641602	0.014248344457224612	82.66196902516411
2.608939353002826	0.007	0.005	0.2132124075721284	3.8787373940345143e-7	0.09580596485081945	0.01424895933341504	82.43757585760784
2.6459130307344982	0.007	0.005	0.21488663802297464	3.769909107257321e-7	0.09759506374223553	0.014249552083253195	82.21225215444753
2.683140793744407	0.007	0.005	0.21654400330325285	3.667101624328407e-7	0.09939127646184959	0.014250123830787631	81.98600224102894
2.720623618291322	0.007	0.005	0.2181842944366495	3.569909474014233e-7	0.10119412292517593	0.01425067562441196	81.75883125692819
2.758362356038276	0.007	0.005	0.2198073001499465	3.477958309810017e-7	0.10300311122131046	0.014251208442561059	81.53074518069499
2.7963577256205565	0.007	0.005	0.2214128070464893	3.3909022382300894e-7	0.1048177375186247	0.014251723198890433	81.30175086980147
2.834610304019092	0.007	0.005	0.22300059980117468	3.3084214025791994e-7	0.10663748599774196	0.014252220747025212	81.07185610076145
2.8731205100402386	0.007	0.005	0.224570461065947	3.2302198070151155e-7	0.10846182844959303	0.014252701884824547	80.84106965546118
2.9118886183692045	0.007	0.005	0.22612217265101986	3.156023281909581e-7	0.11029022536188877	0.014253167358675694	80.60940122320342
2.9509147195755183	0.007	0.005	0.22765551452921828	3.0855777439009777e-7	0.11212212448600457	0.01425361786679145	80.3768616256258
2.9901987522469184	0.007	0.005	0.22917026675952412	3.018647478343651e-7	0.11395696284854329	0.014254054063086911	80.14346260941421
3.0297404651545103	0.007	0.005	0.23066620863538675	2.9550137057083606e-7	0.11579416550547685	0.014254476559951657	79.9092170560719
3.0695394366852073	0.007	0.005	0.23214312008913462	2.894473179105374e-7	0.11763314702058512	0.014254885931432822	79.67413884983735
3.1095950523429456	0.007	0.005	0.23360078148697025	2.836836975340779e-7	0.11947331102311035	0.014255282715725116	79.43824299404348
3.1499065192991798	0.007	0.005	0.23503897481458932	2.7819293358162865e-7	0.12131405151713111	0.014255667417841013	79.20154550774636
3.190472846425881	0.007	0.005	0.23645748359013852	2.7295866628456083e-7	0.12315475263353011	0.01425604051173925	78.96406352549741
3.23129286739386	0.007	0.005	0.23785609430625979	2.6796565432232197e-7	0.12499479037857956	0.014256402442687999	78.72581514388993
3.2723652071857083	0.007	0.005	0.23923459587855025	2.631996929455718e-7	0.12683353184193522	0.014256753628942936	78.48681959917415
3.313688319343983	0.007	0.005	0.24059278151754776	2.5864753066955423e-7	0.12867033762439148	0.014257094463910111	78.24709703146674
3.3552604635922494	0.007	0.005	0.24193044852973372	2.5429680008513314e-7	0.1305045615957602	0.014257425317638366	78.00666859711835
3.3970797247442444	0.007	0.005	0.24324739947973592	2.501359499278934e-7	0.1323355525176948	0.01425774653853775	77.76555634090477
3.4391440155302178	0.007	0.005	0.24454344276678217	2.4615418479351513e-7	0.13416265495064608	0.014258058454835833	77.52378316243869
3.4814510627554007	0.007	0.005	0.24581839267538633	2.423414112894869e-7	0.13598520945507658	0.014258361375809908	77.2813728781588
3.5239984555705077	0.007	0.005	0.24707207127326938	2.3868818308282617e-7	0.13780255547820536	0.014258655593367569	77.03834992754116
3.5667836126144365	0.007	0.005	0.2483043077886052	2.3518565772171477e-7	0.13961403072495404	0.01425894138293994	76.79473954566082
3.6098038228634333	0.007	0.005	0.24951494015136802	2.3182555070382526e-7	0.14141897368871964	0.014259219004811802	76.55056751448949
3.6530562358810874	0.007	0.005	0.25070381498233585	2.2860009744459516e-7	0.14321672400004373	0.014259488705016485	76.30586020441034
3.6965378895489813	0.007	0.005	0.25187078859866824	2.255020154045832e-7	0.14500662433542413	0.014259750716402647	76.06064440363409
3.740245706613325	0.007	0.005	0.25301572709007386	2.2252447150177144e-7	0.14678802099407084	0.014260005259430877	75.81494732565346
3.784176532161356	0.007	0.005	0.2541385074276397	2.1966104939915283e-7	0.14856026612219425	0.014260252543149401	75.56879638737925
3.828327122144198	0.007	0.005	0.2552390172124602	2.1690572259441278e-7	0.15032271789308654	0.014260492765818396	75.32221926436291
3.8726941788994633	0.007	0.005	0.2563171555841139	2.1425282640932254e-7	0.15207474255293546	0.014260726115748489	75.07524368360994
3.917274340093969	0.007	0.005	0.25737283289744295	2.116970352554108e-7	0.15381571455437162	0.014260952771830265	74.82789747836209
3.9620642389406044	0.007	0.005	0.25840597205407223	2.0923333729883908e-7	0.15554501944137242	0.014261172904385435	74.58020824823816
4.007060464009234	0.007	0.005	0.259416507381655	2.068570167362298e-7	0.15726205274805938	0.014261386675458176	74.33220357856112
4.05225962934942	0.007	0.005	0.26040438603240845	2.0456363140343792e-7	0.1589662231219685	0.014261594239616164	74.08391065038055
4.097658340431787	0.007	0.005	0.2613695669413539	2.02348997432111e-7	0.16065695137947814	0.014261795744205902	73.8353564277425
4.143253253295671	0.007	0.005	0.2623120218039152	2.00209170407628e-7	0.1623336730400246	0.014261991330009993	73.58656733357134
4.189041049616348	0.007	0.005	0.26323173418010576	1.9814043185415507e-7	0.16399583763926712	0.014262181131489086	73.33756938864374
4.23501848148488	0.007	0.005	0.2641287000277818	1.961392734629891e-7	0.1656429105701078	0.01426236527730152	73.08838797072751
4.281182364821006	0.007	0.005	0.2650029271260322	1.9420238470218578e-7	0.1672743729681295	0.014262543890573501	72.83904785573975
4.3275295941133365	0.007	0.005	0.2658544349122076	1.92326640278988e-7	0.16888972232941094	0.014262717089238033	72.58957314366737
4.37405717589782	0.007	0.005	0.26668325460367526	1.9050908791416902e-7	0.1704884736999642	0.014262884986414582	72.3399870858656
4.420762194442426	0.007	0.005	0.26748942806449877	1.8874693931108244e-7	0.1720701584620358	0.014263047690518862	72.09031227793878
4.46764187326996	0.007	0.005	0.2682730083703411	1.8703755824639764e-7	0.1736343263721697	0.014263205305702822	71.84057033922251
4.514693543864813	0.007	0.005	0.26903405870612407	1.853784527782424e-7	0.17518054436385966	0.014263357931943613	71.59078209104919
4.561914682728906	0.007	0.005	0.2697726524277714	1.8376726558503138e-7	0.17670839761535034	0.014263505665354895	71.34096737065222
4.609302882831483	0.007	0.005	0.2704888720436513	1.8220176707652922e-7	0.1782174884096499	0.014263648598269152	71.09114519449996
4.656855900282945	0.007	0.005	0.2711828093774579	1.8067984650596856e-7	0.17970743739820516	0.014263786819544936	70.8413335240331
4.704571628760671	0.007	0.005	0.27185456460091023	1.7919950589558696e-7	0.1811778824925191	0.014263920414636998	70.59154941416611
4.752448114739636	0.007	0.005	0.2725042459037642	1.7775885312334022e-7	0.18262847904117796	0.01426404946578314	70.34180894651426
4.800483563293368	0.007	0.005	0.27313196901132053	1.7635609565867486e-7	0.18405889966322153	0.014264174052150181	70.09212721326882
4.848676324670759	0.007	0.005	0.27373785646325993	1.7498953526828002e-7	0.18546883348909082	0.014264294249922578	69.84251840113157
4.897024922318386	0.007	0.005	0.2743220374383947	1.736575618624478e-7	0.1868579866082295	0.014264410132489672	69.59299566026488
4.945528032922714	0.007	0.005	0.2748846469683207	1.7235864896323015e-7	0.18822608107357508	0.01426452177050225	69.34357122265163
4.994184485443725	0.007	0.005	0.27542582543185895	1.71091349075931e-7	0.18957285447676225	0.01426462923197564	69.0942564211124
5.04299328275663	0.007	0.005	0.2759457183030939	1.698542885655807e-7	0.19089806012286378	0.014264732582434233	68.84506159299887
5.091953568265245	0.007	0.005	0.2764444753066843	1.6864616436114184e-7	0.19220146567584573	0.014264831884929618	68.59599626570503
5.141064657186341	0.007	0.005	0.27692225029592715	1.6746573919620322e-7	0.19348285357137646	0.014264927200193853	68.34706901127623
5.190326002809979	0.007	0.005	0.2773792004716403	1.6631183871110386e-7	0.1947420196775763	0.014265018586653374	68.09828763225363
5.23973722455931	0.007	0.005	0.27781548623934255	1.651833472067284e-7	0.19597877358708646	0.014265106100562083	67.84965903337792
5.289298073881704	0.007	0.005	0.2782312704980346	1.6407920522641675e-7	0.1971929373077526	0.014265189796013095	67.60118940748076
5.339008475535445	0.007	0.005	0.27862671861647254	1.6299840538314493e-7	0.19838434584466133	0.014265269725080854	67.35288404167892
5.38886846679452	0.007	0.005	0.27900199756967825	1.6193999084578968e-7	0.19955284528188846	0.014265345937786915	67.10474763518951
5.438878248658404	0.007	0.005	0.2793572760166569	1.6090305140385262e-7	0.20069829359130342	0.014265418482248392	66.85678405609201
5.48903814784996	0.007	0.005	0.2796927236829925	1.5988672163828298e-7	0.20182055930425685	0.01426548740467914	66.60899654359149
5.539348628353004	0.007	0.005	0.2800085111519035	1.5889017826942376e-7	0.20291952137251387	0.014265552749466951	66.36138766270943
5.589810279647523	0.007	0.005	0.28030480950630365	1.5791263799507887e-7	0.20399506850193044	0.014265614559213984	66.11395937426269
5.640423824931048	0.007	0.005	0.28058179011609413	1.569533551878302e-7	0.20504709893428286	0.014265672874800983	65.86671300607284
5.691190105852942	0.007	0.005	0.28083962430204723	1.5601162006629632e-7	0.20607551973470611	0.014265727735419865	65.61964933914119
5.742110090692035	0.007	0.005	0.28107848315153605	1.5508675662185255e-7	0.20708024658571372	0.014265779178632301	65.37276857867224
5.79318485212343	0.007	0.005	0.2812985371999458	1.5417812116836686e-7	0.2080612029816663	0.014265827240394033	65.12607047257868
5.844415595695959	0.007	0.005	0.2814999563620133	1.5328510007553724e-7	0.20901832043019214	0.01426587195512776	64.87955418397303
5.895803620477351	0.007	0.005	0.28168290957915665	1.5240710889480493e-7	0.20995153735331343	0.014265913355729068	64.63321849129795
5.94735033388641	0.007	0.005	0.2818475647260716	1.5154359042161056e-7	0.21086079905723412	0.01426595147362361	64.38706172585307
5.999057266762901	0.007	0.005	0.28199408849291774	1.506940131409033e-7	0.2117460576636142	0.014265986338815683	64.14108170979338
6.050926023211862	0.007	0.005	0.28212264609322824	1.4985787054177063e-7	0.2126072709323081	0.014266017979890749	63.8952760042608
6.102958340283783	0.007	0.005	0.28223340130002916	1.4903467895653782e-7	0.21344440298287454	0.014266046424091228	63.64964163450222
6.155156020303406	0.007	0.005	0.28232651615866006	1.4822397735345035e-7	0.2142574228856366	0.01426607169730961	63.40417541920929
6.207520987372223	0.007	0.005	0.2824021510042051	1.474253253413896e-7	0.21504630530489408	0.014266093824153253	63.15887371189859
6.260055240083719	0.007	0.005	0.28246046427218247	1.4663830275550763e-7	0.21581102948975206	0.014266112827951743	62.913732631793955
6.3127608770205175	0.007	0.005	0.28250161245498123	1.458625083130814e-7	0.216551579418799	0.014266128730799223	62.66874795189804
6.365640084034585	0.007	0.005	0.28252575000203434	1.4509755878902787e-7	0.21726794336462446	0.014266141553577413	62.423915166423406
6.418695131905792	0.007	0.005	0.28253302925004625	1.4434308815924266e-7	0.21796011363525652	0.014266151315982925	62.17922950905414
6.471928381048723	0.007	0.005	0.28252360036026536	1.4359874665956501e-7	0.2186280864149405	0.014266158036554285	61.934685938624575
6.525342357302519	0.007	0.005	0.2824976112063631	1.428641989594393e-7	0.2192718624359151	0.014266161732698577	61.690278800682684
6.578939593968896	0.007	0.005	0.2824552073498597	1.4213912560144731e-7	0.2198914447879738	0.014266162420694586	61.44600256050661
6.632722721320691	0.007	0.005	0.2823965320011232	1.4142322101924638e-7	0.22048683987964293	0.014266160115730288	61.201851397798116
6.686694428557591	0.007	0.005	0.28232172601731403	1.407161933563181e-7	0.22105805682238364	0.014266154831924737	60.95781938665513
6.740857497094806	0.007	0.005	0.28223092784138126	1.4001776339699258e-7	0.22160510763492985	0.014266146582348314	60.71390035081259
6.795214776655447	0.007	0.005	0.28212427350706154	1.393276642584e-7	0.22212800682051775	0.014266135379044125	60.47008797851354
6.849769211707181	0.007	0.005	0.2820018965685214	1.3864564049369967e-7	0.22262677146740908	0.014266121233041532	60.22637571033308
6.904523806525325	0.007	0.005	0.2818639281523153	1.379714480053454e-7	0.22310142076257453	0.01426610415438089	59.98275690237324
6.959481659029925	0.007	0.005	0.28171049686920135	1.3730485309890284e-7	0.22355197615842082	0.014266084152121418	59.73922468153584
7.014645936597129	0.007	0.005	0.28154172885933293	1.3664563232351085e-7	0.22397846101519583	0.014266061234363102	59.49577206000963
7.070019895597734	0.007	0.005	0.28135774772862715	1.3599357177962858e-7	0.22438090062523275	0.014266035408253648	59.252391855340534
7.1256068643687085	0.007	0.005	0.2811586745932424	1.353484669202219e-7	0.22475932194875095	0.014266006680008424	59.00907677234298
7.181410251835664	0.007	0.005	0.2809446280519933	1.3471012203353214e-7	0.22511375356014712	0.014265975054919573	58.76581937158156
7.237433548866235	0.007	0.005	0.28071572417911284	1.340783498711939e-7	0.225444225535762	0.014265940537366425	58.52261207027381
7.293680325922379	0.007	0.005	0.280472076534579	1.3345297130863654e-7	0.22575076932520866	0.014265903130827375	58.279447159305214
7.350154234431714	0.007	0.005	0.28021379616343645	1.3283381503465437e-7	0.22603341765337284	0.014265862837889054	58.03631680401247
7.40685901573917	0.007	0.005	0.2799409915586697	1.3222071711536733e-7	0.2262922044582563	0.014265819660248548	57.79321301268529
7.463798483750272	0.007	0.005	0.27965376875024595	1.3161352090385748e-7	0.22652716470918724	0.014265773598734426	57.55012771811468
7.52097654524646	0.007	0.005	0.2793522312182357	1.3101207657202212e-7	0.2267383344081385	0.014265724653299056	57.30705269745652
7.578397178633671	0.007	0.005	0.2790364800141056	1.304162410438966e-7	0.22692575041825633	0.014265672823043217	57.063979669877895
7.636064469776396	0.007	0.005	0.2787066135805796	1.298258774301008e-7	0.2270894505037112	0.014265618106190725	56.82090015179832
7.693982567722262	0.007	0.005	0.27836272801143375	1.292408552395472e-7	0.22722947310853742	0.014265560500134302	56.57780565152047
7.752155732329971	0.007	0.005	0.2780049167966032	1.2866104966711347e-7	0.22734585741882404	0.014265500001395577	56.334687475827224
7.810588293567063	0.007	0.005	0.27763327108028296	1.2808634186489578e-7	0.22743864319084603	0.014265436605669644	56.091536908494454
7.869284687993715	0.007	0.005	0.2772478794582877	1.2751661835842467e-7	0.22750787076233076	0.014265370307791434	55.84834506531008
7.928249433323259	0.007	0.005	0.2768488281585579	1.269517711607145e-7	0.22755358094598763	0.014265301101766137	55.605103007930786
7.987487153638949	0.007	0.005	0.27643620089752635	1.263916973417927e-7	0.2275758150009354	0.014265228980743394	55.361801647398714
8.047002549770914	0.007	0.005	0.2760100791074509	1.258362992087918e-7	0.22757461456300856	0.014265153937055042	55.11843187414904
8.106800448556154	0.007	0.005	0.2755705416136215	1.2528548369278545e-7	0.2275500216046568	0.014265075962155857	54.87498436438851
8.166885917269312	0.007	0.005	0.2751176637615225	1.247391612122099e-7	0.22750207822295399	0.014264995046462376	54.63144912825095
8.227263874598378	0.007	0.005	0.27465152035610185	1.2419724913200496e-7	0.22743082686554347	0.014264911179872733	54.38781709731574
8.287939523863349	0.007	0.005	0.2741721824583489	1.2365966767597773e-7	0.22733631001561655	0.014264824351191013	54.1440783744349
8.348918025932356	0.007	0.005	0.2736797199244083	1.231263428312841e-7	0.22721857051208602	0.014264734548577861	53.9002235640848
8.410204747213564	0.007	0.005	0.2731741995001983	1.2259720402336857e-7	0.2270776511816939	0.014264641759200334	53.65624278313614
8.471805075250817	0.007	0.005	0.27265568633797554	1.2207218567839937e-7	0.22691359516024165	0.014264545969501462	53.412126408152005
8.533724575785222	0.007	0.005	0.2721242427438189	1.2155122581655106e-7	0.22672644553093715	0.014264447164963428	53.16786445876816
8.595968855586817	0.007	0.005	0.27157992936897046	1.21034267118452e-7	0.22651624567801398	0.014264345330319804	52.92344715083427
8.658543679939301	0.007	0.005	0.2710228042498087	1.2052125597576268e-7	0.22628303894626794	0.014264240449369156	52.67886444163756
8.721454888035957	0.007	0.005	0.270452923585126	1.2001214306971499e-7	0.22602686891960605	0.014264132505111304	52.43410637230891
8.784708453485838	0.007	0.005	0.2698703412477164	1.195068829070794e-7	0.225747779218057	0.014264021479646342	52.1891628404407
8.848310436367287	0.007	0.005	0.2692751092666139	1.1900543415541106e-7	0.22544581371218034	0.01426390735425622	51.94402379632743
8.912267027641951	0.007	0.005	0.26866727747029934	1.185077592942051e-7	0.22512101635754758	0.014263790109326649	51.69867908053874
8.97658450486454	0.007	0.005	0.2680468939559059	1.1801382494485752e-7	0.2247734314429118	0.014263669724426586	51.45311860421398
9.041269277092397	0.007	0.005	0.2674140047197388	1.1752360151683443e-7	0.22440310340759337	0.014263546178226115	51.20733218641947
9.106327844417201	0.007	0.005	0.26676865410581085	1.1703706354398967e-7	0.2240100771095392	0.014263419448572155	50.96130971851232
9.171766826046879	0.007	0.005	0.2661108845962074	1.1655418946454545e-7	0.22359439773165532	0.01426328951243625	50.715041066750196
9.237592919043028	0.007	0.005	0.26544073729192735	1.1607496194190522e-7	0.22315611111538	0.014263156345997835	50.46851623706086
9.30381295727367	0.007	0.005	0.26475825138833964	1.1559936748924764e-7	0.22269526346410207	0.014263019924528674	50.22172516273927
9.370433834536835	0.007	0.005	0.26406346503338884	1.1512739702701007e-7	0.2222119019530704	0.014262880222551805	49.97465800111361
9.437462559290456	0.007	0.005	0.2633564148478718	1.1465904553086648e-7	0.22170607446971569	0.014262737213734547	49.727304937334814
9.504906221171723	0.007	0.005	0.26263713635370983	1.1419431230003646e-7	0.22117782996764165	0.014262590870962762	49.47965631728433
9.572771979053803	0.007	0.005	0.2619056641938031	1.1373320111685463e-7	0.22062721870625987	0.014262441166374828	49.23170269832215
9.64106708055236	0.007	0.005	0.2611620320163943	1.1327572010965235e-7	0.22005429224666134	0.014262288071327362	48.98343478468581
9.709798813410703	0.007	0.005	0.26040627309994097	1.1282188218340706e-7	0.21945910401877325	0.01426213155651339	48.73484361080172
9.778974533656514	0.007	0.005	0.2596384201530088	1.123717048604535e-7	0.2188417092750066	0.014261971591912222	48.485920443677195
9.848601634304304	0.007	0.005	0.2588585057651062	1.1192521051478606e-7	0.21820216555516478	0.014261808146874229	48.236656900693184
9.918687512981297	0.007	0.005	0.2580665628880467	1.114824267149748e-7	0.21754053321213598	0.014261641190215004	47.98704506774514
9.989239604274381	0.007	0.005	0.2572626245937724	1.1104338599520763e-7	0.21685687535092488	0.014261470690158902	47.737077385058434
10.060265290001238	0.007	0.005	0.256446725219615	1.106081265250547e-7	0.21615125894582707	0.014261296614577361	47.48674696569122
10.13177195418015	0.007	0.005	0.25561889987820885	1.1017669181478551e-7	0.21542375459580873	0.014261118930883696	47.23604739805112
10.203766891019704	0.007	0.005	0.2547791856545733	1.0974913130952569e-7	0.21467443774280212	0.014260937606289437	46.98497306568771
10.276257330526427	0.007	0.005	0.25392762145935266	1.0932550032686658e-7	0.2139033887471859	0.014260752607777117	46.733519049860824
10.349250357873332	0.007	0.005	0.2530642491238534	1.0890586054851906e-7	0.2131106940837482	0.014260563902344273	46.48168140043487
10.422752937742167	0.007	0.005	0.25218911327272275	1.0849027992290627e-7	0.21229644645842785	0.014260371456986737	46.229457038415894
10.496771801275175	0.007	0.005	0.2513022628279576	1.0807883332627369e-7	0.21146074644377363	0.014260175239043332	45.97684412870204
10.571313473171477	0.007	0.005	0.25040375085898264	1.076716024713721e-7	0.21060370261301561	0.014259975216183982	45.72384196565788
10.646384169572702	0.007	0.005	0.24949363597984436	1.072686764102993e-7	0.2097254331420888	0.014259771356744975	45.47045129649166
10.721989788128552	0.007	0.005	0.24857198264849095	1.0687015164222554e-7	0.20882606640253423	0.014259563629828505	45.2166743244157
10.798135801264369	0.007	0.005	0.2476388626434753	1.0647613260988689e-7	0.20790574271343445	0.014259352005673773	44.962515032661365
10.874827268473343	0.007	0.005	0.2466943550939358	1.060867315972187e-7	0.20696461470646374	0.014259136455710867	44.70797910229836
10.952068668875043	0.007	0.005	0.2457385487145171	1.0570206953211612e-7	0.20600284988991643	0.014258916953124557	44.45307442264025
11.029863940698403	0.007	0.005	0.24477154149818853	1.053222756075106e-7	0.20502063071377133	0.014258693472850135	44.19781090541018
11.108216287301067	0.007	0.005	0.24379344329132147	1.0494748821512365e-7	0.20401815754618222	0.014258465992241426	43.94220106251601
11.187128208187083	0.007	0.005	0.242804375576564	1.0457785450958465e-7	0.20299564885068458	0.014258234491108664	43.68625983387675
11.266601309007163	0.007	0.005	0.24180447400150282	1.042135311955271e-7	0.20195334418097458	0.014257998952406457	43.43000512901887
11.346636302920414	0.007	0.005	0.24079388850723535	1.0385468417470392e-7	0.2008915047258062	0.014257759362377258	43.17345773515665
11.427232846164355	0.007	0.005	0.23977278552366268	1.0350148904483743e-7	0.19981041600513783	0.01425751571119472	42.916641751833254
11.508389514943769	0.007	0.005	0.23874134836803426	1.0315413086299747e-7	0.19871038869398938	0.014257267993198727	42.659584560256434
11.590103646453356	0.007	0.005	0.23769977934079867	1.0281280436494412e-7	0.19759176123634262	0.01425701620755057	42.40231721621952
11.672371302000457	0.007	0.005	0.23664830024875916	1.0247771371531552e-7	0.19645490078602607	0.014256760358529106	42.14487444374203
11.755187147696748	0.007	0.005	0.2355871539452688	1.0214907245191751e-7	0.19530020521669236	0.014256500456087402	41.88729487997837
11.838544421986763	0.007	0.005	0.23451660472667332	1.0182710306597422e-7	0.19412810387405843	0.014256236516147155	41.62962103886215
11.922434798021415	0.007	0.005	0.23343694003751086	1.0151203688917212e-7	0.19293905972222594	0.014255968561229002	41.371899593190705
12.006848412876181	0.007	0.005	0.23234846999093395	1.0120411332071436e-7	0.19173356905997135	0.014255696620558329	41.11418113341682
12.0917737588821	0.007	0.005	0.23125152861353482	1.0090357944261794e-7	0.19051216307500676	0.01425542073060795	40.856520347244135
12.177197711209569	0.007	0.005	0.23014647328688081	1.0061068921957757e-7	0.18927540735018547	0.014255140935201659	40.59897577791593
12.263105490732334	0.007	0.005	0.2290336849716854	1.0032570278418048e-7	0.18802390216483514	0.014254857285818715	40.341609779769335
12.349480721197216	0.007	0.005	0.227913567161048	1.00048885358021e-7	0.18675828129838676	0.014254569841579587	40.0844881907732
12.43630543352309	0.007	0.005	0.22678654546699034	9.978050643350891e-8	0.1854792114592727	0.014254278669390927	39.82768016877078
12.523560195632493	0.007	0.005	0.22565306553061254	9.952083846011048e-8	0.18418738972892104	0.014253983843654137	39.57125766201977
12.611224155457682	0.007	0.005	0.22451359201375465	9.927015595532302e-8	0.18288354213422942	0.014253685446240946	39.31529514896355
12.69927519946701	0.007	0.005	0.22336860605207515	9.9028734101285e-8	0.18156842037703788	0.014253383566055374	39.05986905081419
12.787690088195992	0.007	0.005	0.2222186029742727	9.879684764601372e-8	0.18024279876756316	0.014253078298642688	38.805057230290366
12.87644463254234	0.007	0.005	0.2210640894680718	9.857476969418719e-8	0.17890747043263458	0.01425276974562785	38.55093839158303
12.965513881469654	0.007	0.005	0.21990558058399495	9.836277062565635e-8	0.1775632432507623	0.014252458014080926	38.29759147015541
13.05487232649591	0.007	0.005	0.21874359651751038	9.816111690839822e-8	0.17621093545451866	0.014252143215790065	38.045094998661
13.144494104554965	0.007	0.005	0.21757865941975202	9.797007030704838e-8	0.17485137120150307	0.01425182546650651	37.79352650253418
13.23435320427708	0.007	0.005	0.21641129018152322	9.778988699222433e-8	0.17348537606399972	0.014251504885145691	37.542961910783944
13.324423722690259	0.007	0.005	0.21524200459060305	9.762081675228947e-8	0.17211377174574105	0.01425118159277659	37.29347485237595
13.414680016294126	0.007	0.005	0.2140713108988308	9.746310262020174e-8	0.17073737242447132	0.014250855711959	37.04513627225367
13.505096954440265	0.007	0.005	0.2128997061062328	9.731698041721401e-8	0.16935697958313697	0.01425052736568925	36.79801378652928
13.595650047018307	0.007	0.005	0.21172767392812772	9.718267859836128e-8	0.16797337882313884	0.014250196676776438	36.55217140641774
13.686315661192452	0.007	0.005	0.21055568166464156	9.706041823144764e-8	0.16658733540546347	0.014249863766878526	36.307669037176915
13.777071128692139	0.007	0.005	0.2093841785481949	9.695041310282417e-8	0.16519959156480707	0.014249528755922293	36.0645622927803
13.867894887118105	0.007	0.005	0.2082135937115714	9.685286999151006e-8	0.16381086341861614	0.014249191761390213	35.822902231538926
13.958766564807277	0.007	0.005	0.20704433494630406	9.676798917679781e-8	0.16242183886111974	0.014248852897809215	35.582735254751384
14.049667075177387	0.007	0.005	0.20587678739835336	9.669596482551959e-8	0.16103317543925674	0.014248512276202316	35.344102988419266
14.140578636187648	0.007	0.005	0.20471131328322822	9.663698575811947e-8	0.15964549950056428	0.014248170003821262	35.107042368061855
14.231484841378833	0.007	0.005	0.20354825099043852	9.659123605922259e-8	0.15825940467822974	0.014247826183690736	34.871585590643555
14.322370644130782	0.007	0.005	0.20238791534945721	9.655889587949792e-8	0.1568754518219634	0.014247480914485142	34.63776029443864
14.413222369726274	0.007	0.005	0.20123059758056774	9.65401421942044e-8	0.15549416861742216	0.01424713429031038	34.405589664230305
14.504027665199958	0.007	0.005	0.2000765660757724	9.653514971484059e-8	0.15411605025690228	0.01424678640073298	34.17509269283119
14.594775507552976	0.007	0.005	0.19892606646669642	9.654409160252063e-8	0.1527415593171616	0.014246437330598582	33.94628428841238
14.685456108289333	0.007	0.005	0.1977793230353264	9.656714037330609e-8	0.15137112729484323	0.01424608716026011	33.71917563904296
14.776060906873099	0.007	0.005	0.19663653901475645	9.66044687195935e-8	0.15000515486608584	0.014245735965478162	33.4937743447161
14.86658248516432	0.007	0.005	0.19549789790648478	9.66562502477177e-8	0.14864401340559208	0.014245383817638454	33.27008474099701
14.957014499225004	0.007	0.005	0.19436356458473564	9.67226602594206e-8	0.14728804629168005	0.014245030783916682	33.048108169378
15.047351622626339	0.007	0.005	0.1932336862617295	9.680387649786071e-8	0.1459375700802478	0.014244676927411321	32.82784321079718
15.137589477477874	0.007	0.005	0.1921083936097687	9.690007982456389e-8	0.14459287589669298	0.014244322307336237	32.6092859412011
15.227724559374908	0.007	0.005	0.19098780195719092	9.701145487595204e-8	0.14325423094203796	0.014243966979249071	32.392430193067014
15.31775416835154	0.007	0.005	0.18987201240422544	9.71381906469817e-8	0.14192187992484426	0.014243610995267287	32.177267793606845
15.407676328064252	0.007	0.005	0.18876111307707527	9.728048109309678e-8	0.14059604667558698	0.014243254404341243	31.963788822587908
15.497489764674128	0.007	0.005	0.18765517963603964	9.743852566636842e-8	0.13927693488468582	0.014242897252299878	31.751981720692683
15.587193784854666	0.007	0.005	0.18655427702008592	9.761252977645209e-8	0.1379647303269886	0.014242539582304954	31.541833630073626
15.676788272995953	0.007	0.005	0.18545845970998964	9.780270536910089e-8	0.13665960132656096	0.014242181434839829	31.33333044582882
15.766273593687346	0.007	0.005	0.18436777314603212	9.800927117674384e-8	0.13536170060388275	0.014241822848081877	31.126457084412806
15.855650565736115	0.007	0.005	0.18328225425525466	9.823245330022903e-8	0.1340711660648254	0.014241463857996024	30.921197578375942
15.944920406841298	0.007	0.005	0.18220193232717466	9.847248553267226e-8	0.13278812200652898	0.014241104498550648	30.717535234639474
16.0	0.007	0.005	0.18153733812943904	9.863008128086188e-8	0.13199951655010675	0.01424088239052943	30.592545200462947
