0.0	0.007	0.005	0.0	0.0	0.0	0.0	100.0
0.0005365238198955781	0.007	0.005	0.00011666593412800084	0.0002506954626351103	2.7187918411354347e-7	0.00011290304707344555	99.99624878745394
0.0007712803761359224	0.007	0.005	0.0001677062366947984	0.000325124171653031	5.618217228149703e-7	0.00021772768000731177	99.99460748475275
0.001185627845170005	0.007	0.005	0.0002577824432082806	0.0004210987542888351	1.3274813345360563e-6	0.00045831582637756923	99.99171063620881
0.0015292663140124957	0.007	0.005	0.0003324769480558639	0.0004758486816131159	2.2083239766005187e-6	0.0006968356248921823	99.98930820275771
0.001956632654393374	0.007	0.005	0.0004253581153780134	0.0005226043382362181	3.6146935747707865e-6	0.0010269262891651862	99.98632049441994
0.002383678936907897	0.007	0.005	0.0005181556266570748	0.0005533174149418589	5.364197911607885e-6	0.0013818566561731422	99.98333511277272
0.0028656992197106865	0.007	0.005	0.0006228821069350376	0.0005755452073646954	7.75213368365939e-6	0.0018019568534921137	99.97996552771046
0.0033767594017833262	0.007	0.005	0.0007338983591913712	0.000590029777856785	1.0762373997719817e-5	0.002261574458098122	99.97639306191866
0.003940916519415886	0.007	0.005	0.0008564252932393192	0.0005994751310946707	1.465698671623432e-5	0.002779164184418634	99.97244958066406
0.004554332129252657	0.007	0.005	0.00098962258355183	0.0006052393995897897	1.957207944498379e-5	0.003348962049944147	99.96816195705246
0.0052330580784325405	0.007	0.005	0.0011369675287825661	0.0006086200726302059	2.5836243001531787e-5	0.003984066251037374	99.96341804459674
0.005984749437296543	0.007	0.005	0.0013001110703504144	0.0006104670208991176	3.378573907099496e-5	0.004690348106502993	99.95816440770673
0.006827693394690922	0.007	0.005	0.001483007776129015	0.0006113995143275592	4.396462849694412e-5	0.005484064255947806	99.9522733268151
0.007780926119365378	0.007	0.005	0.001689768197054193	0.0006118148716866914	5.708481735886825e-5	0.006382513857614362	99.9456118893207
0.008873984631854284	0.007	0.005	0.0019267711915402891	0.0006119597131969804	7.42307321039647e-5	0.0074131190106264365	99.93797385937594
0.010145848455169264	0.007	0.005	0.002202427778793002	0.0006119718259115314	9.700480550943625e-5	0.008612347181231767	99.92908711567867
0.011654318704637467	0.007	0.005	0.0025292034739285083	0.0006119184256368044	0.00012794880510033348	0.010034470869295929	99.91854818429071
0.013481261726563677	0.007	0.005	0.002924734303521286	0.0006118218710759057	0.0001711342599523522	0.01175641951537078	99.90578573026255
0.015719753064226096	0.007	0.005	0.003409014453857533	0.0006116744994494316	0.0002325619846238554	0.013865543822441704	99.89015055037366
0.018297792709452317	0.007	0.005	0.003966275492276447	0.0006114550254470339	0.00031490635984850407	0.016293462400376046	99.87214676078223
0.020961281232919845	0.007	0.005	0.0045414701678100945	0.0006111460965494438	0.0004129977624083255	0.018800320581467876	99.85354964533519
0.02367352228721151	0.007	0.005	0.005126633114699346	0.0006107071811134532	0.0005264545269264713	0.021351038444144006	99.83461568663898
0.02637626037518311	0.007	0.005	0.005709184047834017	0.0006100966083472871	0.000653108874522769	0.023890173321860685	99.81575163882349
0.029052234704700298	0.007	0.005	0.00628541426748038	0.0006092642012731399	0.000791853810387985	0.026400742065978023	99.79707790315558
0.03168283512789788	0.007	0.005	0.006851338949550616	0.0006081601808663625	0.0009411642469191936	0.028864388002014976	99.77872420511915
0.03426179307541196	0.007	0.005	0.007405639250764803	0.0006067325124295153	0.0010999532502227374	0.03127423203576786	99.76073409330294
0.036785141316889286	0.007	0.005	0.007947494625626878	0.0006049307363226172	0.0012671887296185147	0.03362545174127026	99.74313503919156
0.03925274875419145	0.007	0.005	0.00847690953059419	0.0006027055342012304	0.0014420644972949494	0.035916718886434565	99.72592775105785
0.041665999400642285	0.007	0.005	0.008994212400264049	0.0006000101408610357	0.0016239093859280354	0.038148031545067414	99.70910237856755
0.04402769292648259	0.007	0.005	0.009500032988466335	0.0005968003256161094	0.0018122118412169299	0.0403206203551046	99.69263921475235
0.04634132809720136	0.007	0.005	0.009995147901272226	0.0005930349148223368	0.002006586531044641	0.042436280650638473	99.67651369748454
0.04861093995142706	0.007	0.005	0.010480445304278531	0.0005886757903350385	0.002206771232163452	0.044497216813204545	99.66069754720921
0.050840841888621806	0.007	0.005	0.010956869515229967	0.0005836880723826453	0.002412610088866379	0.04650579784351681	99.64516056593749
0.05303554118202558	0.007	0.005	0.011425402877323987	0.0005780400989473217	0.0026240474165895294	0.04846447039341593	99.62987122643172
0.055199659796196746	0.007	0.005	0.011887048844500571	0.0005717034442734994	0.002841120119145613	0.05037567449392292	99.61479722392654
0.057337922185584395	0.007	0.005	0.012342829407285125	0.0005646528228173737	0.0030639555833353012	0.052241816793147544	99.59990556096291
0.05945516670002222	0.007	0.005	0.012793787543693626	0.0005568659322928531	0.0032927722069744114	0.054065260533027355	99.58516246785715
0.061556394369432256	0.007	0.005	0.01324099759721835	0.0005483231550332937	0.0035278847953806062	0.05584834232236168	99.57053306310551
0.06364685131177625	0.007	0.005	0.013685582740878267	0.0005390070713111633	0.00376971539415958	0.0575934090342863	99.5559807801418
0.06573215495102837	0.007	0.005	0.014128741653269602	0.0005289016831076101	0.0040188116951654805	0.059302878787795284	99.54146648979572
0.06781853696809782	0.007	0.005	0.014571799836045705	0.0005179908919701579	0.0042758833305174436	0.06097937739223572	99.52694681132516
0.0699130462863543	0.007	0.005	0.015016252199804635	0.0005062569246992642	0.004541839039739633	0.06262581120030336	99.51237270315161
0.07202408889323107	0.007	0.005	0.015463876818692289	0.0004936766480417453	0.004817873876857087	0.06424566161650418	99.49768571178842
0.0741622488643645	0.007	0.005	0.015916907671041175	0.00048021557035222675	0.005105608320353712	0.06584340675840344	99.48281226850244
0.0763419047232485	0.007	0.005	0.016378374802353955	0.00046581592691127013	0.005407360215779524	0.06742537951919023	99.46765246051135
0.07858477119114653	0.007	0.005	0.01685284983147848	0.0004503702698566625	0.0057267373863343195	0.06900168557935388	99.45205542559691
0.08092963997829292	0.007	0.005	0.017348497117385595	0.00043364835687370053	0.00607024839139789	0.07059162008504456	99.4357516751769
0.08347299357174646	0.007	0.005	0.017885630099953753	0.0004149908945270262	0.006453922494254343	0.07224689964608999	99.41807089193705
0.08674136760228612	0.007	0.005	0.018575164653837822	0.00039049258368610725	0.0069638733878070735	0.0742655310340345	99.39535455657271
0.088759734212212	0.007	0.005	0.019000581003715416	0.0003751915437832095	0.007288269462762792	0.07545030045652593	99.38132879969241
0.0911843178262444	0.007	0.005	0.01951121127813963	0.000356807175300447	0.007687504948982943	0.07681071451673199	99.36448283197068
0.09332463390692924	0.007	0.005	0.019961605763503636	0.0003406627131161789	0.008048581824869323	0.0779548288647235	99.34961432345546
0.09553822651996964	0.007	0.005	0.02042705780062059	0.00032415304569304433	0.008430538740213194	0.07908255621718782	99.33423911244276
0.09764476601059321	0.007	0.005	0.02086965790314693	0.00030869505322335085	0.008802054370106407	0.0801040107723211	99.31960968253884
0.09974842706711344	0.007	0.005	0.021311320714349973	0.0002935757714349132	0.009180866061961656	0.08107465503795792	99.30500239282694
0.10180103246305731	0.007	0.005	0.02174194432594198	0.0002791846063498331	0.009557989504618768	0.08197522302449801	99.29075169146554
0.10383664349678885	0.007	0.005	0.022168690584686485	0.00026531164973009233	0.00993930116862393	0.08282415381180255	99.27662099721867
0.1058438427242546	0.007	0.005	0.022589176496328182	0.00025205760090440396	0.01032240876332918	0.08361943250421729	99.26268949962979
0.10783577432690973	0.007	0.005	0.023006165678313102	0.000239350218572813	0.010709579723269406	0.08436896379909524	99.24886590379224
0.1098113771432946	0.007	0.005	0.023419443233152457	0.00022720642322817563	0.011100432574978952	0.08507466760848317	99.23515752788059
0.11177697400764314	0.007	0.005	0.023830337858277713	0.0002155926435439058	0.011496071895442687	0.0857409588875262	99.22152046064645
0.11373422652697977	0.007	0.005	0.02423920111928238	0.00020450128954664244	0.011896728082466201	0.08637032065409975	99.20794314755618
0.11568694901814183	0.007	0.005	0.02464683280911431	0.00019391005031239945	0.012303106546273356	0.0869657395745442	99.19439911038238
0.11763732766983982	0.007	0.005	0.025053690967187677	0.0001838043118268144	0.012715617809826225	0.08752947508933587	99.18087317575117
0.11958805712869945	0.007	0.005	0.02546033831124505	0.0001741655382093128	0.013134812317316372	0.0880637663221856	99.16734665312669
0.12154119502951528	0.007	0.005	0.02586720333758588	0.00016497761360332087	0.013561136919780049	0.08857051321358617	99.15380527835948
0.12349885519895583	0.007	0.005	0.026274725036893924	0.0001562234943265423	0.013995078861918777	0.08905149531552257	99.140234405591
0.12546284827451407	0.007	0.005	0.0266832781168702	0.00014788709301211982	0.014437085269175063	0.08950829343091724	99.12662149833781
0.1274349195903514	0.007	0.005	0.02709322265094601	0.00013995229145310846	0.01488761283931436	0.08994236623567756	99.11295447959382
0.12941664147998244	0.007	0.005	0.02750488175445034	0.00013240350171672772	0.015347101709515806	0.0903550378743642	99.09922247779619
0.13140950044551666	0.007	0.005	0.027918559790882234	0.00012522537568818913	0.0158159933305705	0.090747529592763	99.08541522216511
0.1334148685992933	0.007	0.005	0.028334536503324948	0.00011840297669885807	0.016294722323057228	0.09112096361956284	99.07152324018558
0.13543403957266623	0.007	0.005	0.028753074529048506	0.00011192169476787153	0.016783723479476875	0.09147637917797996	99.0575376084296
0.13746822392197905	0.007	0.005	0.029174418495421895	0.00010576730352738284	0.017283429496269088	0.09181473909222494	99.04344998406859
0.13951856596930662	0.007	0.005	0.02959879855493232	9.992593813128406e-5	0.017794273989861893	0.09213693937205557	99.02925248794507
0.1415861469337566	0.007	0.005	0.030026431070583788	9.438411400071662e-5	0.018316691376687524	0.092443815396129	99.01493768265294
0.14367199242150022	0.007	0.005	0.030457520199118907	8.91287276632724e-5	0.018851117940780853	0.0927361481001994	99.00049852046405
0.14577707797592168	0.007	0.005	0.030892259067118177	8.414706046452425e-5	0.01939799254832734	0.09301466916700844	98.98592830472393
0.14790233293151084	0.007	0.005	0.03133083059231417	7.942678352430918e-5	0.019957757025442988	0.09328006542256784	98.97122066301715
0.15004864482149452	0.007	0.005	0.03177340841575324	7.495595861416274e-5	0.020530856761155448	0.09353298283465414	98.95636951652288
0.15221686180677332	0.007	0.005	0.03222015742258923	7.072304100487591e-5	0.02111774085955737	0.09377402985613603	98.94136906308368
0.1544077961172645	0.007	0.005	0.03267123446928489	6.671687786768775e-5	0.021718862616636535	0.09400378054620614	98.92621375328437
0.15662222489592417	0.007	0.005	0.03312678857376939	6.292670960293819e-5	0.0223346793373992	0.09422277710908035	98.9108982845124
0.15886089264569414	0.007	0.005	0.033586961434554446	5.934216603669443e-5	0.022965652617099833	0.09443153236320187	98.8954175839372
0.16112451222510046	0.007	0.005	0.03405188764991335	5.595326358226409e-5	0.02361224825014673	0.09463053183670794	98.87976680153642
0.16341376507830022	0.007	0.005	0.034521694779493586	5.275040176065946e-5	0.024274935927852334	0.09482023561829361	98.86394130841721
0.16572930205780093	0.007	0.005	0.034996503527689696	4.972435726339554e-5	0.024954189104766468	0.09500108010563837	98.84793669103976
0.16807174332598782	0.007	0.005	0.035476427738073135	4.686627805579762e-5	0.025650484595915762	0.09517347953489023	98.83174875180815
0.17044167807622826	0.007	0.005	0.03596157435159789	4.416767645528766e-5	0.02636430210355216	0.09533782738044311	98.81537351090326
0.17283966326845945	0.007	0.005	0.036452043164257035	4.1620422198263226e-5	0.027096123419959206	0.09549449758657073	98.79880721491726
0.17526622392080005	0.007	0.005	0.036947926904628905	3.9216732858792374e-5	0.02784643206824281	0.09564384581486218	98.7820463347278
0.1777218506369081	0.007	0.005	0.03744931074773177	3.694916643408158e-5	0.02861571206141114	0.09578621042911764	98.76508758245751
0.18020699884098573	0.007	0.005	0.037956272180583214	3.481061136229092e-5	0.02940444712782679	0.09592191352728122	98.74792791662043
0.18272208648491764	0.007	0.005	0.03846888055826406	3.279427742648146e-5	0.030213119402907596	0.09605126182009253	98.73056455780358
0.18526749268498952	0.007	0.005	0.03898719685272467	3.089368535899966e-5	0.031042208346266496	0.09617454750827384	98.71299499790932
0.18784355495012706	0.007	0.005	0.039511273117805945	2.910265722334542e-5	0.031892189132887494	0.09629204903677058	98.6952170190996
0.19045056630781865	0.007	0.005	0.0400411519377998	2.741530642661423e-5	0.03276353091355768	0.09640403180939187	98.67722871341732
0.1930887737484188	0.007	0.005	0.040576866148189006	2.582602668608471e-5	0.03365669542255111	0.09651074892044889	98.65902849328283
0.1957583741597985	0.007	0.005	0.04111843805071688	2.432948250943901e-5	0.034572134649004764	0.09661244174026772	98.64061511927744
0.19845951247238686	0.007	0.005	0.041665879082485285	2.292059824363384e-5	0.035510289142376784	0.09670934056035041	98.6219877126434
0.20119227815936178	0.007	0.005	0.04221918915600313	2.1594548161048867e-5	0.036471585652637105	0.09680166513745536	98.60314577909801
0.20395670165625526	0.007	0.005	0.04277835598884508	2.0346746572676288e-5	0.037456434612456666	0.0968896252101855	98.58408923316358
0.2067527525849178	0.007	0.005	0.04334335480389395	1.9172837285751493e-5	0.038465228140337905	0.09697342104328159	98.56481841002129
0.20958033537576787	0.007	0.005	0.04391414750874238	1.8068684459215055e-5	0.03949833700011426	0.0970532438573242	98.5453340952633
0.21243928863672876	0.007	0.005	0.04449068263765216	1.7030362194368015e-5	0.04055610879507521	0.0971292763403789	98.52563752878517
0.21532938059973322	0.007	0.005	0.04507289450659156	1.6054146008525443e-5	0.04163886462554437	0.09720169301452686	98.50573043567366
0.21825030920014035	0.007	0.005	0.04566070330792449	1.513650298491843e-5	0.04274689734672168	0.09727066069773639	98.4856150251396
0.22120169939552484	0.007	0.005	0.046254014652447356	1.4274083358829306e-5	0.043880468721627465	0.09733633885721824	98.46529400844206
0.22418310374187597	0.007	0.005	0.046852719770721515	1.3463711552391936e-5	0.045039807733095745	0.09739888000730614	98.4447705943535
0.22719400119516753	0.007	0.005	0.04745669535990659	1.270237825144505e-5	0.04622510817204236	0.09745843003034456	98.42404849682754
0.2302337989126462	0.007	0.005	0.048065804034851514	1.1987232186128828e-5	0.04743652735887167	0.09751512852686427	98.4031319220034
0.2333018335312309	0.007	0.005	0.04867989467404656	1.1315572621219937e-5	0.04867418467327672	0.0975691091164173	98.38202555880942
0.2363973751930414	0.007	0.005	0.04929880331448931	1.068484179281833e-5	0.04993816122207255	0.09762049975190323	98.36073455067272
0.23951963006647015	0.007	0.005	0.049922353742349684	1.0092618224170046e-5	0.05122849897711165	0.09766942297039198	98.3392644775978
0.24266774651922185	0.007	0.005	0.050550358809587526	9.536609842264102e-6	0.052545201506237045	0.09771599617092533	98.31762131315371
0.24584082064504031	0.007	0.005	0.05118262161448662	9.014647771302457e-6	0.05388823460054473	0.09776033184534452	98.29581138595107
0.2490379040621066	0.007	0.005	0.05181893712723288	8.52468023698772e-6	0.05525752803912412	0.09780253781060844	98.27384132555433
0.25225801060437986	0.007	0.005	0.05245909358525863	8.064767098287464e-6	0.05665297710527032	0.0978427173963017	98.25171801606668
0.2555001259205942	0.007	0.005	0.05310287445652894	7.63307435500135e-6	0.05807444559180931	0.09788096964527977	98.22944852980478
0.2587632150446462	0.007	0.005	0.053750059987264086	7.227869296581973e-6	0.059521768203059544	0.09791738946604754	98.20704007499205
0.26204623284096984	0.007	0.005	0.05440042930792466	6.84751558801619e-6	0.060994754499148894	0.09795206780153756	98.1844999237879
0.26534813253786815	0.007	0.005	0.05505376214583725	6.4904688609875465e-6	0.06249319230586163	0.09798509176026171	98.16183535354168
0.2686678735601098	0.007	0.005	0.05570984038659808	6.155272554391746e-6	0.06401685108430985	0.09801654473254215	98.13905359294039
0.2720044305974069	0.007	0.005	0.05636844986726844	5.840553782418617e-6	0.06556548614164681	0.09804650651360021	98.11616175975857
0.27535680056065476	0.007	0.005	0.0570293817394569	5.54501952816105e-6	0.06713884214938971	0.09807505340337201	98.09316681318843
0.27872400823108057	0.007	0.005	0.0576924335641465	5.267453009707575e-6	0.068736656277815	0.09810225829739147	98.07007551520687
0.2821051134706881	0.007	0.005	0.058357410704195804	5.006709983066435e-6	0.07035866228228135	0.0981281907939447	98.04689438130146
0.2854992134684852	0.007	0.005	0.059024126730815855	4.76171545616471e-6	0.0720045924162329	0.09815291726648022	98.02362966529724
0.28890544624204956	0.007	0.005	0.059692404071878015	4.531460308630526e-6	0.07367418005323638	0.09817650095538155	98.00028733561128
0.2923229940578863	0.007	0.005	0.060362074638249476	4.314997956122032e-6	0.07536716239645952	0.09819900206535287	97.97687305210513
0.29575108312380405	0.007	0.005	0.06103297971508396	4.111441263079936e-6	0.07708328143558502	0.09822047784484912	97.95339216850968
0.2991889847448576	0.007	0.005	0.06170497013860672	3.919959390447034e-6	0.07882228565229168	0.09824098268394398	97.92984972483217
0.3026360143145348	0.007	0.005	0.06237790604810589	3.7397747998916266e-6	0.08058393066193081	0.09826056820520666	97.90625045459929
0.30609153041245396	0.007	0.005	0.06305165665947321	3.570160297800494e-6	0.08236797988871593	0.09827928336181414	97.88259879136669
0.3095549344822988	0.007	0.005	0.06372610015239284	3.4104361263411446e-6	0.08417420552474192	0.09829717454300807	97.85889887125413
0.3130256674225302	0.007	0.005	0.06440112295742895	3.2599672580934203e-6	0.08600238785098073	0.09831428566661891	97.83515455659983
0.3165032092953139	0.007	0.005	0.06507661965298776	3.1181606530761618e-6	0.0878523161231488	0.09833065829052469	97.8113694382597
0.31998707665255527	0.007	0.005	0.0657524924003403	2.9844627091618e-6	0.0897237881657179	0.0983463317126336	97.78754685419905
0.32347681954691115	0.007	0.005	0.06642865032125551	2.858356818105902e-6	0.09161660971293174	0.09836134307049939	97.76368991021381
0.326972021249519	0.007	0.005	0.06710500940320971	2.739360952230947e-6	0.09353059514711584	0.09837572745195519	97.73980148212716
0.3304722944382728	0.007	0.005	0.06778149172310201	2.627025471520901e-6	0.09546556626861073	0.09838951798857322	97.71588424209904
0.333977280575265	0.007	0.005	0.06845802529157927	2.5209309573929113e-6	0.09742135273469661	0.0984027459604253	97.69194066311587
0.3374866473853865	0.007	0.005	0.06913454353231346	2.420686216400153e-6	0.09939779140439402	0.09841544088995684	97.66797303644235
0.34100008722303227	0.007	0.005	0.06981098493574896	2.325926376772275e-6	0.10139472611104469	0.09842763063623267	97.643983482986
0.3445173147057637	0.007	0.005	0.07048729257429644	2.236311113111064e-6	0.10341200696070307	0.0984393414830917	97.61997396964983
0.34803806501532414	0.007	0.005	0.07116341374901172	2.1515229657216977e-6	0.10544948994372508	0.09845059822612964	97.59594632110827
0.35156209380830633	0.007	0.005	0.07183929994724118	2.0712657424363922e-6	0.1075070374362632	0.09846142426060815	97.5719022205856
0.3550891745392781	0.007	0.005	0.07251490630503295	1.995263068765623e-6	0.10958451716663176	0.09847184165687585	97.5478432282823
0.3586190973974773	0.007	0.005	0.07319019138193837	1.9232570067241255e-6	0.11168180206016984	0.09848187123717862	97.5237707887725
0.36215166799429704	0.007	0.005	0.07386511688977226	1.8550067714080004e-6	0.11379876989967685	0.09849153264763821	97.49968624008997
0.36568670603664555	0.007	0.005	0.07453964742059525	1.7902875354033184e-6	0.11593530293520901	0.09850084442632775	97.4755908228978
0.3692240446911604	0.007	0.005	0.07521375030820791	1.7288893086872248e-6	0.1180912878743201	0.09850982406933682	97.45148568493748
0.37276352900133936	0.007	0.005	0.07588739531044002	1.6706159073861462e-6	0.12026661526668461	0.0985184880906208	97.42737189192357
0.376305015702311	0.007	0.005	0.07656055455925552	1.615283981746822e-6	0.12246117970836419	0.0985268520818166	97.40325042890426
0.37984837185610776	0.007	0.005	0.0772332022873692	1.562722124759431e-6	0.1246748792989722	0.09853493076562211	97.37912220965089
0.38339347371407556	0.007	0.005	0.0779053145999075	1.5127700411746127e-6	0.12690761519940594	0.09854273804663717	97.35498808448787
0.38694020698304255	0.007	0.005	0.07857686951336831	1.4652777668206078e-6	0.12915929204837212	0.09855028706213742	97.33084883855831
0.39048846544325766	0.007	0.005	0.0792478466827201	1.4201049561416886e-6	0.13142981732673564	0.09855759022611814	97.30670520130616
0.3940381500311307	0.007	0.005	0.07991822721826067	1.377120216825695e-6	0.1337191009796862	0.09856465927172257	97.28255785278311
0.3975891688590574	0.007	0.005	0.08058799368046096	1.3362004879589457e-6	0.13602705562145645	0.09857150529286424	97.25840742357387
0.4011414367626622	0.007	0.005	0.08125712998582868	1.2972304665961484e-6	0.1383535964287891	0.09857813878222788	97.23425449793451
0.4046948748455495	0.007	0.005	0.08192562131297751	1.260102076046587e-6	0.1406986410180248	0.09858456966686326	97.2100996169434
0.4082494090799218	0.007	0.005	0.08259345383210318	1.2247139751272238e-6	0.14306210867735655	0.09859080733991046	97.18594328806276
0.411804971023841	0.007	0.005	0.08326061483342038	1.1909710961945104e-6	0.1454439209795085	0.09859686069403925	97.16178598030719
0.41536149665360134	0.007	0.005	0.08392709250157336	1.1587842223402681e-6	0.1478440011382188	0.09860273814949758	97.13762813222085
0.41891892613630577	0.007	0.005	0.08459287586760725	1.1280695921355317e-6	0.15026227397060707	0.09860844768200704	97.11347015345903
0.42247720454426535	0.007	0.005	0.08525795493720312	1.098748532264829e-6	0.1526986664992352	0.09861399685030191	97.08931241997387
0.42603627997610843	0.007	0.005	0.0859223203341145	1.070747119927227e-6	0.15515310677969643	0.09861939281790866	97.06515528680717
0.42959610426917727	0.007	0.005	0.08658596342911515	1.0439958658650815e-6	0.1576255244781644	0.09862464237753646	97.04099908328241
0.43315663229705764	0.007	0.005	0.08724887620466643	1.0184294216382236e-6	0.16011585047622742	0.09862975197178926	97.01684411780136
0.4367178217377909	0.007	0.005	0.08791105120807619	9.939863071098652e-7	0.16262401678714145	0.09863472771327902	96.99269067944162
0.44027963378524654	0.007	0.005	0.0885724816800336	9.706086579506446e-7	0.1651499571359149	0.09863957540472784	96.96853903315738
0.4438420319729942	0.007	0.005	0.08923316133229546	9.482419904908231e-7	0.16769360620726131	0.09864430055524477	96.9443894277811
0.44740498194095285	0.007	0.005	0.08989308430158957	9.268349827378885e-7	0.17025489953877776	0.0986489083968972	96.92024209762467
0.45096845167371497	0.007	0.005	0.09055224519105454	9.063392713769234e-7	0.17283377374941591	0.0986534039008342	96.8960972608826
0.4545324110306389	0.007	0.005	0.09121063898059074	8.867092622346088e-7	0.17543016625677055	0.09865779179150998	96.87195512283465
0.4580968322198223	0.007	0.005	0.0918682611119252	8.679019553296022e-7	0.17804401567482186	0.09866207656116927	96.84781587265219
0.46166168885547854	0.007	0.005	0.09252510731215309	8.498767796584202e-7	0.18067526117593585	0.09866626248175282	96.82367968979943
0.4652269564314964	0.007	0.005	0.093181173679074	8.325954416935138e-7	0.18332384288086462	0.0986703536177366	96.79954674084026
0.4687926120866346	0.007	0.005	0.09383645663575584	8.160217831230369e-7	0.18598970173070165	0.09867435383735582	96.7754171810429
0.47235863413328605	0.007	0.005	0.09449095284207701	8.001216474255886e-7	0.18867277917333608	0.09867826682290295	96.75129115758165
0.4759250022945666	0.007	0.005	0.09514465923669949	7.848627571461355e-7	0.19137301737418205	0.098682096081174	96.72716880794337
0.47949169770520333	0.007	0.005	0.09579757303549576	7.702145990632887e-7	0.1940903592528826	0.09868584495301634	96.70305025993348
0.483058701967332	0.007	0.005	0.09644969155731065	7.561483139861741e-7	0.19682474779305323	0.09868951662134583	96.67893563807027
0.4866259985685747	0.007	0.005	0.09710101248210513	7.426366011669923e-7	0.19957612715267653	0.09869311412107208	96.65482505400573
0.4901935719377232	0.007	0.005	0.0977515336765906	7.296536220511637e-7	0.20234444197556561	0.09869664034605538	96.63071861292141
0.4937614074452326	0.007	0.005	0.09840125319315987	7.17174912999511e-7	0.20512963741577256	0.09870009805660218	96.60661641353319
0.49732949069471133	0.007	0.005	0.099050169139961	7.051773010228233e-7	0.20793165860339446	0.09870348988585603	96.58251855288361
0.5008978089411754	0.007	0.005	0.09969827993801382	6.936388329374787e-7	0.21075045177543147	0.09870681834778909	96.5584251167691
0.5044663496735159	0.007	0.005	0.10034558406225624	6.825386987387092e-7	0.21358596318615253	0.09871008584211323	96.53433618932146
0.5080351017965039	0.007	0.005	0.10099208025522254	6.718571697161561e-7	0.21643814006144552	0.09871329466126041	96.510251845034
0.5116040542129718	0.007	0.005	0.10163776726899669	6.61575530261344e-7	0.21930692948999952	0.09871644699465829	96.48617215833826
0.5151731962966917	0.007	0.005	0.10228264395057274	6.516760212750479e-7	0.22219227880796516	0.09871954493442575	96.4620972004147
0.5187425183653667	0.007	0.005	0.10292670932656502	6.421417876053386e-7	0.22509413599669256	0.09872259048072174	96.4380270360075
0.5223120114444891	0.007	0.005	0.1035699625595419	6.32956825897255e-7	0.22801244951194555	0.09872558554618961	96.4139617250243
0.5258816672675422	0.007	0.005	0.10421240294720471	6.241059366592369e-7	0.23094716830132453	0.0987285319603503	96.3899013225409
0.5294514775668967	0.007	0.005	0.10485402979416403	6.155746758837932e-7	0.2338982412335819	0.09873143147318501	96.36584588358494
0.5330214340738689	0.007	0.005	0.10549484241193184	6.073493126381195e-7	0.23686561709960455	0.09873428575909456	96.34179546313558
0.5365915299374611	0.007	0.005	0.10613484037306896	5.994167964237619e-7	0.23984924580222877	0.09873709642172974	96.31775010656915
0.5401617585423415	0.007	0.005	0.10677402329802102	5.917647143289753e-7	0.24284907739326553	0.09873986499654186	96.2937098576293
0.5437321130359889	0.007	0.005	0.10741239077033639	5.843812536004878e-7	0.2458650616790639	0.09874259295375602	96.26967476161177
0.5473025877475254	0.007	0.005	0.10804994259011229	5.772551760947247e-7	0.24889714942400465	0.09874528170258677	96.24564485581466
0.5508731765325523	0.007	0.005	0.10868667847762728	5.703757789189019e-7	0.25194529096096024	0.09874793259295826	96.22162018068373
0.5544438737190626	0.007	0.005	0.10932259824223244	5.637328703042659e-7	0.25500943699519873	0.09875054691903182	96.19760077344624
0.558014674344016	0.007	0.005	0.10995770182383496	5.573167437039557e-7	0.25808953882012603	0.09875312592202215	96.17358666652419
0.5615855739169435	0.007	0.005	0.11059198925009511	5.511181509772028e-7	0.2611855481280996	0.09875567079252955	96.14957788912943
0.565156567237497	0.007	0.005	0.11122546042624268	5.451282717292528e-7	0.2642974159883419	0.0987581826721025	96.12557447521488
0.5687276505239821	0.007	0.005	0.11185811551273761	5.39338702324934e-7	0.26742509470070575	0.09876066265698658	96.10157644916634
0.5722988190483634	0.007	0.005	0.11248995450544945	5.337414213652689e-7	0.2705685357404149	0.09876311179862819	96.07758384170158
0.5758700687918327	0.007	0.005	0.11312097752908726	5.283287787438237e-7	0.2737276912058795	0.0987655311068518	96.05359667874366
0.5794413966814108	0.007	0.005	0.11375118487808968	5.230934781476975e-7	0.2769025140454928	0.09876792155191927	96.02961497983836
0.5830127986978016	0.007	0.005	0.1143805766822835	5.180285482874503e-7	0.2800929563841631	0.09877028406510428	96.00563877086321
0.5865842715310647	0.007	0.005	0.11500915319917858	5.131273354978425e-7	0.2832989709929079	0.09877261954152862	95.98166807290863
0.5901558118710658	0.007	0.005	0.11563691468850407	5.083834837240155e-7	0.2865205106630281	0.09877492884133916	95.95770290704431
0.593727417117113	0.007	0.005	0.11626386153668633	5.037909236906552e-7	0.2897575288510878	0.09877721279172033	95.93374328955936
0.5972990837221893	0.007	0.005	0.11688999396594871	4.993438488752521e-7	0.2930099781831187	0.09877947218733577	95.90978924307163
0.6008708095583979	0.007	0.005	0.11751531244925395	4.950367162059478e-7	0.2962778126038002	0.09878170779322254	95.88584078066135
0.6044425920246299	0.007	0.005	0.11813981737801633	4.908642221231189e-7	0.2995609856636395	0.09878392034494393	95.86189791856647
0.608014428046541	0.007	0.005	0.11876350906263769	4.868212905116102e-7	0.3028594505090128	0.09878611054988344	95.83796067617881
0.6115863154958914	0.007	0.005	0.11938638798039261	4.829030700358369e-7	0.3061731611920801	0.09878827908931628	95.81402906653173
0.6151582527174773	0.007	0.005	0.1200084546920027	4.791049206566884e-7	0.3095020722492031	0.09879042661925887	95.79010309947647
0.6187302371097609	0.007	0.005	0.12062970959438946	4.754223947409055e-7	0.3128461373792797	0.09879255377072976	95.7661827911899
0.6223022665442418	0.007	0.005	0.12125015316813043	4.718512362148594e-7	0.3162053107616785	0.09879466115164098	95.74226815466518
0.62587433889234	0.007	0.005	0.12186978589489683	4.6838736859365787e-7	0.3195795466184656	0.09879674934751052	95.71835920288201
0.6294464532082725	0.007	0.005	0.12248860846223202	4.650268938670665e-7	0.3229688003393426	0.09879881892308003	95.6944559408923
0.6330186071267606	0.007	0.005	0.12310662131227443	4.6176606801921845e-7	0.3263730260210888	0.09880087042172851	95.67055838323704
0.6365907989921865	0.007	0.005	0.12372382501100905	4.5860130670794385e-7	0.3297921784803822	0.0988029043675525	95.64666653969589
0.640163027622044	0.007	0.005	0.12434022020666335	4.5552917654598106e-7	0.33322621304080485	0.0988049212660379	95.6227804168746
0.6437352913606227	0.007	0.005	0.12495580746620008	4.525463821625591e-7	0.3366750846271262	0.09880692160431333	95.59890002453429
0.647307588315578	0.007	0.005	0.12557058731653944	4.4964976111614853e-7	0.3401387479854282	0.09880890585203451	95.57502537400653
0.6508799170676897	0.007	0.005	0.1261845603667298	4.4683628224531404e-7	0.34361715837087575	0.09881087446248168	95.55115647344975
0.6544522766708801	0.007	0.005	0.1267977273074099	4.4410303982301424e-7	0.3471102715575446	0.09881282787322686	95.52729332785303
0.6580246661790478	0.007	0.005	0.12741008882921573	4.4144724492376024e-7	0.3506180433825696	0.09881476650652025	95.50343594219959
0.6615970839362857	0.007	0.005	0.12802164550135292	4.388662154668299e-7	0.35414042904484994	0.09881669076953474	95.4795843262051
0.6651695289964352	0.007	0.005	0.12863239801492765	4.3635738041552e-7	0.35767738449894926	0.09881860105570996	95.4557384848376
0.6687420001767188	0.007	0.005	0.12924234702066953	4.339182688265865e-7	0.3612288655268321	0.09882049774481072	95.43189842463792
0.6723144962943335	0.007	0.005	0.129851493169512	4.3154650683864256e-7	0.3647948279697129	0.09882238120359063	95.40806415213949
0.6758870166396523	0.007	0.005	0.13045983719311585	4.2923981648052133e-7	0.368375228203273	0.0988242517865471	95.38423567071248
0.6794595602664324	0.007	0.005	0.1310673797827077	4.2699600688937725e-7	0.3719700224315449	0.09882610983604331	95.36041298530031
0.6830321264650155	0.007	0.005	0.13167412166965747	4.248129735317645e-7	0.3755791671611295	0.09882795568301991	95.33659609926335
0.6866047138159168	0.007	0.005	0.13228006346479793	4.2268868818977274e-7	0.3792026182441347	0.09882978964696527	95.31278502068793
0.6901773216094439	0.007	0.005	0.13288520589952219	4.206212048684086e-7	0.38284033231232417	0.09883161203706206	95.2889797529223
0.6937499493724995	0.007	0.005	0.13348954974499216	4.186086533130678e-7	0.3864922663066079	0.09883342315235163	95.2651802977344
0.69732259639537	0.007	0.005	0.13409309573198366	4.166492326432837e-7	0.3901583769951574	0.09883522328189016	95.24138665846499
0.7008952614951115	0.007	0.005	0.13469584451125785	4.147412066928949e-7	0.3938386207244665	0.09883701270501201	95.21759884160093
0.7044679441985944	0.007	0.005	0.13529779685328558	4.1288290906454115e-7	0.39753295463565974	0.09883879169227029	95.19381684889717
0.7080406437960701	0.007	0.005	0.13589895348830772	4.1107273400898893e-7	0.40124133569419485	0.09884056050531342	95.17004068368034
0.7116133595777805	0.007	0.005	0.13649931514633235	4.093091353803124e-7	0.4049637209321539	0.09884231939733135	95.14627034927274
0.7151860915437988	0.007	0.005	0.1370988826761789	4.075906289498438e-7	0.40870006819193555	0.09884406861370967	95.12250584427132
0.7187588385111244	0.007	0.005	0.13769765672765638	4.0591577717009634e-7	0.4124503341493724	0.09884580839142375	95.09874717513979
0.7223316000065892	0.007	0.005	0.13829563806948963	4.042831997346566e-7	0.41621447628865993	0.09884753896023735	95.07499434361576
0.7259043750837862	0.007	0.005	0.1388928273909099	4.0269156336125804e-7	0.4199924516627767	0.09884926054241516	95.05124735457905
0.7294771639793844	0.007	0.005	0.13948922557848117	4.0113959102943943e-7	0.42378421864532423	0.09885097335376844	95.02750620504301
0.7330499657469645	0.007	0.005	0.1400848333205954	3.9962604384069013e-7	0.4275897344283981	0.09885267760279551	95.00377089988156
0.7366227803865726	0.007	0.005	0.14067965146308617	3.981497336935097e-7	0.43140895728029727	0.09885437349192555	94.98004143767734
0.740195606951776	0.007	0.005	0.14127368069366264	3.967095085068228e-7	0.43524184452922754	0.09885606121687064	94.95631782329718
0.7437684452059939	0.007	0.005	0.14186692181779395	3.9530426186434863e-7	0.4390883543315303	0.09885774096762022	94.93260005689032
0.7473412946760222	0.007	0.005	0.14245937560108302	3.9393292487465204e-7	0.44294844466076694	0.09885941292821747	94.90888814017495
0.7509141551252739	0.007	0.005	0.14305104284784456	3.925944678606972e-7	0.44682207381712435	0.09886107727718378	94.8851820732967
0.7544870263171604	0.007	0.005	0.14364192436173812	3.912878972333654e-7	0.4507092001739289	0.09886273418760828	94.86148185640002
0.7580599073052208	0.007	0.005	0.14423202082860445	3.9001224913786387e-7	0.4546097814012404	0.09886438382701943	94.83778749433517
0.7616327980894819	0.007	0.005	0.1448213330902639	3.8876659954930844e-7	0.45852377627005586	0.09886602635831723	94.81409898567203
0.7652056981967217	0.007	0.005	0.1454098619097723	3.875500531374562e-7	0.4624511431067297	0.09886766193930688	94.7904163321173
0.7687786073903394	0.007	0.005	0.1459976080886373	3.863617469344825e-7	0.466391840568307	0.0988692907231877	94.76673953380707
0.7723515249604815	0.007	0.005	0.14658457235001748	3.8520084420123097e-7	0.47034582685994447	0.09887091285839958	94.74306859401115
0.7759244511437936	0.007	0.005	0.14717075557201323	3.840665431675279e-7	0.47431306130512246	0.09887252848940867	94.7194035097267
0.7794973857036699	0.007	0.005	0.14775615855416918	3.8295806605688113e-7	0.4782935027787629	0.09887413775622633	94.69574428108619
0.7830703284035028	0.007	0.005	0.14834078209537638	3.8187466132846454e-7	0.4822871102282191	0.09887574079476454	94.67209090822087
0.7866432787700554	0.007	0.005	0.14892462695523181	3.808156010167141e-7	0.4862938424073916	0.09887733773687161	94.64844339282669
0.7902162363300879	0.007	0.005	0.14950769389288557	3.7978018142017816e-7	0.4903136581389637	0.09887892871057041	94.62480173659688
0.7937892010836148	0.007	0.005	0.15008998374411633	3.7876772550178645e-7	0.49434651684936803	0.09888051384039095	94.60116593809158
0.7973621723207636	0.007	0.005	0.15067149722838485	3.7777757371455305e-7	0.4983923772354324	0.09888209324698102	94.57753600056559
0.8009351502781754	0.007	0.005	0.1512522352186509	3.7680909477831745e-7	0.5024511991360405	0.09888366704794088	94.55391192101189
0.804508134719233	0.007	0.005	0.15183219851004356	3.758616749107111e-7	0.5065229419286488	0.09888523535732367	94.53029369955334
0.8080811251706878	0.007	0.005	0.15241138785870773	3.749347187032433e-7	0.5106075647915624	0.09888679828584995	94.50668133787518
0.8116541216325497	0.007	0.005	0.15298980409690455	3.7402765337620045e-7	0.5147050275149638	0.09888835594131669	94.48307483453351
0.815227124104829	0.007	0.005	0.15356744805603936	3.7313992474095807e-7	0.5188152899640376	0.09888990842849574	94.45947418808476
0.8188001323509043	0.007	0.005	0.1541443205284833	3.722709948452379e-7	0.5229383118053714	0.09889145584913246	94.43587939864814
0.8223731461341534	0.007	0.005	0.1547204223059574	3.7142034298395344e-7	0.5270740527769516	0.09889299830214153	94.41229046634169
0.8259461654545845	0.007	0.005	0.15529575421761038	3.7058746674532415e-7	0.5312224729632276	0.09889453588379722	94.38870738972055
0.8295191896023094	0.007	0.005	0.1558703169776588	3.6977187471144063e-7	0.535383531695221	0.09889606868742465	94.36513017202405
0.8330922183407017	0.007	0.005	0.15644411137602846	3.689730942464014e-7	0.5395571889220468	0.0988975968039815	94.34155881336545
0.8366652519064003	0.007	0.005	0.15701713827784555	3.6819067095419216e-7	0.5437434052191757	0.09889912032213653	94.31799331073583
0.8402382902994117	0.007	0.005	0.15758939850930753	3.6742416311849573e-7	0.5479421409611633	0.09890063932805172	94.29443366268826
0.8438113332831089	0.007	0.005	0.15816089285793805	3.666731411847245e-7	0.5521533563173789	0.09890215390545967	94.27087986933591
0.8473843806208639	0.007	0.005	0.15873162211061367	3.6593718894513156e-7	0.5563770115279072	0.09890366413583555	94.24733193079075
0.8545304830579634	0.007	0.005	0.15987078804604968	3.5952087600811805e-7	0.5648614707175459	0.09890667923510779	94.20025364676594
0.8623316448420763	0.007	0.005	0.16111089188279482	3.5904320087740435e-7	0.5741799072997504	0.09890994234161381	94.14888670193612
0.8711058382147053	0.007	0.005	0.16250133570717865	3.5722179313960756e-7	0.5847302678426542	0.09891359193820544	94.09114627388742
0.8799421054587361	0.007	0.005	0.16389698768918837	3.557200283992142e-7	0.5954292237193451	0.09891724385621603	94.0330331437951
0.8894222360094507	0.007	0.005	0.1653891843763615	3.5412995090300836e-7	0.606989625515724	0.09892113724898044	93.97072545299429
0.8989275466564401	0.007	0.005	0.16688000621267318	3.526239186927104e-7	0.6186650972399437	0.09892501638104098	93.9082937178619
0.9088605549933955	0.007	0.005	0.16843221371294062	3.5112284940907096e-7	0.6309553919932199	0.09892904488663525	93.8430971448169
0.9188083738227081	0.007	0.005	0.1699809196464973	3.496934164847349e-7	0.6433548520898218	0.09893305471482115	93.77784872570682
0.9290418395243824	0.007	0.005	0.17156804100118067	3.482929553225412e-7	0.6562043516936765	0.09893715500445296	93.71077406845377
0.9392914427145066	0.007	0.005	0.1731515287988977	3.4695776671453203e-7	0.6691687824309045	0.09894123772515281	93.64364172767158
0.9497372548493368	0.007	0.005	0.17475903049680577	3.45660964588114e-7	0.6824779525561447	0.09894537487812968	93.57527374892274
0.9602051705549732	0.007	0.005	0.17636357485842488	3.4442238546731086e-7	0.6959121378494744	0.09894949773747988	93.50681117507342
0.9708139890149698	0.007	0.005	0.17798324307173324	3.4322473154851544e-7	0.7096251151250887	0.09895365349180354	93.43747816984592
0.9814518995414222	0.007	0.005	0.1796008295863275	3.420784338477421e-7	0.723473750313063	0.09895779868907906	93.36800665629731
0.9921969010426506	0.007	0.005	0.18122809046395694	3.4097215188536906e-7	0.7375604847123467	0.0989619641522358	93.29788821376236
1.002977439816514	0.007	0.005	0.18285407901897055	3.399110014021672e-7	0.7517924833770349	0.09896612252254712	93.22759078607686
1.0138445973420982	0.007	0.005	0.18448640825114573	3.388873528378332e-7	0.7662378506141436	0.09897029391832102	93.15678214446824
1.024752695849245	0.007	0.005	0.186118120596758	3.3790336371004003e-7	0.780836593897716	0.09897446117677745	93.08576082318152
1.0357351666477632	0.007	0.005	0.1877541319721731	3.3695373403905473e-7	0.7956339937426998	0.0989786374492489	93.01430997329929
1.0467629253667505	0.007	0.005	0.18939002083598175	3.360390086033215e-7	0.8105914425947902	0.09898281201763723	92.9426196687021
1.0578578749992478	0.007	0.005	0.19102895416136068	3.35155371418388e-7	0.825739111649442	0.09898699351029017	92.87054832385923
1.0690015628503886	0.007	0.005	0.19266812081758508	3.3430251698401013e-7	0.8410522997869543	0.09899117527753665	92.79821663756275
1.0802083823884179	0.007	0.005	0.19430955657988677	3.334775942166038e-7	0.8565512043668698	0.09899536301411815	92.7255319894106
1.0914666939485687	0.007	0.005	0.19595147271736682	3.326798765117882e-7	0.872220164869655	0.0989995526366211	92.6525707002753
1.1027860114764976	0.007	0.005	0.19759517496137582	3.319071568971692e-7	0.8880728122315009	0.09900374793739074	92.57927192933158
1.114159060854727	0.007	0.005	0.19923952323855865	3.3115852666995474e-7	0.9040993596869967	0.09900794644874704	92.50568361643437
1.125592193279922	0.007	0.005	0.2008853530310453	3.304322223828748e-7	0.9203091262896463	0.09901215072861606	92.43176549872142
1.1370809356671534	0.007	0.005	0.20253193598015456	3.297272838966823e-7	0.9366961445687843	0.09901635932503777	92.35754734538754
1.1486295895821463	0.007	0.005	0.2041798044353319	3.2904226383511804e-7	0.9532669025238023	0.09902057399185682	92.28300221938728
1.1602354827581627	0.007	0.005	0.205828491519194	3.2837621981582283e-7	0.9700179194579901	0.09902479391409412	92.20814823710467
1.1719015931587342	0.007	0.005	0.20747833453822379	3.277279379298486e-7	0.9869538308413126	0.09902902032067303	92.13296706457284
1.1836264059944468	0.007	0.005	0.2091290322799583	3.27096528178456e-7	1.0040727731725607	0.09903325279323152	92.05746935131634
1.1954120460086217	0.007	0.005	0.2107807964495954	3.264809549267272e-7	1.0213781711731589	0.09903749221598292	91.98164231155857
1.2072577452582924	0.007	0.005	0.21243343083561372	3.2588039542216096e-7	1.038869215740911	0.09904173841593497	91.90549179597632
1.2191650811503303	0.007	0.005	0.21408706629488636	3.25293954760586e-7	1.0565485432531625	0.09904599204955247	91.82900858386802
1.2311337680492445	0.007	0.005	0.21574157285816306	3.247208820244616e-7	1.0744160312014097	0.09905025309331977	91.75219544343555
1.2431650350895562	0.007	0.005	0.21739702938148459	3.2416039612628384e-7	1.0924738056933305	0.09905452205209885	91.6750454309074
1.2552589099715885	0.007	0.005	0.2190533475686605	3.2361181654692583e-7	1.1107221925556297	0.09905879899171502	91.5975593269943
1.2674163983443387	0.007	0.005	0.22071057220470378	3.2307445659860476e-7	1.129162983336538	0.09906308431346782	91.51973165880985
1.279637736362241	0.007	0.005	0.22236864150152105	3.225477020664708e-7	1.1477968023525087	0.09906737813603135	91.44156189875154
1.291923790203122	0.007	0.005	0.22402757809550483	3.220309456658743e-7	1.1666252262137085	0.09907168078964633	91.36304550355074
1.304274932160939	0.007	0.005	0.22568733634932298	3.215236343652668e-7	1.1856490724368758	0.09907599242129232	91.2841811049423
1.3166919452070496	0.007	0.005	0.22734792462640868	3.2102522845521436e-7	1.204869783530507	0.09908031331212565	91.20496472788341
1.3291752928500873	0.007	0.005	0.22900930702823746	3.2053523037409056e-7	1.2242883036815695	0.09908464362272557	91.12539445401144
1.3417257088372259	0.007	0.005	0.23067148233884804	3.200531588728917e-7	1.2439059900878413	0.09908898359880336	91.04546665900112
1.3543437215310468	0.007	0.005	0.23233442062168183	3.1957856614553974e-7	1.2637238738269667	0.099093333406378	90.9651790452665
1.367030037114525	0.007	0.005	0.2339981140173572	3.1911102168639336e-7	1.2837432577761065	0.09909769326468754	90.88452820125782
1.379785230854217	0.007	0.005	0.23566253598045447	3.186501224234733e-7	1.3039652320536883	0.09910206333993374	90.80351156672369
1.3926099969479457	0.007	0.005	0.23732767406586563	3.181954820702172e-7	1.3243910674984503	0.09910644383146346	90.7221258443234
1.4055049449934862	0.007	0.005	0.2389935033158937	3.1774673743302793e-7	1.3450218930673492	0.09911083490221216	90.64036829301209
1.418470768147122	0.007	0.005	0.2406600080970784	3.173035411206937e-7	1.3658589630582474	0.09911523673639565	90.55823566103965
1.431508103392711	0.007	0.005	0.2423271640062831	3.1686556545389606e-7	1.386903433467335	0.09911964949209252	90.4757250724186
1.4446176480809911	0.007	0.005	0.2439949528446796	3.1643249742017e-7	1.4081565487511583	0.09912407334102037	90.39283328891008
1.4578000663955633	0.007	0.005	0.2456633506145461	3.160040407367969e-7	1.429619490725821	0.09912850843701658	90.30955730252334
1.4710560618109798	0.007	0.005	0.24733233672945118	3.1557991280793435e-7	1.4512934955224113	0.09913295494067023	90.22589387760621
1.4843863193111255	0.007	0.005	0.24900188666935502	3.151598456686444e-7	1.473179759245647	0.09913741300001434	90.14183991632194
1.4977915548931824	0.007	0.005	0.2506719781951104	3.147435834687601e-7	1.4952795184881844	0.09914188276727383	90.05739214655522
1.5112724757921474	0.007	0.005	0.25234258633254425	3.1433088317158744e-7	1.5175939847541215	0.09914636438567093	89.97254737320591
1.5248298109043588	0.007	0.005	0.25401368714402306	3.1392151287265757e-7	1.5401243941674685	0.09915085799969134	89.88730228688989
1.538464287592733	0.007	0.005	0.2556852548234388	3.1351525200229985e-7	1.5628719687396502	0.09915536374746793	89.8016536103874
1.552176651664004	0.007	0.005	0.2573572641333889	3.131118896893509e-7	1.5858379491585364	0.0991598817674972	89.71559797345655
1.5659676511769005	0.007	0.005	0.2590296883886168	3.1271122525348546e-7	1.609023567411043	0.09916441219336468	89.62913201503285
1.579838048420699	0.007	0.005	0.2607025008922044	3.1231306688143135e-7	1.6324300663962348	0.09916895515777222	89.54225230848289
1.5937886117966318	0.007	0.005	0.2623756739202849	3.1191723154945536e-7	1.656058685873234	0.09917351078993401	89.45495541299692
1.6078201242847043	0.007	0.005	0.2640491797118951	3.1152354427421063e-7	1.6799106763327998	0.09917807921840563	89.36723782105757
1.6219333742940922	0.007	0.005	0.2657229893415464	3.111318379068726e-7	1.7039872830562588	0.09918266056814722	89.27909601619116
1.6361291632644797	0.007	0.005	0.26739707359842196	3.1074195264731923e-7	1.7282897585506394	0.09918725496304703	89.19052642592693
1.6504083030264762	0.007	0.005	0.26907140263770407	3.103537353790358e-7	1.7528193576164497	0.09919186252509618	89.10152543884271
1.6647716169091757	0.007	0.005	0.27074594607819924	3.099670396678801e-7	1.7775773387714082	0.09919648337477588	89.01208939819776
1.67921993799103	0.007	0.005	0.2724206727654123	3.095817252560653e-7	1.8025649607444427	0.09920111763051916	88.92221461337411
1.6937541131061633	0.007	0.005	0.27409555120308243	3.091976576165451e-7	1.8277834888924451	0.09920576541001525	88.83189733551106
1.708374998201924	0.007	0.005	0.2757705489806845	3.0881470793530664e-7	1.8532341866528255	0.09921042682873263	88.74113378696025
1.7230834653137697	0.007	0.005	0.2774456335389621	3.0843275229941587e-7	1.8789183271378804	0.0992151020021523	88.64992011856347
1.7378803949608206	0.007	0.005	0.2791207712616607	3.080516720970688e-7	1.9048371793592869	0.09921979104334226	88.55825245747711
1.752766683185775	0.007	0.005	0.2807959282412368	3.076713531209383e-7	1.9309920199519341	0.09922449406519278	88.46612686413029
1.7677432358347118	0.007	0.005	0.28247106959311336	3.072916857557303e-7	1.957384122580585	0.09922921117859324	88.37353936830556
1.7828109767150067	0.007	0.005	0.2841461603314818	3.0691256441614535e-7	1.9840147717069134	0.09923394249498999	88.2804859193435
1.797970837818864	0.007	0.005	0.28582116423643283	3.065338877086327e-7	2.010885244749838	0.09923868812328765	88.1869624472548
1.8132237726189402	0.007	0.005	0.28749604528679273	3.0615555769665915e-7	2.037996834991198	0.09924344817399311	88.0929647813487
1.8285707401161484	0.007	0.005	0.28917076585695745	3.05777480321786e-7	2.0653508226495862	0.09924822275419357	87.99848874934719
1.844012722345757	0.007	0.005	0.2908452885960383	3.053995644833728e-7	2.092948505336734	0.0992530119729853	87.90353007023886
1.8595507103291806	0.007	0.005	0.2925195748459189	3.0502172267760255e-7	2.1207911723742936	0.09925781593705627	87.8080844415623
1.8751857156299958	0.007	0.005	0.29419358584981553	3.046438700430997e-7	2.1488801247420963	0.09926263475422764	87.71214746911473
1.89091876130139	0.007	0.005	0.29586728172808996	3.0426592482741296e-7	2.1772166581539207	0.09926746853060248	87.61571472338098
1.9067508904809085	0.007	0.005	0.29754062235065	3.038878078289352e-7	2.205802077758854	0.09927231737316128	87.51878168762009
1.9226831593278737	0.007	0.005	0.29921356653530207	3.0350944248911577e-7	2.2346376846689338	0.09927718138753203	87.42134380201381
1.9387166457608844	0.007	0.005	0.30088607291816827	3.0313075446573045e-7	2.263724790968184	0.09928206068059964	87.32339641106975
1.9548524412648718	0.007	0.005	0.3025580990395197	3.027516718811217e-7	2.293064704090938	0.09928695535793398	87.22493481464645
1.9710916575837536	0.007	0.005	0.30422960199076987	3.023721248996415e-7	2.3226587381194226	0.09929186552575747	87.12595422797311
1.9874354238217662	0.007	0.005	0.30590053805656475	3.0199204575928793e-7	2.352508207674526	0.09929679128998473	87.02644980031867
2.0038848922182493	0.007	0.005	0.3075708632468011	3.016113685542147e-7	2.3826144375921903	0.09930173275787826	86.92641658083708
2.020441227552823	0.007	0.005	0.30924053215957537	3.012300292219912e-7	2.4129787426419633	0.09930669003477474	86.82584958404306
2.037105622859193	0.007	0.005	0.3109094995142291	3.00847965344374e-7	2.4436024553652227	0.09931166322870934	86.72474369532712
2.0538792854624055	0.007	0.005	0.3125777186777739	3.004651161124187e-7	2.4744868995235674	0.09931665244613318	86.62309375688707
2.0707634484369954	0.007	0.005	0.31424514275151794	3.000814222823381e-7	2.5056334101454936	0.09932165779523404	86.52089449929807
2.087759363180301	0.007	0.005	0.3159117237646794	2.99696825886414e-7	2.5370433188375756	0.09932667938361739	86.41814058769314
2.104868306560685	0.007	0.005	0.31757741331322803	2.9931127044510893e-7	2.568717965909086	0.09933171732031287	86.31482657967977
2.122091576818396	0.007	0.005	0.3192421620857027	2.989247006336614e-7	2.600658691715474	0.09933677171444191	86.21094695137694
2.1394304985710977	0.007	0.005	0.32090592027691794	2.985370621625865e-7	2.632866844803548	0.09934184267656536	86.10649606847623
2.1568864175092592	0.007	0.005	0.32256863700234734	2.9814830209945934e-7	2.6653437709021315	0.09934693031699882	86.00146821953447
2.174460710138615	0.007	0.005	0.3242302611524994	2.977583681669776e-7	2.6980908298296487	0.09935203474852151	85.89585755868177
2.1921547702544744	0.007	0.005	0.32589074003097196	2.9736720931905593e-7	2.7311093690620534	0.09935715608230011	85.7896581883478
2.2099700258309527	0.007	0.005	0.32755002087204543	2.9697477533149307e-7	2.764400753905875	0.09936229443264986	85.68286405919424
2.2279079289774053	0.007	0.005	0.3292080498070623	2.9658101666629513e-7	2.797966347450581	0.09936744991396419	85.57546903196855
2.245969961197095	0.007	0.005	0.33086477227180144	2.961858845388742e-7	2.8318075189993315	0.09937262264207718	85.46746684748503
2.264157631546153	0.007	0.005	0.33252013274812914	2.9578933100421546e-7	2.8659256391915715	0.0993778127335694	85.35885113923617
2.2824724820497297	0.007	0.005	0.3341740751665533	2.953913085036201e-7	2.9003220886773633	0.09938302030714309	85.24961540268522
2.3009160834622056	0.007	0.005	0.33582654242428445	2.949917701773249e-7	2.934998248633387	0.09938824548223021	85.13975302230978
2.319490037063481	0.007	0.005	0.337477476456032	2.945906696839181e-7	2.9699555025273527	0.0993934883793255	85.02925726258896
2.338195981502859	0.007	0.005	0.3391268187407238	2.9418796102837696e-7	3.005195247351939	0.09939874912172288	84.91812122912785
2.3570355848016766	0.007	0.005	0.340774509486549	2.9378359870452506e-7	3.0407188768630844	0.09940402783305594	84.80633791812862
2.376010551247199	0.007	0.005	0.3424204881369924	2.9337753748787717e-7	3.0765277927787302	0.09940932463903508	84.6939001773328
2.3951226208796514	0.007	0.005	0.3440646932131183	2.929697325177393e-7	3.1126234019754144	0.09941463966708275	84.58080071111732
2.4143735728044446	0.007	0.005	0.34570706248337796	2.92560139121979e-7	3.1490071208332098	0.09941997304702711	84.46703206300475
2.4337652221489203	0.007	0.005	0.3473475325841622	2.921487127768752e-7	3.185680367501103	0.09942532491002148	84.35258663584534
2.4532994234133336	0.007	0.005	0.3489860391878847	2.9173540920032945e-7	3.2226445661597642	0.09943069538923431	84.23745667422423
2.4729780739369818	0.007	0.005	0.3506225171665775	2.9132018415782095e-7	3.2599011514386187	0.09943608462054697	84.121634246385
2.4928031095475576	0.007	0.005	0.35225690009932653	2.909029935433913e-7	3.297451557951299	0.09944149274109793	84.00511127226804
2.5127765133631996	0.007	0.005	0.3538891208690443	2.904837930924581e-7	3.3352972346430607	0.09944691989141874	83.88787947422747
2.5329003088037703	0.007	0.005	0.3555191109482856	2.9006253875855965e-7	3.3734396291425406	0.09945236621324458	83.7699304207051
2.5531765712667167	0.007	0.005	0.3571468012073811	2.8963918620602234e-7	3.4118802073778096	0.09945783185238838	83.65125546043325
2.57360741433449	0.007	0.005	0.3587721206555473	2.8921369107740825e-7	3.4506204248198684	0.09946331695471172	83.53184580600549
2.5941950139073238	0.007	0.005	0.3603949982182786	2.887860087109034e-7	3.4896617695178724	0.09946882167230166	83.41169239561768
2.6149415820306117	0.007	0.005	0.3620153604995606	2.883560945586517e-7	3.5290057096408534	0.09947434615611819	83.29078604902556
2.635849398293611	0.007	0.005	0.3636331340923711	2.8792390339478175e-7	3.5686537500681235	0.09947989056404548	83.16911728744313
2.6569207805680364	0.007	0.005	0.3652482431253659	2.874893900535695e-7	3.608607373825808	0.0994854550527457	83.04667650731189
2.6781581183632017	0.007	0.005	0.366860611669047	2.8705250882665986e-7	3.648868102131621	0.09949103978613455	82.92345378957755
2.699563847484021	0.007	0.005	0.3684701616045971	2.8661321370288023e-7	3.6894374429996186	0.09949664492829319	82.79943905055086
2.7211404711871903	0.007	0.005	0.3700768140496497	2.8617145817343653e-7	3.730316927861837	0.09950227064864221	82.6746219227283
2.7428905487805446	0.007	0.005	0.37168048830350175	2.857271953267842e-7	3.7715080863210657	0.0995079171185356	82.54899182468345
2.7648167100903773	0.007	0.005	0.3732811027219536	2.852803776996119e-7	3.8130124697595007	0.09951358451459798	82.42253788134751
2.786921645414588	0.007	0.005	0.3748785737667473	2.848309573712546e-7	3.8548316283436646	0.0995192730156644	82.29524898617397
2.809208117363326	0.007	0.005	0.37647281665764853	2.8437888561231576e-7	3.896967129298247	0.09952498280537837	82.16711373709211
2.8316789581684145	0.007	0.005	0.3780637449497566	2.8392411324964534e-7	3.9394205474797923	0.09953071407100472	82.03812045651648
2.8543370713987493	0.007	0.005	0.37965127043060115	2.8346659029212277e-7	3.982193464106114	0.09953646700337221	81.90825718605409
2.8771854398306527	0.007	0.005	0.3812353034350398	2.830062660326516e-7	4.025287476891229	0.0995422417983495	81.77751164618884
2.9002271213199613	0.007	0.005	0.3828157523077536	2.825430891007251e-7	4.068704187308412	0.09954803865524892	81.64587126497226
2.9234652568905966	0.007	0.005	0.3843925237094176	2.820770071603371e-7	4.1124452106798834	0.09955385777830443	81.51332313694738
2.94690306818978	0.007	0.005	0.3859655221783645	2.81607967034746e-7	4.156512165979433	0.09955969937544182	81.37985404311459
2.9705438674405586	0.007	0.005	0.3875346505295126	2.811359146832636e-7	4.200906688903715	0.09956556366015198	81.2454503998579
2.994391053466885	0.007	0.005	0.3890998093012873	2.8066079500135303e-7	4.245630418473022	0.09957145084985662	81.11009828751496
3.0184481219796884	0.007	0.005	0.39066089714154983	2.801825518880572e-7	4.290685010140831	0.0995773611677886	80.9737833980873
3.0427186600766603	0.007	0.005	0.3922178101421775	2.7970112826530815e-7	4.336072118991389	0.0995832948409408	80.83649107287168
3.067206355189571	0.007	0.005	0.3937704421101807	2.792164658395899e-7	4.381793409724191	0.09958925210155159	80.69820625837323
3.091914997801062	0.007	0.005	0.3953186844122246	2.7872850515275666e-7	4.427850554608255	0.09959523318701201	80.5589134979502
3.1168484809190145	0.007	0.005	0.39686242560893503	2.782371857127495e-7	4.474245225072834	0.09960123833896448	80.41859694197683
3.142010809581012	0.007	0.005	0.3984015517029254	2.7774244549944766e-7	4.520979101628778	0.09960726780479313	80.27724030181038
3.1674060988820805	0.007	0.005	0.3999359456567529	2.7724422138022914e-7	4.568053862032436	0.09961332183630399	80.13482686876405
3.1930385804368013	0.007	0.005	0.4014654874216203	2.767424488570594e-7	4.615471184759613	0.09961940069040427	79.99133948593769
3.2189126056467305	0.007	0.005	0.40299005375188024	2.7623706195878684e-7	4.663232746110991	0.09962550462897045	79.8467605384256
3.2450326455873393	0.007	0.005	0.4045095178114258	2.75727993438378e-7	4.711340210673824	0.09963163391788822	79.70107196272293
3.2714032978956404	0.007	0.005	0.40602374918207	2.752151743916652e-7	4.759795234279805	0.09963778882771109	79.5542552173536
3.29802929038372	0.007	0.005	0.40753261365881016	2.74698534609165e-7	4.808599460420636	0.09964396963349491	79.40629127227548
3.324915479384123	0.007	0.005	0.40903597273855336	2.7417800214398146e-7	4.857754506559252	0.09965017661337959	79.25716062788995
3.3520668606694497	0.007	0.005	0.4105336838077648	2.736535036955989e-7	4.907261972990267	0.09965641005004675	79.10684326459204
3.379488562520444	0.007	0.005	0.4120255993188901	2.731249642227554e-7	4.957123418552857	0.09966267022801613	78.95531869175855
3.4071858532038153	0.007	0.005	0.4135115667687606	2.7259230725262153e-7	5.007340362221604	0.09966895743424092	78.80256591711209
3.4351641468964456	0.007	0.005	0.41499142856463156	2.720554545556168e-7	5.05791428122826	0.09967527195828066	78.648563425322
3.4634289966097698	0.007	0.005	0.4164650211937923	2.715143264273607e-7	5.108846585149421	0.09968161408950245	78.4932892285606
3.4919861019601792	0.007	0.005	0.41793217518608555	2.7096884154751646e-7	5.160138616403314	0.0996879841176235	78.33672083551879
3.520841303756459	0.007	0.005	0.4193927143826551	2.704189171044747e-7	5.211791626455043	0.09969438233026089	78.17883529323012
3.5500005879778955	0.007	0.005	0.4208464556981874	2.6986446881022314e-7	5.263806768474996	0.09970080901257078	78.01960917755731
3.5794700819931484	0.007	0.005	0.4222932084915469	2.693054109552005e-7	5.316185075613822	0.09970726444514434	77.8590186264342
3.6092560445060755	0.007	0.005	0.4237327736578034	2.687416566118191e-7	5.368927427867774	0.09971374890055544	77.69703940718796
3.6393648750187184	0.007	0.005	0.42516494369258934	2.681731176403482e-7	5.422034553254456	0.09972026264418252	77.53364687762802
3.669803091117236	0.007	0.005	0.42658950122517286	2.6759970500993996e-7	5.475506971732541	0.09972680592804194	77.36881612210045
3.7005773332457315	0.007	0.005	0.4280062189169995	2.6702132869552736e-7	5.5293449876502105	0.09973337899064481	77.20252193784988
3.7316943404797933	0.007	0.005	0.4294148580433997	2.6643789851720064e-7	5.583548631176539	0.09973998205066577	77.03473897815509
3.7631609543333546	0.007	0.005	0.4308151684309876	2.6584932361488064e-7	5.6381176489725275	0.09974661530669184	76.86544174333389
3.794984071534223	0.007	0.005	0.43220688617335146	2.652555137394393e-7	5.69305140647157	0.09975327892627736	76.69460484588316
3.8271706586682317	0.007	0.005	0.43358973420770597	2.6465637888991275e-7	5.748348898219357	0.09975997304821443	76.52220294141011
3.8597276825364966	0.007	0.005	0.4349634193094236	2.6405183050686876e-7	5.804008613569286	0.09976669776732411	76.34821111071383
3.892662120215966	0.007	0.005	0.4363276326896163	2.6344178158004407e-7	5.860028541066515	0.09977345313613452	76.17260481241793
3.925980889305725	0.007	0.005	0.4376820473434627	2.6282614765103517e-7	5.916406037659905	0.09978023915027938	75.99536026049235
3.959690816936141	0.007	0.005	0.439026317264269	2.6220484770997223e-7	5.973137766884113	0.09978705574232159	75.81645459112355
3.9937985909640865	0.007	0.005	0.44036007612410255	2.6157780472053325e-7	6.030219609394583	0.09979390277230397	75.63586612137969
4.028310675948953	0.007	0.005	0.4416829348577154	2.609449473905075e-7	6.087646518376618	0.09980078001176225	75.45357478981953
4.063233278072256	0.007	0.005	0.44299448146970244	2.6030621085538e-7	6.145412461363026	0.09980768713816382	75.26956233281493
4.098572220579518	0.007	0.005	0.44429427776217983	2.596615385748081e-7	6.203510218571486	0.09981462371221077	75.08381292748658
4.134332893588362	0.007	0.005	0.44558185930448657	2.5901088344868623e-7	6.261931311350029	0.0998215891707513	74.89631343494791
4.170520111710951	0.007	0.005	0.4468567324376975	2.5835421030393036e-7	6.320665786415286	0.09982858280247422	74.70705412037566
4.207138039962239	0.007	0.005	0.448118374280147	2.5769149686210495e-7	6.379702121108867	0.09983560373803176	74.51602900507984
4.244190036830475	0.007	0.005	0.44936623032989076	2.570227367580947e-7	6.439027003987444	0.09984265092525589	74.32323664195519
4.281678534589992	0.007	0.005	0.4505997140150795	2.563479411895538e-7	6.4986251880473125	0.09984972311294434	74.12868068385347
4.319604894020688	0.007	0.005	0.4518182059905686	2.556671414847373e-7	6.558479315596908	0.09985681883113093	73.9323705728566
4.3579692477746885	0.007	0.005	0.45302105375365287	2.549803916230371e-7	6.618569739798984	0.09986393637077391	73.73432227425361
4.396770363568045	0.007	0.005	0.454207572572453	2.5428777037702034e-7	6.678874392887309	0.09987107376872036	73.53455889346621
4.436005484741613	0.007	0.005	0.45537704635842147	2.5358938353970035e-7	6.739368634922441	0.09987822879003821	73.33311139521443
4.475670190108988	0.007	0.005	0.45652872979134534	2.5288536646506615e-7	6.800025149577962	0.09988539891552417	73.13001920807824
4.515758280774734	0.007	0.005	0.45766185178863067	2.5217588529015185e-7	6.860813897502322	0.09989258133555251	72.92533067693849
4.556261666831474	0.007	0.005	0.45877561941801126	2.5146113852325143e-7	6.921702084734716	0.09989977294517073	72.71910350359026
4.597170304167858	0.007	0.005	0.45986922355436655	2.507413576986798e-7	6.982654220988979	0.09990697034922941	72.51140492079493
4.638472152091834	0.007	0.005	0.460941845237063	2.500168074668884e-7	7.043632220158184	0.09991416987187422	72.30231175300928
4.680153198162344	0.007	0.005	0.4619926637429053	2.492877848484632e-7	7.104595608406457	0.09992136757810288	72.09191013227175
4.722197520454958	0.007	0.005	0.46302086527603853	2.4855461721330593e-7	7.165501789955493	0.09992855930150835	71.8802950261287
4.764587403167064	0.007	0.005	0.46402565242708393	2.478176600585619e-7	7.2263063887989425	0.09993574068040698	71.66756950224668
4.807303518929993	0.007	0.005	0.46500625440721294	2.4707729324329554e-7	7.286963678881319	0.09994290720391502	71.45384366904243
4.850325136585657	0.007	0.005	0.46596193680039616	2.4633391678229965e-7	7.3474270370515	0.09995005426032985	71.23923350537538
4.893630411569551	0.007	0.005	0.46689201191045204	2.455879457341216e-7	7.407649493776106	0.09995717719681949	71.02385929889206
4.93719667277678	0.007	0.005	0.46779584753633985	2.448398046171606e-7	7.46758425367263	0.09996427137547116	70.80784412875663
4.981000755764106	0.007	0.005	0.46867287520115875	2.4408992174745834e-7	7.527185252112219	0.0999713322337005	70.59131214693946
5.025019328322914	0.007	0.005	0.4695225966156128	2.433387233361599e-7	7.586407669352526	0.09997835533990755	70.37438692897939
5.069229229000206	0.007	0.005	0.4703445888387494	2.4258662776665254e-7	7.645208428923659	0.09998533644770159	70.15718979281542
5.113607763173475	0.007	0.005	0.47113850715711736	2.41834040681628e-7	7.703546605419516	0.09999227153995587	69.93983835812617
5.158132994910241	0.007	0.005	0.47190408659704675	2.410813499569119e-7	7.761383794864561	0.09999915686909638	69.72244515531699
5.202783979266256	0.007	0.005	0.4726411412587873	2.403289222261574e-7	7.818684377020998	0.10000598898529806	69.50511655254954
5.247540962378022	0.007	0.005	0.47334956224396035	2.39577099694577e-7	7.8754157103930025	0.1000127647574445	69.28795186171858
5.292385539087539	0.007	0.005	0.47402931423225025	2.388261978060421e-7	7.931548250733656	0.10001948138574898	69.0710426691938
5.337300749263547	0.007	0.005	0.47468043068841104	2.3807650406084438e-7	7.987055574836268	0.10002613640380166	68.85447247712969
5.382271150989713	0.007	0.005	0.475303008537947	2.3732827719194642e-7	8.041914363048582	0.10003272767635285	68.63831646528334
5.427282840847302	0.007	0.005	0.4758972020624044	2.3658174715497664e-7	8.096104307944481	0.10003925338884694	68.42264151296216
5.472323442370052	0.007	0.005	0.47646321653018486	2.3583711598727383e-7	8.149607980447632	0.10004571203234128	68.20750637466865
5.517382069140663	0.007	0.005	0.47700130178825567	2.3509455851770478e-7	8.202410665029399	0.10005210238510431	67.99296197506395
5.562449272099163	0.007	0.005	0.47751174603206237	2.3435422382066544e-7	8.254500178318692	0.10005842349252457	67.77905177501964
5.607516953805887	0.007	0.005	0.4779948696365275	2.3361623700292984e-7	8.305866653833657	0.10006467464313414	67.5658122884732
5.652578286128446	0.007	0.005	0.4784510195349011	2.3288070088137005e-7	8.356502337653128	0.10007085534608079	67.35327357479653
5.6976276170267415	0.007	0.005	0.47888056398240775	2.321476978094145e-7	8.406401379247104	0.10007696530807374	67.14145977424388
5.742660363986124	0.007	0.005	0.4792838877102104	2.3141729178153386e-7	8.45555961633308	0.10008300440958294	66.9303896968057
5.787672921392252	0.007	0.005	0.47966138772382655	2.306895301400971e-7	8.503974384633041	0.10008897268401724	66.72007733579844
5.8326625583434275	0.007	0.005	0.48001346949146867	2.299644455394518e-7	8.551644326435063	0.10009487029665196	66.5105324169874
5.877627342932244	0.007	0.005	0.48034054379090374	2.292420573074434e-7	8.598569236483337	0.10010069752803034	66.30176081530104
5.922566018764226	0.007	0.005	0.48064302361326305	2.2852237373914098e-7	8.644749866643664	0.10010645475208826	66.0937651849646
5.967477964847253	0.007	0.005	0.480921322062108	2.2780539276329002e-7	8.690187826364328	0.10011214242598716	65.8865451941918
6.012363087158639	0.007	0.005	0.48117585009732555	2.2709110398880197e-7	8.734885419822623	0.10011776107189892	65.68009806960583
6.0572217698871995	0.007	0.005	0.48140701498641525	2.263794894527523e-7	8.778845551795468	0.10012331126716964	65.47441885760372
6.102054791235316	0.007	0.005	0.4816152188129232	2.256705251979297e-7	8.822071604672345	0.10012879363067441	65.2695008428356
6.146863295872336	0.007	0.005	0.4818008575135152	2.2496418167990988e-7	8.864567377133222	0.10013420881676979	65.0653357013704
6.191648711223377	0.007	0.005	0.48196431984926835	2.2426042526523606e-7	8.906336973886377	0.10013955750286892	64.86191390591299
6.236412726287059	0.007	0.005	0.48210598684139155	2.2355921857695037e-7	8.947384760530518	0.10014484038511051	64.6592248409406
6.281157243941055	0.007	0.005	0.4822262312307053	2.2286052132309715e-7	8.987715297080737	0.1001500581711702	64.45725703532285
6.32588434528573	0.007	0.005	0.48232541711940274	2.221642908606189e-7	9.027333286881374	0.10015521157488176	64.25599833664887
6.370596260060575	0.007	0.005	0.48240389973886433	2.214704827493216e-7	9.066243534410509	0.10016030131186664	64.05543605521552
6.41529533126694	0.007	0.005	0.48246202530531485	2.2077905128416385e-7	9.104450901231976	0.10016532809477968	63.85555713129298
6.459984009492036	0.007	0.005	0.48250013099868366	2.200899495944215e-7	9.141960290206427	0.10017029263213896	63.65634816715754
6.50466481179624	0.007	0.005	0.4825185449554151	2.1940313034859288e-7	9.178776601556791	0.10017519562334727	63.45779561582495
6.549340328011046	0.007	0.005	0.4825175863612943	2.187185456475294e-7	9.214904730933423	0.10018003775916148	63.259885756624236
6.594013182699643	0.007	0.005	0.4824975655580946	2.180361475652345e-7	9.250349532276395	0.10018481971739852	63.06260486676929
6.638686109577374	0.007	0.005	0.4824587841255439	2.1735588708358944e-7	9.285115871022265	0.10018954217076226	62.86593889545685
6.683361738977375	0.007	0.005	0.48240153520374063	2.16677717318542e-7	9.31920845392981	0.10019420576431505	62.669874401463495
6.728042805446284	0.007	0.005	0.4823261035411776	2.160015903713233e-7	9.352631989441981	0.10019881113765865	62.47439763810138
6.772731970691784	0.007	0.005	0.48223276591144887	2.153274599460186e-7	9.385391050347176	0.10020335890658078	62.279495330182975
6.817431948365445	0.007	0.005	0.48212179114134185	2.1465527950379436e-7	9.41749016700614	0.10020784967621421	62.08515412628243
6.862145403895788	0.007	0.005	0.4819934405271842	2.1398500379621156e-7	9.44893375299381	0.10021228403105399	61.8913610346472
6.906875020096267	0.007	0.005	0.4818479679077748	2.133165878598268e-7	9.479726152688468	0.10021666254186705	61.698103135861615
6.951623441339129	0.007	0.005	0.4816856200440251	2.1264998772655547e-7	9.509871602218634	0.10022098576043603	61.505367823078984
6.996393303616605	0.007	0.005	0.4815066367589305	2.1198516019387435e-7	9.53937425140959	0.1002252542228588	61.31314266957682
7.0411872231109065	0.007	0.005	0.48131125119256507	2.113220627696501e-7	9.568238156728917	0.10022946844873547	61.12141547608904
7.086007781750255	0.007	0.005	0.4810996900907795	2.1066065399404665e-7	9.59646727343844	0.10023362894015803	60.930174330090104
7.130857554311697	0.007	0.005	0.4808721739000109	2.1000089301768585e-7	9.624065474335575	0.10023773618458087	60.73940748751632
7.175739073139669	0.007	0.005	0.48062891714767303	2.0934274005378498e-7	9.651036529167786	0.1002417906518857	60.549103520794276
7.220654858207343	0.007	0.005	0.48037012850202376	2.0868615602183318e-7	9.67738412501452	0.1002457927974845	60.359251188324194
7.26560739364982	0.007	0.005	0.4800960110996874	2.0803110279365557e-7	9.703111853881174	0.10024974306052299	60.16983953158501
7.310599148914086	0.007	0.005	0.479806762620435	2.0737754291713117e-7	9.728223226936557	0.10025364186608998	59.980857783293224
7.355632555210874	0.007	0.005	0.4795025756235322	2.0672543996490467e-7	9.752721662994498	0.1002574896234742	59.792295464134725
7.400710032635813	0.007	0.005	0.4791836375578085	2.06074758097773e-7	9.776610505527065	0.10026128672882446	59.604142266502905
7.445833966556831	0.007	0.005	0.47885013109731084	2.054254623986021e-7	9.799893011608708	0.1002650335634261	59.416388151170786
7.491006728783081	0.007	0.005	0.47850223416474286	2.0477751860508763e-7	9.822572365049421	0.1002687304957803	59.2290232566802
7.536230656858491	0.007	0.005	0.47814012025226843	2.0413089334397603e-7	9.844651667640825	0.10027237788017476	59.04203798328929
7.581508078250285	0.007	0.005	0.4777639583957175	2.0348555380101573e-7	9.866133953142981	0.100275976058938	58.85542289057449
7.626841283568732	0.007	0.005	0.477373913546762	2.028414681121949e-7	9.887022176168713	0.10027952536055733	58.669168806027756
7.672232559801095	0.007	0.005	0.47697014644553304	2.0219860484166047e-7	9.90731922971947	0.10028302610257457	58.48326668618285
7.717684163468644	0.007	0.005	0.4765528139913725	2.015569334056667e-7	9.927027934391624	0.10028647858971597	58.29770772523497
7.7631983418827595	0.007	0.005	0.47612206919389854	2.009164237189431e-7	9.946151049675262	0.10028988311577595	58.112483266156815
7.808777318263791	0.007	0.005	0.47567806144135194	2.002770464501874e-7	9.9646912691026	0.10029323996270864	57.927584859850555
7.854423307013861	0.007	0.005	0.4752209364840505	1.9963877272919028e-7	9.982651228279032	0.10029654940198782	57.74300420142297
7.900138507867987	0.007	0.005	0.4747508366094975	1.9900157431698973e-7	10.000033503826895	0.10029981169436321	57.55873315266385
7.94592510302728	0.007	0.005	0.4742679007920134	1.98365423547505e-7	10.016840613894303	0.10030302708986177	57.37476375212499
7.991785266426177	0.007	0.005	0.47377226471098915	1.977302932621575e-7	10.033075023125775	0.10030619582863683	57.19108817647384
8.037721157829793	0.007	0.005	0.4732640609215511	1.9709615685043843e-7	10.048739141853416	0.10030931814072908	57.00769876304184
8.083734932134934	0.007	0.005	0.4727434188575998	1.9646298813800992e-7	10.063835330659694	0.10031239424687272	56.82458797152704
8.129828730395388	0.007	0.005	0.47221046503184017	1.9583076150758741e-7	10.078365898598149	0.10031542435804555	56.641748418801754
8.176004692204067	0.007	0.005	0.4716653229919054	1.9519945167780261e-7	10.092333108449763	0.10031840867644524	56.45917282873719
8.222264949764437	0.007	0.005	0.4711081134788757	1.945690338596875e-7	10.1057391758634	0.10032134739522794	56.27685405503711
8.268611634200951	0.007	0.005	0.47053895444049065	1.9393948360964644e-7	10.118586272286727	0.10032424069904176	56.09478505562632
8.315046863436306	0.007	0.005	0.46995796126622924	1.9331077701641345e-7	10.130876522679822	0.10032708876339651	55.91295893959281
8.36157277007812	0.007	0.005	0.4693652465228543	1.926828903047223e-7	10.142612014000703	0.10032989175649953	55.73136885731287
8.408191467706763	0.007	0.005	0.4687609204557369	1.9205580032882798e-7	10.153794787242106	0.1003326498372974	55.55000813195719
8.454905085015504	0.007	0.005	0.46814509063165816	1.9142948403591e-7	10.16442684701514	0.10033536315763969	55.368870125763095
8.50171573816724	0.007	0.005	0.46751786236950105	1.9080391892161707e-7	10.174510155709894	0.10033803186073155	55.187948347310936
8.548625568233744	0.007	0.005	0.4668793383124941	1.901790824620986e-7	10.18404664253868	0.10034065608336905	55.00723630640054
8.595636694791807	0.007	0.005	0.46622961911915356	1.8955495279142276e-7	10.19303819435781	0.10034323595337745	54.82672769317673
8.642751269073722	0.007	0.005	0.46556880280436624	1.8893150791323487e-7	10.201486667116793	0.10034577159264968	54.64641617337052
8.689971421143854	0.007	0.005	0.46489698553240694	1.883087265027407e-7	10.209393876409917	0.10034826311431064	54.46629559113734
8.737299319566038	0.007	0.005	0.4642142608387639	1.87686587034154e-7	10.216761608660521	0.10035071062597328	54.28635974093655
8.784737112099652	0.007	0.005	0.4635207205311988	1.8706506860884386e-7	10.223591611687162	0.10035311422665252	54.106602593995206
8.832286985642364	0.007	0.005	0.46281645388146303	1.864441501445297e-7	10.229885604549139	0.10035547400990646	53.92701807068504
8.879951116141193	0.007	0.005	0.46210154840823614	1.8582381104674546e-7	10.235645270586145	0.1003577900613135	53.7476002309142
8.927731709882945	0.007	0.005	0.4613760893199325	1.8520403066688127e-7	10.240872263427223	0.1003600624605595	53.56834311849844
8.97563097851219	0.007	0.005	0.46064015993537544	1.8458478864428985e-7	10.245568204074825	0.1003622912802194	53.38924085603021
9.02365114880566	0.007	0.005	0.45989384158789354	1.839660647532517e-7	10.249734682547068	0.10036447658625698	53.21028760856643
9.071794475766186	0.007	0.005	0.45913721346585373	1.8334783874321988e-7	10.253373259120076	0.10036661843861039	53.031477535746006
9.12006322383812	0.007	0.005	0.4583703529485396	1.827300906160527e-7	10.256485462855133	0.10036871689032836	52.852804862695486
9.168459680011217	0.007	0.005	0.45759333544631975	1.8211280041791579e-7	10.259072792942488	0.10037077198815918	52.674263832087476
9.216986154210003	0.007	0.005	0.45680623443450347	1.814959482736752e-7	10.26113671874234	0.10037278377253957	52.495848703851664
9.265644979689768	0.007	0.005	0.45600912148659706	1.808795143326205e-7	10.262678679842162	0.1003747522775822	52.317553754893225
9.314438510198906	0.007	0.005	0.45520206636083016	1.8026347887615361e-7	10.26370008607953	0.10037667753093532	52.13937329063161
9.363369136599996	0.007	0.005	0.45438513676286385	1.7964782209064686e-7	10.26420231788402	0.1003785595543987	51.96130158563527
9.412439264621982	0.007	0.005	0.45355839875101533	1.7903252431490547e-7	10.264186725822112	0.10038039836300426	51.78333296622916
9.461651360933189	0.007	0.005	0.4527219159954742	1.7841756549803646e-7	10.263654630501193	0.10038219396668864	51.60546164493018
9.51100853427493	0.007	0.005	0.45187573978545736	1.7780291800118298e-7	10.262607305520222	0.1003839463904303	51.42767963438301
9.560512915626791	0.007	0.005	0.4510199367468809	1.7718856677718912e-7	10.261046005371236	0.10038565561606634	51.249982591382455
9.610167434251435	0.007	0.005	0.45015455852127406	1.7657448724388572e-7	10.25897193411714	0.10038732164588722	51.072363413811274
9.659974438000688	0.007	0.005	0.4492796655951198	1.7596066242658484e-7	10.256386284878783	0.10038894445455929	50.894817199591955
9.709936781531672	0.007	0.005	0.4483953084202167	1.753470694914073e-7	10.253290198010692	0.10039052402591339	50.71733735146618
9.76005697709963	0.007	0.005	0.4475015423300556	1.7473369021178444e-7	10.249684802678544	0.1003920603249682	50.53991860902866
9.8103378818139	0.007	0.005	0.44659841543281315	1.7412050258040788e-7	10.245571175988534	0.10039355331974685	50.36255460724839
9.860782142540574	0.007	0.005	0.4456859785221397	1.735074875499078e-7	10.240950381321548	0.10039500296403096	50.18523984539396
9.911392657336561	0.007	0.005	0.4447642768340166	1.728946234535666e-7	10.23582343142405	0.10039640921105969	50.007968060386894
9.962172201034445	0.007	0.005	0.4438333568356809	1.7228189051900052e-7	10.23019132143055	0.10039777200255944	49.830733546647366
10.013123731815648	0.007	0.005	0.44289326068198054	1.7166926726628266e-7	10.224054998287388	0.10039909127721647	49.65353008391787
10.064250152639032	0.007	0.005	0.4419440306077751	1.7105673324295682e-7	10.217415386095821	0.10040036696406815	49.47635177370535
10.115554518590898	0.007	0.005	0.4409857051321339	1.7044426669692418e-7	10.210273360873332	0.10040159898774244	49.2991923209373
10.167039857819171	0.007	0.005	0.440018322405103	1.6983184661804543e-7	10.2026297729313	0.10040278726379566	49.12204565819159
10.21870932582212	0.007	0.005	0.43904191735658227	1.692194509933912e-7	10.194485425199268	0.10040393170228423	48.94490541583375
10.270566093692011	0.007	0.005	0.4380565238160759	1.6860705807623812e-7	10.185841088705926	0.10040503220495473	48.76776531077585
10.322613431514881	0.007	0.005	0.43706217296592015	1.6799464546104403e-7	10.176697489075462	0.10040608866692938	48.590618863916305
10.374854661370243	0.007	0.005	0.43605889425524524	1.6738219062239643e-7	10.16705531326503	0.10040710097546512	48.413459565186464
10.427293182661499	0.007	0.005	0.43504671494409136	1.6676967064799558e-7	10.156915204607326	0.10040806901027718	48.23628079116765
10.479932473444208	0.007	0.005	0.43402566010076804	1.661570622680206e-7	10.14627776156444	0.10040899264331579	48.059075805250075
10.532776088280473	0.007	0.005	0.4329957526680672	1.6554434180403145e-7	10.135143537268826	0.10040987173848268	47.88183776952816
10.5858276701732	0.007	0.005	0.43195701325605745	1.649314851770655e-7	10.12351303613759	0.10041070615157735	47.70455970958231
10.639090941503763	0.007	0.005	0.4309094603441544	1.643184678750734e-7	10.111386714861347	0.10041149572988024	47.52723454992982
10.692569726805331	0.007	0.005	0.42985310985961794	1.6370526487249653e-7	10.098764976322848	0.10041224031221704	47.34985504341578
10.746267933170015	0.007	0.005	0.4287879755886158	1.6309185075404848e-7	10.085648173027188	0.10041293972837104	47.17241384204293
10.800189573295928	0.007	0.005	0.42771406874814716	1.6247819952821585e-7	10.072036600692831	0.10041359379910271	46.99490342624885
10.85433876743021	0.007	0.005	0.4266313979717833	1.6186428460776067e-7	10.057930496430505	0.10041420233582166	46.81731610499445
10.90871973814123	0.007	0.005	0.42553996944118583	1.6125007886724488e-7	10.04333003893072	0.1004147651401814	46.63964403939655
10.963336830427092	0.007	0.005	0.4244397865111191	1.6063555453848458e-7	10.028235341946266	0.10041528200393464	46.46187918368118
11.01819450309753	0.007	0.005	0.4233308499099649	1.6002068318772928e-7	10.012646455256952	0.10041575270845249	46.28401332061697
11.07329734198096	0.007	0.005	0.42221315750323096	1.5940543570455542e-7	9.996563359747993	0.10041617702445219	46.10603802596892
11.128650058726034	0.007	0.005	0.4210867043480555	1.5878978230492682e-7	9.979985966416761	0.10041655471156802	45.92794468021907
11.184257511800036	0.007	0.005	0.419951482297291	1.581736922995763e-7	9.962914108714019	0.10041688551805562	45.74972440921965
11.240124698270803	0.007	0.005	0.41880748019792097	1.5755713427346032e-7	9.945347543425667	0.10041716918025585	45.57136811953479
11.296256767836303	0.007	0.005	0.4176546836383493	1.569400759144886e-7	9.927285944880541	0.10041740542219096	45.3928664625876
11.352659025964929	0.007	0.005	0.4164930749186856	1.5632248403501753e-7	9.908728902369083	0.10041759395506153	45.21420983431419
11.40933694846425	0.007	0.005	0.4153226327872897	1.5570432443713802e-7	9.889675913760806	0.10041773447675616	45.035388339102525
11.466296177495998	0.007	0.005	0.41414333256100994	1.5508556199631473e-7	9.8701263851614	0.10041782667126972	44.85639181305327
11.523542555634698	0.007	0.005	0.41295514546012224	1.5446616033193284e-7	9.850079617522598	0.10041787020816101	44.67720972814494
11.581082099563728	0.007	0.005	0.41175803919457343	1.5384608214384043e-7	9.829534813850898	0.10041786474187317	44.49783128680804
11.638921042441497	0.007	0.005	0.41055197712893177	1.5322528875242335e-7	9.8084910625481	0.10041780991110154	44.31824530178683
11.697065827115603	0.007	0.005	0.4093369184683633	1.5260374030141958e-7	9.786947337686605	0.1004177053380608	44.13844023093659
11.755523122566828	0.007	0.005	0.4081128179646842	1.519813955350504e-7	9.764902491023605	0.10041755062772295	43.95840414017651
11.814299821293655	0.007	0.005	0.40687962602374866	1.5135821196630206e-7	9.742355251051169	0.10041734536705368	43.77812472609287
11.8734030839178	0.007	0.005	0.4056372878254271	1.50734145387955e-7	9.719304203904127	0.10041708912404497	43.597589194476996
11.932840325745948	0.007	0.005	0.4043857436625512	1.50109150075139e-7	9.695747796098308	0.10041678144685522	43.4167843185254
11.992619242841958	0.007	0.005	0.40312492845520786	1.4948317865776555e-7	9.671684322126595	0.10041642186277139	43.23569637667664
12.052747822922882	0.007	0.005	0.40185477158702876	1.4885618194588028e-7	9.64711191772122	0.10041600987715908	43.05431113821497
12.113234360700545	0.007	0.005	0.40057519665229097	1.4822810893765826e-7	9.622028551275967	0.10041554497233086	42.87261383649064
12.174087481894741	0.007	0.005	0.39928612102378563	1.4759890657905615e-7	9.596432011478758	0.10041502660626972	42.69058911755026
12.235316155855903	0.007	0.005	0.3979874556662416	1.4696851975425748e-7	9.570319899449624	0.10041445421135346	42.50822102459251
12.296929721020177	0.007	0.005	0.3966791046834927	1.463368910841879e-7	9.543689615350718	0.1004138271928905	42.32549294556704
12.35893789890902	0.007	0.005	0.3953609651144476	1.4570396084089652e-7	9.516538349695741	0.10041314492767027	42.14238759664689
12.42135082952548	0.007	0.005	0.39403292628110076	1.450696667422943e-7	9.488863065197549	0.10041240676219297	41.958886944191065
12.484179082950275	0.007	0.005	0.3926948696493804	1.4443394387348103e-7	9.460660488784734	0.10041161201104634	41.77497219915505
12.547433701019777	0.007	0.005	0.39134666805803575	1.437967243968077e-7	9.431927090130248	0.1004107599548189	41.59062372514882
12.611126202404147	0.007	0.005	0.38998818573574273	1.4315793764508552e-7	9.402659076435443	0.10040984983835777	41.40582105592943
12.67526863939402	0.007	0.005	0.3886192772260022	1.425175095834986e-7	9.372852363610942	0.10040888086821108	41.220542764540696
12.739873605239147	0.007	0.005	0.38723978737682374	1.4187536293678226e-7	9.34250256982397	0.10040785221061184	41.03476647904791
12.804954294092797	0.007	0.005	0.38584955021984046	1.4123141668040984e-7	9.31160498454109	0.10040676298853639	40.84846874894724
12.870524515344268	0.007	0.005	0.3844483888359583	1.4058558612524843e-7	9.280154558653674	0.10040561227930181	40.66162504631852
12.936598757287767	0.007	0.005	0.38303611418170963	1.3993778234557866e-7	9.248145871111335	0.10040439911118058	40.474209628915126
13.003192191376211	0.007	0.005	0.38161252520102124	1.3928791234091045e-7	9.215573123943622	0.1004031224608814	40.28619557609356
13.070320775563177	0.007	0.005	0.38017740683659673	1.3863587824154622e-7	9.18243008908863	0.10040178124900244	40.0975545478085
13.138001240255958	0.007	0.005	0.3787305305698576	1.379815775585357e-7	9.148710112297044	0.100400374337484	39.90825687992956
13.20625116978937	0.007	0.005	0.37727165294020615	1.3732490268611703e-7	9.114406070442405	0.10039890052504089	39.71827141384155
13.275089069437382	0.007	0.005	0.37580051439691886	1.3666574043838243e-7	9.079510335368274	0.10039735854254275	39.527565373229365
13.344534384826517	0.007	0.005	0.3743168391941832	1.3600397203065008e-7	9.044014761887446	0.10039574704920677	39.33610437795679
13.41460758827991	0.007	0.005	0.37282033388374614	1.353394726364993e-7	9.007910642207346	0.10039406462707427	39.14385227723339
13.485330227154456	0.007	0.005	0.3713106866508673	1.346721110618892e-7	8.971188679689698	0.10039230977604044	38.95077109425624
13.556724970276345	0.007	0.005	0.369787566723864	1.3400174970566132e-7	8.933838964224378	0.1003904809087105	38.75682098104592
13.628815686150185	0.007	0.005	0.3682506231417194	1.333282440107603e-7	8.895850931596176	0.10038857634418936	38.56196009263059
13.701627486733775	0.007	0.005	0.3666994842957866	1.3265144251103295e-7	8.857213341423057	0.10038659430245345	38.36614456136226
13.775186788848336	0.007	0.005	0.3651337571369023	1.3197118647361754e-7	8.81791424682306	0.10038453289801713	38.16932842927932
13.84952131476977	0.007	0.005	0.363553027720438	1.3128731027888381e-7	8.777940997851045	0.10038239013508572	37.97146374866642
13.924660188965538	0.007	0.005	0.3619568597501577	1.305996409719411e-7	8.737280195117243	0.10038016389982145	37.77250043053807
14.000633877932863	0.007	0.005	0.3603447965046527	1.2990799911209718e-7	8.695917729643172	0.1003778519569824	37.572386515313134
14.077474173288868	0.007	0.005	0.3587163618824905	1.292121993471023e-7	8.653838802760514	0.10037545194548243	37.371068327514095
14.155214163599078	0.007	0.005	0.3570710617262311	1.2851205101544044e-7	8.61102795517985	0.10037296137439626	37.168490660450125
14.233888030431498	0.007	0.005	0.35540838889719545	1.278073604277473e-7	8.567469196822877	0.10037037762494148	36.9645974150183
14.31353092209329	0.007	0.005	0.3537278267155052	1.2709793225752365e-7	8.523146099483595	0.10036769795079892	36.759332023584115
14.394178526410036	0.007	0.005	0.3520288587464457	1.2638357368798966e-7	8.478042062733966	0.10036491948953437	36.552638634159614
14.475866691015709	0.007	0.005	0.3503109775268506	1.2566409791163357e-7	8.432140562043896	0.10036203927440053	36.34446313849152
14.558630699887729	0.007	0.005	0.3485737004308442	1.2493933062812907e-7	8.385425598666272	0.10035905426053313	36.134755036538905
14.642504323972872	0.007	0.005	0.3468165900891367	1.2420911821438682e-7	8.337882289129189	0.10035596136311145	35.9234698048895
14.72751864421851	0.007	0.005	0.3450392792919399	1.234733375950386e-7	8.289497597044615	0.10035275750885636	35.710571747981795
14.813700305038827	0.007	0.005	0.3432415073795021	1.2273191048080476e-7	8.240261403870258	0.10034943971549655	35.49603815449265
14.901069458884336	0.007	0.005	0.34142316244620485	1.2198482003925796e-7	8.190167773652455	0.10034600519213006	35.27986405254105
14.989637027190854	0.007	0.005	0.3395843369283639	1.212321322336833e-7	8.139216626806533	0.10034245147747062	35.062068444949006
15.079401537724566	0.007	0.005	0.33772539083533165	1.2047402011398842e-7	8.0874156749432	0.10033877660915018	34.84270131273501
15.170345317797052	0.007	0.005	0.3358470268675422	1.1971079230527016e-7	8.034782741038544	0.10033497933577595	34.621851868947694
15.262430500829712	0.007	0.005	0.33395036759310087	1.1894292179250855e-7	7.981348195873187	0.10033105935565097	34.39965688697256
15.355595074157975	0.007	0.005	0.33203702975282734	1.1817107304551073e-7	7.927157367571858	0.10032701757298704	34.176308534050854
15.449749602639605	0.007	0.005	0.33010918257100047	1.1739612205534109e-7	7.872272540480232	0.10032285634259401	33.95206020755759
15.544775493596822	0.007	0.005	0.32816957260461804	1.1661916290939016e-7	7.816774019315325	0.10031857965914805	33.72722841248964
15.640525503347275	0.007	0.005	0.3262215015655139	1.1584149548948834e-7	7.760759828055836	0.1003141932489436	33.50218922242614
15.736827196135996	0.007	0.005	0.32426874385269444	1.1506458976430285e-7	7.704343609756262	0.10030970451697166	33.27736793714829
15.833489344543224	0.007	0.005	0.3223154056451829	1.1429002780135743e-7	7.647650724095845	0.1003051223324088	33.053222310624605
15.930310730348642	0.007	0.005	0.320365738203905	1.1351942898156656e-7	7.590812864462814	0.10030045666216875	32.830220933969095
16.0	0.007	0.005	0.31896675915458955	1.1296800022423434e-7	7.549878453710928	0.10029705198993809	32.67064282566799
