0.0	0.007	0.005	0.0	0.0	0.0	0.0	100.0
0.0007438870375684394	0.007	0.005	0.00012232552697620573	0.00018344953300993764	2.441585558937069e-7	9.81884558191541e-5	99.9948439009039
0.0010721105546665898	0.007	0.005	0.00017628679569241145	0.000237569893243776	5.070951620803294e-7	0.00018981865724655166	99.9925689720324
0.0016518332987260015	0.007	0.005	0.00027157740427243384	0.0003064683633215498	1.203534687617319e-6	0.0003996952315794128	99.98855101950812
0.0021340170977998825	0.007	0.005	0.0003508176207751777	0.0003452193721556417	2.008408174933562e-6	0.0006076363445987609	99.98520921459846
0.0027355901502571353	0.007	0.005	0.0004496553360813933	0.00037781748312973014	3.299673266576867e-6	0.0008953734127964934	99.98104013161208
0.0033382721907667516	0.007	0.005	0.0005486502493461791	0.00039882480894106733	4.912752542175153e-6	0.001204571555016885	99.9768635373227
0.004021139995456282	0.007	0.005	0.0006607860177112552	0.0004137171078853895	7.126571936359081e-6	0.0015708990401769314	99.97213146549282
0.004747616283343402	0.007	0.005	0.0007800476046167607	0.0004231777603411644	9.931802320744307e-6	0.001972058354069338	99.96709744566621
0.005553214008037227	0.007	0.005	0.0009122556241842966	0.00042917017626100843	1.3584659052398774e-5	0.0024249485483630656	99.96151546087206
0.006433220548892577	0.007	0.005	0.0010566239445102728	0.00043269902550929513	1.8225904134489342e-5	0.0029250352044510814	99.95541825376121
0.0074124975435606345	0.007	0.005	0.0012172152981675336	0.000434680483961027	2.418907152050202e-5	0.0034849595809074334	99.94863367928166
0.008503987544418317	0.007	0.005	0.0013961306854661914	0.00043570303000654793	3.182562156808632e-5	0.00411108565222092	99.94107221934124
0.009737435438289112	0.007	0.005	0.0015982169945617357	0.00043617862561789094	4.1710158156609085e-5	0.004819751991661741	99.93252801338953
0.011144880754555097	0.007	0.005	0.0018286830456325201	0.00043636085028460537	5.4613404360706404e-5	0.00562888553919168	99.9227794037333
0.01277673260135648	0.007	0.005	0.0020957248023512048	0.00043639843625650017	7.173831811224338e-5	0.006567142223557185	99.91147764238302
0.014701397981514989	0.007	0.005	0.002410448565783071	0.0004363687556877406	9.491821107223959e-5	0.007673614281628111	99.89814957717651
0.01702424968883048	0.007	0.005	0.0027899458015679477	0.0004363060560269059	0.00012718361361931303	0.009008651960342236	99.88206648955843
0.01990711132307662	0.007	0.005	0.0032604205910474445	0.00043622036825338766	0.00017373741984887394	0.01066496177828017	99.86210957546344
0.023610569665125515	0.007	0.005	0.003863979254461217	0.00043610856281224325	0.00024409137960143635	0.01279175853865426	99.83647784545616
0.02849028214228587	0.007	0.005	0.004657801907448283	0.00043596088435754357	0.0003548338325655195	0.015592366311462784	99.80271527524197
0.03447243658122706	0.007	0.005	0.005628749993135454	0.00043577914808510035	0.0005184508882513828	0.01902309024042829	99.76134052342995
0.04054366797362795	0.007	0.005	0.00661166329124594	0.0004355922431932148	0.0007156967378741747	0.022501961018738116	99.71936722058923
0.04608084978157592	0.007	0.005	0.007505930826597081	0.00043541774995770847	0.0009228280243392238	0.025672227269366448	99.68110145399288
0.05106131098064047	0.007	0.005	0.00830850977346168	0.00043525899000727006	0.0011312052266825964	0.028521616678439173	99.64669555666494
0.05570232744279591	0.007	0.005	0.00905487675003801	0.0004351094107583875	0.0013440985581897689	0.031174963479832743	99.61464529209186
0.06022846880877792	0.007	0.005	0.009781367016293476	0.00043495783765418384	0.0015690317638638483	0.03376089613576486	99.58339826926176
0.06477579854979525	0.007	0.005	0.010509865835677435	0.00043479593064015123	0.0018121505687005552	0.03635716413105981	99.55201483917584
0.06937978742385957	0.007	0.005	0.011246022164259153	0.0004346185203857101	0.0020757121658058772	0.03898390928896585	99.52025045166569
0.07400727411371606	0.007	0.005	0.011984498841055043	0.0004344219587671592	0.002358191854796053	0.041622070882093666	99.48833415811602
0.0786079290682662	0.007	0.005	0.012717267964419283	0.0004342025170716348	0.0026564159976158468	0.044242833238903156	99.45661307280473
0.08315141256893419	0.007	0.005	0.013439538338448577	0.0004339549792270528	0.0029678642805953132	0.04682880911907115	99.42529610560602
0.08762884765785553	0.007	0.005	0.014149957297105057	0.00043367228362021067	0.0032911675730669227	0.04937483310705448	99.39444403886573
0.09203975826197748	0.007	0.005	0.014848511024501989	0.00043334593195243554	0.0036254961018740307	0.05188048997246014	99.36405972477878
0.09638398205003644	0.007	0.005	0.01553523473918298	0.00043296643183552444	0.003970056199990274	0.0543455022879332	99.33414385788863
0.1006602935846735	0.007	0.005	0.016209995174411622	0.00043252349899936275	0.0043239794147827216	0.05676894755201216	99.30470445565962
0.10486745309430286	0.007	0.005	0.016872657107956462	0.00043200609914602724	0.004686396661689246	0.059149854431598495	99.27574963096563
0.10900486269423147	0.007	0.005	0.01752318641647784	0.0004314024868672276	0.005056498338711297	0.06148757406384389	99.24728307800648
0.11307262433344649	0.007	0.005	0.018161658243248977	0.000430700286618831	0.0054335506610503495	0.063781811401197	99.21930368041889
0.11707144828260038	0.007	0.005	0.018788241723003075	0.0004298865904125922	0.005816897859457671	0.06603257221891126	99.19180614732316
0.12100256094859765	0.007	0.005	0.019403184796157873	0.0004289480572520707	0.006205961918855935	0.06824011017361918	99.16478165261847
0.1248676257390671	0.007	0.005	0.02000680124425504	0.00042787101043536803	0.006600241418264557	0.07040488153740149	99.13821838328656
0.1286686666234883	0.007	0.005	0.02059945829970761	0.00042664153412412997	0.006999308793549574	0.07252750166995028	99.11210206806855
0.13240800399785932	0.007	0.005	0.021181566309888725	0.0004252455666452746	0.007402807261116555	0.0746087085325352	99.08641642063179
0.13608819516148157	0.007	0.005	0.021753569231125605	0.0004236689928523008	0.007810446906931885	0.07664932885356958	99.06114355025115
0.13971198705149557	0.007	0.005	0.022315937122991743	0.0004218977332045714	0.008222001010602557	0.07865025114152889	99.03626428762684
0.14328227587548495	0.007	0.005	0.022869159786318007	0.0004199178313434721	0.008637302295912036	0.08061240247595708	99.0117584628132
0.1468020742747248	0.007	0.005	0.023413741626456437	0.000417715540170814	0.009056239380833333	0.08253672937038464	98.98760513103417
0.15027448723003206	0.007	0.005	0.02395019791276862	0.00041527740533226035	0.009478753768958733	0.0844241832952832	98.9637827381875
0.15370269377532	0.007	0.005	0.02447905196500165	0.0004125903471022226	0.009904837213511462	0.08627570916469908	98.9402692462876
0.1570899351768243	0.007	0.005	0.02500083335656023	0.0004096417395787964	0.010334529670773517	0.088092237064235	98.9170422144168
0.1604395104303585	0.007	0.005	0.025516077254143107	0.00040641948491504463	0.010767918088596482	0.08987467755653868	98.89407882942666
0.16375477536324867	0.007	0.005	0.026025324311581898	0.0004029120841116146	0.011205135675707356	0.09162391843391471	98.87135591192614
0.16703914711356938	0.007	0.005	0.026529121383587203	0.0003991087015602358	0.011646361960278122	0.09334082373848322	98.84884988545558
0.17029611656626656	0.007	0.005	0.02702802344589178	0.0003949992178250018	0.012091824088265915	0.09502623618702036	98.82653669123751
0.17352926322541742	0.007	0.005	0.027522595865977398	0.00039057427425469944	0.012541798720311338	0.0966809798498633	98.80439168640125
0.1767422792184844	0.007	0.005	0.028013418042984965	0.0003858252988364287	0.012996615520808214	0.09830586627149868	98.7823894798611
0.17993899931114005	0.007	0.005	0.02850108792760217	0.0003807445133925378	0.013456661934849953	0.09990170197418644	98.76050372731481
0.18312344084058044	0.007	0.005	0.02898622800808066	0.0003753249130062936	0.013922389924953461	0.10146929880023252	98.73870685868204
0.1862998899460966	0.007	0.005	0.029469498278729987	0.00036956014512368635	0.014394330275683162	0.1030095038672353	98.71696948916859
0.1894729108974494	0.007	0.005	0.029951597417846865	0.0003634445022283851	0.014873096486003335	0.10452318797392993	98.69526035726345
0.19264746628263218	0.007	0.005	0.030433280754066053	0.00035697270127116966	0.015359405994885677	0.10601128354577011	98.67354550467056
0.19582904463668815	0.007	0.005	0.030915379199485622	0.0003501396037695994	0.01585410435120105	0.10747481809338534	98.65178740654311
0.19902383853954356	0.007	0.005	0.03139882564123869	0.0003429397884527458	0.016358199319784394	0.10891496088309296	98.62994375797462
0.20223900630126435	0.007	0.005	0.031884693712649445	0.00033536688564157996	0.01687291114349677	0.11033309269202374	98.60796569098015
0.20548306593802676	0.007	0.005	0.03237425615454835	0.0003274125334342517	0.017399748399964284	0.11173091172282135	98.58579509015512
0.20876652919253494	0.007	0.005	0.0328690787771529	0.000319064654447899	0.01794062970699467	0.11311060780541489	98.56336027246498
0.21210298159294583	0.007	0.005	0.03337118060104682	0.00031030446567020586	0.01849809031773337	0.11447516472754644	98.5405686271367
0.21551110526152525	0.007	0.005	0.033883334005504015	0.0003011008069715929	0.0190756667133037	0.11582894038092992	98.51729282942644
0.2190189642790062	0.007	0.005	0.034409701128272595	0.0002913980036274403	0.0196787057756711	0.11717892692718122	98.49334163019039
0.22267496313199225	0.007	0.005	0.03495746270725519	0.000281084564608714	0.020316418430716195	0.1185380573087958	98.4683851486429
0.2265872403745584	0.007	0.005	0.03554267919097901	0.0002698798681452976	0.021009200438849435	0.11993742310273987	98.4416862703391
0.23127200070744944	0.007	0.005	0.036242167671870246	0.00025632774813212064	0.021852812227729203	0.12153729688813997	98.40972519576445
0.23522265171161302	0.007	0.005	0.036830962955359106	0.00024485619730517985	0.022576067186863582	0.12282188244977252	98.38278053720902
0.23901111286183446	0.007	0.005	0.037394657157354565	0.00023388687828364662	0.023279758268516377	0.12399823707347693	98.35694899289014
0.24266789222318294	0.007	0.005	0.03793789691134334	0.00022338106558458692	0.023968356627201384	0.12508247176528783	98.33202175100654
0.24621677110157916	0.007	0.005	0.03846429948611653	0.0002133078910159508	0.024645399309440076	0.12608709175750213	98.3078360771531
0.24967564286241323	0.007	0.005	0.03897658665069715	0.00020364489772874928	0.02531354465563319	0.12702173777281328	98.28426952774555
0.25305873801368844	0.007	0.005	0.03947692132359999	0.00019437371866353536	0.02597492378447744	0.1278941722112951	98.26122473703235
0.256378164952046	0.007	0.005	0.03996713975477611	0.00018547722760907034	0.026631394081412366	0.128710909410215	98.23861888988677
0.25964428260949257	0.007	0.005	0.040448809281737934	0.00017693959731332275	0.027284582711957352	0.12947745491166401	98.21638116383784
0.26286608058348965	0.007	0.005	0.04092328651689448	0.0001687460530361126	0.027935939097033537	0.13019851210601321	98.19445012513066
0.266051370620488	0.007	0.005	0.04139174719928765	0.0001608829232346892	0.02858675536359931	0.13087811765335014	98.17277241302673
0.2692069809189704	0.007	0.005	0.04185521612515373	0.00015333753115662267	0.029238191101798146	0.1315197596052754	98.15130140740325
0.2723388982782147	0.007	0.005	0.04231458912636325	0.00014609811443673545	0.02989129058257735	0.13212646901703476	98.12999625338242
0.2754523970056123	0.007	0.005	0.042770652887391014	0.00013915370541415646	0.030546999635593278	0.1327008968014262	98.10882097766486
0.27855214356511465	0.007	0.005	0.04322410102444622	0.00013249402175366477	0.03120617944685747	0.1332453757830917	98.0877437712217
0.2816422875184185	0.007	0.005	0.04367554801202193	0.00012610935763391002	0.031869619060005745	0.1337619720286998	98.0667363662881
0.2847265850818498	0.007	0.005	0.04412554773802153	0.00011999039663086133	0.032538056366835814	0.13425253415660582	98.04577319264627
0.2878083515118837	0.007	0.005	0.04457458697603489	0.00011412835671925875	0.033212163186725076	0.13471870948017695	98.0248316981292
0.2908906071183854	0.007	0.005	0.04502310705838008	0.00010851473348160687	0.03389257286176674	0.13516198771269375	98.0038913534535
0.2939760779340004	0.007	0.005	0.04547150426462791	0.00010314133220110528	0.03457987720653238	0.1355837173084534	97.98293364550636
0.2970672582894928	0.007	0.005	0.04592013918208289	9.800017890355928e-5	0.03527463752536696	0.13598512842202565	97.96194165032409
0.3001664293143176	0.007	0.005	0.04636933960595167	9.308351143463115e-5	0.03597738640585124	0.13636734699761996	97.94089990585664
0.3032756941331834	0.007	0.005	0.046819405830304084	8.838374093720285e-5	0.03668863361665467	0.1367314091940955	97.91979417159276
0.30639699484253713	0.007	0.005	0.04727061326423017	8.389344344233348e-5	0.03740886823943069	0.13707827180451693	97.89861131214451
0.3095321363987868	0.007	0.005	0.047723216024073783	7.960534070881531e-5	0.03813856264524846	0.13740882217047964	97.87733913409762
0.312682799014355	0.007	0.005	0.048177448841319546	7.551229816449389e-5	0.038878174066830716	0.13772388564565083	97.85596630102734
0.315850554740847	0.007	0.005	0.04863352955794063	7.160731672827568e-5	0.03962814732837511	0.1380242325989941	97.8344822202319
0.3190368768807525	0.007	0.005	0.049091660571691606	6.788353405100175e-5	0.040388916064536144	0.1383105838950076	97.81287697823599
0.32224315022559175	0.007	0.005	0.04955203038888819	6.433422400997725e-5	0.041160904258664865	0.13858361583487966	97.79114127077534
0.3254706792493405	0.007	0.005	0.05001481487225306	6.0952798218642844e-5	0.04194452740973255	0.1388439643605863	97.76926634672832
0.3287206944823892	0.007	0.005	0.05048017821895293	5.7732808874395356e-5	0.04274019335279413	0.1390922286529638	97.7472439644463
0.33199435815283085	0.007	0.005	0.050948273826703507	5.466795157526051e-5	0.043548302975266885	0.13932897429414517	97.7250663531015
0.3352927686819865	0.007	0.005	0.05141924499007076	5.175206846638401e-5	0.044369250714310755	0.13955473602027368	97.70272618184181
0.33861696380874556	0.007	0.005	0.05189322539649835	4.897915172963808e-5	0.04520342476129815	0.1397700201088743	97.6802165382664
0.3419679238832268	0.007	0.005	0.05237033964322912	4.634334600703089e-5	0.0460512073442645	0.1399753065495833	97.65753090577896
0.345346573342289	0.007	0.005	0.052850703492551665	4.383895143383606e-5	0.0469129745811342	0.1401710509007401	97.63466315327062
0.3487537828068562	0.007	0.005	0.05333442421417665	4.146042526219503e-5	0.04778909650674515	0.1403576860191834	97.61160752060346
0.3521903695628078	0.007	0.005	0.05382160069682934	3.9202383846611846e-5	0.048679936699576126	0.14053562354940416	97.58835861504132
0.3556570984464441	0.007	0.005	0.05431232361733216	3.7059603492248686e-5	0.04958585201427181	0.14070525531275138	97.56491140494201
0.3591546810722566	0.007	0.005	0.05480667537538241	3.502702157550256e-5	0.050507191879904045	0.14086695450445058	97.54126122465806
0.36268377568845483	0.007	0.005	0.05530473011884991	3.309973646510933e-5	0.0514442977482268	0.1410210768332707	97.51740377517805
0.3662449867588018	0.007	0.005	0.05580655373181701	3.1273006978058665e-5	0.052397502458340066	0.14116796156149067	97.493335126607
0.369838862589278	0.007	0.005	0.05631220354944878	2.954225219790955e-5	0.053367129057712216	0.14130793239182604	97.4690517338418
0.37346589551096954	0.007	0.005	0.05682172843602638	2.7903049411204234e-5	0.05435349028134801	0.14144129839664488	97.44455043494662
0.37712651841494976	0.007	0.005	0.057335168352814166	2.635113329775868e-5	0.05535688701967118	0.14156835474501128	97.4198284741524
0.38082110411551406	0.007	0.005	0.05785255432769654	2.4882393317580348e-5	0.056377607515721226	0.14168938348878735	97.3948835057146
0.38454996372729516	0.007	0.005	0.05837390828942052	2.349287125610371e-5	0.05741592626770693	0.1418046542563716	97.3697136044069
0.3883133420010223	0.007	0.005	0.058899242481397	2.2178759504575446e-5	0.05847210204254392	0.14191442481258063	97.34431729650542
0.39211141784029513	0.007	0.005	0.0594285596049594	2.093639712203328e-5	0.059546377287845974	0.14201894174135832	97.31869355576003
0.39594430031155226	0.007	0.005	0.059961852337138986	1.9762267339626075e-5	0.06063897624960001	0.14211844094950102	97.29284182974882
0.3998120274064321	0.007	0.005	0.06049910323774004	1.8652993934373506e-5	0.06175010381917626	0.142213148216178	97.26676204761708
0.4037145632889273	0.007	0.005	0.06104028445006484	1.7605337972877266e-5	0.06287994391204263	0.14230327966553297	97.24045463799905
0.4076517968519905	0.007	0.005	0.06158535758852241	1.6616194095070208e-5	0.06402865818191625	0.142389042239397	97.21392053806882
0.4116235406053853	0.007	0.005	0.0621342736759519	1.5682586733100175e-5	0.06519638480244587	0.14247063414086988	97.18716120032633
0.415629529654896	0.007	0.005	0.06268697309705325	1.4801666357320337e-5	0.06638323725085732	0.14254824524486986	97.16017859873804
0.4196694207866542	0.007	0.005	0.06324338556965267	1.3970705754696463e-5	0.06758930309986047	0.14262205747869797	97.1329752341407
0.42374279194208553	0.007	0.005	0.06380343017281517	1.318709629350974e-5	0.06881464290657732	0.14269224517998363	97.10555413698803
0.4278491445769956	0.007	0.005	0.06436701577301922	1.2448343778731331e-5	0.07005928996441446	0.14275897547191815	97.07791885066709
0.43198790351867977	0.007	0.005	0.06493404110612752	1.1752064959014835e-5	0.07132324931436947	0.14282240856090453	97.05007343165586
0.4361584208810677	0.007	0.005	0.06550439541561262	1.1095983492085971e-5	0.07260649800317462	0.14288269806958206	97.0220224223733
0.440359977769519	0.007	0.005	0.0660779587849709	1.047792648942267e-5	0.07390898470482944	0.14293999130247478	96.9937708389208
0.44459178987665676	0.007	0.005	0.06665460299857599	9.89582066499967e-6	0.07523063058424181	0.14299442953842945	96.96532413267859
0.448853010868027	0.007	0.005	0.06723419209489569	9.347689020052363e-6	0.07657132954108592	0.1430461482622711	96.93668816680726
0.45314273945240385	0.007	0.005	0.06781658341524248	8.83164722849847e-6	0.07793094967508865	0.14309527741783928	96.90786916802959
0.45746002536633606	0.007	0.005	0.06840162849548412	8.345900377438595e-6	0.0793093345057432	0.14314194161987376	96.87887368578025
0.46180387593791133	0.007	0.005	0.06898917402733613	7.888739796231951e-6	0.08070630446785326	0.14318626035158963	96.84970854753355
0.466173265258802	0.007	0.005	0.06957906316162528	7.458539780152417e-6	0.08212165935337132	0.14322834816883123	96.82038079670248
0.47056714133613037	0.007	0.005	0.07017113652551568	7.053754673952616e-6	0.08355518022779228	0.1432683148642869	96.79089764420122
0.4749844337673859	0.007	0.005	0.07076523329877321	6.672915994949894e-6	0.08500663162768528	0.14330626562473495	96.76126641658736
0.47942406339948196	0.007	0.005	0.07136119254386276	6.314629486170536e-6	0.08647576453362939	0.143342301193909	96.73149449099688
0.48388494954081734	0.007	0.005	0.07195885419299905	5.977572450562794e-6	0.08796231866931924	0.1433765180044726	96.70158924660392
0.4883660173065632	0.007	0.005	0.07255806004109298	5.660491102810042e-6	0.08946602495566422	0.1434090083072806	96.6715580152823
0.49286620627039557	0.007	0.005	0.07315865490066045	5.362197868815617e-6	0.09098660851940772	0.14343986030657016	96.6414080236131
0.4973844741174402	0.007	0.005	0.07376048707718531	5.081569015475132e-6	0.09252379012432757	0.14346915825900267	96.61114636848208
0.5019198048102979	0.007	0.005	0.07436340943724826	4.817541990990044e-6	0.09407728921202056	0.14349698260630275	96.58077996251781
0.5064712131832373	0.007	0.005	0.07496727998953073	4.569112989227319e-6	0.0956468258269988	0.143523410084631	96.55031550354431
0.5110377473916825	0.007	0.005	0.07557196217400378	4.3353345974336434e-6	0.09723212186401761	0.1435485138264478	96.51975945844843
0.515618492822409	0.007	0.005	0.07617732533926275	4.115313349117938e-6	0.09883290286588037	0.14357236347644986	96.4891180373167
0.5202125738260155	0.007	0.005	0.07678324492597466	3.908207372919896e-6	0.10044889911004296	0.14359502529984075	96.45839718218967
0.5248191569045662	0.007	0.005	0.07738960283821032	3.7132239825944683e-6	0.10207984723815525	0.14361656230230957	96.4276025461195
0.5294374492449172	0.007	0.005	0.07799628719827478	3.5296174569649017e-6	0.10372549026671965	0.14363703433148925	96.39673950337392
0.5340667008316201	0.007	0.005	0.07860319257207614	3.356686693201859e-6	0.10538557886559194	0.14365649819984755	96.36581313571776
0.5387062018802042	0.007	0.005	0.07921021957897348	3.1937730480754396e-6	0.10705987097062669	0.14367500778971382	96.33482824997517
0.5433552838683898	0.007	0.005	0.07981727497455558	3.0402580905142648e-6	0.10874813267067958	0.14369261417651016	96.30378937154696
0.5480133174160837	0.007	0.005	0.08042427132117734	2.8955614992785553e-6	0.11045013795170425	0.1437093657401129	96.27270075897434
0.5526797119393604	0.007	0.005	0.08103112689199296	2.759138961165449e-6	0.11216566906393166	0.1437253082838248	96.24156640664549
0.5573539136934487	0.007	0.005	0.08163776536639694	2.630480174597336e-6	0.11389451628389313	0.14374048514697482	96.2103900582447
0.5620354034379567	0.007	0.005	0.0822441154794627	2.5091069231064967e-6	0.11563647750606064	0.14375493731590597	96.17917522269792
0.5667236962162199	0.007	0.005	0.08285011094788536	2.3945711753002597e-6	0.11739135859369657	0.1437687035400005	96.14792517600154
0.5714183382907655	0.007	0.005	0.08345569002966802	2.286453321875977e-6	0.11915897264935023	0.1437818204364757	96.11664298199753
0.5761189065171818	0.007	0.005	0.08406079540212456	2.184360441376346e-6	0.12093914016734467	0.1437943225999483	96.08533149687104
0.5808250054989107	0.007	0.005	0.08466537375601078	2.087924686802743e-6	0.1227316883267272	0.14380624270257694	96.05399338841613
0.585536266260844	0.007	0.005	0.08526937558861508	1.9968017241963486e-6	0.12453645082679145	0.1438176115952266	96.02263114515749
0.5902523445800079	0.007	0.005	0.08587275495508401	1.9106692583509074e-6	0.12635326756932244	0.1438284584039461	95.99124708773775
0.5949729202265065	0.007	0.005	0.08647546933846705	1.829225627004889e-6	0.1281819846693303	0.14383881062459314	95.95984337422976
0.5996976952434581	0.007	0.005	0.0870774793986371	1.7521884874468833e-6	0.13002245407718738	0.14384869421109467	95.92842201183012
0.6044263912635957	0.007	0.005	0.08767874860156757	1.6792935869105329e-6	0.13187453279698325	0.14385813365803335	95.89698487493433
0.6091587493112759	0.007	0.005	0.08827924316790224	1.6102935775828207e-6	0.13373808304883394	0.1438671520845385	95.86553370666259
0.6138945286506879	0.007	0.005	0.08887893190120794	1.5449569156454333e-6	0.13561297204709086	0.1438757713118776	95.83407012671931
0.6186335046776941	0.007	0.005	0.08947778589734083	1.4830668356737147e-6	0.13749907137941494	0.1438840119354755	95.80259564558902
0.6233754686817228	0.007	0.005	0.09007577849273829	1.4244203729983218e-6	0.13939625710673006	0.14389189339655112	95.77111166629105
0.6281202257129403	0.007	0.005	0.09067288497492773	1.3688274630711954e-6	0.14130440909366399	0.14389943404667888	95.73961949870522
0.6328675946390713	0.007	0.005	0.09126908257111661	1.316110082869799e-6	0.1432234111973852	0.14390665121241977	95.70812035934384
0.6376174069378789	0.007	0.005	0.091864350278447	1.266101457732127e-6	0.1451531509398778	0.14391356125423213	95.67661537950953
0.6423695048520176	0.007	0.005	0.092458668616518	1.2186453223878987e-6	0.147093518902129	0.14392017962128034	95.6451056176648
0.6471237420556186	0.007	0.005	0.09305201969597764	1.1735952179325485e-6	0.14904440912698014	0.14392652090662217	95.61359205513119
0.6518799827430759	0.007	0.005	0.0936443870898147	1.1308138450637623e-6	0.15100571887595376	0.14393259889684	95.58207560225073
0.6566380997670023	0.007	0.005	0.09423575558806054	1.0901724632563839e-6	0.15297734797820797	0.14393842661768458	95.55055711083288
0.6613979746621302	0.007	0.005	0.09482611118908911	1.0515503224638314e-6	0.15495919894254592	0.14394401637944257	95.51903737409071
0.6661594967206441	0.007	0.005	0.09541544097363627	1.0148341369839842e-6	0.15695117667041106	0.14394937981840364	95.48751713285563
0.670922562695099	0.007	0.005	0.09600373305772185	9.799175930450066e-7	0.15895318842084236	0.14395452793656374	95.4559970776277
0.6756870768148043	0.007	0.005	0.09659097658466186	9.467008897951403e-7	0.1609651439032383	0.1439594711391947	95.42447784854878
0.6804529495377851	0.007	0.005	0.0971771615617346	9.150903142038957e-7	0.16298695483134668	0.14396421926881822	95.39296004373642
0.6852200975629199	0.007	0.005	0.09776227885331804	8.849978422061326e-7	0.16501853499971494	0.14396878163842647	95.36144421927176
0.689988442577468	0.007	0.005	0.09834632001930846	8.563407687640935e-7	0.16705979981658017	0.14397316706147076	95.32993089754378
0.6947579115818701	0.007	0.005	0.0989292773480784	8.290413610365228e-7	0.16911066650103185	0.14397738388150508	95.29842056515847
0.6995284368980875	0.007	0.005	0.09951114385040374	8.030265363170034e-7	0.1711710541459801	0.1439814399996445	95.26691367294191
0.7042999545968169	0.007	0.005	0.10009191306116046	7.78227562365921e-7	0.17324088309289207	0.14398534289903997	95.23541064638084
0.7090724057676823	0.007	0.005	0.100671579188403	7.545797771048696e-7	0.1753200755291485	0.14398909967019588	95.2039118772817
0.713845734628217	0.007	0.005	0.10125013687776815	7.320223279127623e-7	0.17740855471282094	0.14399271703220928	95.17241773630033
0.7186198888443455	0.007	0.005	0.10182758124699343	7.104979280597927e-7	0.17950624514931246	0.1439962013544757	95.1409285708629
0.723394819534474	0.007	0.005	0.10240390788181786	6.899526300589555e-7	0.18161307263106286	0.1439995586767793	95.10944470517664
0.7281704815895506	0.007	0.005	0.10297911286991313	6.703356149237801e-7	0.18372896441694744	0.14400279472833663	95.07796643815851
0.7329468327275224	0.007	0.005	0.10355319268239392	6.515989945942774e-7	0.18585384885034578	0.14400591494482462	95.04649404970581
0.7377238331796678	0.007	0.005	0.10412614413248904	6.336976277072865e-7	0.18798765524912306	0.14400892448483665	95.01502780279301
0.7425014453764966	0.007	0.005	0.10469796433465177	6.165889475694686e-7	0.19013031379153267	0.1440118282453505	94.9835679455673
0.74727963426624	0.007	0.005	0.10526865073963351	6.002328025794769e-7	0.19228175568370073	0.1440146308766296	94.95211470927656
0.7520583666837888	0.007	0.005	0.10583820105603804	5.845913059242984e-7	0.19444191290001414	0.14401733679566148	94.92066831244895
0.7568376119853376	0.007	0.005	0.10640661332321645	5.696286973572457e-7	0.19661071849188802	0.1440199501994964	94.8892289567395
0.7663970714815932	0.007	0.005	0.10753996377713593	5.367223812820474e-7	0.2009737902481888	0.14402492191056218	94.82637511211706
0.7748071364738759	0.007	0.005	0.10853309700648998	5.150718052595591e-7	0.20483957327447266	0.14402901700911364	94.77111301135913
0.7850080675839151	0.007	0.005	0.1097327697977159	4.894655951517541e-7	0.20956240117160302	0.1440336748895505	94.70412644217794
0.7943012936209906	0.007	0.005	0.11082099287909704	4.6840650491735576e-7	0.21389686838987665	0.14403764446997147	94.64314172671806
0.8047907835008729	0.007	0.005	0.11204393337126341	4.4644402005125877e-7	0.2188252922616689	0.14404183827253167	94.57435397514875
0.8146719897747047	0.007	0.005	0.11319077174261281	4.275863211638795e-7	0.22350235745125732	0.14404553360256048	94.50960094449823
0.8253490309386536	0.007	0.005	0.11442434517642165	4.088491620059888e-7	0.22859311119373002	0.14404927179555288	94.43968252193146
0.8356333658591165	0.007	0.005	0.11560703691268928	3.92366278469226e-7	0.23353242479384076	0.14405264313218508	94.37238463712796
0.8464482512711116	0.007	0.005	0.11684493155205522	3.764447601151138e-7	0.23876385871734515	0.14405596606629106	94.3016667051163
0.8570190962843223	0.007	0.005	0.11804915873866494	3.6220604049562433e-7	0.24391363971902016	0.14405901203451132	94.23259575229048
0.8679486664335853	0.007	0.005	0.11928831480283895	3.486821002312817e-7	0.24927541153913427	0.14406196888326847	94.16123404834576
0.87873506160841	0.007	0.005	0.12050534335925496	3.3644767505982436e-7	0.25460346664431993	0.1440647108745638	94.09086015177382
0.8897701106338116	0.007	0.005	0.12174439166487144	3.249415368321153e-7	0.26009127829554773	0.1440673498418156	94.01891838593282
0.9007297240737291	0.007	0.005	0.12296895164779238	3.1444730107969856e-7	0.2655779379476572	0.1440698178117388	93.94752285789902
0.9118680100116991	0.007	0.005	0.12420735515628446	3.046323299836021e-7	0.27119055134073916	0.14407218239164563	93.87501893076045
0.9229761414390681	0.007	0.005	0.12543628599799517	2.95627438480872e-7	0.2768240010867478	0.14407440782390102	93.80276702026492
0.9342187383815116	0.007	0.005	0.1266738954820817	2.8722947019987987e-7	0.28256165121619414	0.14407653585386293	93.72969711313952
0.9454614473080638	0.007	0.005	0.12790530759099722	2.794904806880131e-7	0.28833495116873115	0.14407854856085692	93.65668339858756
0.9568109074191551	0.007	0.005	0.12914213959162682	2.7228171699020214e-7	0.29419853099391896	0.14408047242317248	93.58303409681933
0.9681808057197286	0.007	0.005	0.13037490572652738	2.65615765740177e-7	0.3001077546086611	0.14408229929675395	93.50931023935256
0.9796402786617362	0.007	0.005	0.1316110369024563	2.5940752641537595e-7	0.3060984169019528	0.14408404652306073	93.43506433556092
0.99113397916308	0.007	0.005	0.13284448643635494	2.53650774226804e-7	0.31214150095701326	0.1440857112278521	93.36065588665554
1.0027068132147032	0.007	0.005	0.1340800059405038	2.482867283724885e-7	0.31826047369849875	0.1440873051851698	93.28579500886416
1.01432338890805	0.007	0.005	0.13531374175140284	2.4330106933104554e-7	0.32443651099737525	0.14408882827899733	93.21071154828101
1.0260129707293866	0.007	0.005	0.13654873202606985	2.3865142660443707e-7	0.3306850207384708	0.1440902888135864	93.1352172179371
1.0377530321511375	0.007	0.005	0.1377825215830599	2.3432082231795477e-7	0.33699382925297444	0.14409168804005415	93.0594584191493
1.0495627445835294	0.007	0.005	0.1390170529468036	2.302775228921652e-7	0.34337307944815676	0.14409303203997306	92.98331233500413
1.061427879581425	0.007	0.005	0.14025076259316865	2.2650454505586669e-7	0.3498149356009742	0.14409432266868558	92.90687164583494
1.0733611029318564	0.007	0.005	0.1414848928806921	2.2297734157883187e-7	0.35632610519909375	0.14409556453866404	92.83005568298834
1.0853535410473274	0.007	0.005	0.14271844856364096	2.1968012392995717e-7	0.3629015809586431	0.14409675969867805	92.75292253105808
1.0974136726318084	0.007	0.005	0.14395222480733727	2.1659340564727272e-7	0.36954583179780326	0.14409791175608894	92.67541862124408
1.1095360877382134	0.007	0.005	0.1451855888691378	2.137030463811995e-7	0.37625569691713406	0.14409902273968686	92.59757971343079
1.1217265703199546	0.007	0.005	0.14641904986865437	2.1099326551213893e-7	0.38303418581746823	0.14410009554342135	92.51936966855085
1.1339819537417748	0.007	0.005	0.14765220609822957	2.0845165506749686e-7	0.3898793427785204	0.14410113207167594	92.44080982800597
1.1463062981790646	0.007	0.005	0.14888538430875728	2.0606523946126284e-7	0.39679323056813665	0.1441021346943711	92.36187520192745
1.1586978946366036	0.007	0.005	0.1501183299899201	2.0382325432503109e-7	0.4037746806802842	0.14410310514699043	92.28257779629315
1.171159704104946	0.007	0.005	0.15135125346254566	2.0171490805181919e-7	0.4108251422712792	0.14410404540140662	92.20289973779933
1.1836909693159932	0.007	0.005	0.1525839939246541	1.9973091973881237e-7	0.4179439617594429	0.14410495701186066	92.12284696583582
1.1962939549275484	0.007	0.005	0.15381668728215966	1.9786223625129407e-7	0.4251321915104746	0.14410584163890994	92.04240612792006
1.2089685336574605	0.007	0.005	0.15504923268444304	1.9610087951457098e-7	0.4323895176869069	0.1441067006600399	91.96157917367745
1.221716536079349	0.007	0.005	0.15628171859119058	1.9443920389021588e-7	0.43971673820021306	0.14410753548637537	91.88035558571703
1.2345382551552935	0.007	0.005	0.15751408226320002	1.9287035902465306e-7	0.4471137632489242	0.1441083473306871	91.79873467662193
1.24743525629134	0.007	0.005	0.15874638181805176	1.9138785378122242e-7	0.4545812285080785	0.1441091374001245	91.71670768129829
1.2604081206389504	0.007	0.005	0.15997857892164616	1.899858053225183e-7	0.46211919435920346	0.14410990675812185	91.6342721270352
1.273458258564123	0.007	0.005	0.1612107122863086	1.8865867890714695e-7	0.46972819458441284	0.1441106564423338	91.55142029763226
1.286586455711675	0.007	0.005	0.16244275928483407	1.8740141801255963e-7	0.47740839215945147	0.14411138738283366	91.46814847554641
1.2997940413289268	0.007	0.005	0.1636747463761596	1.8620928606762505e-7	0.4851602595332902	0.14411210047471257	91.38444952364901
1.3130819487882657	0.007	0.005	0.16490666073067992	1.85077931263553e-7	0.49298402926773766	0.1441127965297475	91.3003188467141
1.3264514763159454	0.007	0.005	0.16613852123709846	1.840032869298093e-7	0.500880139848135	0.14411347632193705	91.21574957039759
1.3399036711506571	0.007	0.005	0.1673703212487566	1.82981601712395e-7	0.5088488731032661	0.14411414055873908	91.1307364423187
1.3534398328007915	0.007	0.005	0.1686020749545712	1.820093741392194e-7	0.5168906508831063	0.14411478991034476	91.04527264904156
1.3670611053570483	0.007	0.005	0.16983377991223794	1.8108336432724e-7	0.5250057934380131	0.14411542499257815	90.95935239426957
1.380768809607445	0.007	0.005	0.17106544724234402	1.802005497443942e-7	0.5331947162372599	0.14411604638590672	90.87296880262414
1.3945641752873799	0.007	0.005	0.1722970772974203	1.7935812676878935e-7	0.5414577702284011	0.1441166546255735	90.78611561018738
1.4084485606966926	0.007	0.005	0.1735286793442727	1.7855347988171338e-7	0.549795372575971	0.1441172502141336	90.69878578145094
1.4224232780013737	0.007	0.005	0.17476025585188576	1.7778417805585267e-7	0.5582079017272128	0.14411783361599292	90.61097261081076
1.4364897344034402	0.007	0.005	0.17599181494654592	1.7704795266840823e-7	0.5666957817247509	0.14411840526564026	90.52266883578356
1.4506493203012154	0.007	0.005	0.17722336044600592	1.7634269160449112e-7	0.5752594145109284	0.1441189655649041	90.43386734138298
1.464903503714719	0.007	0.005	0.17845490004214268	1.7566642259734736e-7	0.5838992364369888	0.14411951488862287	90.34456056872094
1.4792537556833454	0.007	0.005	0.17968643869904716	1.750173067387083e-7	0.5926156727197119	0.14412005358333393	90.25474098456701
1.4937016118335797	0.007	0.005	0.18091798387777291	1.743936256945607e-7	0.6014091742554423	0.14412058197120028	90.16440069712704
1.5082486283931331	0.007	0.005	0.18214954164126756	1.7379377504734698e-7	0.610280190426052	0.1441211003497528	90.0735317331714
1.5228964187220568	0.007	0.005	0.1833811196587227	1.7321625433389367e-7	0.6192291907957124	0.14412160899453505	89.98212581134136
1.5376466261989599	0.007	0.005	0.18461272478666585	1.726596608708564e-7	0.6282566480330376	0.144122108159325	89.89017451342346
1.552500949639423	0.007	0.005	0.1858443650849401	1.7212268165566964e-7	0.6373630528526021	0.14412259807812153	89.79766912764359
1.5674611267131344	0.007	0.005	0.18707604829780103	1.7160408767812272e-7	0.6465489032636672	0.14412307896558432	89.70460075412703
1.582528950929576	0.007	0.005	0.1883077831271587	1.7110272741440977e-7	0.6558147143389887	0.1441235510185186	89.61096020124634
1.5977062629151084	0.007	0.005	0.18953957836694704	1.7061752168613272e-7	0.6651610121913378	0.14412401441643172	89.51673804218323
1.6129949587027101	0.007	0.005	0.19077144343363503	1.7014745837248082e-7	0.6745883383558995	0.1441244693225661	89.42192456573996
1.6283969859938483	0.007	0.005	0.19200338790871113	1.6969158783296902e-7	0.6840972467355749	0.1441249158844886	89.32650980198972
1.643914357875078	0.007	0.005	0.19323542247474357	1.6924901832899611e-7	0.6936883112746107	0.1441253542351275	89.23048343986459
1.6595491409686776	0.007	0.005	0.19446755779530622	1.688189122733335e-7	0.7033621178087881	0.1441257844930028	89.1338349032915
1.6753034694052444	0.007	0.005	0.1956998054485199	1.6840048227844556e-7	0.713119271814353	0.14412620676314292	89.0365532675404
1.6911795444985442	0.007	0.005	0.19693217770497656	1.6799298769804257e-7	0.722960397282231	0.14412662113752855	88.93862726433
1.7071796344013546	0.007	0.005	0.19816468730482234	1.6759573152991582e-7	0.7328861355157703	0.1441270276954966	88.84004528709455
1.7233060834283394	0.007	0.005	0.19939734797158615	1.6720805729392995e-7	0.7428971498661913	0.14412742650434213	88.74079533683269
1.7395613108945582	0.007	0.005	0.20063017410011266	1.668293463410488e-7	0.7529941239079757	0.14412781761959825	88.64086503282081
1.7559478164632898	0.007	0.005	0.20186318093582697	1.664590152711177e-7	0.7631777635843603	0.1441282010854371	88.54024158339784
1.772468184602253	0.007	0.005	0.2030963846678453	1.660965133933211e-7	0.7734487987314339	0.14412857693499878	88.43891176251047
1.7891250903289557	0.007	0.005	0.20432980260036512	1.6574132070475584e-7	0.7838079853284492	0.14412894519070094	88.33686187862978
1.805921299580902	0.007	0.005	0.2055634529093126	1.653929456053223e-7	0.794256104322684	0.14412930586438644	88.23407777686859
1.8228596786425693	0.007	0.005	0.20679735505372798	1.6505092308919765e-7	0.8047939659972037	0.1441296589576286	88.13054478587758
1.8399431959814943	0.007	0.005	0.20803152960593493	1.6471481288501773e-7	0.8154224095216683	0.1441300044618263	88.02624771155733
1.8571749287591555	0.007	0.005	0.20926599840737095	1.6438419773161039e-7	0.8261423053064302	0.1441303423583592	87.9211708024631
1.8745580719417565	0.007	0.005	0.2105007848834135	1.640586818285536e-7	0.8369545588608726	0.1441306726187458	87.81529769977733
1.8920959372622383	0.007	0.005	0.2117359136119602	1.6373788939450557e-7	0.8478601082158245	0.14413099520456407	87.70861144950139
1.9097919722266818	0.007	0.005	0.21297141128759872	1.6342146306998464e-7	0.8588599336783659	0.14413131006770669	87.60109439301728
1.9276497501466676	0.007	0.005	0.21420730561815965	1.6310906297635378e-7	0.8699550494253481	0.14413161715005895	87.49272823435061
1.9456729994491657	0.007	0.005	0.21544362693816238	1.628003650415024e-7	0.8811465193534018	0.14413191638383496	87.38349386923008
1.9638655893619485	0.007	0.005	0.21668040676012335	1.6249506025187362e-7	0.8924354456478047	0.14413220769110574	87.27337147953631
1.9822315615605275	0.007	0.005	0.21791767945841212	1.6219285326125402e-7	0.9038229857085194	0.14413249098405603	87.16234034958784
2.0007751187030998	0.007	0.005	0.2191554809691493	1.6189346160993179e-7	0.9153103421082146	0.14413276616448575	87.05037894420676
2.0195006537118894	0.007	0.005	0.22039385021171026	1.6159661447099512e-7	0.9268987776002503	0.14413303312390333	86.93746474091752
2.0384127476189824	0.007	0.005	0.22163282834861386	1.6130205197205294e-7	0.938589610388347	0.14413329174307907	86.82357425292403
2.057516190292137	0.007	0.005	0.22287245952736856	1.6100952421162563e-7	0.9503842232987071	0.14413354189188188	86.70868291471675
2.0768159867218414	0.007	0.005	0.22411279061749367	1.6071879036684997e-7	0.9622840637206648	0.1441337834288503	86.59276505559578
2.096317380588611	0.007	0.005	0.22535387201384324	1.6042961796447346e-7	0.9742906538877582	0.14413401620092456	86.47579377020723
2.116025860607734	0.007	0.005	0.2265957572665007	1.6014178212907348e-7	0.9864055901701887	0.14413424004288833	86.35774089363304
2.1359471858734955	0.007	0.005	0.22783850386040483	1.5985506469383504e-7	0.9986305536743542	0.1441344547769684	86.2385768635681
2.156087395059216	0.007	0.005	0.22908217290102015	1.5956925368107175e-7	1.010967310471727	0.1441346602121663	86.11827068050083
2.1764528379398196	0.007	0.005	0.2303268301152746	1.5928414241175857e-7	1.0234177250404042	0.1441348561437449	85.99678973571032
2.197050186632008	0.007	0.005	0.2315725455042879	1.5899952892076395e-7	1.035983760726327	0.1441350423524053	85.87409976204245
2.21788646701813	0.007	0.005	0.2328193941455852	1.5871521525479078e-7	1.0486674919636891	0.14413521860356476	85.75016466580169
2.238969076484001	0.007	0.005	0.23406745605893445	1.5843100682483988e-7	1.061471107472343	0.1441353846463951	85.6249464420486
2.260305824167596	0.007	0.005	0.2353168173034936	1.581467116856637e-7	1.0743969264137871	0.14413554021292735	85.49840495803439
2.2819049432765803	0.007	0.005	0.23656756929810638	1.5786214006914843e-7	1.0874473967669416	0.1441356850168048	85.37049790472173
2.3037751437623415	0.007	0.005	0.23781981037712424	1.5757710338670285e-7	1.1006251172581725	0.14413581875219303	85.24118051127859
2.325925634203864	0.007	0.005	0.23907364539168843	1.572914139178454e-7	1.1139328396163148	0.1441359410923041	85.11040544489279
2.348366163184054	0.007	0.005	0.2403291862910552	1.5700488394999816e-7	1.1273734815101224	0.14413605168789112	84.97812259791166
2.3711070664822045	0.007	0.005	0.24158655284008493	1.5671732516861326e-7	1.1409501416810495	0.14413615016557108	84.84427884410125
2.3941593035673296	0.007	0.005	0.2428458725455545	1.5642854791707336e-7	1.1546661072709474	0.14413623612588913	84.70881786152987
2.4175345138992417	0.007	0.005	0.24410728147312083	1.561383606029639e-7	1.1685248714359713	0.14413630914124756	84.57167984270836
2.441245058141178	0.007	0.005	0.2453709240100803	1.558465689043563e-7	1.1825301402514614	0.14413636875353125	84.43280129771452
2.4653040785293476	0.007	0.005	0.24663695343016503	1.5555297517393706e-7	1.1966858491079608	0.14413641447153813	84.29211474941575
2.4897255506059315	0.007	0.005	0.24790553173034519	1.5525737762703778e-7	1.210996171883123	0.14413644576809595	84.14954848443641
2.5145243388616167	0.007	0.005	0.24917682941316338	1.5495956979937636e-7	1.2254655301640744	0.14413646207689432	84.0050262864886
2.5397162447903767	0.007	0.005	0.2504510246118795	1.5465933988170166e-7	1.2400985956080062	0.1441364627890061	83.85846721944962
2.56531806725526	0.007	0.005	0.25172830257396467	1.543564701139479e-7	1.254900296868197	0.1441364472490988	83.70978534448975
2.591347627288942	0.007	0.005	0.25300885309747456	1.5405073647585864e-7	1.2698758031705708	0.1441364147513415	83.55888964975591
2.617823805252238	0.007	0.005	0.25429286839396725	1.537419083300269e-7	1.2850305124114425	0.14413636453504536	83.40568391328937
2.6447665261451183	0.007	0.005	0.25558053826600236	1.5342974871013996e-7	1.3003700068926378	0.1441362957801521	83.25006687088937
2.6721967352343285	0.007	0.005	0.25687204482175585	1.5311401457320154e-7	1.315900001470198	0.144136207602647	83.09193244244904
2.7001362853136857	0.007	0.005	0.2581675531551414	1.5279445811960106e-7	1.331626240113331	0.14413609905026548	82.93117046848546
2.728607759547974	0.007	0.005	0.25946719952590913	1.5247082898625192e-7	1.347554356341181	0.14413596909879206	82.76766781258516
2.757634170836452	0.007	0.005	0.26077107475181116	1.5214287734415456e-7	1.3636896666510734	0.14413581664960642	82.60131016250244
2.787238478341606	0.007	0.005	0.2620792008739747	1.5181035936655289e-7	1.380036867947477	0.14413564052948252	82.43198485834426
2.817442896519307	0.007	0.005	0.2633915010293564	1.5147304459174256e-7	1.396599631330449	0.14413543949378263	82.25958487198466
2.848267859119781	0.007	0.005	0.26470775787230666	1.511307270697788e-7	1.4133800250207764	0.14413521223526113	82.0840147003588
2.879730631817662	0.007	0.005	0.26602756221478663	1.507832398590711e-7	1.4303777754169993	0.14413495740046053	81.90519817534762
2.9118434110490545	0.007	0.005	0.267350247286748	1.5043047482707775e-7	1.4475892938231019	0.14413467361726978	81.72308907401121
2.944610967440349	0.007	0.005	0.2686748139091015	1.5007240687301797e-7	1.4650065208144865	0.14413435953610684	81.53768414580931
2.978027804620935	0.007	0.005	0.2699998481206314	1.4970912283148182e-7	1.482615594427743	0.1441340138879127	81.34903867020375
3.012075134685279	0.007	0.005	0.27132344568806216	1.4934085128655824e-7	1.5003955231318533	0.14413363555860942	81.15728279366377
3.046718117791773	0.007	0.005	0.2726431614625664	1.489679891029794e-7	1.518317109331081	0.14413322367600997	80.96263610591237
3.0819040600716194	0.007	0.005	0.2739560076124907	1.4859111686643382e-7	1.5363424760036424	0.144132777698951	80.76541658570278
3.11756245506534	0.007	0.005	0.27525852695910946	1.4821099465056387e-7	1.5544256130435175	0.14413229749098502	80.56603906307134
3.153607411502383	0.007	0.005	0.27654694964131776	1.478285324906585e-7	1.5725141446252193	0.1441317833598133	80.36500036160602
3.18994246711175	0.007	0.005	0.27781741905580615	1.4744473719750964e-7	1.590552218473793	0.14413123604808928	80.1628513741992
3.2264670733912717	0.007	0.005	0.27906624920849926	1.4706064272415588e-7	1.6084840615010283	0.14413065667273056	79.96016029312639
3.2630832751352448	0.007	0.005	0.2802901556885063	1.4667724056855584e-7	1.6262574076071523	0.14413004662781606	79.75747533937322
3.299701451901849	0.007	0.005	0.28148642354670744	1.4629542179559342e-7	1.6438262359249232	0.14412940747016872	79.55529326537628
3.336244112063697	0.007	0.005	0.28265298674728817	1.4591594038722753e-7	1.6611523736389227	0.14412874081232402	79.35403908599734
3.3726477644434403	0.007	0.005	0.2837884318300619	1.4553939714974868e-7	1.6782060517775212	0.1441280482342165	79.154056696125
3.4088630297377387	0.007	0.005	0.2848919419315759	1.4516624182749165e-7	1.6949655691641954	0.14412733122189283	78.95560928383571
3.4448536545283286	0.007	0.005	0.28596321037222056	1.4479678637434376e-7	1.7114164415626658	0.14412659112967713	78.75888573732867
3.4805948574916963	0.007	0.005	0.2870023418399278	1.4443122420445538e-7	1.7275502779558898	0.1441258291627316	78.56401059292146
3.516071444186689	0.007	0.005	0.28800975647401456	1.4406965152642414e-7	1.7433636079574824	0.14412504637380041	78.3710550873731
3.551275954785739	0.007	0.005	0.2889861047449597	1.4371208768929798e-7	1.7588567877586672	0.14412424366903145	78.18004786133062
3.5862069497744185	0.007	0.005	0.2899321952300204	1.4335849345273974e-7	1.7740330299786595	0.1441234218198863	77.99098475265049
3.620867565462423	0.007	0.005	0.2908489375360695	1.430087864263754e-7	1.7888976085859325	0.14412258147684257	77.80383698570124
3.655264282071113	0.007	0.005	0.2917372971969693	1.4266285377316528e-7	1.8034572041241168	0.14412172318464989	77.61855809364648
3.6894059594973685	0.007	0.005	0.2925982625629943	1.4232056218075947e-7	1.8177194034116342	0.14412084739636408	77.4350893011552
3.723303038634774	0.007	0.005	0.29343281971339946	1.4198176585529774e-7	1.831692301002146	0.14411995448734025	77.25336394162858
3.756966973616623	0.007	0.005	0.2942419359889888	1.416463122408552e-7	1.8453842219078747	0.14411904476641246	77.0733105770352
3.790409741291218	0.007	0.005	0.2950265474428763	1.4131404668409816e-7	1.8588034950061463	0.14411811848733078	76.89485566174446
3.8236435392917136	0.007	0.005	0.29578755227874526	1.409848153603915e-7	1.871958317570399	0.14411717585679648	76.71792516632192
3.8566804969451924	0.007	0.005	0.2965258055574653	1.406584678906842e-7	1.8848566352985494	0.14411621704330707	76.54244611102233
3.8895325466286614	0.007	0.005	0.2972421182367499	1.4033485848649288e-7	1.89750609355045	0.14411524218227748	76.36834722939751
3.9222112557098345	0.007	0.005	0.29793725569579815	1.4001384733914715e-7	1.909913978219591	0.14411425138280123	76.19555983161611
3.9547277888582646	0.007	0.005	0.29861193934737473	1.3969530089908327e-7	1.9220872106915605	0.1441132447309029	76.02401796972444
3.987092825841174	0.007	0.005	0.2992668473531896	1.393790923674839e-7	1.9340323278466476	0.14411222229427054	75.85365883538037
4.019316567442815	0.007	0.005	0.29990261718385125	1.3906510159826615e-7	1.945755496594978	0.14411118412434834	75.68442269056916
4.051408704348311	0.007	0.005	0.30051984733667714	1.387532151285823e-7	1.9572625150932972	0.14411013025955352	75.5162529936808
4.083378429945304	0.007	0.005	0.30111909984406643	1.3844332599045082e-7	1.9685588303659367	0.14410906072704924	75.34909629505553
4.1152344518966535	0.007	0.005	0.301700902614439	1.381353333881087e-7	1.9796495550996316	0.14410797554444094	75.18290214078293
4.1469850151316034	0.007	0.005	0.3022657518410105	1.3782914240838465e-7	1.9905394879516651	0.14410687472096492	75.01762291880256
4.178637911029321	0.007	0.005	0.3028141140184976	1.3752466376909089e-7	2.001233128494919	0.14410575825902497	74.85321377902073
4.210200510622006	0.007	0.005	0.3033464282504363	1.3722181339603578e-7	2.0117346997821164	0.14410462615477249	74.68963243042424
4.241679788239565	0.007	0.005	0.303863108234632	1.3692051216856913e-7	2.0220481667524974	0.14410347839887	74.52683899048114
4.273082339991338	0.007	0.005	0.3043645440349087	1.3662068554135224e-7	2.0321772522331703	0.1441023149773196	74.36479586333411
4.304414413796911	0.007	0.005	0.30485110391816866	1.3632226323911618e-7	2.042125455984377	0.14410113587174816	74.20346756035748
4.335681926103544	0.007	0.005	0.30532313585815213	1.3602517904330603e-7	2.0518960686780847	0.14409994106006438	74.04282059152155
4.366890494405009	0.007	0.005	0.305780969173477	1.3572937036442876e-7	2.061492190162266	0.14409873051640829	73.88282327736562
4.39804544427404	0.007	0.005	0.3062249156789982	1.354347781437446e-7	2.0709167390760825	0.14409750421197004	73.72344569374204
4.4291518426396435	0.007	0.005	0.3066552711355661	1.3514134647050556e-7	2.08017246997281	0.14409626211470342	73.56465948352867
4.460214503725389	0.007	0.005	0.30707231621805975	1.3484902246284728e-7	2.089261981496691	0.14409500419001744	73.40643780993827
4.491238019220186	0.007	0.005	0.3074763177455515	1.345577559987558e-7	2.098187731273678	0.14409373040042517	73.24875518744561
4.522226765408904	0.007	0.005	0.307867529521476	1.342674995008229e-7	2.106952043432801	0.1440924407060376	73.0915874316563
4.553184916129475	0.007	0.005	0.30824619319912067	1.339782078707862e-7	2.115557117504924	0.14409113506476934	72.93491158039306
4.584116467692897	0.007	0.005	0.3086125392303716	1.336898381617116e-7	2.1240050401627113	0.1440898134319714	72.7787057554661
4.615025240979343	0.007	0.005	0.3089667874763802	1.3340234956022025e-7	2.1322977901521663	0.14408847576096165	72.62294914112134
4.645914899677754	0.007	0.005	0.3093091479683964	1.331157031547927e-7	2.1404372473637348	0.14408712200282436	72.4676218816832
4.676788956027626	0.007	0.005	0.30963982147659197	1.3282986187576844e-7	2.1484251981606852	0.14408575210669616	72.31270504315421
4.707650786595572	0.007	0.005	0.309959000150501	1.325447903305477e-7	2.1562633430547242	0.14408436601956998	72.15818052511513
4.738503639704285	0.007	0.005	0.3102668680269088	1.322604546700983e-7	2.163953301859212	0.14408296368642012	72.00403101541059
4.769350642717923	0.007	0.005	0.3105636015057015	1.3197682255605493e-7	2.1714966185864557	0.14408154505030157	71.85023994612348
4.8001948071563225	0.007	0.005	0.31084936977691285	1.3169386303102435e-7	2.178894765613529	0.14408011005251983	71.6967914608938
4.83103904799295	0.007	0.005	0.3111243353484518	1.3141154640093776e-7	2.1861491509973283	0.14407865863210614	71.54367031230719
4.8618861742560675	0.007	0.005	0.3113886542812505	1.3112984420468353e-7	2.1932611186926962	0.14407719072659816	71.39086190258868
4.8927389122275855	0.007	0.005	0.31164247669612555	1.308487290771598e-7	2.200231956313995	0.14407570627126748	71.23835216280145
4.923599895876021	0.007	0.005	0.3118859469706145	1.30568174777347e-7	2.207062895069994	0.14407420519987107	71.08612759502486
4.954471687875842	0.007	0.005	0.31211920417240296	1.30288155971847e-7	2.213755116516411	0.1440726874439162	70.93417516359386
4.985356765812922	0.007	0.005	0.3123423821968058	1.300086483798839e-7	2.2203097514171954	0.1440711529335936	70.78248235852253
5.016257549240931	0.007	0.005	0.31255561019915645	1.2972962848888914e-7	2.2267278873685528	0.14406960159668863	70.63103705810515
5.047176385778749	0.007	0.005	0.3127590127046172	1.294510736922603e-7	2.2330105674533116	0.144068033359492	70.4798275933595
5.078115563765585	0.007	0.005	0.31295270990053475	1.2917296215487286e-7	2.239158794484883	0.1440664481463831	70.32884268216793
5.109077320805894	0.007	0.005	0.31313681787479264	1.2889527269827014e-7	2.2451735341170895	0.14406484587958465	70.17807138424178
5.140063837928481	0.007	0.005	0.3133114487539121	1.286179849053597e-7	2.251055715024238	0.1440632264796435	70.02750312648
5.171077246013987	0.007	0.005	0.3134767109104501	1.2834107899385585e-7	2.256806231481352	0.14406158986527662	69.87712766856822
5.2021196322121925	0.007	0.005	0.3136327091536605	1.2806453578619254e-7	2.262425945769028	0.14405993595319497	69.7269350690558
5.2331930401763325	0.007	0.005	0.31377954487582677	1.277883366989449e-7	2.267915689328435	0.1440582646582401	69.57691568167661
5.264299474391303	0.007	0.005	0.31391731621164065	1.2751246366738366e-7	2.273276264604967	0.1440565758932944	69.42706013200534
5.295440902431374	0.007	0.005	0.3140461181778261	1.27236899156303e-7	2.278508446434118	0.14405486956929037	69.27735930434643
5.326619257203888	0.007	0.005	0.31416604280522437	1.2696162612368551e-7	2.2836129833653867	0.14405314559521212	69.12780432884959
5.357836441251406	0.007	0.005	0.31427717927072213	1.2668662796464763e-7	2.2885905992511546	0.14405140387797308	68.97838655894039
5.389094326912955	0.007	0.005	0.3143796140057766	1.2641188850009622e-7	2.2934419940909705	0.14404964432251338	68.8290975687899
5.420394760616507	0.007	0.005	0.31447343081363843	1.2613739196997475e-7	2.2981678454864314	0.14404786683165985	68.67992913114259
5.451739560945377	0.007	0.005	0.31455871096065113	1.2586312301004932e-7	2.3027688090864906	0.14404607130632993	68.53087322499911
5.483130529163658	0.007	0.005	0.31463553329704114	1.2558906657230946e-7	2.307245520832128	0.1440442576450174	68.38192198413829
5.514569438952316	0.007	0.005	0.3147039743157711	1.2531520800250046e-7	2.3115985961030985	0.1440424257444622	68.23306774462712
5.546058049024362	0.007	0.005	0.3147641082664915	1.250415329342367e-7	2.3158286321468844	0.1440405754989995	68.08430298373466
5.57759810327404	0.007	0.005	0.3148160072283845	1.2476802728063746e-7	2.3199362085982447	0.14403870680061256	67.93562031833854
5.609191322532039	0.007	0.005	0.3148597411705294	1.2449467730881662e-7	2.323921886955583	0.14403681953948744	67.78701254279062
5.640839421431089	0.007	0.005	0.3148953780483796	1.2422146947875365e-7	2.327786213274745	0.14403491360307297	67.63847254855611
5.672544095961732	0.007	0.005	0.3149229838507633	1.239483905587953e-7	2.3315297170530496	0.14403298887687704	67.48999338201631
5.7043070404081115	0.007	0.005	0.3149426226789296	1.2367542747391418e-7	2.335152913708818	0.14403104524349356	67.34156816437194
5.736129930649516	0.007	0.005	0.3149543567904459	1.2340256745498843e-7	2.3386563030211747	0.144029082583662	67.19319016925041
5.768014439027503	0.007	0.005	0.3149582466667433	1.231297978882009e-7	2.3420403712586273	0.14402710077540548	67.04485275259844
5.799962230270605	0.007	0.005	0.31495435106202324	1.228571063733913e-7	2.3453055910583314	0.14402509969431587	66.89654937133338
5.831974967992958	0.007	0.005	0.31494272705198356	1.2258448065098103e-7	2.3484524224238243	0.1440230792131807	66.74827355282808
5.864054308480279	0.007	0.005	0.3149234300813627	1.2231190866758992e-7	2.3514813123987555	0.14402103920240208	66.60001892348912
5.8962019114722155	0.007	0.005	0.3148965140032143	1.220393784615376e-7	2.3543926963954336	0.1440189795293404	66.45177915867114
5.928419421119807	0.007	0.005	0.3148620311375322	1.2176687835020073e-7	2.357186996748607	0.1440169000595586	66.30354807033169
5.960708502447215	0.007	0.005	0.31482003227695654	1.2149439659708956e-7	2.3598646262065492	0.1440148006544987	66.15531943900066
5.993070803038024	0.007	0.005	0.31477056676435594	1.212219217529158e-7	2.3624259848188642	0.14401268117396893	66.00708719012071
6.025507989637105	0.007	0.005	0.31471368248230003	1.2094944233316204e-7	2.3648714632051093	0.14401054147378012	65.85884522604235
6.058021716111124	0.007	0.005	0.3146494259358136	1.2067694709013816e-7	2.367201440212997	0.1440083814078545	65.71058757292263
6.090613658094564	0.007	0.005	0.3145778422235635	1.2040442473728027e-7	2.3694162857066097	0.14400620082594745	65.56230822260581
6.123285482984548	0.007	0.005	0.31449897512599406	1.201318641742547e-7	2.3715163585540036	0.14400399957564253	65.4140012697842
6.156038876098605	0.007	0.005	0.3144128670785374	1.1985925429384445e-7	2.3735020085852105	0.14400177750060725	65.2656607932398
6.18887552791764	0.007	0.005	0.3143195592254218	1.195865840741922e-7	2.375373575835402	0.14399953444144273	65.11728091435012
6.221797138651093	0.007	0.005	0.314219091434883	1.1931384253440673e-7	2.3771313909670115	0.14399727023537348	64.96885577680511
6.254805418476278	0.007	0.005	0.31411150232287816	1.1904101876252929e-7	2.378775775391712	0.14399498471622502	64.82037954604726
6.2879020943728055	0.007	0.005	0.3139968292527724	1.1876810182521824e-7	2.3803070416877103	0.14399267771393937	64.67184637916783
6.321088901622766	0.007	0.005	0.31387510838433635	1.1849508086613276e-7	2.381725493251358	0.14399034905515107	64.52325046381196
6.354367597293267	0.007	0.005	0.31374637464574545	1.1822194496926598e-7	2.3830314249603894	0.1439879985622291	64.37458595847647
6.387739945095748	0.007	0.005	0.3136106618085943	1.1794868331439088e-7	2.384225122588825	0.1439856260543229	64.22584706107182
6.421207735593711	0.007	0.005	0.31346800242673395	1.1767528499167647e-7	2.3853068636269934	0.14398323134591284	64.0770279195539
6.45477277326367	0.007	0.005	0.313318427902354	1.1740173911643424e-7	2.386276916791855	0.1439808142476994	63.92812269069147
6.488436881255372	0.007	0.005	0.31316196848330063	1.1712803479056338e-7	2.3871355422344287	0.14397837456624166	63.77912551979316
6.522201903980453	0.007	0.005	0.312998653265688	1.1685416108468946e-7	2.3878829916147515	0.14397591210374122	63.6300305303135
6.556069714241264	0.007	0.005	0.3128285101705134	1.1658010697829055e-7	2.3885195082125126	0.1439734266574851	63.48083179364863
6.590042204674605	0.007	0.005	0.31265156599575133	1.1630586143131709e-7	2.3890453266899763	0.14397091802043097	63.331523368236326
6.624121292647835	0.007	0.005	0.31246784640446257	1.160314133662208e-7	2.3894606731784007	0.14396838598081316	63.182099279218185
6.658308920691665	0.007	0.005	0.3122773759330528	1.157567516364186e-7	2.3897657652462034	0.14396583032207044	63.0325535179142
6.692607068336265	0.007	0.005	0.3120801779328115	1.1548186494256509e-7	2.3899608119169793	0.14396325082191225	62.882879991628435
6.727017732136201	0.007	0.005	0.31187627469061197	1.152067420200281e-7	2.390046013444167	0.14396064725376695	62.73307261252568
6.761542953541968	0.007	0.005	0.3116656872750657	1.1493137137697524e-7	2.3900215613727434	0.1439580193846321	62.58312517771721
6.796184879474286	0.007	0.005	0.3114484351462985	1.1465574085488674e-7	2.389887637905884	0.1439553669703377	62.4330311095715
6.830945856300054	0.007	0.005	0.31122453548737955	1.1437983688090848e-7	2.3896444138723822	0.14395268974806585	62.28278305562312
6.865827894948007	0.007	0.005	0.3109940066527063	1.1410364870525892e-7	2.389292052315732	0.14394998747747595	62.13237520268959
6.9008333246807805	0.007	0.005	0.3107568640004951	1.1382716322588409e-7	2.3888307045190085	0.1439472598903891	61.981800450762925
6.935964284093912	0.007	0.005	0.31051312323814384	1.1355036902046941e-7	2.3882605146128792	0.1439445067300929	61.831052611254485
6.9712231285825075	0.007	0.005	0.3102627976873976	1.13273253128601e-7	2.3875816144872037	0.14394172771958028	61.680124655139686
7.006612113742207	0.007	0.005	0.3100059004688372	1.1299580355367575e-7	2.386794128520206	0.14393892258624644	61.529010074725754
7.042133651369773	0.007	0.005	0.30974244269838164	1.127180072550885e-7	2.3858981687276204	0.14393609104166596	61.37770178948802
7.077790110472153	0.007	0.005	0.30947243492320764	1.1243985170812539e-7	2.3848938388515717	0.1439332327972564	61.22619299895172
7.113583985677382	0.007	0.005	0.309195885877594	1.1216132359451165e-7	2.383781230028697	0.14393034755077871	61.074476467711584
7.149517758361612	0.007	0.005	0.3089128035284706	1.1188240990602146e-7	2.382560424415331	0.1439274349973617	60.922545118697805
7.1855940188883185	0.007	0.005	0.3086231941326902	1.1160309696297506e-7	2.381231491249871	0.1439244948195597	60.77039151780988
7.221815374550513	0.007	0.005	0.3083270629533194	1.113233711775611e-7	2.3797944896437206	0.1439215266946921	60.61800826671748
7.258184524937237	0.007	0.005	0.3080244136533586	1.1104321843917885e-7	2.3782494656159843	0.14391853028859763	60.465387688151864
7.294704210153507	0.007	0.005	0.30771524871014166	1.1076262455208776e-7	2.3765964538146256	0.14391550525974817	60.31252204754227
7.331377255522882	0.007	0.005	0.30739956903844406	1.1048157487061831e-7	2.3748354753631515	0.1439124512554448	60.15940336905972
7.368206541319931	0.007	0.005	0.30707737423788073	1.1020005456351435e-7	2.3729665389026047	0.14390936791418812	60.006023566354166
7.405195038287575	0.007	0.005	0.30674866227803826	1.0991804833089173e-7	2.3709896385532097	0.1439062548625783	59.852374298470124
7.442345774755303	0.007	0.005	0.3064134297775004	1.0963554067065177e-7	2.3689047552617755	0.14390311171792305	59.6984471110943
7.479661882473768	0.007	0.005	0.3060716715851105	1.0935251554498329e-7	2.366711853977381	0.14389993808422133	59.54423325084369
7.517146558715963	0.007	0.005	0.3057233811094522	1.0906895665913298e-7	2.364410885383696	0.14389673355520233	59.38972382722103
7.554803102685748	0.007	0.005	0.30536854997525475	1.0878484721367304e-7	2.3620017834115905	0.14389349771106394	59.23490966707666
7.592634907482695	0.007	0.005	0.3050071680803233	1.0850016996570996e-7	2.359484465236162	0.14389023011896324	59.07978135345157
7.6306454544287545	0.007	0.005	0.3046392236377645	1.0821490729172486e-7	2.3568588312721612	0.14388693033332317	58.924329254298776
7.668838345400481	0.007	0.005	0.3042647028493811	1.0792904093194146e-7	2.3541247625261508	0.14388359789283012	58.76854339606338
7.707217269567482	0.007	0.005	0.3038835902123094	1.0764255227716826e-7	2.3512821224462215	0.14388023232311273	58.612413605892975
7.745786051472298	0.007	0.005	0.30349586802992157	1.073554220168414e-7	2.348330752986357	0.14387683313232222	58.45592932215536
7.784548625525395	0.007	0.005	0.3031015166428656	1.0706763032485546e-7	2.345270475909714	0.1438733998131198	58.299079705493874
7.823509051373968	0.007	0.005	0.3027005142580435	1.0677915678422863e-7	2.3421010911405924	0.14386993184108432	58.141853583555815
7.8626715323045575	0.007	0.005	0.3022928367373583	1.0648998023686792e-7	2.338822374688176	0.1438664286728076	57.98423938459336
7.902040400093712	0.007	0.005	0.30187845773148997	1.0620007894768553e-7	2.335434079292828	0.14386288974696482	57.8262252068241
7.941620152193542	0.007	0.005	0.3014573482672763	1.059094303009769e-7	2.3319359306573646	0.143859314480686	57.66779867767617
7.98141542372509	0.007	0.005	0.30102947701744426	1.056180110709426e-7	2.328327629210559	0.1438557022717615	57.508947075434286
8.021431030686188	0.007	0.005	0.30059480981492714	1.0532579708600471e-7	2.324608845621226	0.14385205249441016	57.34965716603371
8.061671958142059	0.007	0.005	0.3001533097485763	1.0503276335307298e-7	2.3207792210926503	0.14384836449998803	57.18991526090329
8.1021433804781	0.007	0.005	0.2997049369134204	1.0473888393186414e-7	2.3168383647329494	0.1438446376147685	57.02970714738841
8.142850663316638	0.007	0.005	0.2992496483578017	1.0444413192152492e-7	2.3127858525804994	0.14384087113936964	56.86901809291261
8.183799387374135	0.007	0.005	0.2987873977845836	1.0414847935456383e-7	2.3086212244318096	0.14383706434613142	56.70783276314874
8.224995351148188	0.007	0.005	0.29831813548410613	1.0385189714146692e-7	2.3043439826707117	0.14383321647841216	56.54613522489887
8.26644458757016	0.007	0.005	0.2978418081089792	1.03554355037305e-7	2.2999535896636547	0.1438293267485633	56.38390889472129
8.308153384037556	0.007	0.005	0.2973583584043706	1.0325582148800946e-7	2.2954494646764383	0.14382539433554067	56.221136475668715
8.350128286389772	0.007	0.005	0.2968677251201545	1.0295626363875301e-7	2.290830982432954	0.14382141838398615	56.05779995794869
8.392376134085756	0.007	0.005	0.2963698425571051	1.026556471290068e-7	2.286097468210974	0.14381739800032206	55.89388049916112
8.434904056965072	0.007	0.005	0.2958646405570333	1.0235393614581385e-7	2.281248197054351	0.14381333225243242	55.72935845554316
8.477719517691062	0.007	0.005	0.2953520439520936	1.0205109313472443e-7	2.2762823878102183	0.14380922016495387	55.56421323728447
8.52083031554337	0.007	0.005	0.29483197246531023	1.0174707884453645e-7	2.2711992014021054	0.14380506071819021	55.398423315427564
8.564244631025444	0.007	0.005	0.29430434011850026	1.0144185204689199e-7	2.265997734280016	0.1438008528430498	55.23196607305833
8.60797103140799	0.007	0.005	0.29376905510401924	1.011353695342338e-7	2.2606770163137613	0.14379659541967432	55.06481780899738
8.652018514858051	0.007	0.005	0.2932260191846648	1.0082758587632166e-7	2.2552360039952193	0.14379228727226742	54.896953595401094
8.696396532738197	0.007	0.005	0.2926751273516102	1.0051845328219872e-7	2.2496735760944775	0.1437879271659522	54.72834722163783
8.74111503089482	0.007	0.005	0.29211626724264994	1.0020792143932102e-7	2.2439885268435393	0.14378351380168686	54.55897106834613
8.786184489814541	0.007	0.005	0.2915493185645789	9.989593721407125e-8	2.2381795590416664	0.1437790458111781	54.388795989145805
8.83161596062027	0.007	0.005	0.2909741525601324	9.958244452639553e-8	2.2322452775211024	0.1437745217520968	54.21779121136335
8.87742111510824	0.007	0.005	0.29039063129048853	9.92673840783725e-8	2.2261841806251623	0.143769940101783	54.045924187317645
8.923612304432481	0.007	0.005	0.2897986067962873	9.89506929933376e-8	2.2199946502873193	0.14376529924993867	53.87316041756275
8.970202608302666	0.007	0.005	0.28919792036871356	9.863230460975867e-8	2.2136749431204414	0.14376059749211265	53.69946331441893
9.017205905687966	0.007	0.005	0.28858840153443027	9.831214807584842e-8	2.2072231783831917	0.1437558330208581	53.524793990128316
9.064636942950798	0.007	0.005	0.2879698670599283	9.79901479809255e-8	2.2006373259826546	0.1437510039169486	53.34911106062099
9.112511418600526	0.007	0.005	0.28734211972659685	9.766622392923565e-8	2.1939151918799342	0.14374610813869154	53.172370394108135
9.160846079316032	0.007	0.005	0.2867049469414397	9.734028997269117e-8	2.1870544015333584	0.1437411435098344	52.99452482576794
9.209658811777599	0.007	0.005	0.28605811938627834	9.701225418983754e-8	2.180052383549794	0.1437361077076221	52.81552389631738
9.258968759952785	0.007	0.005	0.2854013893148181	9.668201802385898e-8	2.172906349336499	0.14373099824793567	52.63531350620623
9.308796463017755	0.007	0.005	0.284734488553789	9.634947551856384e-8	2.1656132692737207	0.14372581246792868	52.45383550546942
9.359164008837984	0.007	0.005	0.28405712627141166	9.601451254650103e-8	2.1581698460433034	0.14372054750661967	52.271027239810216
9.410095187396703	0.007	0.005	0.2833689867225697	9.567700593195962e-8	2.150572487402541	0.14371520028502563	52.08682111109648
9.461615706731543	0.007	0.005	0.28266972612505087	9.533682234120289e-8	2.142817269057143	0.14370976747921452	51.90114392770765
9.51375338908279	0.007	0.005	0.2819589697707512	9.499381721723554e-8	2.1348998997252338	0.14370424549479838	51.71391634596502
9.566538459704025	0.007	0.005	0.281236307844656	9.464783322396587e-8	2.1268156714357986	0.14369863043092723	51.52505199998546
9.620003828756047	0.007	0.005	0.2805012912940822	9.429869870998304e-8	2.118559409840419	0.14369291804412604	51.33445668365836
9.674185428623574	0.007	0.005	0.2797534268990027	9.394622596829202e-8	2.1101254150743625	0.14368710370526858	51.14202736425396
9.729122630966494	0.007	0.005	0.27899217119578146	9.359020894952661e-8	2.1015073890991975	0.14368118234685096	50.94765094829609
9.784858710896817	0.007	0.005	0.2782169236925361	9.32304207998341e-8	2.0926983543206648	0.14367514840380202	50.751202923593574
9.841441391251152	0.007	0.005	0.2774270189142614	9.286661095666324e-8	2.0836905581771643	0.14366899574403358	50.55254576848428
9.898923488696921	0.007	0.005	0.2766217169633987	9.249850172013463e-8	2.074475359970421	0.1436627175860241	50.35152706270846
9.95736365928747	0.007	0.005	0.27580019261741917	9.212578429056078e-8	2.065043100024242	0.14365630640327887	50.14797732136462
10.016827273909161	0.007	0.005	0.2749615225278086	9.174811415947208e-8	2.0553829460488915	0.14364975381187034	49.941707460465665
10.07738745516157	0.007	0.005	0.27410467006462425	9.136510565353357e-8	2.0454827112939253	0.1436430504369916	49.73250580350691
10.139126213161234	0.007	0.005	0.2732284686848302	9.097632609162015e-8	2.0353286545129157	0.14363618576477127	49.52013486655153
10.20213578917212	0.007	0.005	0.27233160229010456	9.05812888851626e-8	2.024905244019686	0.14362914796661275	49.30432756812108
10.266520024876899	0.007	0.005	0.27141258517488465	9.017944680198544e-8	2.0141949160686887	0.14362192371555715	49.08478351585234
10.332395729493506	0.007	0.005	0.2704697420229884	8.977018552833978e-8	2.00317783350538	0.14361449799740425	48.86116547969527
10.399893708025068	0.007	0.005	0.2695011928662416	8.93528197967693e-8	1.9918317030716421	0.14360685395444814	48.63309720168842
10.469158810413006	0.007	0.005	0.26850485239174493	8.892659572708911e-8	1.980131763517858	0.14359897283568876	48.400164669667525
10.540347759079712	0.007	0.005	0.26747846183964114	8.849070705422648e-8	1.9680511629383757	0.14359083419922286	48.16192490773024
10.613622354041727	0.007	0.005	0.2664196887550226	8.804433920564181e-8	1.9555621480156913	0.14358241665167298	47.91793000697692
10.689133387663388	0.007	0.005	0.2653263631552299	8.758676827165295e-8	1.9426388874025977	0.14357369968348144	47.667781251539495
10.76698832736724	0.007	0.005	0.26419695240728147	8.711755475951734e-8	1.929263160821094	0.14356466744662627	47.411234939929415
10.847193464642578	0.007	0.005	0.2630314121510411	8.663688286646104e-8	1.9154345721586872	0.1435553156332891	47.14838807070801
10.929569262693851	0.007	0.005	0.2618324339371839	8.614604656867429e-8	1.9011855652403742	0.14354566171948005	46.879944363694726
11.01366742312201	0.007	0.005	0.2606066737119913	8.564790620713777e-8	1.8865963008035374	0.14353575532871854	46.607464476040406
11.098767341190285	0.007	0.005	0.2593648211765455	8.51468596074828e-8	1.8717957380633945	0.14352567948869283	46.333350967739214
11.184015835987626	0.007	0.005	0.2581195629681693	8.464797609497275e-8	1.8569374449874085	0.14351553479738244	46.0603752495417
11.268636477281618	0.007	0.005	0.25688250655995265	8.41557586518231e-8	1.8421627216636731	0.14350541469721642	45.79100055012001
11.3520580747239	0.007	0.005	0.2556622723739448	8.367341882624556e-8	1.82757747468007	0.14349538970131875	45.52698490280821
11.433927837941676	0.007	0.005	0.2544642754351905	8.320284029434859e-8	1.813249281999437	0.14348550512819158	45.26936063583592
11.514066533572995	0.007	0.005	0.25329136630892385	8.274487444213604e-8	1.799214845829689	0.1434757858768237	45.01859560001075
11.592415103681807	0.007	0.005	0.25214460664440264	8.229967331931793e-8	1.7854891719685673	0.14346624243553266	44.77477507306239
11.668991338133583	0.007	0.005	0.25102390350038173	8.186695394093607e-8	1.7720731370522267	0.14345687586457492	44.537746175350065
11.743859094656587	0.007	0.005	0.24992846285399822	8.144618281249176e-8	1.7589589331984599	0.14344768139219383	44.307218748082704
11.8171076659163	0.007	0.005	0.2488570955544165	8.10366975002064e-8	1.746133764274106	0.14343865086278018	44.08283183402479
11.88883832475679	0.007	0.005	0.24780841821106944	8.063778422549589e-8	1.7335822891916326	0.1434297743613177	43.86419617655354
11.95915586753907	0.007	0.005	0.24678098050388755	8.024872555661861e-8	1.721288182684259	0.14342104125588193	43.65092027614468
12.028163426584475	0.007	0.005	0.24577334408744667	7.986882850219882e-8	1.7092351122066969	0.14341244085474047	43.44262583554165
12.09595941459331	0.007	0.005	0.24478412973543393	7.949744034285187e-8	1.697407329507311	0.1434039628085872	43.238956391255925
12.162635973439034	0.007	0.005	0.2438120419797637	7.913395566353348e-8	1.6857899878957503	0.14339559732952628	43.0395812440422
12.228278216731159	0.007	0.005	0.24285588171855388	7.877781915612336e-8	1.6743693111658002	0.14338733531170708	42.84419695631905
12.292964144658004	0.007	0.005	0.24191454866052492	7.842852456111133e-8	1.6631326372833966	0.1433791683667209	42.6525268531264
12.356764804144904	0.007	0.005	0.2409870399135468	7.808561258735059e-8	1.6520684129687628	0.14337108882621027	42.46431984315393
12.419744726019877	0.007	0.005	0.24007244432342853	7.774866729555247e-8	1.641166135115136	0.14336308970721956	42.279348484053806
12.4819623631951	0.007	0.005	0.2391699366326199	7.741731267225792e-8	1.6304162881568658	0.1433551646750027	42.09740711630919
12.543470681431613	0.007	0.005	0.2382787692986519	7.709120851690891e-8	1.6198102520624258	0.14334730798412632	41.91830961933935
12.604317625240455	0.007	0.005	0.23739826603288597	7.677004713905204e-8	1.6093402296935642	0.14333951443328083	41.74188760039427
12.664546663838012	0.007	0.005	0.23652781411006643	7.645354965416844e-8	1.5989991586544403	0.14333177930793928	41.567988410133275
12.724197239973794	0.007	0.005	0.23566685803604634	7.614146305923993e-8	1.5887806386473087	0.14332409833367307	41.39647349590631
12.783305207933267	0.007	0.005	0.23481489333595382	7.58335572760134e-8	1.5786788597544144	0.14331646762933667	41.2272168343359
12.841903225673223	0.007	0.005	0.23397146098041177	7.552962266435898e-8	1.568688537925788	0.14330888366480052	41.06010353902938
12.900021086818473	0.007	0.005	0.2331361426610186	7.522946779790127e-8	1.5588048602528022	0.1433013432252881	40.895028677572455
12.957686054294188	0.007	0.005	0.2323085560309669	7.493291739633528e-8	1.549023429621498	0.14329384337448753	40.7318961164455
13.014923103263621	0.007	0.005	0.2314883512419529	7.463981068236042e-8	1.5393402245506171	0.14328638142855368	40.57061765186015
13.07175520580337	0.007	0.005	0.23067520687761764	7.434999969567877e-8	1.5297515517829883	0.14327895492392748	40.41111204695899
13.128203486063942	0.007	0.005	0.22986882774060935	7.406334814809699e-8	1.5202540206774717	0.1432715616013866	40.25330445520516
13.184287484471854	0.007	0.005	0.22906894107833922	7.377972992102272e-8	1.5108444991268999	0.14326419937528806	40.09712555595796
13.240025230621711	0.007	0.005	0.22827529554250003	7.349902842223884e-8	1.5015201016376654	0.1432568663273692	39.942511241220345
13.295433493530393	0.007	0.005	0.22748765761837011	7.322113519200285e-8	1.4922781476012446	0.14324956067686276	39.78940182163324
13.350527815561415	0.007	0.005	0.22670581113861016	7.294594953147007e-8	1.4831161558108443	0.1432422807786687	39.63774184600564
13.40532270578767	0.007	0.005	0.22592955452903143	7.267337739085751e-8	1.4740318123232006	0.14323502510022332	39.48747948935792
13.459831668520243	0.007	0.005	0.22515870039753097	7.240333112616718e-8	1.4650229657912779	0.14322779221984164	39.33856640495227
13.51406736184758	0.007	0.005	0.2243930732810706	7.21357285623733e-8	1.4560876012186859	0.14322058080762384	39.19095722702017
13.568041615866393	0.007	0.005	0.22363250938083604	7.187049279021533e-8	1.4472238369680865	0.14321338962474045	39.04460946481419
13.62176554853713	0.007	0.005	0.2228768549185038	7.160755153650936e-8	1.4384299056542045	0.14320621750957677	38.89948313615966
13.67524960391735	0.007	0.005	0.22212596559043404	7.134683683612468e-8	1.429704147856564	0.14319906337402755	38.75554061796676
13.728503620342115	0.007	0.005	0.22137970560083414	7.108828468228614e-8	1.4210450009219309	0.1431919261956627	38.61274642014063
13.781536875465266	0.007	0.005	0.22063794702206158	7.083183467172061e-8	1.4124509915786525	0.14318480501285102	38.47106702637376
13.834358126274184	0.007	0.005	0.21990056922599668	7.057742979322518e-8	1.4039207293718818	0.14317769892045068	38.33047075194702
13.886975665119321	0.007	0.005	0.2191674580933338	7.032501606128479e-8	1.3954528975349778	0.14317060706324167	38.19092756237432
13.939397332697771	0.007	0.005	0.2184385058249315	7.007454244454635e-8	1.387046250828711	0.1431635286350589	38.05240900963749
13.99163058206447	0.007	0.005	0.2177136100432693	6.982596042291622e-8	1.378699605183935	0.14315646287096764	37.914888035783704
14.043682475871309	0.007	0.005	0.21699267382425416	6.957922408467936e-8	1.3704118380845027	0.14314940904837462	37.778338955681704
14.095559741519244	0.007	0.005	0.21627560492514525	6.933428967547989e-8	1.3621818796871272	0.14314236648025053	37.64273728909374
14.14726877390228	0.007	0.005	0.2155623157405232	6.909111567729275e-8	1.3540087123259428	0.1431353345153843	37.508059732643616
14.198815675269335	0.007	0.005	0.214852722745197	6.884966246394545e-8	1.3458913641240091	0.1431283125335529	37.374284036255254
14.250206256908331	0.007	0.005	0.21414674646498838	6.860989238332861e-8	1.3378289086609718	0.14312129994583112	37.24138898079648
14.30144607780219	0.007	0.005	0.2134443109389105	6.837176942179052e-8	1.329820458822089	0.14311429618982444	37.109354261109935
14.352540445418208	0.007	0.005	0.21274534370310813	6.813525928196554e-8	1.3218651666171661	0.1431073007300224	36.97816046858629
14.403494446595772	0.007	0.005	0.21204977536233752	6.790032910521975e-8	1.313962218295332	0.14310031305400608	36.847788997232634
14.454312944294033	0.007	0.005	0.21135753962938714	6.766694758495097e-8	1.3061108347913832	0.14309333267329435	36.71822203860782
14.505000607717019	0.007	0.005	0.2106685729089041	6.74350846806422e-8	1.298310266993476	0.14308635911958725	36.58944249220579
14.5555619051857	0.007	0.005	0.20998281438954655	6.720471169880582e-8	1.2905597967820899	0.14307939194609598	36.46143397185829
14.606001146959624	0.007	0.005	0.20930020545807093	6.697580107842687e-8	1.2828587303976893	0.1430724307219733	36.334180686193456
14.656322450976683	0.007	0.005	0.2086206901593294	6.674832650304933e-8	1.275206403631658	0.14306547503734232	36.207667515029314
14.706529798454255	0.007	0.005	0.20794421443939473	6.652226263111079e-8	1.2676021732797251	0.143058524495911	36.08187985941727
14.7566270060214	0.007	0.005	0.20727072651829268	6.629758524159986e-8	1.2600454213378993	0.14305157871908958	35.95680370281535
14.806617764140178	0.007	0.005	0.20660017636840436	6.607427096799449e-8	1.2525355491326573	0.1430446373409244	35.83242550633295
14.856505619000663	0.007	0.005	0.20593251595440112	6.585229746824407e-8	1.2450719800094174	0.14303770001084345	35.708732246033726
14.906293994016387	0.007	0.005	0.20526769894072716	6.56316432236714e-8	1.2376541560445211	0.1430307663908991	35.58571135177059
14.955986197904862	0.007	0.005	0.20460568058058526	6.541228755786817e-8	1.230281536803206	0.1430238361548508	35.46335068023571
15.00558541624059	0.007	0.005	0.20394641782497358	6.519421059973222e-8	1.2229536005457797	0.1430169089895426	35.34163852903261
15.055094732484077	0.007	0.005	0.20328986903893417	6.497739322916594e-8	1.2156698410574278	0.1430099845921602	35.220563578478995
15.104517132435735	0.007	0.005	0.20263599393995937	6.476181703346064e-8	1.208429766963497	0.14300306266978102	35.10011487490723
15.1538554922966	0.007	0.005	0.20198475375265595	6.454746433578361e-8	1.2012329034324607	0.14299614294121588	34.9802818540347
15.20311261889024	0.007	0.005	0.2013361106744566	6.433431801091467e-8	1.194078786260184	0.14298922513152912	34.8610542377948
15.252291208229552	0.007	0.005	0.20069002841967212	6.412236168724005e-8	1.1869669678751538	0.14298230897800007	34.74242212988972
15.301393885539781	0.007	0.005	0.2000464716889203	6.391157951179637e-8	1.1798970114722553	0.1429753942246495	34.62437591388662
15.3504231898252	0.007	0.005	0.19940540636972068	6.37019562664542e-8	1.1728684932183688	0.14296848062454215	34.50690628600522
15.399381594131107	0.007	0.005	0.1987667992686461	6.34934772357796e-8	1.1658809993054335	0.14296156793706025	34.39000420213388
15.448271490066817	0.007	0.005	0.19813061831129727	6.32861282639592e-8	1.1589341281368708	0.14295465593020734	34.27366091080413
15.49709520469638	0.007	0.005	0.1974968323192571	6.307989570994783e-8	1.1520274878772077	0.1429477443783414	34.157867908844665
15.545854997940381	0.007	0.005	0.19686541104186975	6.287476640240016e-8	1.1451606967950645	0.14294083306265085	34.04261694389919
15.59455306641211	0.007	0.005	0.19623632510411784	6.26707276763935e-8	1.138333382687737	0.1429339217707171	33.92790000174428
15.643191550423724	0.007	0.005	0.19560954591404509	6.246776728657728e-8	1.1315451818708486	0.1429270102956199	33.81370928641519
15.69177252486166	0.007	0.005	0.19498504577826117	6.22658734673506e-8	1.1247957404230193	0.1429200984373293	33.70003723839473
15.740298015773577	0.007	0.005	0.19436279768608003	6.206503484028773e-8	1.1180847118409931	0.14291318600044015	33.58687649256125
15.788769987984107	0.007	0.005	0.19374277546662197	6.186524049764875e-8	1.1114117587301773	0.14290627279602178	33.47421990418471
15.837190374401926	0.007	0.005	0.19312495341195368	6.166647981761325e-8	1.1047765487418915	0.14289935863752168	33.36206047797461
15.885561034756572	0.007	0.005	0.1925093068026172	6.146874270146309e-8	1.0981787602194146	0.1428924433467322	33.25039146118106
15.933883804043205	0.007	0.005	0.191895811287519	6.127201928835828e-8	1.091618075530518	0.14288552674695007	33.13920622875466
15.982160454476228	0.007	0.005	0.19128444336676761	6.107630019060772e-8	1.0850941862392773	0.1428786086684864	33.02849836879587
16.0	0.007	0.005	0.19105891681340245	6.100419678719211e-8	1.0826911652966273	0.14287605021734037	32.987682446083774
