0.0	0.007	0.005	0.0	0.0	0.0	0.0	100.0
0.00023178151008907473	0.007	0.005	3.2142808148224533e-5	0.00021584449775745727	1.6245568625845927e-9	2.1581225951071772e-6	99.9981993538359
0.0003382513462812957	0.007	0.005	4.6906889673219957e-5	0.0002801305123573616	3.4597458253363578e-9	4.248125531331426e-6	99.997372230123
0.0005252324691042156	0.007	0.005	7.283409861804234e-5	0.0003588747797336738	8.341550942877624e-9	8.994406440534834e-6	99.99591966136556
0.0006829762403275298	0.007	0.005	9.470590043230963e-5	0.00040195759377028716	1.4103820402581592e-8	1.3733800179350984e-5	99.99469424030642
0.0008810364585717047	0.007	0.005	0.00012216606333079132	0.0004367755831353329	2.3468785561756265e-8	2.0291328934423766e-5	99.99315564511409
0.0010813058065760118	0.007	0.005	0.00014993061641721227	0.0004581886363407032	3.534898517924448e-8	2.735608841531662e-5	99.991599912766
0.0013104379103524065	0.007	0.005	0.0001816942501684812	0.0004725634347665953	5.191423876436546e-8	3.575749233277018e-5	99.98981999844729
0.0015566606700647637	0.007	0.005	0.00021582430958177903	0.0004811101087645403	7.325094827818522e-8	4.500244040601149e-5	99.98790735802623
0.0018330163474333755	0.007	0.005	0.0002541277987673443	0.000486120973562376	1.0156084776393231e-7	5.552260052070893e-5	99.98576069087646
0.002138829330847832	0.007	0.005	0.00029650990395587893	0.0004888074847226053	1.3826454207322164e-7	6.725357715208345e-5	99.98338525988675
0.0024845137553209623	0.007	0.005	0.00034441237473015044	0.0004901555542539518	1.865527736217977e-7	8.056650364081452e-5	99.98070019169559
0.0028767234842359875	0.007	0.005	0.0003987551143395928	0.0004907607609545796	2.5007492171071234e-7	9.569942815550634e-5	99.97765383030858
0.0033296437968031315	0.007	0.005	0.00046150053624117993	0.0004909961103728683	3.3497893298357047e-7	0.00011318823472765711	99.97413603471189
0.003859982710260743	0.007	0.005	0.0005349587786384893	0.0004910642644123204	4.5012363900654606e-7	0.00013367139946839318	99.97001709239665
0.0044949120487701765	0.007	0.005	0.0006228864704523195	0.0004910655433012653	6.102821383379131e-7	0.0001581944401464311	99.96508605889933
0.005274243321839632	0.007	0.005	0.0007307853854448085	0.0004910414832182762	8.400771657367582e-7	0.00018829224613872735	99.95903389328987
0.006262921292358617	0.007	0.005	0.0008676269973700654	0.0004910046686659094	1.184238956186719e-6	0.0002264699718585884	99.95135650102051
0.00755925871344121	0.007	0.005	0.001046981062592384	0.0004909552981858317	1.724626834005665e-6	0.00027651907271983333	99.94129093077501
0.009232489092978146	0.007	0.005	0.001278362096702797	0.00049089123109459	2.571475420384356e-6	0.00034110436218006746	99.92830042765284
0.011083086874329847	0.007	0.005	0.0015341156048364738	0.0004908188084732754	3.7038547860740856e-6	0.00041251633566331787	99.91393485900743
0.012823496052968284	0.007	0.005	0.0017744928974096237	0.0004907457607285311	4.9561644678908144e-6	0.0004796576629649998	99.90042653184867
0.014364561478721236	0.007	0.005	0.0019872179765454464	0.0004906797558218729	6.216426281421419e-6	0.0005390935788096311	99.88846695194697
0.015757720116198574	0.007	0.005	0.0021794295703889697	0.0004906274392326968	7.477957536570397e-6	0.0005928125078748119	99.87765644849117
0.017085798063781944	0.007	0.005	0.0023625765732618086	0.0004905813183995564	8.788493219612238e-6	0.0006440110153063577	99.8673520414205
0.01841193586827126	0.007	0.005	0.0025453727579076635	0.0004905340135691583	1.0202125660547128e-5	0.0006951242009181995	99.85706374848166
0.019767551525740095	0.007	0.005	0.002732146233266137	0.0004904838371067216	1.1755524696767539e-5	0.0007473626930733031	99.84654785928048
0.02115811811747932	0.007	0.005	0.00292364489766939	0.000490431186351679	1.346265832854214e-5	0.0008009365914773308	99.83576199653943
0.02257294782729222	0.007	0.005	0.00311839111587397	0.0004903769646382437	1.531761019478689e-5	0.0008554333765071971	99.82478913390005
0.02399634169664375	0.007	0.005	0.00331422074066924	0.0004903221518204023	1.7303790974965925e-5	0.0009102479243697245	99.81375106799841
0.025416390852664072	0.007	0.005	0.0035094948702081618	0.0004902675154209522	1.940510777695998e-5	0.0009649215519632742	99.80274015574679
0.028240187160682134	0.007	0.005	0.003897518635333541	0.0004901681987946508	2.3938618162554903e-5	0.0010736049152852657	99.78084834431162
0.03188822176975202	0.007	0.005	0.004398246023131483	0.0004900271833880691	3.0493370113060765e-5	0.0012139414520220505	99.75257363780212
0.03915441457864837	0.007	0.005	0.005393732583585293	0.0004897495248338868	4.588483581879953e-5	0.0014932271372152463	99.69627965681728
0.050707440168565335	0.007	0.005	0.006971417278911903	0.0004893043314148806	7.67217108098783e-5	0.0019366296065922875	99.60683934139706
0.06257097825953732	0.007	0.005	0.008584996413596977	0.0004888384956551876	0.00011645489081990281	0.002391110471618824	99.51507862689635
0.07628746963153833	0.007	0.005	0.010442406532072998	0.0004882799475749076	0.0001724817868275533	0.0029155030675808995	99.40909126692127
0.08910322385092578	0.007	0.005	0.012169932921447075	0.000487723223164173	0.00023450635682596428	0.0034043943018655866	99.31016591290442
0.1023630871903887	0.007	0.005	0.013949310074082332	0.0004870936737715402	0.0003084145707911429	0.003909100069344494	99.20791608034997
0.11413470640357987	0.007	0.005	0.01552217021610216	0.00048646572427473795	0.00038223930178430337	0.00435614426642101	99.11723065790544
0.12590290680111427	0.007	0.005	0.017088197880600398	0.0004857529032345858	0.0004636854917008297	0.004802034942908004	99.0266544320639
0.13612757507489767	0.007	0.005	0.01844366425110479	0.0004850401216939323	0.0005405966952502477	0.00518854153006848	98.948025501089
0.1463271693396289	0.007	0.005	0.019791041873478934	0.0004842260108163519	0.0006229641861319383	0.005573188703980294	98.8696515956209
0.15511931036869767	0.007	0.005	0.020948684610865173	0.0004834197232890775	0.0006984545068138594	0.005903957660414761	98.80214241336098
0.16398367514202536	0.007	0.005	0.022112276322523362	0.00048249741911500727	0.0007787401186504576	0.00623662016147096	98.73412533691156
0.1716145302186922	0.007	0.005	0.02311109310417056	0.0004815966659497528	0.000851188330719077	0.00652226618585384	98.67561059777897
0.17942245552804523	0.007	0.005	0.02413035744893523	0.0004805657446655787	0.0009284896313339866	0.006813780546218457	98.61577394787497
0.1861564749880792	0.007	0.005	0.025007218929598233	0.0004795716400166274	0.0009977200109632493	0.0070645276433590806	98.56419640300683
0.19314815067689783	0.007	0.005	0.025915466791433982	0.00047843296178075713	0.0010720940734346737	0.007324152654209191	98.51067394799314
0.19919984438270827	0.007	0.005	0.026699830402804214	0.00047734552499468895	0.0011385099574689759	0.007548235972733825	98.46437067944215
0.20556220680516182	0.007	0.005	0.0275226855258446	0.00047609906337867325	0.0012103663965455762	0.007783134877960348	98.4157138626114
0.2110947782493669	0.007	0.005	0.02823674634703716	0.00047491648905165657	0.0012745351082019956	0.00798678234344962	98.37342250237826
0.2169682856984777	0.007	0.005	0.028993310017724094	0.00047356093964860116	0.0013443637697117372	0.0082023074202229	98.32854489132457
0.22210330752848614	0.007	0.005	0.029653485941331187	0.0004722798747042718	0.001406845401319275	0.008390129218762261	98.28932658917932
0.22759276977407486	0.007	0.005	0.030357928129072023	0.00047081287158968864	0.0014751109902073755	0.008590249940137802	98.24741857664307
0.23242078305192632	0.007	0.005	0.030976378778026777	0.00046942885851471183	0.0015364021303961729	0.008765654160578494	98.21057501011717
0.23760494006625338	0.007	0.005	0.03163929495810262	0.00046784728359353534	0.0016035124641633849	0.008953330864332502	98.17102902002368
0.24219415891130192	0.007	0.005	0.032225137473661264	0.0004663550908673787	0.0016640382243021394	0.009118861339865865	98.13603464840172
0.24713300670431748	0.007	0.005	0.03285456791886703	0.0004646553119519853	0.00173034222924691	0.009296328995473743	98.09838817161035
0.2515354099401974	0.007	0.005	0.0334147197782373	0.00046304925942508123	0.0017904604360165599	0.009453901192993532	98.06484292957107
0.2562757837619482	0.007	0.005	0.03401691490797774	0.00046122717618613586	0.0018562603196137638	0.009622883753623352	98.02873525941881
0.2605318547219909	0.007	0.005	0.034556739955943196	0.000459501221940491	0.0019162763382122203	0.009773966491768177	97.9963278760189
0.2651112742816328	0.007	0.005	0.035136684059767755	0.0004575522586593357	0.0019818399998157176	0.009935823716552224	97.96147035562795
0.26925333800037626	0.007	0.005	0.03566044417495265	0.00045570000602083256	0.002042020935867037	0.010081566268851419	97.92995256972732
0.27370274188317717	0.007	0.005	0.03622222524691164	0.00045361903642317914	0.0021075938301660315	0.010237397185761622	97.89610746829949
0.27775736293436326	0.007	0.005	0.03673340258090521	0.0004516336676732669	0.002168181394888262	0.01037871968092626	97.86527553199454
0.28210307696835035	0.007	0.005	0.03728047674363766	0.00044941488591934735	0.0022339971390203358	0.010529436056419027	97.83224086273526
0.28609281696433797	0.007	0.005	0.037782008133128445	0.000447289032981667	0.002295219100438652	0.010667094691422251	97.80192200776892
0.29035800870711287	0.007	0.005	0.03831739350407713	0.00044492577405124263	0.0023615090292611663	0.01081347415559448	97.76952032968012
0.2943027530193878	0.007	0.005	0.038811845847974175	0.0004426513288129054	0.002423589624691372	0.010948109190587195	97.73956257210783
0.2985085496769463	0.007	0.005	0.03933827005038919	0.00044013583410572234	0.0024905917931975262	0.011090834686585647	97.70763240304703
0.30242656240035615	0.007	0.005	0.0398279781198628	0.00043770368714034474	0.002553761828246356	0.011223007103759557	97.67789645826706
0.3065929704513717	0.007	0.005	0.04034799794684576	0.0004350267962147494	0.0026217302696493806	0.011362697669947497	97.64628523370851
0.3105017967100117	0.007	0.005	0.0408351804362631	0.0004324264816645785	0.002686237751598913	0.011492918704512417	97.61663762583693
0.31464853723810515	0.007	0.005	0.041351288579702244	0.00042957721397244956	0.0027554530484063004	0.011630155460213733	97.58519532943869
0.31856585616675115	0.007	0.005	0.04183815576986741	0.0004267964200445935	0.0028215754738481168	0.011758912374111289	97.55550190485147
0.3227132140529706	0.007	0.005	0.04235288712195496	0.00042376139287012785	0.002892357916248083	0.011894262707646791	97.5240746228762
0.3266577465351123	0.007	0.005	0.04284175323415815	0.00042078527045754836	0.0029604177713237426	0.012022043837630675	97.49419367724924
0.33082755344738485	0.007	0.005	0.043357805598423074	0.00041754785691019216	0.0030331451569963457	0.012156087084070571	97.46261616885516
0.33482016456613695	0.007	0.005	0.04385122297281605	0.00041435800289303394	0.003103531228114448	0.012283409850532003	97.43239013056349
0.33903708080244654	0.007	0.005	0.04437161215705717	0.0004108970647388529	0.0031786646204554378	0.012416768534350435	97.4004761703923
0.34310227705756685	0.007	0.005	0.044872551294858516	0.00040746996874789173	0.0032518633197551505	0.012544215174666966	97.36972033527529
0.3473956541564315	0.007	0.005	0.04540083432925796	0.0004037578545551142	0.003329986839422118	0.012677598458126053	97.3372487092798
0.351563849102915	0.007	0.005	0.04591295441217499	0.0004000623919211032	0.0034066317208943293	0.012805868200572437	97.30573421959784
0.35597069821227556	0.007	0.005	0.04645358338141674	0.00039606159639598925	0.0034885180664805684	0.01294013954386859	97.27242643260821
0.36028198862420857	0.007	0.005	0.046981681557215944	0.00039205471055968436	0.003569474117831657	0.013070134221074104	97.23985192920723
0.36485218971841454	0.007	0.005	0.04754062302578573	0.0003877118758501299	0.003656201257357844	0.013206429242495888	97.20533310393937
0.36936332475300304	0.007	0.005	0.048091462487436634	0.00038333048967454617	0.003742721731680464	0.01333941088099631	97.17127242307194
0.3741698247747305	0.007	0.005	0.0486774092451105	0.0003785645392689314	0.0038359024439889302	0.013479368490771691	97.13499476348862
0.3789687909300838	0.007	0.005	0.049261452090355595	0.0003737085330391631	0.003929957357227861	0.01361729079428544	97.09878747868282
0.3841306902060018	0.007	0.005	0.049888566867847664	0.00036838371342927476	0.0040322584665171595	0.013763580181366981	97.0598569984744
0.3893731032830665	0.007	0.005	0.05052430043196538	0.0003628734103575696	0.004137351858780636	0.013909923316783295	97.02033526768666
0.39512194347148977	0.007	0.005	0.05122010212011157	0.0003567219829977865	0.004253977102548974	0.014067777676286435	96.97701416176271
0.40115226300123247	0.007	0.005	0.05194846270095889	0.0003501566861315344	0.004377855799618093	0.01423036098669756	96.93159272020134
0.40810896919078404	0.007	0.005	0.05278679858054024	0.00034245591367748006	0.004522716781804403	0.014414043893920227	96.87921999588747
0.4161918291242376	0.007	0.005	0.05375827096437544	0.0003333612706868367	0.0046936377592188844	0.01462216593607635	96.81840469674943
0.4266901068927492	0.007	0.005	0.05501593079685402	0.0003213600028486996	0.004919791494656327	0.014883856971828468	96.73947282442889
0.43395154218492205	0.007	0.005	0.05588311012969783	0.00031297836383975563	0.005078944354102839	0.015059105911817328	96.68491497997758
0.441196949443711	0.007	0.005	0.05674616613742787	0.00030456311391768317	0.005239951767834963	0.015229240813408894	96.63050822708594
0.44711507513970317	0.007	0.005	0.05744948516389377	0.0002976752904582339	0.0053730893597318365	0.015364696127266328	96.58609093057896
0.45351130650401794	0.007	0.005	0.05820797373984241	0.0002902227540064091	0.005518615944113918	0.015507539400829731	96.5381082658931
0.4587996097800863	0.007	0.005	0.058833788414204446	0.00028407357977883803	0.005640209619757865	0.015622855764943381	96.49845495695257
0.4645651568865002	0.007	0.005	0.05951474980878859	0.0002773824006749292	0.0057740841532834455	0.0157457143901533	96.45524168697249
0.4693668128640246	0.007	0.005	0.06008080990096352	0.0002718363700429394	0.005886613526629794	0.01584576273807046	96.41926763321608
0.47464510415793143	0.007	0.005	0.060701952806677215	0.0002657644301602436	0.006011394313714438	0.015953372994589144	96.37973810351589
0.4790800132659037	0.007	0.005	0.06122295243564788	0.00026069680404770086	0.006117108828187174	0.016041882525867433	96.34653725706045
0.48398437351734785	0.007	0.005	0.06179815137583356	0.0002551240860451431	0.006234936200111788	0.01613774735925263	96.30983529797989
0.4881467535010736	0.007	0.005	0.062285546434574506	0.00025043288291741483	0.006335694564177219	0.016217462189017633	96.27869694392778
0.49276335583543807	0.007	0.005	0.06282529000525999	0.0002452651979929597	0.00644825787448722	0.016304121525515834	96.24417237245711
0.4967241904982531	0.007	0.005	0.06328766313609559	0.00024087256235745964	0.0065455081421274	0.016377013380170356	96.21456172908506
0.5011177607558093	0.007	0.005	0.0637997944097864	0.0002360381779384692	0.006654110863429919	0.016456307863019614	96.18172667245676
0.5049300417990266	0.007	0.005	0.06424352327927862	0.00023188608397059398	0.006748962704110842	0.01652379360270081	96.15324492232065
0.5091491994500145	0.007	0.005	0.06473391242409837	0.00022733093717881156	0.006854604455313446	0.016597068623416485	96.12173320814959
0.5128522503707157	0.007	0.005	0.06516371132763407	0.00022337684927463682	0.006947898649147056	0.016660169394384052	96.09408466114988
0.5169340809259243	0.007	0.005	0.06563682068953529	0.00021905985570487484	0.007051356306830404	0.01672842695593473	96.06361719950199
0.5205573071213415	0.007	0.005	0.06605620185944715	0.0002152726177018233	0.007143733502841781	0.016787888120224505	96.03658093009035
0.5245306140047103	0.007	0.005	0.06651548522685373	0.00021116216549272375	0.007245621545470111	0.016851889331071554	96.00694112955212
0.5280962943426531	0.007	0.005	0.06692709947563757	0.00020751883205311937	0.007337576213823172	0.016908263812907248	95.9803499016577
0.53198388081117	0.007	0.005	0.06737528096161886	0.00020359024978346458	0.007438390370194129	0.01696859809500459	95.95136643604943
0.5355091688600944	0.007	0.005	0.06778116059557261	0.00020007377505851449	0.007530310767398556	0.01702230336076568	95.92509161257959
0.5393294497500098	0.007	0.005	0.06822043085995508	0.00019630751298452145	0.0076304596004973	0.017079435761178752	95.89662625937706
0.5428278030998548	0.007	0.005	0.06862216242358302	0.00019290508829118493	0.00772265705547664	0.017130792921258603	95.87056703470164
0.5465959442780982	0.007	0.005	0.0690543169956386	0.00018928542014355992	0.00782248468533487	0.017185096759330595	95.84250608277844
0.550078143594627	0.007	0.005	0.06945316399101607	0.0001859872887093803	0.007915214910148348	0.017234357533838295	95.81658181205007
0.5538068723379459	0.007	0.005	0.06987970142720527	0.00018250138335118007	0.008015017384221883	0.01728613721717731	95.78882995391028
0.5572817513788664	0.007	0.005	0.07027669194216445	0.00017929999598527324	0.008108496012272936	0.017333502695240012	95.7629746620446
0.5609819408857286	0.007	0.005	0.07069888448288268	0.00017593724633020787	0.008208533246712951	0.017383009939957596	95.73545059042462
0.5644569110478393	0.007	0.005	0.07109487397267693	0.00017282666077485335	0.00830294716802405	0.017428643730892063	95.70960902917065
0.5681380087134007	0.007	0.005	0.07151381920779178	0.00016957819232110436	0.008403451792062875	0.017476089295739385	95.6822422121536
0.5716194401536888	0.007	0.005	0.07190953597124165	0.0001665536434788065	0.008498967515114758	0.017520126861373084	95.65636699727007
0.5752897848231466	0.007	0.005	0.07232619503845163	0.00016341195090983858	0.008600151486029016	0.017565689160886685	95.6290952904653
0.5787832843378324	0.007	0.005	0.07272227327467148	0.0001604695434485454	0.008696921321165523	0.017608244489689895	95.60314481586849
0.5824503464690647	0.007	0.005	0.07313749970187684	0.00015742821690673269	0.00879898099427791	0.017652076039187704	95.57591265590226
0.5859609638353867	0.007	0.005	0.07353450396268417	0.00015456470293024425	0.008897147724847551	0.01769324649422453	95.54984954617538
0.5896315302491035	0.007	0.005	0.07394906578567206	0.000151618219095627	0.009000267811252	0.017735478806195543	95.52260656202749
0.5931639114587993	0.007	0.005	0.07434750905868778	0.00014883083800432907	0.009099968223004058	0.017775348665527123	95.49639652435019
0.5968442304570196	0.007	0.005	0.07476210612063958	0.00014597439801733358	0.00920432495859015	0.017816096030827122	95.46909644766754
0.6004027343476033	0.007	0.005	0.0751624635129656	0.00014326075943798822	0.009305692589878296	0.017854739120070538	95.44270739917022
0.6040986293903717	0.007	0.005	0.07557774095643767	0.0001404901633367571	0.009411456263032678	0.017894101542557852	95.41530721156916
0.6076874160980741	0.007	0.005	0.07598046000154039	0.00013784816227929302	0.009514623544188706	0.017931583198301407	95.38870861858817
0.6114043814540341	0.007	0.005	0.0763970195255838	0.00013515970665673908	0.009621960703280344	0.017969648756537122	95.36116783556952
0.6150274833494782	0.007	0.005	0.07680252836376389	0.00013258745971250744	0.009727060739989097	0.018006027337287005	95.33433018502693
0.6187707599501869	0.007	0.005	0.0772209370889902	0.00012997785801832358	0.009836135989388378	0.01804287404162517	95.30661028904322
0.6224321369048134	0.007	0.005	0.07762965076427074	0.00012747365700478455	0.00994330400901182	0.01807820207652217	95.27950467775663
0.6262067787553826	0.007	0.005	0.07805044890114227	0.00012493997305464523	0.010054281658644717	0.01811389939884651	95.25156862323276
0.6299103641800274	0.007	0.005	0.07846277452214329	0.00012250224978854453	0.010163656280602533	0.018148224491971433	95.22416641706796
0.6337212932920793	0.007	0.005	0.07888648163653979	0.00012004184481393587	0.010276701768515296	0.018182834595379636	95.1959782221401
0.6374710321659921	0.007	0.005	0.07930282255490158	0.00011766914495965229	0.010388426117066023	0.01821620013431715	95.16825077574296
0.6413230879763253	0.007	0.005	0.07972994311474539	0.00011527963301268907	0.010503707361558038	0.018249778899757464	95.13977515631699
0.6451229707564059	0.007	0.005	0.08015070256636397	0.00011297059556459444	0.010617930123513973	0.01828222463168537	95.11169356447623
0.6490209531359902	0.007	0.005	0.08058173068063006	0.00011064980718210093	0.010735618766905757	0.018314822500843424	95.08289561708021
0.6528750452277108	0.007	0.005	0.08100731486166332	0.00010840314917489089	0.010852495176886206	0.018346384992514186	95.05443049997817
0.6568237545439026	0.007	0.005	0.08144273860496909	0.00010614910045621133	0.01097276781476546	0.0183780476806925	95.02527540768543
0.6607362224153966	0.007	0.005	0.08187355930859304	0.00010396360566122685	0.011092460593623411	0.018408760688075117	94.99639672196167
0.6647404952672014	0.007	0.005	0.08231386448389773	0.00010177447310303104	0.011215499941750945	0.018439529772736166	94.96684949351491
0.6687156336961698	0.007	0.005	0.08275034179528	9.964898177678284e-5	0.011338180321399952	0.018469424567483076	94.9375263359664
0.6727803783567615	0.007	0.005	0.08319601558259551	9.752308016292414e-5	0.011464176438825668	0.018499337998755215	94.90755154828108
0.676822634843527	0.007	0.005	0.08363858019290688	9.545648202896389e-5	0.011590025152672332	0.01852844362589239	94.87775198152028
0.6809528641670503	0.007	0.005	0.08409011443687918	9.339224637231895e-5	0.01171917665083352	0.01855753615132783	94.84731354213446
0.685066865093444	0.007	0.005	0.08453921007876779	9.138347409502165e-5	0.011848385029895936	0.018585879660311447	94.81700440843781
0.6892677292790143	0.007	0.005	0.08499710447708862	8.937944407671653e-5	0.011980900340368755	0.018614183190932453	94.78606532027804
0.6934583043978376	0.007	0.005	0.08545319010276516	8.742746898360472e-5	0.012113671411213094	0.018641789818563334	94.75521206888327
0.6977351230071586	0.007	0.005	0.08591795522627539	8.548227600090714e-5	0.012249770093938848	0.01866933373851607	94.72373420185134
0.7020073326815796	0.007	0.005	0.08638150740670264	8.358610372726595e-5	0.012386319818625835	0.018696227078661976	94.69230069721291
0.706365628037001	0.007	0.005	0.08685366777781331	8.169845942171157e-5	0.012526233979918136	0.018723038517679952	94.66024455101731
0.7107247913280083	0.007	0.005	0.08732518310637712	7.985712654484206e-5	0.012666792583658248	0.01874924066498758	94.62819287617525
0.7151703222233117	0.007	0.005	0.08780528021198572	7.802581326923596e-5	0.01281076837413906	0.018775344729817445	94.5955173423931
0.7196220466475634	0.007	0.005	0.08828527779362554	7.623838453287066e-5	0.012955581791381602	0.01880087640451165	94.5628075915392
0.7241608447879548	0.007	0.005	0.08877387328519686	7.44622466601533e-5	0.013103881066302604	0.018826296386834255	94.52946969728377
0.7287110587427142	0.007	0.005	0.08926289740730649	7.272781246914055e-5	0.013253212544161036	0.018851177046680084	94.49605975038108
0.7333494647734916	0.007	0.005	0.08976057613757797	7.100574984874014e-5	0.013406114590737357	0.018875934590761607	94.46201440684275
0.7380044534155425	0.007	0.005	0.09025919919334556	6.932342383823212e-5	0.013560246483842353	0.01890018253388203	94.42785968074287
0.7427491584470939	0.007	0.005	0.09076657271288137	6.765438504739386e-5	0.01371805001555314	0.018924297798838606	94.39305939341824
0.7475156012056925	0.007	0.005	0.09127539816515953	6.602330258549068e-5	0.013877285722270642	0.018947930246428882	94.35811258310076
0.7523736893644665	0.007	0.005	0.09179310817996617	6.440627983681567e-5	0.01404031100434577	0.018971422037570386	94.32250715682711
0.7572587024168499	0.007	0.005	0.09231277390516086	6.282559627487928e-5	0.01420497716412942	0.018994455213940532	94.28671794261506
0.7622376977800615	0.007	0.005	0.09284149603697903	6.12596207700036e-5	0.014373568391307741	0.01901734110158272	94.25025415706699
0.7672488810845878	0.007	0.005	0.09337267798139277	5.9728509866977036e-5	0.014544017344319505	0.01903979030633915	94.2135688811757
0.7723567992167711	0.007	0.005	0.09391312582910803	5.821264770066933e-5	0.014718545292675876	0.019062086731267296	94.17619013562393
0.7775022886536653	0.007	0.005	0.09445654200960073	5.673030024199343e-5	0.014895157835678302	0.01908396640390589	94.1385514444429
0.7827476943962232	0.007	0.005	0.0950094716578321	5.5263648552480996e-5	0.015076022861364004	0.019105688774752185	94.10019736015443
0.7880362189583257	0.007	0.005	0.09556588647009841	5.3829271372029126e-5	0.015259211315318337	0.019127012549116112	94.06154381317812
0.7934282873413948	0.007	0.005	0.09613210108141718	5.24109557999945e-5	0.015446846611240819	0.0191481753164112	94.02214981689173
0.7988692337792814	0.007	0.005	0.09670233013450431	5.102377068185534e-5	0.015637058302791735	0.019168956072931672	93.9824154452847
0.8044178214242758	0.007	0.005	0.0972826853643053	4.965294221532767e-5	0.015831933687932363	0.01918957280858646	93.94191228049849
0.8100213066565566	0.007	0.005	0.09786760082894261	4.831218494310615e-5	0.0160296548811538	0.019209822720984388	93.9010260937532
0.8157370291189687	0.007	0.005	0.09846301053448499	4.69880177525538e-5	0.01623228099301621	0.01922990617994856	93.85933929388796
0.8215139826051573	0.007	0.005	0.09906354718368082	4.5692937038065795e-5	0.016438041376839626	0.019249636760598522	93.81722471937108
0.8274083035235327	0.007	0.005	0.09967498998660887	4.441462606098169e-5	0.016648974502160897	0.019269198943494544	93.77427400087677
0.8333705586775484	0.007	0.005	0.10029215177015764	4.3164482933537495e-5	0.016863352234819363	0.019288421079121723	93.73084826400425
0.8394558868228791	0.007	0.005	0.1009206779982923	4.1931242456361116e-5	0.017083199676360808	0.019307473277199328	93.68654686899661
0.8456162859845683	0.007	0.005	0.10155554554946569	4.0725309380108237e-5	0.017306827185337253	0.0193261972659741	93.64172028227598
0.8519060888010488	0.007	0.005	0.10220228537137857	3.953637103870478e-5	0.017536253512642087	0.019344750112569878	93.59597420938049
0.8582786021830976	0.007	0.005	0.10285602439795785	3.8373931189606604e-5	0.01776982411365545	0.019362985696550337	93.54964936877242
0.8647875332761983	0.007	0.005	0.10352219678608834	3.7228542481599304e-5	0.018009558259823713	0.019381049208693168	93.50235651235995
0.8713873931147017	0.007	0.005	0.10419606736852985	3.610888932297198e-5	0.01825383369240655	0.019398805599392877	93.4544273937361
0.8781314362221112	0.007	0.005	0.10488299003962204	3.500631248821609e-5	0.018504677045390303	0.019416389211649298	93.40547657496518
0.8849752921061019	0.007	0.005	0.10557835732270941	3.392874902414824e-5	0.018760496207773748	0.019433675118474124	93.35582748932299
0.8919719268967413	0.007	0.005	0.10628745806353883	3.286825984309136e-5	0.019023331962226425	0.01945078771620211	93.30509734246067
0.8990780229501029	0.007	0.005	0.10700580425240168	3.183209808056492e-5	0.019291620949297806	0.01946761136971467	93.25360174762449
0.9063464163013982	0.007	0.005	0.107738633829197	3.0812984642757644e-5	0.019567424940181988	0.019484261321092086	93.20095943803574
0.9137347927818635	0.007	0.005	0.10848157156592633	2.9817545387188023e-5	0.01984920856847083	0.019500630489031494	93.1474785913219
0.9212960147698712	0.007	0.005	0.10923981793525768	2.8839107523664668e-5	0.02013906165451238	0.019516825664595366	93.0927783741064
0.9289887437266864	0.007	0.005	0.11000910580376172	2.7883719721215128e-5	0.020435476944522548	0.019532747673118002	93.03715975989374
0.9368660201835132	0.007	0.005	0.11079461057142263	2.6945268051470703e-5	0.020740579505559544	0.019548495469752448	92.98024129750148
0.944887474844217	0.007	0.005	0.1115921704128475	2.6029268572472097e-5	0.021052891240193296	0.019563977215673718	92.92231683688267
0.953106479292753	0.007	0.005	0.11240694750629883	2.5130123690221373e-5	0.02137458004016596	0.01957928457658211	92.86300326071539
0.9614836485503485	0.007	0.005	0.11323488434147709	2.4252856870767548e-5	0.021704198987532675	0.01959433254160721	92.80258722679407
0.970072837022399	0.007	0.005	0.11408114086788791	2.339234902113128e-5	0.022043966702429977	0.01960920596611836	92.74068292388313
0.9788356850752585	0.007	0.005	0.11494176501069034	2.2553166803088654e-5	0.022392470684989143	0.019623826218640634	92.67756956952432
0.9878266855588845	0.007	0.005	0.11582192500501136	2.173063551013208e-5	0.022751988745987325	0.01963827177030307	92.61285761740156
0.9970085725545493	0.007	0.005	0.1167177774212152	2.0928897308276903e-5	0.023121147387741306	0.01965246996900563	92.54681840991715
1.0064366347465916	0.007	0.005	0.11763450846738568	2.0143691327691423e-5	0.023502292595172197	0.01966649327524082	92.47905762869392
1.016074800280341	0.007	0.005	0.11856838892024667	1.93787644150848e-5	0.023894096071569577	0.019680274660377882	92.40983808920522
1.02597931729631	0.007	0.005	0.11952463208425063	1.8630241789146437e-5	0.024298981710845696	0.01969388090658129	92.3387596391915
1.0361154392981329	0.007	0.005	0.12049963051728409	1.790150186601098e-5	0.02471567428665697	0.019707250283507147	92.2660757100122
1.0465405455314303	0.007	0.005	0.12149863313820636	1.7189030557129558e-5	0.02514668622094797	0.019720444191949602	92.19137921985046
1.0572213803077424	0.007	0.005	0.12251816390576932	1.649586277745431e-5	0.025590805132732243	0.019733405900327728	92.11491313519188
1.0682166288455346	0.007	0.005	0.12356351454827472	1.581882208250467e-5	0.026050643338682535	0.01974619168768128	92.03626235427453
1.0794947330436224	0.007	0.005	0.12463135243969115	1.5160622852179684e-5	0.026525063394810325	0.01975874954786131	91.95565802893302
1.0911158616535324	0.007	0.005	0.12572701764557184	1.4518405143922817e-5	0.027016789659387093	0.019771130866242523	91.87267596160787
1.1030503915537626	0.007	0.005	0.1268473339458458	1.3894584833836439e-5	0.027524773703512615	0.019783288095912732	91.78753395451447
1.1153601420609378	0.007	0.005	0.12799769203978612	1.3286599260636224e-5	0.02805186432415108	0.019795267921680012	91.69979775350087
1.1280176955597676	0.007	0.005	0.12917508589900734	1.269658663022521e-5	0.02859711836391661	0.019807027000449822	91.60967008078065
1.1410866576627856	0.007	0.005	0.1303849536766528	1.2122264210700607e-5	0.029163520788663688	0.01981860747182182	91.51670593415594
1.1545420927627006	0.007	0.005	0.13162447115538997	1.1565513021783755e-5	0.029750251017821933	0.019829969933173538	91.42109123182836
1.1684494562314258	0.007	0.005	0.13289911130800655	1.1024314772526312e-5	0.030360439319248252	0.019841152090858204	91.32237009758126
1.1827865367092532	0.007	0.005	0.13420623719374344	1.0500313697866443e-5	0.03099340417575625	0.019852118201330576	91.2207102202623
1.1976205531394852	0.007	0.005	0.13555132754896296	9.99174249333215e-6	0.03165242390480313	0.019862901594819453	91.11564583861508
1.2129321391226249	0.007	0.005	0.1369319241700032	9.500029470808623e-6	0.03233696747368086	0.019873469868342118	91.00732590481884
1.2287899041444403	0.007	0.005	0.13835345449046746	9.023647049573531e-6	0.03305045067101021	0.01988385196304143	90.89527783693423
1.245177174131534	0.007	0.005	0.13981360383329455	8.563829178852376e-6	0.033792491579016	0.01989401844325718	90.779633321203
1.262163058423637	0.007	0.005	0.14131764488913892	8.119278902134128e-6	0.034566607529655666	0.019903993761581983	90.65991969039044
1.2797328981010299	0.007	0.005	0.14286332510096444	7.691057836413679e-6	0.0353725383135401	0.019913751008858574	90.53625654203528
1.297954548521525	0.007	0.005	0.14445558708040887	7.278091724815688e-6	0.0362138228551692	0.019923309962921704	90.40818388383506
1.3168138099555373	0.007	0.005	0.14609208775931135	6.881290757688706e-6	0.03709024963857051	0.019932645747452224	90.2758205020626
1.3363742705376107	0.007	0.005	0.147777167306144	6.499792941595516e-6	0.0380052321954517	0.01994177325552964	90.13874049246056
1.3566194256155644	0.007	0.005	0.1495081506800192	6.134372071026672e-6	0.0389584686853408	0.019950669194548565	89.99708133528405
1.377604091748163	0.007	0.005	0.1512884012914608	5.784358116264012e-6	0.03995301596781069	0.01995934351331929	89.85048264823492
1.3993055589224361	0.007	0.005	0.15311460376866176	5.450388532303177e-6	0.04098827412273083	0.019967774341575765	89.69912756315871
1.4217644167961518	0.007	0.005	0.15498873276913974	5.131943115161178e-6	0.04206664708655042	0.01997596713216217	89.54275857642052
1.4449478240089026	0.007	0.005	0.15690656595174615	4.829497570820398e-6	0.04318700948259197	0.019983901938609314	89.38163085942992
1.468877638866556	0.007	0.005	0.15886841004389696	4.54260880650384e-6	0.044350841330632135	0.019991581078901158	89.21561959810013
1.4935092521114688	0.007	0.005	0.16086910292211906	4.271540433826481e-6	0.04555636102818512	0.019998987915491654	89.04506169138077
1.5188449588254125	0.007	0.005	0.16290734826967884	4.015834206051831e-6	0.046804021658935664	0.020006123906516585	88.86996856544704
1.5448310351695598	0.007	0.005	0.16497737912377292	3.775492170090448e-6	0.04809146556722862	0.020012977565878037	88.69073844101253
1.5714542789068842	0.007	0.005	0.16707675995173402	3.5499658796474524e-6	0.049418265760438056	0.020019551900319826	88.50748853222733
1.5986581067203147	0.007	0.005	0.1691997150867086	3.3389872332636927e-6	0.05078176753096498	0.02002584181850627	88.32063350992387
1.626420787324652	0.007	0.005	0.17134332025863988	3.1418956242702456e-6	0.05218098181870001	0.02003185331093288	88.13034660959183
1.65468951074797	0.007	0.005	0.17350235498414124	2.958201769071886e-6	0.05361328556941177	0.020037587537660582	87.93701250840013
1.6834405333009157	0.007	0.005	0.17567395470281527	2.7871641993759484e-6	0.055077453736042635	0.02004305351832952	87.740814921763
1.7126291217502716	0.007	0.005	0.17785377441449662	2.6281566774840543e-6	0.05657113165886516	0.02004825731896155	87.54207915298251
1.7422336886833296	0.007	0.005	0.1800393203523866	2.480412258288051e-6	0.05809308688162933	0.020053210097687985	87.3409709249004
1.7722190354050567	0.007	0.005	0.1822271867412594	2.3432523150624026e-6	0.059641337412632944	0.020057921032048332	87.137746949928
1.802567556345731	0.007	0.005	0.18441535240690207	2.2159355076313694e-6	0.06121476108344695	0.02006240227652168	86.93254306142506
1.8332530527111943	0.007	0.005	0.1866012518168922	2.097794480466659e-6	0.06281175150967841	0.02006666450026661	86.72555200252945
1.864262193485228	0.007	0.005	0.18878331396312528	1.9881475028227005e-6	0.06443133544560452	0.02007071989342622	86.51687845511925
1.895576324196178	0.007	0.005	0.19095965066013887	1.8863768612826639e-6	0.06607223224940531	0.0200745794373899	86.30666202613378
1.9271859401871756	0.007	0.005	0.1931290670504159	1.791876969672295e-6	0.06773361353587042	0.020078254716940018	86.09497998623596
1.9590782612904476	0.007	0.005	0.19529018549051563	1.7040977393512301e-6	0.06941445648116157	0.020081756288762517	85.8819309057893
1.9912468761610649	0.007	0.005	0.19744210088641362	1.6225136086120748e-6	0.07111405341810036	0.020085094778093067	85.66757018391814
2.0236833726184544	0.007	0.005	0.1995838041292939	1.5466465833420986e-6	0.07283157368013056	0.02008827992430838	85.45196613024866
2.056383703311722	0.007	0.005	0.2017146028625942	1.4760473398201287e-6	0.07456640176594805	0.020091321249932566	85.23515763701107
2.0893426050285355	0.007	0.005	0.20383374620628447	1.4103068265492063e-6	0.07631784374043568	0.020094227513872537	85.01719139898898
2.122557752369675	0.007	0.005	0.20594069172973853	1.3490444380637299e-6	0.07808534879944082	0.020097007123360645	84.79809444169925
2.1560260803526017	0.007	0.005	0.2080348642816693	1.2919133253544933e-6	0.07986831503019191	0.020099667829848216	84.57789853001283
2.1897464832637294	0.007	0.005	0.21011582459669925	1.2385927400380758e-6	0.08166623379433077	0.020102216987500855	84.35662241463899
2.223717393807335	0.007	0.005	0.21218311462805292	1.188790049380947e-6	0.08347856147680549	0.02010466138894179	84.13428782098848
2.25793853362448	0.007	0.005	0.21423636384723801	1.142235590797069e-6	0.08530481330595491	0.020107007431565835	83.91090799581703
2.2924093173903297	0.007	0.005	0.2162751900674499	1.0986830293396821e-6	0.0871444786493645	0.020109261032947308	83.68649819299495
2.3271299912237415	0.007	0.005	0.2182992666835409	1.057905765840037e-6	0.0889970820852678	0.020111427741230602	83.46106826407404
2.3621005913986814	0.007	0.005	0.22030825981429195	1.0196965009538893e-6	0.09086212811371304	0.020113512696091573	83.23462946330673
2.3973216647099616	0.007	0.005	0.22230186972120264	9.838646689437389e-7	0.09273913982773559	0.02011552070298863	83.00718978293708
2.432793594984991	0.007	0.005	0.2242797914436347	9.502356710998992e-7	0.09462762321001329	0.020117456219531104	82.77875832870549
2.4685170657154045	0.007	0.005	0.22624174076287698	9.186489740772807e-7	0.09652709199394888	0.020119323407623783	82.5493423378743
2.504492608119522	0.007	0.005	0.22818742875636203	8.889572736288326e-7	0.09843704380665955	0.02012112613228762	82.31895009558998
2.54072090872506	0.007	0.005	0.2301165787501522	8.610250391487584e-7	0.10035697674284494	0.0201228680000771	82.0875889592111
2.5772025000780103	0.007	0.005	0.2320289096518061	8.347277156611217e-7	0.10228637317448581	0.0201245523639783	81.8552673385709
2.6139379648616075	0.007	0.005	0.2339241470984021	8.099505912463263e-7	0.10422471082950292	0.020126182352407356	81.62199338721507
2.650927727837559	0.007	0.005	0.23580201283207633	7.865880753005402e-7	0.10617145206986746	0.020127760877127084	81.38777632188437
2.6881721932755287	0.007	0.005	0.23766223221420785	7.645428042556089e-7	0.10812605146276524	0.020129290655678676	81.15262554107852
2.725671584634993	0.007	0.005	0.23950452655037083	7.437250223990681e-7	0.11008794769667762	0.020130774219542916	80.91655163027887
2.763426050707669	0.007	0.005	0.2413286189599553	7.240518590602712e-7	0.11205656955014813	0.020132213932430112	80.6795656793027
2.8014355575317222	0.007	0.005	0.24313422962877718	7.054467948995391e-7	0.1140313306667914	0.020133611998738137	80.44167995001905
2.83969994258276	0.007	0.005	0.24492107909028896	6.878390906333058e-7	0.11601163286406618	0.02013497047745789	80.20290752083974
2.8782188579248738	0.007	0.005	0.2466888861818676	6.711633242770629e-7	0.1179968636977112	0.020136291290921336	79.96326262687671
2.9169917943201122	0.007	0.005	0.24843736988166448	6.553589332882334e-7	0.11998639827676147	0.020137576235687297	79.72276049218314
2.9560180412495973	0.007	0.005	0.2501662482030575	6.403698257412837e-7	0.12197959781393643	0.020138826990405725	79.48141756025878
2.9952967086310434	0.007	0.005	0.25187523992553623	6.261440027150587e-7	0.12397581139571899	0.020140045125058778	79.23925134009637
3.034826699354245	0.007	0.005	0.2535640641254154	6.126332331212875e-7	0.12597437527383207	0.02014123210791575	78.99628055634393
3.0746067235413164	0.007	0.005	0.25523244155369806	5.99792743261098e-7	0.12797461432620166	0.020142389313207526	78.75252504092146
3.1146352814370863	0.007	0.005	0.25688009465090245	5.875809448736252e-7	0.12997584196344406	0.020143518027269394	78.50800581742902
3.1549106701159935	0.007	0.005	0.2585067485766654	5.7595917971682e-7	0.13197736127669013	0.020144619454887415	78.26274503865329
3.195430982497682	0.007	0.005	0.26011213188778826	5.648914891021463e-7	0.1339784658253775	0.020145694724926295	78.01676597131683
3.2361941092490123	0.007	0.005	0.2616959773128052	5.543444031823327e-7	0.13597844059638692	0.020146744895597157	77.7700929631501
3.277197743675092	0.007	0.005	0.2632580226109885	5.442867478539586e-7	0.13797656313095738	0.020147770959391492	77.52275139206813
3.318439384203592	0.007	0.005	0.2647980113002565	5.34689469029213e-7	0.13997210454949868	0.020148773847573995	77.27476763026218
3.359916345421202	0.007	0.005	0.2663156936635012	5.255254702788012e-7	0.14196433100161043	0.020149754434535594	77.02616895732176
3.4016257668285306	0.007	0.005	0.26781082760437824	5.167694648177049e-7	0.14395250500215054	0.020150713541752775	76.776983488181
3.4435646192159655	0.007	0.005	0.2692831793617305	5.083978409535146e-7	0.14593588665038157	0.02015165194139225	76.52724011618292
3.485729719795858	0.007	0.005	0.2707325244741535	5.003885367137676e-7	0.14791373525498042	0.020152570359836853	76.27696840497262
3.528117742239241	0.007	0.005	0.272158648489613	4.927209264985562e-7	0.1498853106956244	0.020153469480831538	76.0261985122447
3.5707252242654977	0.007	0.005	0.2735613475335662	4.853757171631926e-7	0.15184987465236055	0.020154349948347316	75.77496112908214
3.6135486097458336	0.007	0.005	0.2749404299259838	4.783348471088366e-7	0.15380669338733188	0.020155212369926706	75.52328721771138
3.6565842203331367	0.007	0.005	0.2762957154075883	4.7158140519771343e-7	0.15575503724199455	0.020156057318372517	75.2712081663528
3.699828321435838	0.007	0.005	0.27762703734365896	4.6509954122565416e-7	0.15769418441004487	0.02015688533516053	75.01875539096012
3.7432770915140026	0.007	0.005	0.2789342417607683	4.588743983698608e-7	0.1596234202574425	0.02015769693174765	74.76596050634414
3.786926683612627	0.007	0.005	0.2802171891801081	4.528920374275747e-7	0.16154204074347955	0.02015849259250995	74.51285495983312
3.830773197871544	0.007	0.005	0.28147575366033417	4.471393794755865e-7	0.16344935180745576	0.02015927277584523	74.25947018587429
3.8748127559349843	0.007	0.005	0.28270982476661904	4.416041394659227e-7	0.1653446731730962	0.02016003791700152	74.00583717164126
3.9190414533721043	0.007	0.005	0.2839193059353062	4.3627478053045407e-7	0.16722733675937598	0.020160788428590024	73.75198673050821
3.9634554380389564	0.007	0.005	0.28510411634500143	4.311404558499149e-7	0.16909669047229953	0.020161524703200137	73.4979490509025
4.008050868390627	0.007	0.005	0.28626418938805565	4.261909695663718e-7	0.17095209678021503	0.02016224711384015	73.24375393765987
4.052823992915257	0.007	0.005	0.2873994743393868	4.214167264972132e-7	0.17279293633286125	0.0201629560163057	72.98943036175415
4.097771096536637	0.007	0.005	0.2885099344714657	4.1680869999208583e-7	0.17461860594661766	0.02016365174928311	72.73500677127585
4.142888583837079	0.007	0.005	0.2895955486304446	4.1235838780653026e-7	0.17642852217412483	0.02016433463656256	72.48051062575551
4.188172931251116	0.007	0.005	0.2906563094694386	4.0805778438816065e-7	0.17822211943573257	0.020165004987116236	72.22596867568674
4.233620746989755	0.007	0.005	0.2916922242940774	4.038993443027579e-7	0.1799988524499081	0.02016566309677223	71.97140663412694
4.279228743981327	0.007	0.005	0.2927033137893346	3.998759566061472e-7	0.18175819511552874	0.020166309248514737	71.71684934013602
4.3249937790989925	0.007	0.005	0.2936896122667495	3.9598091478156144e-7	0.18349964195306798	0.020166943713708085	71.4623205510843
4.370912847133387	0.007	0.005	0.2946511668446356	3.922078926349591e-7	0.1852227077067452	0.02016756675260856	71.20784299004202
4.416983089815209	0.007	0.005	0.29558803696580993	3.8855092056202497e-7	0.18692692748935233	0.02016817861505417	70.95343830956296
4.4632018079073905	0.007	0.005	0.2965002939567256	3.850043630617152e-7	0.18861185698161578	0.02016877954114925	70.69912703973594
4.509566454861117	0.007	0.005	0.29738802021141253	3.8156289908467843e-7	0.19027707190871762	0.020169369761669702	70.44492863861306
4.556074658040731	0.007	0.005	0.2982513089177742	3.782215016069095e-7	0.19192216847982668	0.02016994949879278	70.19086139159023
4.602724202952289	0.007	0.005	0.29909026307193803	3.749754212981158e-7	0.19354676245612265	0.020170518966322364	69.93694251433945
4.649513054403899	0.007	0.005	0.2999049951972388	3.7182016817236917e-7	0.1951504895039354	0.0201710783703525	69.68318805395955
4.6964393342229185	0.007	0.005	0.30069562628887264	3.687514980149077e-7	0.19673300400421795	0.020171627909373827	69.42961302696443
4.743501348552814	0.007	0.005	0.30146228564558686	3.6576539559361614e-7	0.19829397954756495	0.02017216777495443	69.17623128818849
4.790697568421059	0.007	0.005	0.3022051099055688	3.62858062663898e-7	0.1998331078098923	0.02017269815184193	68.92305565311938
4.838026628797552	0.007	0.005	0.3029242424407869	3.600259049178119e-7	0.20135009806458518	0.020173219218275317	68.670097919278
4.885487343318172	0.007	0.005	0.30361983299715645	3.572655191414613e-7	0.20284467717258595	0.020173731146446397	68.4173688042051
4.933078681209383	0.007	0.005	0.3042920367812646	3.5457368322941967e-7	0.20431658835165983	0.020174234102528756	68.16487808532425
4.9807997818586704	0.007	0.005	0.30494101414006203	3.519473447498887e-7	0.20576559114482454	0.020174728247105617	67.91263453843888
5.028649934571383	0.007	0.005	0.3055669297651678	3.493836120427377e-7	0.2071914603021428	0.020175213735213016	67.66064606090397
5.076628596236366	0.007	0.005	0.30616995244324674	3.46879743754988e-7	0.20859398582025865	0.020175690716765404	67.40891959385932
5.124735367655905	0.007	0.005	0.306750254280099	3.4443314138631937e-7	0.20997297174163335	0.020176159336545978	67.15746126215807
5.17297000475504	0.007	0.005	0.3073080104067175	3.4204134033995366e-7	0.21132823599861217	0.02017661973454032	66.90627633018136
5.221332401006604	0.007	0.005	0.307843398355086	3.3970200296919396e-7	0.21265960943040865	0.020177072045976317	66.65536930797731
5.269822595357173	0.007	0.005	0.3083565977639187	3.374129107544975e-7	0.21396693553669885	0.02017751640160204	66.40474392374458
5.318440754411275	0.007	0.005	0.3088477898210707	3.351719583289627e-7	0.21525006952952552	0.02017795292771288	66.15440322949513
5.367187189970388	0.007	0.005	0.3093171571023132	3.329771460518524e-7	0.21650887834725388	0.02017838174649368	65.90434952357784
5.416062324866184	0.007	0.005	0.3097648829114727	3.308265755126899e-7	0.2177432393167182	0.020178802975888883	65.65458453893105
5.465066716906081	0.007	0.005	0.31019115122029195	3.2871844268395635e-7	0.21895304034995164	0.020179216729983202	65.40510933203315
5.51420103745568	0.007	0.005	0.3105961461895947	3.2665103326740747e-7	0.2201381789786668	0.020179623118974758	65.15592440421732
5.563466072634398	0.007	0.005	0.310980051931125	3.2462271781833257e-7	0.22129856198915318	0.020180022249341147	64.90702970642802
5.6128627212484	0.007	0.005	0.3113430522528682	3.226319466979681e-7	0.22243410498085833	0.02018041422396853	64.658424660466
5.662391982832479	0.007	0.005	0.3116853303533879	3.206772463124473e-7	0.22354473171535572	0.020180799142197038	64.4101082294481
5.7120549719190805	0.007	0.005	0.3120070687207294	3.187572141850931e-7	0.22463037407455302	0.02018117710006616	64.16207885611317
5.76185288951852	0.007	0.005	0.31230844875334013	3.168705159709742e-7	0.2256909710746493	0.020181548190222144	63.914334615203984
5.811787047273836	0.007	0.005	0.31258965074745926	3.150158808870284e-7	0.22672646905740867	0.020181912502224314	63.666873101983505
5.861858828778524	0.007	0.005	0.3128508535165264	3.131920996576284e-7	0.22773682055372854	0.020182270122376802	63.41969163310073
5.912069727061454	0.007	0.005	0.3130922344642491	3.113980196174482e-7	0.2287219847542768	0.020182621134114894	63.172787069157096
5.962421309040467	0.007	0.005	0.31331396926560034	3.0963254300171134e-7	0.22968192648713512	0.020182965617855916	62.92615599858061
6.012915236495207	0.007	0.005	0.3135162318555489	3.078946231666369e-7	0.23061661634920722	0.02018330365124929	62.679794642164524
6.063553243629708	0.007	0.005	0.3136991942253385	3.061832626859695e-7	0.2315260300050958	0.02018363530912037	62.43369897054404
6.114337148053563	0.007	0.005	0.3138630263785627	3.044975102149258e-7	0.2324101481378205	0.020183960663639252	62.187864657619755
6.165268838254632	0.007	0.005	0.3140078962045015	3.0283645858572725e-7	0.23326895597837174	0.020184279784328584	61.94228714834387
6.216350288043136	0.007	0.005	0.3141339694465406	3.011992419103724e-7	0.23410244331429134	0.020184592738239672	61.69696159577338
6.267583530385883	0.007	0.005	0.3142414095652636	2.9958503429118455e-7	0.2349106038268023	0.020184899589870877	61.45188299362871
6.318970685474459	0.007	0.005	0.3143303777480183	2.9799304690534086e-7	0.23569343532994583	0.020185200401416244	61.20704604795809
6.3705139310254655	0.007	0.005	0.314401032792487	2.9642252686188716e-7	0.2364509390907855	0.020185495232660042	60.962445325579786
6.422215520220838	0.007	0.005	0.31445353109843466	2.948727550072919e-7	0.23718311991279623	0.0201857841411537	60.7180751743983
6.474077768929968	0.007	0.005	0.3144880266097996	2.9334304450506545e-7	0.2378899857566155	0.020186067182208608	60.47392979006665
6.526103056568127	0.007	0.005	0.3145046707892759	2.9183273913541354e-7	0.23857154758217022	0.020186344408966637	60.230003217372776
6.5782938373814	0.007	0.005	0.314503612592328	2.9034121158233975e-7	0.2392278193218712	0.02018661587251975	59.98628930312083
6.630652620616826	0.007	0.005	0.3144849984379935	2.8886786246649984e-7	0.23985881745709467	0.02018688162186149	59.74278179469418
6.68318211442073	0.007	0.005	0.3144489720835967	2.8741211507587493e-7	0.24046456250814094	0.020187141704650587	59.49947367953797
6.73588487137285	0.007	0.005	0.3143956748068949	2.859734239227856e-7	0.2410450747232272	0.020187396165489795	59.25635883516544
6.788763676516762	0.007	0.005	0.31432524517132043	2.845512628688788e-7	0.24160037847610216	0.020187645047911536	59.01343023490805
6.841821229758284	0.007	0.005	0.31423781932109673	2.8314513249649346e-7	0.24213049860338073	0.02018788839288365	58.77068141937105
6.8950604136759175	0.007	0.005	0.3141335306429522	2.817545520160305e-7	0.24263546312352685	0.02018812624012203	58.528105270102195
6.948484068929696	0.007	0.005	0.31401251012123854	2.803790640845428e-7	0.24311530084863114	0.020188358627096774	58.28569504318819
7.002095182606802	0.007	0.005	0.31387488598607277	2.7901822905244383e-7	0.24357004307916755	0.02018858558991858	58.043443515410516
7.055896725918517	0.007	0.005	0.3137207840792275	2.7767162817022424e-7	0.24399972202639014	0.020188807162667556	57.801343726247225
7.109891801211866	0.007	0.005	0.31355032748988115	2.763388590546838e-7	0.24440437196502632	0.020189023378052992	57.55938831839284
7.164083510708847	0.007	0.005	0.31336363693345454	2.7501953824320026e-7	0.2447840280760671	0.02018923426690354	57.31757013397316
7.218475068685631	0.007	0.005	0.31316083041729587	2.7371329760898617e-7	0.24513872720828372	0.020189439858650984	57.07588171651523
7.273069712521557	0.007	0.005	0.3129420235518037	2.724197858723568e-7	0.24546850715262652	0.020189640181010233	56.83431571361321
7.3278707723682155	0.007	0.005	0.31270732931176487	2.7113866627429003e-7	0.24577340702362668	0.020189835260272807	56.59286457218401
7.382881621473007	0.007	0.005	0.3124568582444368	2.6986961715625604e-7	0.24605346686775287	0.020190025121147592	56.35152076403765
7.4381057136639255	0.007	0.005	0.3121907183289328	2.6861233049817084e-7	0.24630872780099144	0.02019020978691944	56.11027662590962
7.493546547855069	0.007	0.005	0.3119090151582514	2.6736651220058735e-7	0.24653923176026357	0.02019038927934992	55.86912452046304
7.54920770587088	0.007	0.005	0.31161185177817247	2.6613188069361464e-7	0.2467450216135628	0.02019056361882536	55.62805667644089
7.605092835298358	0.007	0.005	0.3112993287842757	2.649081669246393e-7	0.24692614100583438	0.020190732824316302	55.38706526960672
7.661205631998547	0.007	0.005	0.3109715444496443	2.636951142140302e-7	0.24708263425717264	0.02019089691334591	55.14614250321605
7.717549882210274	0.007	0.005	0.31062859451025676	2.6249247696516154e-7	0.24721454643986734	0.02019105590213325	54.90528043233288
7.774129426522831	0.007	0.005	0.3102705723946388	2.6130002109250496e-7	0.24732192321751956	0.020191209805501407	54.66447112467782
7.830948179775591	0.007	0.005	0.3098975691341432	2.6011752313395825e-7	0.2474048108553633	0.020191358636950506	54.42370658096751
7.888010128616313	0.007	0.005	0.30950967340135094	2.589447700790018e-7	0.24746325616586673	0.020191502408662836	54.182978751530406
7.945319325200426	0.007	0.005	0.30910697158177225	2.577815591112041e-7	0.2474973064653932	0.020191641131499745	53.94227956882018
8.002879903728434	0.007	0.005	0.30868954768806234	2.5662769703983485e-7	0.24750700955197874	0.02019177481505363	53.701600883942625
8.060696058895845	0.007	0.005	0.30825748354307075	2.5548300039471533e-7	0.24749241366473268	0.020191903467606874	53.46093456322635
8.118772186128695	0.007	0.005	0.3078108577319867	2.543472924837714e-7	0.2474535673619386	0.02019202709643955	53.22027191346119
8.177112633027008	0.007	0.005	0.3073497474916898	2.5322040811172215e-7	0.24739051955922137	0.020192145707284517	52.97960472309339
8.235721858412068	0.007	0.005	0.3068742275702111	2.5210219012126255e-7	0.2473033194978341	0.02019225930469544	52.73892460551019
8.294604356090293	0.007	0.005	0.3063843708679214	2.509924907804475e-7	0.2471920168202802	0.02019236789190077	52.49822331977011
8.3537647382125	0.007	0.005	0.30588024779865436	2.498911699220444e-7	0.2470566614388921	0.02019247147097252	52.25749243485905
8.413207654496452	0.007	0.005	0.3053619269996115	2.4879809635260984e-7	0.24689730368421642	0.02019257004268367	52.01672366659286
8.472937856564426	0.007	0.005	0.3048294748316889	2.4771314653495543e-7	0.24671399417626866	0.02019266360663095	51.77590862175068
8.532960152007266	0.007	0.005	0.3042829558211374	2.4663620521919713e-7	0.2465067839536145	0.020192752161164448	51.53503899093068
8.593279449643044	0.007	0.005	0.3037224322999606	2.455671645912816e-7	0.2462757243475642	0.020192835703464446	51.2941063728464
8.653900713107388	0.007	0.005	0.3031479648747428	2.4450592498169816e-7	0.24602086716238158	0.020192914229479157	51.053102467285996
8.714829002484697	0.007	0.005	0.3025596120904781	2.43452393999374e-7	0.24574226454656764	0.020192987733989785	50.81201891532105
8.776069447702293	0.007	0.005	0.3019574307283823	2.424064870236316e-7	0.2454399691272831	0.020193056210580144	50.5708474122833
8.837627262209358	0.007	0.005	0.3013414757274677	2.413681268237896e-7	0.2451140339884731	0.02019311965166033	50.3295796602407
8.899507719932064	0.007	0.005	0.30071180047056734	2.4033724392996335e-7	0.24476451283925196	0.02019317804845026	50.088207464916586
8.961716193733377	0.007	0.005	0.30006845645416574	2.3931377594438215e-7	0.24439145985690539	0.020193231391025506	49.846722591842024
9.02425809912301	0.007	0.005	0.2994114939248688	2.382976684993605e-7	0.24399493007240072	0.020193279668274354	49.60511699197998
9.08713896203611	0.007	0.005	0.2987409612392295	2.3728887404511916e-7	0.24357497902720612	0.020193322867963947	49.36338254521507
9.150364341107581	0.007	0.005	0.2980569057462342	2.3628735320166538e-7	0.24313166334263706	0.02019336097669063	49.12151136674914
9.213939895955521	0.007	0.005	0.2973593731305558	2.3529307360625808e-7	0.24266504035364123	0.020193393979939536	48.87949555028662
9.277871308347263	0.007	0.005	0.2966484083416226	2.343060112084264e-7	0.2421751687639357	0.020193421862052124	48.637327474810505
9.342164359546041	0.007	0.005	0.2959240548228721	2.333261490637479e-7	0.24166210818640294	0.020193444606282043	48.39499951526271
9.406824850506947	0.007	0.005	0.2951863554783747	2.3235347863833687e-7	0.24112591986787008	0.020193462194776735	48.15250434983777
9.471858649697602	0.007	0.005	0.29443535222543066	2.31387999046553e-7	0.2405666664495884	0.02019347460861765	47.909834783229506
9.537271659503784	0.007	0.005	0.29367108646397505	2.3042971769176944e-7	0.23998441237898419	0.020193481827831677	47.66698387676923
9.60306981230244	0.007	0.005	0.29289359922090225	2.2947865029750281e-7	0.23937922410739276	0.020193483831418845	47.42394496544894
9.669259075209446	0.007	0.005	0.2921029311925638	2.2853482094263497e-7	0.2387511702121747	0.020193480597381262	47.1807116426881
9.735845410580282	0.007	0.005	0.2912991233197252	2.2759826266440676e-7	0.23810032195015382	0.020193472102757428	46.937277906967026
9.802834806694179	0.007	0.005	0.29048221653055106	2.266690171058687e-7	0.23742675316238018	0.020193458323658087	46.6936380493624
9.870233210549621	0.007	0.005	0.2896522526704583	2.257471355041402e-7	0.2367305411506906	0.02019343923531934	46.44978689778125
9.938046580556106	0.007	0.005	0.2888092739800091	2.24832678035923e-7	0.23601176637495777	0.020193414812139182	46.2057196231403
10.006280799879576	0.007	0.005	0.2879533242888967	2.239257150690576e-7	0.2352705135936987	0.020193385027755823	45.96143204905935
10.074941719728876	0.007	0.005	0.2870844486133546	2.2302632662851768e-7	0.2345068716742248	0.020193349855094044	45.7169204901383
10.14403509807414	0.007	0.005	0.2862026940602532	2.2213460329056432e-7	0.2337209345311031	0.020193309266456953	45.4721819645164
10.213566591994695	0.007	0.005	0.2853081100724208	2.212506462579047e-7	0.23291280151899263	0.020193263233607518	45.22721421095045
10.283541731103268	0.007	0.005	0.2844007489182606	2.2037456787448354e-7	0.23208257805209326	0.02019321172786754	44.98201577108021
10.353965890096136	0.007	0.005	0.2834806662013063	2.195064918607101e-7	0.23123037625947465	0.02019315472022845	44.73658607161812
10.424844265129156	0.007	0.005	0.28254792132658324	2.186465536926789e-7	0.23035631561578873	0.02019309218146978	44.49092549008932
10.49618183040612	0.007	0.005	0.2816025782336194	2.1779490117208783e-7	0.229460523837006	0.0201930240823064	44.24503548578893
10.567983307722727	0.007	0.005	0.2806447059685718	2.1695169470668866e-7	0.22854313764623357	0.020192950393539487	43.998918681374896
10.640253135047205	0.007	0.005	0.27967437927261996	2.1611710761755935e-7	0.22760430356727265	0.020192871086219925	43.752578944126945
10.71299541957799	0.007	0.005	0.27869167938264633	2.1529132672789693e-7	0.22664417893701722	0.02019278613184187	43.5060215159424
10.786213874697852	0.007	0.005	0.27769669505879085	2.1447455289844894e-7	0.22566293316215388	0.02019269550257435	43.25925319192782
10.859911804102108	0.007	0.005	0.2766895229774984	2.1366700109810222e-7	0.22466074836953537	0.020192599171453184	43.0122823339664
10.934092036118418	0.007	0.005	0.2756702687983937	2.1286890090250331e-7	0.22363782072655405	0.020192497112646587	42.7651190477969
11.008756871006584	0.007	0.005	0.2746390480591398	2.120804969395498e-7	0.22259436160980342	0.02019238930172508	42.517775309510526
11.083908016781699	0.007	0.005	0.2735959872286635	2.1130204924264118e-7	0.22153059894608573	0.020192275715966455	42.27026512351911
11.159546548491946	0.007	0.005	0.27254122443271933	2.1053383341458433e-7	0.22044677822940537	0.020192156334644145	42.02260459641277
11.235672831072346	0.007	0.005	0.2714749106787303	2.097761409403523e-7	0.21934316405179738	0.020192031139387664	41.774812124204956
11.31228648106874	0.007	0.005	0.27039721053131494	2.0902927926326715e-7	0.21822004107387669	0.020191900114499898	41.52690844516239
11.389386281498027	0.007	0.005	0.26930830343242995	2.082935719677146e-7	0.2170777156606206	0.020191763247367423	41.27891683842152
11.466970141267385	0.007	0.005	0.2682083843830501	2.0756935880116106e-7	0.21591651685130656	0.020191620528813087	41.03086317068527
11.545035033362986	0.007	0.005	0.2670976649040505	2.0685699545152845e-7	0.2147367976079303	0.020191471953497	40.78277600549728
11.623576916402833	0.007	0.005	0.2659763742157996	2.0615685358221562e-7	0.21353893628739068	0.020191317520365255	40.5346867578178
11.702590733903655	0.007	0.005	0.26484475928537227	2.054693201401505e-7	0.2123233368880188	0.020191157232958182	40.286629596429684
11.782070303592619	0.007	0.005	0.26370308641473106	2.0479479736674696e-7	0.2110904309165436	0.020190991099941314	40.038641688491914
11.86200834334917	0.007	0.005	0.2625516408438795	2.0413370165280834e-7	0.20984067709833532	0.020190819135367504	39.79076300924562
11.94239639237139	0.007	0.005	0.261390727819881	2.0348646334616814e-7	0.2085745626261993	0.020190641359151947	39.54303647700779
12.023224823348555	0.007	0.005	0.2602206723213914	2.028535253579788e-7	0.20729260291567572	0.020190457797353137	39.295507801772715
12.104482829742869	0.007	0.005	0.2590418190992458	2.0223534239638668e-7	0.20599534165057945	0.020190268482494274	39.04822541139289
12.186158409216908	0.007	0.005	0.25785453273394404	2.0163237970718586e-7	0.20468335080032363	0.020190073453884155	38.80124038871111
12.268238419685062	0.007	0.005	0.2566591965968216	2.0104511168260862e-7	0.2033572293735238	0.02018987275774926	38.55460619020095
12.350708583894258	0.007	0.005	0.25545621251567374	2.0047402049241518e-7	0.20201760288687548	0.02018966644746174	38.30837852531604
12.433553556797175	0.007	0.005	0.254245999486533	1.9991959447373053e-7	0.20066512171784037	0.020189454583588395	38.06261505189934
12.516757001981416	0.007	0.005	0.25302899221238717	1.9938232637661697e-7	0.1993004591963866	0.020189237233878256	37.81737505404615
12.600301638286307	0.007	0.005	0.25180564004275097	1.9886271192191887e-7	0.19792431008477337	0.020189014473290794	37.5727192171653
12.684169383956252	0.007	0.005	0.2505764044552395	1.9836124785920228e-7	0.19653738736141416	0.020188786383727193	37.3287091270294
12.76834143236147	0.007	0.005	0.24934175751172033	1.9787843042421643e-7	0.19514042003867466	0.020188553053894123	37.085406983966756
12.852798375320207	0.007	0.005	0.24810217959835804	1.9741475356081197e-7	0.19373415012483491	0.020188314578996336	36.84287519098809
12.937520352084395	0.007	0.005	0.24685815677534861	1.9697070755894023e-7	0.19231932909422703	0.020188071060306203	36.60117588447569
13.022487167518563	0.007	0.005	0.24561017857281328	1.9654677742549258e-7	0.1908967148223558	0.020187822604770103	36.360370570210925
13.107678452013772	0.007	0.005	0.24435873517583392	1.9614344156366956e-7	0.18946706779490935	0.020187569324447503	36.12051965698345
13.193073789562366	0.007	0.005	0.24310431508633956	1.9576117086234025e-7	0.18803114783572378	0.020187311335995158	35.88168209813102
13.278652864168555	0.007	0.005	0.24184740253237164	1.9540042756747118e-7	0.1865897105332094	0.020187048760054956	35.643914997681904
13.364395590209247	0.007	0.005	0.24058847513644552	1.9506166479932207e-7	0.185143503958126	0.020186781720650037	35.40727327779116
13.450282260303329	0.007	0.005	0.23932800135636742	1.9474532579217335e-7	0.183693265123831	0.020186510344490576	35.17180931340068
13.536293636258222	0.007	0.005	0.23806643879645603	1.9445184387342137e-7	0.18223971745940007	0.020186234760426712	34.937572738057604
13.622411079376308	0.007	0.005	0.23680423197962008	1.941816423859954e-7	0.18078356768435716	0.0201859550987542	34.70461015370639
13.708616640087671	0.007	0.005	0.23554181075835454	1.9393513477627976e-7	0.17932550344577972	0.020185671490628273	34.472964963469344
13.794893152178787	0.007	0.005	0.23427958870245133	1.937127250325534e-7	0.17786619096219086	0.020185384067448468	34.24267720150908
13.881224274249382	0.007	0.005	0.23301796230389965	1.9351480844005788e-7	0.17640627365019804	0.020185092960409764	34.01378351183087
13.967594586874592	0.007	0.005	0.23175730941169032	1.9334177190192238e-7	0.174946369902639	0.020184798299864328	33.786316984442514
14.053989585265509	0.007	0.005	0.23049798923778209	1.9319399532706498e-7	0.17348707272874442	0.020184500215035803	33.560307273214875
14.140395756176751	0.007	0.005	0.22924034117445116	1.930718522051552e-7	0.17202894806414862	0.020184198833453553	33.33578049353031
14.226800544565087	0.007	0.005	0.2279846852588057	1.9297571095513378e-7	0.17057253503490308	0.020183894280774467	33.11275941019779
14.313192416077934	0.007	0.005	0.226731321278402	1.92905935994258e-7	0.16911834469159986	0.02018358668028378	32.89126337549587
14.399560769444259	0.007	0.005	0.2254805300908239	1.9286288907708566e-7	0.1676668613551091	0.020183276152939578	32.67130865302426
14.485896013565243	0.007	0.005	0.22423257258180904	1.9284693027433498e-7	0.16621854126455385	0.02018296281684958	32.452908315645914
14.572189466253652	0.007	0.005	0.22298769123491044	1.9285841963364767e-7	0.16477381429456697	0.02018264678740283	32.23607259623751
14.658433372158154	0.007	0.005	0.2217461099959014	1.928977180953794e-7	0.16333308373007185	0.02018232817699325	32.02080892996784
14.744620845638314	0.007	0.005	0.22050803524089208	1.9296518895113608e-7	0.16189672735495936	0.020182007095033955	31.807122182143285
14.830745841612215	0.007	0.005	0.21927365635464124	1.930611989976768e-7	0.16046509811817633	0.02018168364788971	31.59501480002156
14.916803108818947	0.007	0.005	0.21804314657327692	1.9318611970404436e-7	0.1590385251330768	0.020181357938893738	31.38448700300818
15.002788142761924	0.007	0.005	0.21681666383887294	1.933403285093299e-7	0.1576173147135169	0.020181030068385505	31.17553696748753
15.088697149808427	0.007	0.005	0.21559435150021183	1.9352420975356347e-7	0.15620175125166	0.02018070013372427	30.968160978762704
15.174526988398803	0.007	0.005	0.214376339342843	1.9373815584492454e-7	0.15479209849426903	0.020180368229407414	30.762353632844196
15.260275138635304	0.007	0.005	0.21316274421571815	1.939825682894728e-7	0.15338860036579144	0.020180034447096564	30.55810796392814
15.345939632139867	0.007	0.005	0.21195367121993403	1.942578585561213e-7	0.15199148245328206	0.020179698875813043	30.355415661475025
15.431519044391315	0.007	0.005	0.21074921401040775	1.9456444920070473e-7	0.15060095247451244	0.020179361601904477	30.154267133189887
15.517012407805272	0.007	0.005	0.20954945621246798	1.9490277448762452e-7	0.1492172020414302	0.02017902270933472	29.95465175071574
15.602419221242	0.007	0.005	0.20835447147477018	1.9527328148356533e-7	0.14784040685378633	0.02017868227960665	29.756557863397507
15.687739357818407	0.007	0.005	0.20716432494473985	1.956764306175773e-7	0.14647072853730533	0.02017834039209815	29.559973045639556
15.772973074672604	0.007	0.005	0.2059790733076709	1.9611269659378146e-7	0.1451083148275124	0.020177997124003276	29.36488410247383
15.858120943811224	0.007	0.005	0.2047987659223918	1.965825690425967e-7	0.14375330101733996	0.02017765255059701	29.171277254211244
15.943183850850795	0.007	0.005	0.2036234450031995	1.970865533355717e-7	0.14240581030701382	0.02017730674523553	28.979138161397685
16.0	0.007	0.005	0.20284056282287335	1.9744424611375755e-7	0.14150929219447422	0.020177074929931222	28.851508098164917
