0.0	0.007	0.005	0.0	0.0	0.0	0.0	100.0
0.0005856685986260727	0.007	0.005	0.00012697998803998587	0.00019974593460300098	1.6826679467450785e-7	8.650731296801156e-5	99.9956786918189
0.0008425524554218578	0.007	0.005	0.0001826656941106509	0.0002576419036436201	3.4822282565506067e-7	0.00016638201333612465	99.99378335406429
0.0012982806219236477	0.007	0.005	0.000281440946949108	0.00033103655787506607	8.266946527845582e-7	0.0003494211743736593	99.99042099372598
0.0016765169518816617	0.007	0.005	0.00036340621641442656	0.0003717822238683926	1.3784084639852794e-6	0.000529760792717449	99.98763045366391
0.0021496650249900546	0.007	0.005	0.00046592099436591696	0.00040577875598073383	2.265928174201731e-6	0.0007792608151367612	99.98413978638126
0.002623696156625433	0.007	0.005	0.0005686067826408655	0.0004274088309523872	3.375002158783675e-6	0.0010467232577178252	99.98064272650593
0.003161986206879266	0.007	0.005	0.0006851878412248149	0.0004425620419943979	4.9011899270203815e-6	0.0013636751622776425	99.97667175897303
0.0037354073952011986	0.007	0.005	0.0008093486474932851	0.0004520445001266386	6.838925691490726e-6	0.0017106659252351668	99.97244180240699
0.004372826104187407	0.007	0.005	0.0009473316983047897	0.00045795337810110174	9.370417117433875e-6	0.0021028723484774327	99.9677399653182
0.005070742732914687	0.007	0.005	0.0010983686918542995	0.0004613648203049644	1.2597747201761586e-5	0.002536567912729705	99.96259212672008
0.005849810004455475	0.007	0.005	0.001266915580118569	0.0004632365544181682	1.6762493654665573e-5	0.003023365422104449	99.95684603345003
0.00672115488882599	0.007	0.005	0.0014553612293114234	0.00046417519976068314	2.2122646224532032e-5	0.0035693815784303955	99.95041972816149
0.007710055088120386	0.007	0.005	0.0016691474431055563	0.0004645958357329636	2.9103425825080982e-5	0.004189884083527308	99.94312693449382
0.008844209108236393	0.007	0.005	0.0019142267320389353	0.00046474762683105977	3.8283302944770255e-5	0.004901881691095939	99.93476359970536
0.010167428239217086	0.007	0.005	0.002200014302839501	0.00046477191305074764	5.057698191195152e-5	0.0057326334678816804	99.92500696951707
0.011740220756340215	0.007	0.005	0.0025394989688445396	0.0004647390089677762	6.740501018065872e-5	0.006719947771519521	99.91341137270882
0.013656830940707562	0.007	0.005	0.0029528945189842572	0.00046467776996289735	9.11605086434042e-5	0.007922808346787323	99.89928275887948
0.01606258935852451	0.007	0.005	0.00347132633562028	0.00046459451341147526	0.00012602183766034352	0.009432176405538808	99.88155113448951
0.019163752568484835	0.007	0.005	0.004138846331808063	0.0004644835159997434	0.00017922524587858207	0.011377032499943813	99.85869867759035
0.022906660998812542	0.007	0.005	0.004943348769592709	0.00046434184013700245	0.0002558038752025107	0.01372311551263454	99.8311241665731
0.02669447037063041	0.007	0.005	0.005756220960795925	0.0004641833242320282	0.0003470293440952769	0.016095913822447797	99.80322661611618
0.03041326579925976	0.007	0.005	0.006553030383577304	0.00046400292877173837	0.00044998510934909583	0.0184239859173148	99.7758449435876
0.03401352559567444	0.007	0.005	0.007323261254265144	0.00046379230269529936	0.0005622612971410764	0.02067629617978729	99.74934321171186
0.03749714827667395	0.007	0.005	0.00806743496758871	0.0004635392686630223	0.0006826662253502783	0.022853982111656658	99.72370675359234
0.04088544649977941	0.007	0.005	0.008790204956053803	0.0004632279048164946	0.0008108454190579844	0.024970254024926544	99.69877812209735
0.04419538326974452	0.007	0.005	0.009495269881865182	0.0004628397578735959	0.0009465696187182862	0.02703551333071706	99.67443203420868
0.04743373849729546	0.007	0.005	0.010184141580592696	0.0004623550749168497	0.0010893823776266108	0.029053719145122413	99.6506182148367
0.05060207171963105	0.007	0.005	0.010857214182791152	0.00046175324054640926	0.0012386757443897198	0.031025504404999127	99.62732482100492
0.053701447956832106	0.007	0.005	0.011514773743010952	0.00046101278551770265	0.0013938525031344528	0.032951132357820004	99.60454366313647
0.05673364205769799	0.007	0.005	0.012157254036426632	0.0004601115317803346	0.0015543832866818858	0.034831248906065426	99.58226135114931
0.05970102177751536	0.007	0.005	0.012785210972459578	0.0004590268641803952	0.0017198087807446475	0.03666681056067829	99.56046015868272
0.06260639234814508	0.007	0.005	0.01339928911639545	0.0004577359849374952	0.0018897370455420231	0.03845898880473121	99.53911916867723
0.06545287871857923	0.007	0.005	0.014000196439735421	0.00045621613717284373	0.002063840218616451	0.04020909799888615	99.51821514062642
0.06824382821402895	0.007	0.005	0.014588683576251467	0.00045444480494305066	0.0022418504099233436	0.041918535880470204	99.49772322668602
0.07098273392869701	0.007	0.005	0.01516552759908245	0.0004523998936268205	0.0024235553556537243	0.043588736692091984	99.47761753463642
0.07367317995200387	0.007	0.005	0.015731520503010285	0.0004500598916255273	0.0026087944082676113	0.04522113744884698	99.45787152991393
0.07631880054811249	0.007	0.005	0.016287460692141032	0.00044740401940300133	0.0027974547642594227	0.0468171523751366	99.43845833480187
0.07892325479685687	0.007	0.005	0.01683414776096951	0.000444412364788575	0.0029894683419204398	0.04837815629901004	99.41935091389195
0.08149021276208977	0.007	0.005	0.017372379715990934	0.00044106600598876	0.00318480930267221	0.04990547444943394	99.40052217484333
0.0840233512565867	0.007	0.005	0.01790295221350085	0.0004373471219708817	0.0033834922722275522	0.05140037732067615	99.38194499872228
0.08652635971447062	0.007	0.005	0.01842665990464697	0.0004332390855298096	0.00358557146696099	0.05286408067726907	99.36359219627339
0.08900295309102199	0.007	0.005	0.018944299228642006	0.0004287265383803644	0.0037911406275193426	0.054297748584782576	99.34543641279767
0.09145689459394228	0.007	0.005	0.019456673229009194	0.00042379543807269236	0.004000334106987476	0.05570250074300801	99.3274499611504
0.09389202615606775	0.007	0.005	0.019964597942901993	0.0004184330729531322	0.0042133290739554945	0.057079422395728455	99.30960459826237
0.09631231068286797	0.007	0.005	0.020468911192513487	0.0004126280292374432	0.004430349307627883	0.05842957847058427	99.29187121570334
0.0987218874579057	0.007	0.005	0.020970484049216833	0.000406370096314571	0.004651670887622607	0.05975403176632802	99.27421943426299
0.10112514796635548	0.007	0.005	0.021470236459850685	0.00039965007957058014	0.004877630667083907	0.061053867867457666	99.25661704950016
0.10352688267005257	0.007	0.005	0.021969167496561377	0.00039245934892263417	0.005108642759469125	0.062330251471334815	99.23902895842599
0.10593230694022063	0.007	0.005	0.022468360341108502	0.00038478967909553476	0.005345205061659046	0.06358440919600915	99.22141697213054
0.10834737041934514	0.007	0.005	0.022969045946471284	0.0003766321680122772	0.005587935098148073	0.06481775068271052	99.2037375540895
0.1107790091147484	0.007	0.005	0.02347265442421745	0.000367976159979186	0.005837604213322686	0.06603193663978353	99.1859399801974
0.11323567054182847	0.007	0.005	0.023980922529604886	0.0003588070709591575	0.006095204408281799	0.06722905371781168	99.1679625031236
0.11572814715187223	0.007	0.005	0.024496064079915957	0.00034910279792554476	0.006362056150441192	0.06841188442025804	99.14972626597478
0.11827118206673216	0.007	0.005	0.025021098515110272	0.0003388267331063543	0.006640013898579133	0.06958444523806877	99.13112357456612
0.12088688759467259	0.007	0.005	0.025560550702196556	0.0003279127288358873	0.006931900516638715	0.07075315706159477	99.11199292775505
0.12361366826139909	0.007	0.005	0.0261222787212808	0.00031622556501298573	0.007242629627365659	0.07192998151082565	99.09205383422747
0.12653950832062402	0.007	0.005	0.02672429717659276	0.0003034126342212425	0.007583344922812279	0.07314444720590807	99.07066361587853
0.13015286589880545	0.007	0.005	0.027466755987841977	0.0002873365384967674	0.008014526896098457	0.07457401659406074	99.04425346973036
0.13299486163647634	0.007	0.005	0.02804992516877456	0.00027458689728676095	0.008361719207683842	0.07564326130922591	99.02348617843508
0.13582883590736397	0.007	0.005	0.028630753701129667	0.0002618800930377535	0.008714976808116257	0.07666096511892127	99.00278183833976
0.13853008434645547	0.007	0.005	0.02918373474633736	0.00024984201218472053	0.009058222888247754	0.07758607021606294	98.9830511911327
0.141163270049982	0.007	0.005	0.02972217703863143	0.00023823894089369677	0.00939894302390738	0.07844603090425638	98.96382147733833
0.14372278970113853	0.007	0.005	0.030244983553443707	0.0002271359341876642	0.009735911247592524	0.07924289155364639	98.94513331488483
0.1462279989766716	0.007	0.005	0.030756150795748255	0.00021647926595816472	0.010071235035224774	0.07998623369610872	98.9268451135422
0.148684396279055	0.007	0.005	0.031256834505540204	0.000206268161106758	0.01040530225840418	0.08068067683719032	98.90891652508044
0.15110192220929738	0.007	0.005	0.03174908911612817	0.00019647786821619463	0.010739173746813258	0.0813316740168978	98.89127482088759
0.15348661478233236	0.007	0.005	0.032234166859871335	0.00018709596520040376	0.01107344806930366	0.08194314835752865	98.87387579834
0.1558450281898576	0.007	0.005	0.03271341951664978	0.00017810505924181877	0.01140885142323426	0.0825188124829876	98.85667152273756
0.1581822095901058	0.007	0.005	0.033187887536563675	0.00016949148358454965	0.01174594713497555	0.08306169454004961	98.83962508475538
0.16050293685198336	0.007	0.005	0.03365855258153615	0.00016124092187971264	0.012085301312642419	0.08357450703611975	98.82270156492848
0.1628112265104339	0.007	0.005	0.03412623823559549	0.00015334056269993205	0.012427405752336683	0.08405957311810197	98.80587161869514
0.16511073152194408	0.007	0.005	0.03459169129100144	0.00014577787332902562	0.012772729818490995	0.08451895522282639	98.78910857198215
0.16740465382075972	0.007	0.005	0.03505556447261213	0.00013854106860309342	0.013121702984370863	0.08495446644319621	98.77238905601739
0.16969590185527278	0.007	0.005	0.0355184487169054	0.00013161870707011696	0.013474734505992597	0.08536772803521786	98.75569185647534
0.17198703250713546	0.007	0.005	0.035980861757951614	0.00012499995397298734	0.013832201218668684	0.08576018016652513	98.73899833474405
0.17428038389613745	0.007	0.005	0.03644327524320008	0.00011867423779508314	0.014194465089274388	0.0861331244073462	98.7222914583418
0.176578059686205	0.007	0.005	0.03690611178907344	0.00011263135121123967	0.014561868494906911	0.08648773565174618	98.70555591387718
0.17888198763058918	0.007	0.005	0.037369756983563956	0.00010686133017361111	0.014934741454643644	0.08682508431633455	98.68877767931924
0.18119392792593603	0.007	0.005	0.03783456123147398	0.00010135446924196892	0.015313401308686626	0.08714614804061699	98.67194396213868
0.18351550391450408	0.007	0.005	0.03830084607429256	9.610127540871121e-5	0.015698156244886914	0.08745182509628041	98.65504297484165
0.18584821400763502	0.007	0.005	0.03876890670646929	9.10924677077402e-5	0.016089306033499545	0.08774294352689062	98.63806384741264
0.1881934501624513	0.007	0.005	0.039239015789774574	8.631895988695347e-5	0.016487144030813066	0.08802026999170896	98.62099649216347
0.19055250779570104	0.007	0.005	0.03971142553140198	8.177186123784375e-5	0.016891957928938845	0.08828451647390978	98.60383153102252
0.19292659839095108	0.007	0.005	0.04018637028864199	7.744247065218257e-5	0.017304031096440974	0.088536346487867	98.58656020330679
0.19531685628214254	0.007	0.005	0.040664067995199414	7.332228109733664e-5	0.017723643041552266	0.08877637991853148	98.56917431594411
0.19772434799056543	0.007	0.005	0.04114472208906557	6.940297813866089e-5	0.018151070411610078	0.08900519756307355	98.55166617517769
0.20015007606579535	0.007	0.005	0.041628522333768285	6.567644681252857e-5	0.018586587110119707	0.08922334462793308	98.53402855829853
0.20259498638388349	0.007	0.005	0.042115646323815925	6.213477141530603e-5	0.019030465088311025	0.08943133416212148	98.5162546602735
0.20505997024372993	0.007	0.005	0.042606259946843625	5.8770242170082654e-5	0.019482974261008524	0.08962964966802375	98.49833807823263
0.20754586934803454	0.007	0.005	0.04310051841694053	5.5575356146884284e-5	0.01994438298193174	0.08981874768654	98.48027277500852
0.21005347682303432	0.007	0.005	0.04359856651602064	5.2542822365519296e-5	0.02041495782742697	0.08999905981323038	98.46205307148973
0.21258354069045057	0.007	0.005	0.04410053932084504	4.966556230558787e-5	0.020894963854872464	0.09017099470509876	98.44367362116573
0.21513676381100738	0.007	0.005	0.044606562227431173	4.693671348323609e-5	0.02138466421748746	0.09033493965339752	98.4251294103197
0.21771380598163728	0.007	0.005	0.0451167514024575	4.434962921400973e-5	0.021884320191515552	0.0904912621636938	98.40641574257785
0.22031528345964171	0.007	0.005	0.04563121372423653	4.189788005692034e-5	0.022394190715418916	0.09064031123701498	98.38752824214964
0.22294176982143868	0.007	0.005	0.04615004698869394	3.957525275693673e-5	0.022914532181011603	0.09078241862772865	98.36846284737135
0.22559379505785931	0.007	0.005	0.0466733397674186	3.737574989834984e-5	0.023445597872072926	0.09091789990169043	98.34921581704731
0.22827184532309744	0.007	0.005	0.04720117139670638	3.529358799446891e-5	0.023987637515333463	0.09104705545154526	98.32978373203404
0.230976361942804	0.007	0.005	0.047733611822282515	3.3323195406532066e-5	0.02454089666620105	0.09117017139890592	98.31016350218887
0.2337077398320815	0.007	0.005	0.04827072133057698	3.1459209905998885e-5	0.025105615948673856	0.09128752040820194	98.29035237758151
0.2364663267764004	0.007	0.005	0.04881255045282259	2.969647497151906e-5	0.025682030444825223	0.09139936248252309	98.2703479534263
0.23925242158981164	0.007	0.005	0.049359139651368567	2.8030036345418236e-5	0.026270368824936358	0.09150594565619864	98.25014818313771
0.24206627165886405	0.007	0.005	0.049910518889680955	2.6455138382289683e-5	0.02687085230923812	0.09160750662284095	98.22975139581219
0.24490807193891895	0.007	0.005	0.05046670749139986	2.496721912983291e-5	0.02748369389876597	0.09170427137727223	98.20915630315251
0.247777962815181	0.007	0.005	0.05102771378063424	2.3561905803270556e-5	0.028109097330664686	0.09179645577195011	98.18836201459709
0.2506760277411542	0.007	0.005	0.05159353468355284	2.223501006809105e-5	0.028747255941409137	0.09188426603269921	98.16736805403002
0.25360229182848887	0.007	0.005	0.05216415552053256	2.0982522687877494e-5	0.029398351696258474	0.09196789927030907	98.14617436956739
0.2565567198757301	0.007	0.005	0.052739549692958514	1.9800608361671603e-5	0.03006255405800901	0.09204754393902506	98.12478134737998
0.25953921540984753	0.007	0.005	0.053319678571637996	1.8685600126824447e-5	0.030740019045017393	0.09212338028965535	98.10318981815318
0.26254961839380964	0.007	0.005	0.05390449112953702	1.7633994306059144e-5	0.03143088795361369	0.0921955807546458	98.08140107317823
0.2655877045814914	0.007	0.005	0.05449392389922633	1.6642444880313965e-5	0.03213528641774315	0.09226431034653451	98.05941686848865
0.26865318559623963	0.007	0.005	0.05508790107332089	1.570775781973238e-5	0.03285332361578919	0.09232972703752348	98.03723942374202
0.2717457079171899	0.007	0.005	0.05568633439542917	1.4826885944439308e-5	0.03358509120542891	0.09239198208247718	98.01487142898823
0.27486485467910254	0.007	0.005	0.05628912359780569	1.399692317322837e-5	0.03433066290727953	0.09245122037022362	97.99231603107155
0.27801014559960757	0.007	0.005	0.056896156476780264	1.321509957191771e-5	0.035090093648666214	0.09250758070363453	97.96957683357454
0.28118103980721	0.007	0.005	0.05750730952859615	1.247877590325619e-5	0.035863419407077816	0.09256119610550399	97.94665787578512
0.2843769380785674	0.007	0.005	0.0581224484686683	1.1785438656739975e-5	0.03665065693989208	0.0926121940802507	97.92356361594952
0.28759718680946383	0.007	0.005	0.05874142908162061	1.1132694999499418e-5	0.03745180397326104	0.09266069687480745	97.90029890201434
0.29084108096920736	0.007	0.005	0.05936409787113976	1.0518268235676687e-5	0.03826683918753694	0.09270682169516802	97.87686894974242
0.29410787098790253	0.007	0.005	0.05999029345936829	9.939992815106772e-6	0.0390957232456633	0.09275068095405781	97.85327929245577
0.29739676691727873	0.007	0.005	0.06061984745442491	9.395810165374377e-6	0.039938399220446334	0.09279238245151246	97.8295357505252
0.30070694458183767	0.007	0.005	0.06125258569184098	8.883764401351955e-6	0.04079479360162527	0.09283202956283583	97.80564438653582
0.3040375531037355	0.007	0.005	0.06188832972830683	8.401998087276453e-6	0.041664817757613964	0.09286972142151002	97.78161145060349
0.3073877213615654	0.007	0.005	0.0625268981201295	7.948748387503742e-6	0.04254836923146338	0.09290555307019434	97.75744333345995
0.3107565648821634	0.007	0.005	0.06316810777329829	7.52234331920481e-6	0.04344533325506609	0.09293961560331278	97.73314651648464
0.3141431926967392	0.007	0.005	0.06381177527509214	7.121198148103502e-6	0.044355584364056976	0.09297199629824987	97.70872752206954
0.31754671503489423	0.007	0.005	0.06445771837276842	6.7438118109631755e-6	0.04527898835200471	0.09300277874564195	97.6841928580216
0.3209662491188876	0.007	0.005	0.06510575707910939	6.388763639441326e-6	0.04621540382642739	0.093032042955352	97.65954897574213
0.3244009252635843	0.007	0.005	0.06575571482539572	6.05471009366704e-6	0.04716468394576547	0.0930598654635234	97.6348022262718
0.3278498921213579	0.007	0.005	0.06640741944195619	5.740381612419974e-6	0.04812667801767104	0.09308631943179405	97.6099588225663
0.331312321723082	0.007	0.005	0.06706070409065491	5.444579501146247e-6	0.04910123312741225	0.09311147474617265	97.58502480330338
0.33478741267880974	0.007	0.005	0.06771540784161163	5.166172975495092e-6	0.05008819532560093	0.09313539810508609	97.5600060099994
0.338274394038699	0.007	0.005	0.06837137636780163	4.904096149170233e-6	0.051087411061673346	0.09315815311667656	97.5349080594156
0.341772527264721	0.007	0.005	0.06902846227773134	4.6573451628647076e-6	0.05209872813393494	0.0931798003873963	97.50973632960606
0.3452811079066296	0.007	0.005	0.06968652538857797	4.424975327312754e-6	0.05312199658852571	0.09320039761432282	97.48449594812055
0.34879946604367945	0.007	0.005	0.07034543276479928	4.206098345778705e-6	0.05415706928395914	0.09321999967530574	97.4591917891074
0.3523269673497626	0.007	0.005	0.07100505887181949	3.9998795158495714e-6	0.05520380265207277	0.09323865872752374	97.43382846594446
0.35586301291789546	0.007	0.005	0.07166528549584446	3.8055350332197785e-6	0.05626205710549746	0.0932564243026482	97.40841033280395
0.3594070385376422	0.007	0.005	0.07232600156152778	3.622329358419276e-6	0.05733169727908131	0.09327334340278988	97.38294149015049
0.3629585138968745	0.007	0.005	0.07298710293631995	3.44957263478064e-6	0.05841259223898737	0.0932894605988437	97.35742579077855
0.3665169412419709	0.007	0.005	0.07364849213518561	3.2866181895435684e-6	0.05950461551400549	0.09330481812810983	97.33186684973383
0.3700818542072163	0.007	0.005	0.07431007805862422	3.1328600970841956e-6	0.060607645159823836	0.09331945599371366	97.30626805300767
0.373652817059079	0.007	0.005	0.07497177580920196	2.9877308102704224e-6	0.06172156393580901	0.09333341206550051	97.28063256324322
0.37722942223005235	0.007	0.005	0.07563350619290328	2.850698937340802e-6	0.0628462589302717	0.09334672217337302	97.25496333770947
0.38081128922121477	0.007	0.005	0.07629519547712107	2.7212670595223823e-6	0.06398162158367666	0.0933594202051767	97.2292631364302
0.38439806346390837	0.007	0.005	0.0769567751428088	2.5989696499652943e-6	0.06512754768161802	0.09337153820215943	97.20353453059542
0.38798941443016655	0.007	0.005	0.07761818150018149	2.4833711117844823e-6	0.06628393708703251	0.0933831064494431	97.17777991634829
0.39158503442134185	0.007	0.005	0.07827935543213316	2.374063895033219e-6	0.06745069366400365	0.09339415356624811	97.15200152369025
0.39518463613442517	0.007	0.005	0.07894024191538454	2.270666739236538e-6	0.06862772478116007	0.09340470658946036	97.12620143413329
0.3987879525854804	0.007	0.005	0.07960078997746578	2.172822959361511e-6	0.06981494155712652	0.09341479106125157	97.10038158143763
0.40239473558158445	0.007	0.005	0.08026095238831317	2.080198863658266e-6	0.07101225862004895	0.09342443110855599	97.07454376274602
0.4060047539318685	0.007	0.005	0.08092068530678431	1.9924822662405877e-6	0.07221959375556651	0.09343364951866842	97.0486896515697
0.40961779283596017	0.007	0.005	0.08157994814485876	1.909381067714417e-6	0.07343686792514427	0.09344246781453468	97.02282080232558
0.4132336523006607	0.007	0.005	0.08223870325595953	1.8306219395741267e-6	0.07466400494316303	0.09345090632395424	96.99693866182193
0.41685214650077557	0.007	0.005	0.08289691579756511	1.7559490762802128e-6	0.07590093145333145	0.09345898424765828	96.9710445739709
0.4240940578390038	0.007	0.005	0.08421116978110968	1.611310342701377e-6	0.07840306547432674	0.09347412707379822	96.91924192848431
0.43099093447375203	0.007	0.005	0.08545901265939698	1.494380313430452e-6	0.08081878818905662	0.09348737260501055	96.86993310328668
0.4393448706850163	0.007	0.005	0.08696553524330405	1.364894218920041e-6	0.0837874125281435	0.09350205078600791	96.81024070852742
0.4472078722358553	0.007	0.005	0.08837858916150602	1.2571830223123549e-6	0.08662385603483136	0.09351464003999992	96.7540898535386
0.45607557558114353	0.007	0.005	0.08996647274694096	1.1482021475963266e-6	0.08987152171561916	0.09352756799501158	96.69080334950125
0.4646168544821369	0.007	0.005	0.09149018533482758	1.055373456549226e-6	0.09304815125730292	0.09353888639833076	96.62988559048316
0.47384141216263626	0.007	0.005	0.09312950649010335	9.658768255351377e-7	0.09653191209837356	0.09355000079122447	96.56413768570211
0.4828586064850832	0.007	0.005	0.09472568901594175	8.88428143311772e-7	0.09999011185689491	0.09355987554695497	96.49991099896879
0.4923353196738794	0.007	0.005	0.09639653649488045	8.15878881171258e-7	0.10368024700518863	0.09356931720785529	96.43245734010553
0.5016862178267644	0.007	0.005	0.09803851639596499	7.523644795910639e-7	0.10737684726343794	0.09357779732650234	96.36594542724528
0.5113467597681389	0.007	0.005	0.09972791849151377	6.938523449411287e-7	0.11125317392225557	0.09358578270498194	96.29727923037332
0.520935949651232	0.007	0.005	0.1013978814337197	6.421746913483749e-7	0.1151579445248778	0.09359301502150648	96.22916858494627
0.5307366963189479	0.007	0.005	0.10309754528652477	5.949992225774672e-7	0.11920706398587363	0.09359977015212262	96.15960506190919
0.5405023909886488	0.007	0.005	0.10478397425716468	5.530438089677261e-7	0.12329966672584243	0.09360592966710185	96.09034034784752
0.5504163285435282	0.007	0.005	0.10648872217974169	5.149138074723434e-7	0.12751300756088585	0.09361166130826766	96.02007523159389
0.56031945716023	0.007	0.005	0.10818431348054856	4.808099318848079e-7	0.13178013870931768	0.0936169173097467	95.94993802047487
0.5703303747479281	0.007	0.005	0.10989097310730399	4.4986529376333335e-7	0.1361524384294	0.09362180319394696	95.87908948298214
0.5803467493861831	0.007	0.005	0.11159115650470229	4.220554090310126e-7	0.14058562530341262	0.09362630576237373	95.80825468192052
0.5904452890291627	0.007	0.005	0.11329781367483441	3.9681887531781383e-7	0.1451138254824889	0.09363049393357221	95.73689179596285
0.6005602827675987	0.007	0.005	0.1149997569418627	3.740448847117098e-7	0.14970783883632457	0.09363437055328508	95.66546591928626
0.6107413643215219	0.007	0.005	0.11670527322244448	3.5335492725082583e-7	0.15439032277046402	0.09363798240519404	95.59362718260039
0.6209464173338712	0.007	0.005	0.11840723464067618	3.3461550667294287e-7	0.15914207984746997	0.09364133904001745	95.52167343789012
0.6312075991231667	0.007	0.005	0.12011094296282109	3.1756177255606206e-7	0.16397816138087273	0.09364447342521855	95.44937854808974
0.641497980267394	0.007	0.005	0.12181186003123169	3.0206485207162126e-7	0.16888599098541254	0.09364739723118097	95.37693288458141
0.6518384420132072	0.007	0.005	0.12351337736085691	2.8793332563817035e-7	0.17387558312144347	0.0936501344961087	95.30419003483415
0.6622118258598204	0.007	0.005	0.12521260759422428	2.7505313526002255e-7	0.1789387378082147	0.09365269685893247	95.2312713307131
0.6726317437194584	0.007	0.005	0.126911720698669	2.632821228094134e-7	0.18408214041862755	0.09365510237717847	95.1580816873394
0.6830873193325393	0.007	0.005	0.12860888055313982	2.525234712872193e-7	0.18930047904469682	0.09365736173540941	95.08469812206013
0.6935874827749761	0.007	0.005	0.1303054765009998	2.426692375029319e-7	0.19459824314241375	0.093659488842686	95.011058566411
0.7041253979224792	0.007	0.005	0.13200034166298977	2.3363898177708677e-7	0.19997202555075258	0.09366149311367734	94.93721159015317
0.7147069803077836	0.007	0.005	0.13369436641126575	2.2534926539291455e-7	0.20542486913861235	0.09366338548379481	94.86311635967559
0.7253279935755655	0.007	0.005	0.1353868098417321	2.177339765941024e-7	0.21095462276080962	0.09366517406986298	94.78880317536388
0.7359924120561678	0.007	0.005	0.13707824308901662	2.1072768858751646e-7	0.21656337716041188	0.09366686761243129	94.71424486533571
0.746697673825012	0.007	0.005	0.1387681963074068	2.042763297362157e-7	0.22224980959141385	0.0936684730280339	94.63945998982385
0.7574465064134818	0.007	0.005	0.14045703661602874	1.983279974769751e-7	0.22801538642290836	0.09366999739650601	94.56443014691149
0.7682374288678426	0.007	0.005	0.14214446672530848	1.9283852714502014e-7	0.23385933226413025	0.0936714465768472	94.48916633818976
0.7790723658887417	0.007	0.005	0.14383072275739514	1.877663516447527e-7	0.23978270331948792	0.09367282636520118	94.41365580896021
0.7899505349213416	0.007	0.005	0.14551561704209925	1.8307537058397682e-7	0.2457850858732141	0.09367414171238617	94.33790469385967
0.800873348942801	0.007	0.005	0.14719930210078644	1.7873202545067187e-7	0.2518672697463236	0.0936753974057064	94.26190384147779
0.8118404762908282	0.007	0.005	0.14888165952530702	1.7470674786084537e-7	0.25802907982860884	0.09367659762679102	94.18565625843284
0.8228530033170951	0.007	0.005	0.15056278809345416	1.7097225847014525e-7	0.2642711327624761	0.09367774635851966	94.1091550991754
0.8339108929365601	0.007	0.005	0.15224261336451475	1.675042701387489e-7	0.27059341260450576	0.09367884713627497	94.03240133930089
0.8450150239118447	0.007	0.005	0.15392119937841864	1.6428047435576645e-7	0.2769964238969578	0.09367990329403696	93.95538960633684
0.8561655525349254	0.007	0.005	0.15559849941835088	1.6128085666951475e-7	0.28348025719313336	0.09368091782601135	93.87811955425143
0.8673632282141605	0.007	0.005	0.1572745551294691	1.5848707516356295e-7	0.29004534585337705	0.09368189353786616	93.80058673756885
0.8786083348091528	0.007	0.005	0.15894933703632658	1.5588257896013866e-7	0.29669185181609053	0.09368283297099073	93.72278994951341
0.8899015396522253	0.007	0.005	0.16062287177989806	1.5345221417284726e-7	0.30342016215471074	0.0936837384971977	93.6447253422943
0.901243215181746	0.007	0.005	0.16229514092368716	1.5118224422705207e-7	0.31023048898334643	0.0936846122790671	93.56639112158572
0.912633980064135	0.007	0.005	0.16396616123659927	1.4906009266496547e-7	0.3171231910445192	0.09368545632993518	93.48778380539723
0.924074265919865	0.007	0.005	0.16563592070208072	1.470743179186941e-7	0.32409851402596584	0.09368627249459223	93.4089012175328
0.9355646655977203	0.007	0.005	0.16730442966157022	1.4521443846624938e-7	0.33115680077510107	0.09368706248849669	93.32974008388125
0.9471056534887113	0.007	0.005	0.16897167991687784	1.434708902260291e-7	0.33829832104278224	0.09368782788944824	93.25029796160878
0.9586978093334957	0.007	0.005	0.17063767725720203	1.4183490338238243e-7	0.345523408578513	0.09368857016389953	93.17057169718213
0.9703416380563196	0.007	0.005	0.17230241537845498	1.4029845542436948e-7	0.3528323497608719	0.09368929066463094	93.09055866707993
0.9820377162265985	0.007	0.005	0.17396589694213577	1.3885418120980458e-7	0.360225474607603	0.09368999064907495	93.01025577054173
0.9937865737438333	0.007	0.005	0.17562811661684608	1.3749532830172518e-7	0.3677030825478673	0.0936906712799634	92.92966024306347
1.0055887879662002	0.007	0.005	0.1772890744682791	1.362156895306328e-7	0.3752655016839353	0.09369133363834083	92.84876901024546
1.017444911194874	0.007	0.005	0.17894876566192375	1.3500956243643472e-7	0.3829130426362221	0.09369197872597476	92.76757918567733
1.0293555264452379	0.007	0.005	0.1806071883054401	1.338716981003241e-7	0.3906460340876042	0.09369260747459154	92.6860876888801
1.0413212049959124	0.007	0.005	0.18226433747482307	1.3279726538463716e-7	0.39846479534938467	0.09369322074907711	92.60429153640062
1.0533425381320423	0.007	0.005	0.18392020962311162	1.3178181134526057e-7	0.4063696567979587	0.09369381935422914	92.52218762486334
1.065420112576686	0.007	0.005	0.18557479915329342	1.308212305590215e-7	0.4143609437197888	0.09369440403810807	92.43977289926576
1.0775545313638968	0.007	0.005	0.1872281012759157	1.2991173345746083e-7	0.4224389898906073	0.09369497549730778	92.35704421071338
1.0897463970777204	0.007	0.005	0.18888010968771923	1.2904982076569154e-7	0.43060412637645595	0.09369553438000235	92.2739984311532
1.101996328110862	0.007	0.005	0.19053081876273614	1.2823225775503973e-7	0.43885669223603374	0.09369608129024945	92.19063234288372
1.1143049392742497	0.007	0.005	0.19218022090666817	1.2745605338902983e-7	0.4471970213771532	0.09369661679035318	92.1069427709458
1.126672864735041	0.007	0.005	0.19382830962310948	1.2671843865659936e-7	0.45562545788023273	0.09369714140486254	92.0229264273896
1.1391007351966889	0.007	0.005	0.19547507643070214	1.2601684956760325e-7	0.4641423404019972	0.09369765562230885	91.9385800668084
1.1515891985686848	0.007	0.005	0.1971205135967374	1.2534890933961612e-7	0.47274801609947337	0.09369815989859748	91.85390034627328
1.1641389027244244	0.007	0.005	0.19876461182538363	1.2471241409309324e-7	0.4814428286793562	0.09369865465859818	91.76888394275583
1.1767505122448543	0.007	0.005	0.2004073624377283	1.2410531814014057e-7	0.4902271297885269	0.0936991402989429	91.6835274399949
1.1894246926799783	0.007	0.005	0.2020487552820842	1.2352572216890582e-7	0.4991012679657426	0.09369961718935631	91.59782743553392
1.2021621232396167	0.007	0.005	0.20368878036503715	1.2297186104394822e-7	0.5080655973008857	0.09370008567494956	91.51178045520422
1.2149634867973316	0.007	0.005	0.20532742652991814	1.22442093772166e-7	0.5171204702741373	0.09370054607750221	91.42538302113815
1.2278294810495969	0.007	0.005	0.20696468286458386	1.2193489335370221e-7	0.5262662454498983	0.09370099869740062	91.33863157682897
1.2407608093002056	0.007	0.005	0.20860053748918733	1.2144883842067173e-7	0.5355032808082802	0.09370144381471299	91.25152254980836
1.2537581857153997	0.007	0.005	0.21023497819989226	1.209826048810392e-7	0.5448319372875393	0.09370188169068129	91.16405231663497
1.2668223320168779	0.007	0.005	0.21186799202195988	1.205349586899725e-7	0.5542525762381533	0.09370231256881172	91.07621722562949
1.2799539837037182	0.007	0.005	0.2134995659582451	1.2010474885027937e-7	0.5637655637208496	0.09370273667619299	90.9880135555125
1.2931538823756683	0.007	0.005	0.21512968599853993	1.196909014777889e-7	0.5733712647825024	0.0937031542242714	90.8994375675099
1.3064227837541995	0.007	0.005	0.21675833808458625	1.1929241377750033e-7	0.5830700490720448	0.09370356541006146	90.81048545197986
1.3197614499294907	0.007	0.005	0.21838550712065616	1.1890834911159886e-7	0.5928622849974777	0.09370397041678113	90.72115338095114
1.3331706583625647	0.007	0.005	0.22001117804432235	1.1853783185627095e-7	0.6027483461051153	0.09370436941494517	90.63143744831399
1.3466511940734422	0.007	0.005	0.2216353348372182	1.1818004316626333e-7	0.6127286051441508	0.09370476256288084	90.54133372270259
1.360203856958182	0.007	0.005	0.22325796137692105	1.1783421683279779e-7	0.6228034392462665	0.09370515000764454	90.45083819910256
1.3738294538790559	0.007	0.005	0.22487904045002144	1.1749963550904286e-7	0.6329732238407216	0.0937055318854407	90.35994685227935
1.3875288106062813	0.007	0.005	0.22649855514049186	1.1717562715627436e-7	0.643238341322127	0.09370590832256004	90.2686555576727
1.4013027574865442	0.007	0.005	0.22811648708789073	1.1686156205736704e-7	0.653599170116317	0.09370627943553547	90.17696018759656
1.4151521451494489	0.007	0.005	0.22973281830499592	1.1655684957149981e-7	0.6640560962101617	0.09370664533208958	90.08485650720301
1.4290778300445492	0.007	0.005	0.23134752943758422	1.1626093566299647e-7	0.6746095020317472	0.09370700611122255	89.99234027142279
1.443080687549567	0.007	0.005	0.2329606012556493	1.1597330020320819e-7	0.6852597760849208	0.09370736186400379	89.89940713843365
1.4571616038757762	0.007	0.005	0.2345720136668917	1.156934547262625e-7	0.6960073065755281	0.09370771267376991	89.8060527241735
1.4713214800030494	0.007	0.005	0.23618174613014245	1.1542094023518046e-7	0.7068524841235043	0.09370805861660855	89.71227257689779
1.4855612328793595	0.007	0.005	0.2377897777432281	1.1515532517478922e-7	0.7177957024193842	0.09370839976173882	89.61806216999668
1.499881791883585	0.007	0.005	0.23939608679605548	1.1489620366678126e-7	0.7288373552273565	0.09370873617175339	89.5234169261598
1.5142841028590766	0.007	0.005	0.24100065118056788	1.1464319374866807e-7	0.7399778391869966	0.09370906790301983	89.42833219144572
1.528769127437429	0.007	0.005	0.2426034482631971	1.1439593571745678e-7	0.7512175530011879	0.09370939500594418	89.33280324057446
1.5433378413700807	0.007	0.005	0.24420445465193807	1.1415409080206062e-7	0.762556895825969	0.09370971752519436	89.23682528873421
1.5579912406177523	0.007	0.005	0.24580364681494532	1.1391733961043494e-7	0.773996271687755	0.09371003550007642	89.14039345230098
1.5727303338707295	0.007	0.005	0.24740100020619504	1.1368538107743772e-7	0.7855360833302614	0.09371034896459168	89.04350279898014
1.5875561506481297	0.007	0.005	0.2489964900960887	1.1345793100893835e-7	0.7971767381934066	0.09371065794781877	88.94614829539348
1.6024697347325438	0.007	0.005	0.2505900908039384	1.1323472129947415e-7	0.8089186429222057	0.09371096247396325	88.84832485116344
1.6174721543969868	0.007	0.005	0.2521817767358457	1.1301549855973274e-7	0.8207622110481373	0.09371126256274279	88.75002725276033
1.6325644888047506	0.007	0.005	0.2537715208753909	1.1280002352512876e-7	0.832707851897917	0.09371155822927146	88.6512502536646
1.6477478463662307	0.007	0.005	0.25535929666637547	1.1258806981061737e-7	0.8447559847077686	0.09371184948457248	88.55198845514373
1.6630233449763614	0.007	0.005	0.25694507586922644	1.1237942351152145e-7	0.8569070225791763	0.09371213633532612	88.4522364366352
1.6783921326047528	0.007	0.005	0.2585288306509801	1.1217388189534199e-7	0.8691613883990773	0.0937124187843891	88.35198862220659
1.6938553703943466	0.007	0.005	0.2601105317607605	1.1197125323190457e-7	0.8815195009766456	0.09371269683058718	88.25123939207477
1.7094142473723801	0.007	0.005	0.2616901499802606	1.1177135575336483e-7	0.8939817863222962	0.09371297046908911	88.14998298777364
1.7250699726657297	0.007	0.005	0.2632676552490655	1.115740171282555e-7	0.9065486709864505	0.0937132396913545	88.04821356414242
1.740823779016358	0.007	0.005	0.2648430169516064	1.11379073940332e-7	0.9192205843937332	0.0937135044852795	87.94592516765196
1.7566769200653845	0.007	0.005	0.266416203572338	1.1118637115811572e-7	0.93199795616317	0.09371376483522566	87.84311175529504
1.772630681369485	0.007	0.005	0.2679871837106948	1.1099576139642785e-7	0.9448812244799205	0.09371402072226558	87.73976712446664
1.7886863650141762	0.007	0.005	0.269555924476182	1.1080710476967523e-7	0.9578708231626611	0.09371427212398799	87.6358850140968
1.8048453071142585	0.007	0.005	0.2711223931299805	1.1062026818667374e-7	0.9709671952469097	0.09371451901482801	87.53145899269012
1.8211088644415867	0.007	0.005	0.2726865556891678	1.104351250894985e-7	0.9841707816077762	0.0937147613658975	87.4264825463466
1.8374784267987994	0.007	0.005	0.2742483780393073	1.1025155497855368e-7	0.9974820303980464	0.09371499914520906	87.32094900029989
1.8539554078288805	0.007	0.005	0.27580782495789385	1.1006944303927436e-7	1.0109013889802543	0.09371523231756594	87.2148515798233
1.8705412565230515	0.007	0.005	0.2773648611156352	1.0988867984744916e-7	1.024429312655295	0.09371546084474858	87.10818333769132
1.8872374457334855	0.007	0.005	0.2789194498929172	1.0970916107223977e-7	1.0380662546482553	0.09371568468536698	87.00093722982261
1.9040454860681588	0.007	0.005	0.28047155458370787	1.095307870287835e-7	1.05181267675806	0.09371590379506024	86.89310602766481
1.9209669154307107	0.007	0.005	0.28202113731493644	1.0935346257421757e-7	1.065669040108564	0.0937161181263569	86.78468238722284
1.9380033075085807	0.007	0.005	0.28356815972788874	1.0917709674347985e-7	1.0796358113457798	0.09371632762878397	86.67565879642946
1.9551562725409672	0.007	0.005	0.28511258292880104	1.090016024324813e-7	1.0937134625104479	0.09371653224886277	86.56602757226233
1.9724274535006259	0.007	0.005	0.2866543670287431	1.0882689634144853e-7	1.107902467107311	0.09371673193004693	86.4557808871839
1.989818532574018	0.007	0.005	0.28819347160907466	1.0865289854890309e-7	1.1222033045911075	0.09371692661277901	86.34491072981314
2.0073312273514006	0.007	0.005	0.28972985525871303	1.0847953250810207e-7	1.1366164563711936	0.09371711623441961	86.23340893141895
2.0249672986373657	0.007	0.005	0.2912634761355835	1.0830672464550934e-7	1.1511424113350806	0.09371730072930132	86.12126711841539
2.042728547871374	0.007	0.005	0.292794291601016	1.0813440426808528e-7	1.1657816627924125	0.09371748002865922	86.00847673121524
2.060616816834515	0.007	0.005	0.29432225806104384	1.0796250343764048e-7	1.1805347072510937	0.09371765406058587	85.89502902850182
2.0786339921451997	0.007	0.005	0.29584733121318435	1.0779095671672756e-7	1.1954020471009084	0.09371782275002803	85.78091506121125
2.0967820038578115	0.007	0.005	0.29736946578069146	1.0761970107215955e-7	1.2103841883925466	0.0937179860187187	85.66612568405486
2.1150628337577446	0.007	0.005	0.298888616055987	1.0744867564097742e-7	1.2254816465739518	0.09371814378519124	85.55065150580336
2.13347850552609	0.007	0.005	0.300404734920656	1.072778217296184e-7	1.2406949372091738	0.0937182959646262	85.43448295432931
2.152031099283798	0.007	0.005	0.30191777489060345	1.0710708249532727e-7	1.2560245867772022	0.09371844246890519	85.31761018771442
2.170722744225209	0.007	0.005	0.30342768733293785	1.0693640297736282e-7	1.2714711253218653	0.09371858320646897	85.20002314389754
2.1895556235283427	0.007	0.005	0.3049344226952693	1.067657299187303e-7	1.2870350891838294	0.09371871808227508	85.08171151291923
2.2085319781763344	0.007	0.005	0.30643793062712166	1.0659501159659144e-7	1.3027170227743847	0.09371884699773483	84.9626647163001
2.2276541058109025	0.007	0.005	0.3079381596965276	1.0642419779027846e-7	1.3185174761792984	0.09371896985060825	84.84287191777625
2.246924365960018	0.007	0.005	0.30943505760546747	1.0625323964756589e-7	1.3344370079623238	0.09371908653493649	84.72232199418481
2.266345176385135	0.007	0.005	0.31092857070233965	1.0608208959794892e-7	1.3504761805607652	0.09371919694091135	84.60100356212364
2.2859190236426428	0.007	0.005	0.3124186445889185	1.0591070121385484e-7	1.3666355673481179	0.09371930095482318	84.47890491587589
2.305648459567007	0.007	0.005	0.3139052236236897	1.0573902916709214e-7	1.3829157479864016	0.0937193984589158	84.35601405359914
2.3255361068915943	0.007	0.005	0.31538825112041075	1.0556702909891035e-7	1.3993173112407893	0.09371948933128672	84.23231864660326
2.3455846597293535	0.007	0.005	0.31686766914413944	1.0539465759236377e-7	1.4158408534612534	0.09371957344575152	84.10780604090954
2.365796886756625	0.007	0.005	0.31834341850238085	1.0522187202460371e-7	1.4324869792017185	0.09371965067171442	83.98246324216473
2.386175637233873	0.007	0.005	0.31981543892626646	1.0504863050853897e-7	1.4492563040713808	0.09371972087403807	83.85627688326076
2.4067238362836614	0.007	0.005	0.3212836684612784	1.0487489188229095e-7	1.4661494486377045	0.09371978391286608	83.72923325874801
2.4274444965562587	0.007	0.005	0.3227480440330467	1.0470061555260661e-7	1.4831670457058572	0.09371983964349435	83.6013182579863
2.4483407164169693	0.007	0.005	0.3242085010229812	1.0452576144154262e-7	1.5003097363851807	0.09371988791618452	83.47251738206644
2.4694156864811414	0.007	0.005	0.3256649734273309	1.0435028996783984e-7	1.5175781728920985	0.09371992857599272	83.34281570939841
2.4906726878919536	0.007	0.005	0.32711739342596274	1.0417416189913604e-7	1.5349730144477023	0.09371996146256939	83.21219791248191
2.512115101959343	0.007	0.005	0.3285656917235768	1.0399733835209971e-7	1.5524949323461177	0.09371998640997053	83.08064820504605
2.5337464115309016	0.007	0.005	0.33000979729836133	1.0381978072876696e-7	1.570144608090732	0.0937200032464387	82.94815034047427
2.555570200940498	0.007	0.005	0.33144963705244607	1.0364145063253367e-7	1.5879227302307102	0.09372001179417695	82.81468761913088
2.5775901676986703	0.007	0.005	0.3328851362250799	1.0346230978965529e-7	1.6058300006039725	0.09372001186911705	82.68024282418651
2.5998101168695285	0.007	0.005	0.33431621764413066	1.0328232007780492e-7	1.6238671262970248	0.09372000328066653	82.54479826373257
2.6222339791362894	0.007	0.005	0.33574280250362476	1.0310144331773364e-7	1.642034830680007	0.09371998583144203	82.40833566867013
2.644865796397557	0.007	0.005	0.3371648090305205	1.0291964141148317e-7	1.660333837886864	0.0937199593170002	82.2708362889526
2.667709744825709	0.007	0.005	0.33858215353106097	1.0273687609466965e-7	1.6787648874687233	0.0937199235255322	82.13228076209438
2.690770120445889	0.007	0.005	0.33999474904908755	1.0255310910724348e-7	1.69732871849895	0.09371987823757993	81.99264921001615
2.714051366008449	0.007	0.005	0.341402506575397	1.0236830188874825e-7	1.7160260867819304	0.09371982322567614	81.85192108579663
2.7375580519741023	0.007	0.005	0.3428053334117531	1.0218241573638595e-7	1.7348577448493614	0.0937197582540509	81.7100752989532
2.7612948993763466	0.007	0.005	0.3442031340769427	1.0199541168126868e-7	1.7538244554071711	0.09371968307823765	81.5670900877043
2.7852667749159323	0.007	0.005	0.34559580950469265	1.018072504102954e-7	1.7729269821968257	0.09371959744472318	81.42294305972239
2.8094786938539107	0.007	0.005	0.3469832567113587	1.0161789234142194e-7	1.7921660868934741	0.09371950109057095	81.27761118604302
2.8339358311768654	0.007	0.005	0.34836536891696274	1.0142729742955855e-7	1.8115425322913987	0.09371939374299355	81.13107074588306
2.858643515094688	0.007	0.005	0.349742034638755	1.0123542529669203e-7	1.831057071169277	0.09371927511897953	80.98329737801174
2.8836072385087372	0.007	0.005	0.3511131377988928	1.0104223512190349e-7	1.850710449140822	0.09371914492483244	80.83426602478418
2.908832660887686	0.007	0.005	0.35247855726554633	1.0084768559580025e-7	1.8705033995739315	0.09371900285573058	80.6839509343175
2.934325608463057	0.007	0.005	0.35383816629982284	1.0065173490506441e-7	1.8904366369145351	0.09371884859528537	80.53232567307454
2.9600920726304265	0.007	0.005	0.3551918319122223	1.0045434087040531e-7	1.9105108483536823	0.09371868181510365	80.37936314941125
2.9861382151515374	0.007	0.005	0.35653941458026883	1.0025546072347614e-7	1.930726690530501	0.09371850217429861	80.22503559707415
3.0124703594474753	0.007	0.005	0.357880767242969	1.0005505132677858e-7	1.9510847751460685	0.09371830931908418	80.0693146415538
3.0390949955678326	0.007	0.005	0.3592157350223932	9.98530690727317e-8	1.9715856649807093	0.09371810288227522	79.91217128553384
3.066018772713893	0.007	0.005	0.36054415431787645	9.964946995949504e-8	1.9922298600307806	0.0937178824828717	79.75357596826528
3.0932484857493647	0.007	0.005	0.3618658516527513	9.944420968965804e-8	2.0130177789483406	0.09371764772570745	79.59349866007328
3.1207910718808156	0.007	0.005	0.36318064307403003	9.92372436957535e-8	2.033949748215917	0.09371739820103246	79.43190889664358
3.1486535902197055	0.007	0.005	0.36448833277881654	9.902852736445759e-8	2.0550259782373916	0.09371713348426303	79.26877591352704
3.1768432094502645	0.007	0.005	0.3657887122179301	9.881801603252752e-8	2.076246545739097	0.09371685313569722	79.10406873217737
3.20536717742735	0.007	0.005	0.36708155845610396	9.860566524488049e-8	2.0976113627569126	0.09371655670044905	78.9377563506354
3.2342327946136766	0.007	0.005	0.36836663285815374	9.839143100182316e-8	2.119120149020713	0.09371624370841702	78.76980790992661
3.263447379904032	0.007	0.005	0.3696436795845927	9.817527000108877e-8	2.140772399238858	0.09371591367440911	78.60019290285301
3.2930182183849843	0.007	0.005	0.3709124234966144	9.795713994802055e-8	2.1625673378929497	0.09371556609857581	78.428881484919
3.3229525138055713	0.007	0.005	0.3721725685234705	9.773699998665846e-8	2.18450387881615	0.09371520046692873	78.25584475417509
3.3532573156968826	0.007	0.005	0.3734237952378411	9.751481117804707e-8	2.2065805677152293	0.09371481625232173	78.08105517345473
3.383939452229171	0.007	0.005	0.3746657590299393	9.729053693191541e-8	2.2287955310071363	0.09371441291556572	77.90448695384842
3.415005429790208	0.007	0.005	0.3758980873170711	9.706414379213765e-8	2.2511464030023935	0.09371398990720428	77.72611662349061
3.446461330672546	0.007	0.005	0.3771203771853023	9.68356021384044e-8	2.2736302550912524	0.09371354666961684	77.5459235987634
3.4783126854831647	0.007	0.005	0.378332192594201	9.660488696831746e-8	2.2962435107280275	0.09371308263981029	77.36389089093258
3.5105643467936827	0.007	0.005	0.3795330622646583	9.637197883493743e-8	2.31898186601332	0.09371259725258681	77.18000579448407
3.5432203185761635	0.007	0.005	0.38072247660423997	9.613686498577702e-8	2.341840184482892	0.09371208994481102	76.99426081512148
3.576283587414153	0.007	0.005	0.3818998855376327	9.589954048303034e-8	2.36481239990875	0.09371156016018971	76.80665457211886
3.6097559429215798	0.007	0.005	0.3830646967949688	9.56600093326086e-8	2.38789141887715	0.09371100735478063	76.61719274574025
3.6436377761132985	0.007	0.005	0.3842162743336923	9.541828591033424e-8	2.411069016339641	0.09371043100347373	76.42588913164558
3.677927871310814	0.007	0.005	0.3853539375188414	9.517439614464135e-8	2.4343357359974322	0.09370983060725623	76.23276671193183
3.712623208751397	0.007	0.005	0.3864769616319084	9.492837881544919e-8	2.4576808077802053	0.09370920570098137	76.03785864531584
3.74771876373538	0.007	0.005	0.3875845791862264	9.46802867737757e-8	2.4810920730572796	0.09370855586187776	75.8412092563303
3.783207339416857	0.007	0.005	0.38867598316936697	9.443018796969485e-8	2.5045559425609327	0.09370788071810161	75.64287481569696
3.819079437250607	0.007	0.005	0.38975033211067206	9.417816594724703e-8	2.528057388573954	0.09370717995713444	75.44292409271007
3.8553231497510967	0.007	0.005	0.39080675628604855	9.392432053071194e-8	2.5515799600578815	0.09370645333419805	75.24143876862229
3.8919241494192605	0.007	0.005	0.3918443669608488	9.366876751476406e-8	2.5751058670354574	0.0937057006790597	75.03851330453637
3.928865723640548	0.007	0.005	0.3928622667312639	9.341163827156003e-8	2.598616098063198	0.09370492190193482	74.83425455137133
3.9661289007064293	0.007	0.005	0.3938595618633488	9.315307848001695e-8	2.6220905966481585	0.09370411699731235	74.62878085870251
4.003692663614618	0.007	0.005	0.39483537601030805	9.289324651168762e-8	2.645508489826853	0.09370328604542004	74.4222207112727
4.041534236575902	0.007	0.005	0.39578886443387945	9.263231119955918e-8	2.668848354840822	0.09370242921132722	74.21471098600888
4.079629447365562	0.007	0.005	0.39671922840632473	9.237044916268074e-8	2.6920885214987136	0.09370154674131868	74.00639482121983
4.117953134368957	0.007	0.005	0.39762572867423834	9.210784187172453e-8	2.71520738695862	0.09370063895698476	73.79741927676102
4.156479600864682	0.007	0.005	0.3985076978390955	9.184467243350982e-8	2.7381837412968713	0.09369970624678463	73.58793277708604
4.19518307478234	0.007	0.005	0.39936455055254405	9.158112246126672e-8	2.7609970761722162	0.0936987490559452	73.37808256912926
4.2340381384437755	0.007	0.005	0.4001957908284311	9.131736909849216e-8	2.783627854954476	0.09369776787558196	73.16801238769978
4.273020157108462	0.007	0.005	0.40100101730115706	9.105358223333898e-8	2.8060577616466458	0.09369676323041082	72.95786017018133
4.312105614369499	0.007	0.005	0.4017799247334576	9.078992223886557e-8	2.8282698763056517	0.09369573566751549	72.74775631392791
4.351272423037917	0.007	0.005	0.40253230363791725	9.052653816058862e-8	2.8502488196446287	0.0936946857446742	72.53782209858925
4.390500131255356	0.007	0.005	0.40325803676780525	9.026356632502808e-8	2.871980823842793	0.09369361402057574	72.32816869857965
4.429770092244797	0.007	0.005	0.40395709426918175	9.000112954292678e-8	2.8934537721069162	0.09369252104540819	72.11889640975076
4.4690655399179	0.007	0.005	0.40462952676566755	8.973933669284556e-8	2.9146571780904886	0.09369140735362946	71.91009439233162
4.508371617247329	0.007	0.005	0.4052754576313028	8.947828278260416e-8	2.935582135040207	0.09369027345791307	71.70184067123579
4.547675358138406	0.007	0.005	0.4058950747145972	8.92180492880392e-8	2.9562212377937085	0.09368911984443258	71.4942023842835
4.58696561343376	0.007	0.005	0.406488621605883	8.895870480026026e-8	2.9765684755182455	0.09368794696994369	71.28723632220736
4.626232969112874	0.007	0.005	0.4070563893825893	8.870030574933097e-8	2.9966191227205012	0.09368675525939657	71.08098950209305
4.665469618876723	0.007	0.005	0.40759870834419243	8.844289747878704e-8	3.0163696103208424	0.09368554510528414	70.8754999709581
4.70466924685693	0.007	0.005	0.4081159406368162	8.818651511052774e-8	3.035817406806292	0.09368431686712295	70.6707975438665
4.74382687467076	0.007	0.005	0.40860847313333826	8.793118467593931e-8	3.054960886935434	0.09368307087249562	70.46690471565671
4.782938746279189	0.007	0.005	0.40907671154830055	8.76769240808221e-8	3.073799225073178	0.09368180741737897	70.26383736173136
4.822002173476636	0.007	0.005	0.40952107473933613	8.742374411800862e-8	3.092332275024109	0.09368052676817058	70.06160563091102
4.86101541762717	0.007	0.005	0.4099419901203745	8.717164941555532e-8	3.1105604734912897	0.09367922916300435	69.86021463658123
4.899977566498177	0.007	0.005	0.41033988959607154	8.692063923612449e-8	3.128484746600126	0.09367791481362232	69.65966516155983
4.938888429649704	0.007	0.005	0.41071520622749474	8.66707083206422e-8	3.1461064303024364	0.09367658390700219	69.45995425609208
4.977748416426548	0.007	0.005	0.41106837121111145	8.642184762057995e-8	3.1634271878434332	0.09367523660792594	69.26107591477462
5.016558473806377	0.007	0.005	0.41139981185132163	8.617404484348612e-8	3.180448958763772	0.09367387305980558	69.06302143709618
5.055319983721537	0.007	0.005	0.41170994949885825	8.592728508918184e-8	3.19717389348083	0.09367249338716084	68.86577998793302
5.094034699567022	0.007	0.005	0.41199919816385727	8.568155130100598e-8	3.2136043089962003	0.09367109769698109	68.66933895008903
5.132704678127298	0.007	0.005	0.41226796334708177	8.543682474287431e-8	3.2297426456482183	0.09366968608044751	68.47368429410994
5.171332222269954	0.007	0.005	0.4125166411867353	8.519308537128712e-8	3.2455914313550878	0.09366825861445435	68.27880088767753
5.2099198445196135	0.007	0.005	0.4127456179267412	8.495031204740893e-8	3.2611532568338086	0.09366681536251044	68.08467269494913
5.24847021310082	0.007	0.005	0.412955269423731	8.470848296322232e-8	3.276430745658462	0.0936653563764139	67.89128306042356
5.286986123837413	0.007	0.005	0.4131459609491299	8.446757574025194e-8	3.2914265367322777	0.09366388169708124	67.69861485890978
5.325470462087148	0.007	0.005	0.41331804703871955	8.422756774107276e-8	3.306143264314871	0.09366239135584252	67.50665069265625
5.363926190354482	0.007	0.005	0.4134718715514505	8.398843611335625e-8	3.3205835493279867	0.09366088537482792	67.31537295765686
5.402356313122526	0.007	0.005	0.41360776768807717	8.375015801371863e-8	3.3347499829835074	0.09365936376829467	67.12476402171654
5.440763864720912	0.007	0.005	0.4137260581704916	8.351271068072517e-8	3.348645120231614	0.09365782654311831	66.9348062857757
5.479151894716831	0.007	0.005	0.41382705544299375	8.327607154221336e-8	3.362271472937415	0.09365627369941498	66.74548225643005
5.517523450820114	0.007	0.005	0.41391106190135585	8.304021829422549e-8	3.3756315028888166	0.0936547052313019	66.55677462946245
5.555881574525628	0.007	0.005	0.413978370178629	8.280512892368287e-8	3.3887276198860037	0.09365312112717054	66.36866630960954
5.594229286605675	0.007	0.005	0.41402926342207785	8.257078180993724e-8	3.4015621767158235	0.09365152137039405	66.18114047957651
5.6325695903800295	0.007	0.005	0.41406401561009626	8.233715568809198e-8	3.4141374705459446	0.09364990593931559	65.994180581331
5.670905452123286	0.007	0.005	0.41408289184455943	8.210422975443048e-8	3.4264557369741713	0.09364827480820337	65.80777040873558
5.709239806844362	0.007	0.005	0.4140861486785118	8.187198364675447e-8	3.4385191528104184	0.09364662794715595	65.62189407576817
5.747575556424118	0.007	0.005	0.414074034423197	8.164039742983179e-8	3.45032983634233	0.09364496532232326	65.43653602217506
5.785915595661565	0.007	0.005	0.4140467894243567	8.140945144288418e-8	3.461889856038279	0.09364328689490174	65.25168088465713
5.824262729102282	0.007	0.005	0.4140046464096066	8.117912678723768e-8	3.4732012064069377	0.09364159262491094	65.06731389459665
5.8626197528898185	0.007	0.005	0.4139478307425631	8.094940484017943e-8	3.484265834211359	0.09363988246777799	64.88342047900825
5.900989386733424	0.007	0.005	0.41387656078573976	8.072026764187795e-8	3.495085619731792	0.09363815637749387	64.69998658375378
5.939374345585922	0.007	0.005	0.41379104807022726	8.049169746310714e-8	3.5056623987405335	0.09363641430356161	64.51699832620022
5.977777261327512	0.007	0.005	0.41369149771357205	8.026367727994634e-8	3.515997941841562	0.09363465619466708	64.33444236575627
6.016200764613476	0.007	0.005	0.4135781084983697	8.003619026908366e-8	3.526093978412318	0.09363288199510607	64.15230550998463
6.054647411518897	0.007	0.005	0.4134510733067463	7.980922023998879e-8	3.535952178128674	0.09363109164827296	63.9705750599426
6.093119742495248	0.007	0.005	0.4133105791960186	7.95827512780882e-8	3.5455741679710626	0.09362928509408082	63.78923852690298
6.131620249647103	0.007	0.005	0.4131568077253775	7.935676793577117e-8	3.5549615249451025	0.09362746227059936	63.60828378414529
6.170151392379773	0.007	0.005	0.4129899351251935	7.913125513948471e-8	3.5641157813906945	0.09362562311344888	63.42769898978247
6.208715590078329	0.007	0.005	0.41281013253843335	7.890619821832197e-8	3.5730384244723608	0.09362376755626538	63.24747261806799
6.247315230079432	0.007	0.005	0.41261756619116935	7.868158287232905e-8	3.581730899349238	0.09362189553043572	63.06759341898996
6.285952667971973	0.007	0.005	0.4124123975830693	7.845739512994294e-8	3.590194610402169	0.09362000696518923	62.88805041413131
6.324630233004616	0.007	0.005	0.4121947836418907	7.82336213544347e-8	3.5984309235313505	0.09361810178743404	62.70883286895594
6.363350215531646	0.007	0.005	0.4119648769716725	7.801024828231425e-8	3.606441164604389	0.09361617992247463	62.529930348425744
6.402114890347517	0.007	0.005	0.41172282588919895	7.778726291603673e-8	3.6142266254677407	0.09361424129295437	62.351332606541234
6.4409264938187745	0.007	0.005	0.4114687747220231	7.756465260785631e-8	3.621788560258378	0.09361228582008066	62.173029689708656
6.479787247237221	0.007	0.005	0.41120286381984555	7.734240496110387e-8	3.629128191137604	0.0936103134225452	61.99501182689428
6.518699344180934	0.007	0.005	0.41092522978177537	7.712050788094879e-8	3.6362467067181505	0.09360832401723759	61.817269485813114
6.557664958446054	0.007	0.005	0.4106360055459181	7.68989495386643e-8	3.643145264530041	0.0936063175189228	61.639793334585626
6.596686244253884	0.007	0.005	0.41033532052174737	7.667771835568175e-8	3.6498249919123493	0.09360429384030178	61.46257423907149
6.635765339036609	0.007	0.005	0.4100233006974032	7.645680298456532e-8	3.6562869873237243	0.09360225289193543	61.2856032485787
6.674904355846073	0.007	0.005	0.40970006882588633	7.623619236507017e-8	3.6625323199368203	0.0936001945827091	61.10887162859875
6.714105406891207	0.007	0.005	0.40936574435045375	7.601587557936944e-8	3.6685620341999616	0.09359811881865857	60.93237075301331
6.753370575162343	0.007	0.005	0.4090204437523751	7.579584199377715e-8	3.6743771460554484	0.09359602550452108	60.75609223087976
6.7927019458169	0.007	0.005	0.40866428039180075	7.557608112052465e-8	3.6799786484783867	0.09359391454212869	60.580027763886875
6.832101580319952	0.007	0.005	0.40829736483708196	7.535658271660858e-8	3.685367508285121	0.0935917858318363	60.40416926141241
6.871571545336638	0.007	0.005	0.4079198047006389	7.513733665408375e-8	3.6905446708523972	0.09358963927101709	60.228508710262524
6.911113886783857	0.007	0.005	0.40753170497364544	7.491833304522169e-8	3.6955110571378125	0.09358747475550716	60.05303828967422
6.9507306535743165	0.007	0.005	0.40713316789113313	7.469956211561948e-8	3.7002675674035244	0.0935852921783584	59.8777502647662
6.990423882072088	0.007	0.005	0.40672429316938874	7.448101429263518e-8	3.7048150797659045	0.09358309143072562	59.70263705491872
7.030195614696981	0.007	0.005	0.40630517789989506	7.4262680088762e-8	3.709154452898634	0.09358087240087468	59.52769115096674
7.0700478816849	0.007	0.005	0.40587591681613544	7.404455022190042e-8	3.7132865244154476	0.09357863497522609	59.35290519519928
7.109982722406951	0.007	0.005	0.4054366021443781	7.382661547435876e-8	3.7172121136364664	0.09357637903719468	59.17827188722263
7.1500021697238445	0.007	0.005	0.40498732384265596	7.360886679655705e-8	3.7209320203380734	0.09357410446809188	59.003784052412584
7.190108260785104	0.007	0.005	0.4045281695537375	7.339129524375722e-8	3.7244470262619247	0.09357181114654337	58.82943459437506
7.23030303726993	0.007	0.005	0.404059224666533	7.317389196106431e-8	3.7277578954467425	0.09356949894849327	58.65521649394479
7.270588542952978	0.007	0.005	0.4035805724080357	7.295664821837939e-8	3.730865374364177	0.09356716774736284	58.48112281975333
7.310966831959067	0.007	0.005	0.4030922938067701	7.273955534658106e-8	3.7337701928823805	0.0935648174135899	58.30714669263056
7.351439960991101	0.007	0.005	0.40259446784353814	7.252260478999515e-8	3.7364730639548536	0.09356244781509222	58.133281319394605
7.392010008394648	0.007	0.005	0.402087171272516	7.230578800576706e-8	3.738974685147079	0.09356005881616179	57.95951991128078
7.432679044854118	0.007	0.005	0.4015704790376911	7.208909660568598e-8	3.7412757369781224	0.09355765027919297	57.78585581007559
7.473449171392175	0.007	0.005	0.4010444638485933	7.187252218194686e-8	3.7433768854648535	0.09355522206244989	57.6122823258998
7.514322481861861	0.007	0.005	0.40050919670658475	7.165605647954404e-8	3.745278780205832	0.09355277402229235	57.438792897930796
7.555301109302153	0.007	0.005	0.39996474635181095	7.143969116283082e-8	3.7469820568812326	0.09355030601041212	57.26538089789515
7.59638717741502	0.007	0.005	0.39941117994403585	7.122341807623708e-8	3.7484873351455366	0.09354781787673794	57.092039836809825
7.6375828498751686	0.007	0.005	0.39884856245226735	7.100722898087184e-8	3.7497952208349306	0.0935453094664642	56.91876315712711
7.678890289784994	0.007	0.005	0.39827695724114676	7.079111576840773e-8	3.750906304545004	0.0935427806224973	56.745544404892115
7.72031170109527	0.007	0.005	0.39769642554492646	7.057507024707743e-8	3.7518211630172726	0.09354023118292405	56.57237705665111
7.761849290606538	0.007	0.005	0.3971070270310667	7.035908434240538e-8	3.7525403581622405	0.09353766098332567	56.39925468004204
7.803505306895967	0.007	0.005	0.39650881929208626	7.014314989386935e-8	3.753064437972933	0.09353506985436905	56.22617077233729
7.845282010439616	0.007	0.005	0.39590185830284436	6.992725881259432e-8	3.75339393597054	0.09353245762363536	56.053118886545946
7.887181693393027	0.007	0.005	0.39528619817422933	6.971140298135924e-8	3.7535293715556883	0.09352982411437805	55.88009255048301
7.929206677335794	0.007	0.005	0.39466189121633927	6.949557426894811e-8	3.7534712499064287	0.09352716914563804	55.70708527793644
7.9713594733941155	0.007	0.005	0.3940289855533905	6.927976370639073e-8	3.7532200606241766	0.09352449252202705	55.534089914302015
8.013642737010688	0.007	0.005	0.39338752572145647	6.906396174989907e-8	3.75277627467902	0.09352179403634127	55.361098833325364
8.056058759920786	0.007	0.005	0.39273756044104474	6.884816084566636e-8	3.752140350657285	0.09351907350202183	55.18810601493027
8.098610169605466	0.007	0.005	0.39207913207474154	6.863235189343663e-8	3.751312728469068	0.09351633070856398	55.01510418258919
8.1412993722107	0.007	0.005	0.3914122851752152	6.841652705571815e-8	3.750293837130697	0.09351356545718098	54.84208707892693
8.184129010812189	0.007	0.005	0.3907370594451108	6.820067743862383e-8	3.749084086432978	0.09351077753127807	54.669047602956184
8.227101606095905	0.007	0.005	0.3900534953631644	6.79847949321746e-8	3.74768387500632	0.09350796671966184	54.495979269959534
8.270219847110234	0.007	0.005	0.3893616296402175	6.776887072725253e-8	3.746093582392156	0.09350513279760343	54.32287503819279
8.3134863665921	0.007	0.005	0.3886614988091013	6.755289645653455e-8	3.744313575943292	0.09350227554147132	54.14972821725407
8.3569039192317	0.007	0.005	0.3879531363978819	6.733686329725754e-8	3.7423442043675847	0.09349939471698933	53.97653175445469
8.400475256138826	0.007	0.005	0.38723657497715386	6.71207626174734e-8	3.7401858024713306	0.09349649008745982	53.80327874092244
8.444203223762017	0.007	0.005	0.38651184457243604	6.69045854678434e-8	3.7378386865719606	0.09349356140715505	53.62996201989738
8.488090680838024	0.007	0.005	0.3857789740516717	6.668832301271997e-8	3.735303158373153	0.09349060842679642	53.45657452037748
8.532140586569977	0.007	0.005	0.3850379896852583	6.647196610148864e-8	3.73257949997979	0.0934876308875882	53.28310891120816
8.576355925873008	0.007	0.005	0.3842889164125861	6.625550561778173e-8	3.729667977860775	0.09348462852617706	53.10955790044423
8.62073977483574	0.007	0.005	0.3835317767634939	6.603893219450223e-8	3.726568838582187	0.09348160107016475	52.93591398130954
8.665295263780516	0.007	0.005	0.3827665914993961	6.582223637071071e-8	3.723282310772633	0.09347854824053266	52.762169581860306
8.710025596118527	0.007	0.005	0.3819933793138709	6.560540853762715e-8	3.7198086035639504	0.0934754697502866	52.58831699532331
8.75493404967485	0.007	0.005	0.38121215682781495	6.53884388976491e-8	3.716147906094975	0.09347236530428217	52.41434837969707
8.80002398105242	0.007	0.005	0.3804229385320445	6.517131749287748e-8	3.712300386766009	0.09346923459883699	52.24025574575836
8.845298830100184	0.007	0.005	0.37962573672699484	6.495403415130092e-8	3.708266192432262	0.09346607732132857	52.066030945023506
8.89076211844339	0.007	0.005	0.37882056156695404	6.473657853119814e-8	3.7040454481093654	0.09346289315020168	51.89166568080969
8.936417460144423	0.007	0.005	0.3780074208904317	6.451894004971914e-8	3.699638255570244	0.09345968175412411	51.717151472914246
8.9822685604114	0.007	0.005	0.3771863202608008	6.430110792414118e-8	3.695044692979915	0.09345644279197025	51.542479668596386
9.02831922654987	0.007	0.005	0.37635726278884907	6.408307110836227e-8	3.690264813323254	0.09345317591193754	51.367641407080555
9.074573366869842	0.007	0.005	0.37552024916990406	6.386481831249298e-8	3.6852986439709596	0.09344988075150402	51.192627630430984
9.121034998862728	0.007	0.005	0.3746752775549762	6.364633796777857e-8	3.680146185288135	0.09344655693672448	51.017429059476136
9.16770825448248	0.007	0.005	0.37382234347303145	6.342761822754368e-8	3.6748074094721286	0.09344320408172131	50.84203618126266
9.21459738869402	0.007	0.005	0.3729614396930498	6.320864691705031e-8	3.6692822589594654	0.09343982178793107	50.66643922473981
9.261706772577604	0.007	0.005	0.3720925563700633	6.298941158540622e-8	3.663570646629255	0.09343640964445772	50.49062819468357
9.309040920943191	0.007	0.005	0.37121568055681764	6.276989938633336e-8	3.6576724518643124	0.09343296722592451	50.31459277700611
9.356604479498026	0.007	0.005	0.3703307964592591	6.255009714699886e-8	3.6515875213787172	0.09342949409323756	50.1383223958949
9.404402246724304	0.007	0.005	0.369437885051709	6.232999128150248e-8	3.645315665775801	0.09342598979182361	49.96180614204225
9.452439161170679	0.007	0.005	0.3685369243354317	6.21095678693724e-8	3.6388566604714554	0.09342245385238132	49.785032829686976
9.50072034309145	0.007	0.005	0.3676278885812359	6.188881245625525e-8	3.6322102393885194	0.09341888578763202	49.60799085378638
9.549251066132564	0.007	0.005	0.3667107488824915	6.166771022678387e-8	3.6253760979154563	0.09341528509419907	49.43066830565426
9.598036786781083	0.007	0.005	0.36578547262666045	6.144624585022728e-8	3.618353888102426	0.09341165125022736	49.25305287652362
9.647083164850898	0.007	0.005	0.364852023129898	6.122440344277696e-8	3.611143214746003	0.09340798371362442	49.07513179595577
9.696396038613718	0.007	0.005	0.3639103601359618	6.100216665818737e-8	3.603743638092953	0.09340428192367853	48.896891935583035
9.745981478545945	0.007	0.005	0.3629604388208559	6.077951849651493e-8	3.5961546649685388	0.09340054529678618	48.71831962837642
9.795845759628188	0.007	0.005	0.362002210350405	6.055644142304079e-8	3.5883757518980577	0.09339677322826076	48.5394007839648
9.845995409745543	0.007	0.005	0.3610356209842124	6.033291718342975e-8	3.5804062966541177	0.09339296508840127	48.36012073031975
9.896437192371904	0.007	0.005	0.3600606124408419	6.010892690664915e-8	3.5722456398328983	0.09338912022349755	48.180464293021394
9.947178149667485	0.007	0.005	0.35907712110232987	5.988445091360349e-8	3.5638930568553686	0.09338523795223638	48.00041565931001
9.998225595950982	0.007	0.005	0.35808507817718727	5.965946880152112e-8	3.555347757781161	0.09338131756585323	47.81995842081458
10.04958714529295	0.007	0.005	0.3570844092067914	5.9433959317976385e-8	3.5466088815575763	0.09337735832566213	47.63907549598009
10.101270729745544	0.007	0.005	0.3560750337540581	5.9207900332214664e-8	3.537675491632641	0.0933733594612658	47.457749087664375
10.153284614805722	0.007	0.005	0.35505686514912044	5.8981268788307614e-8	3.5285465719640827	0.09336932016895176	47.275960652040794
10.205637429468261	0.007	0.005	0.3540298099526795	5.875404058421078e-8	3.519221020377846	0.0933652396089246	47.093690818258786
10.258338179852716	0.007	0.005	0.3529937677438879	5.852619058788708e-8	3.5096976446742976	0.09336111690377617	46.910919367619556
10.311396284673435	0.007	0.005	0.35194863048380076	5.8297692484647435e-8	3.499975154739079	0.09335695113521662	46.727625138802146
10.364821583608169	0.007	0.005	0.350894282416184	5.806851879156735e-8	3.4900521594454372	0.09335274134288606	46.54378602932779
10.41862439638378	0.007	0.005	0.34983059897379537	5.783864063792544e-8	3.479927154104115	0.09334848651913612	46.35937882453567
10.47281552275594	0.007	0.005	0.3487574468556147	5.760802783452234e-8	3.4695985186851868	0.09334418560841223	46.17437923311037
10.527406311916364	0.007	0.005	0.34767468273863583	5.737664858565157e-8	3.4590645028854983	0.09333983750109828	45.98876168741301
10.58240866504724	0.007	0.005	0.3465821533193581	5.71444695634934e-8	3.448323223695425	0.09333544103259815	45.80249937588762
10.63783510853972	0.007	0.005	0.34547969396304506	5.691145563614333e-8	3.4373726492647667	0.09333099497673657	45.61556403833064
10.693698810760536	0.007	0.005	0.3443671284819487	5.667756985643515e-8	3.4262105935161777	0.09332649804358945	45.42792595698801
10.750013663764223	0.007	0.005	0.34324426763247384	5.644277320024286e-8	3.414834697781877	0.09332194887203173	45.239553732869844
10.806794304334714	0.007	0.005	0.342110908831307	5.6207024521570665e-8	3.403242424293629	0.09331734602707466	45.05041427124199
10.86405620520307	0.007	0.005	0.3409668344862948	5.5970280270038776e-8	3.3914310353677086	0.09331268799144983	44.86047253736979
10.921815712858688	0.007	0.005	0.33981181140718586	5.573249442120991e-8	3.379397583178538	0.09330797316140627	44.66969149683051
10.980090138228546	0.007	0.005	0.33864558917794424	5.549361815879124e-8	3.367138888499003	0.09330319983810548	44.478031886503864
11.038897824628986	0.007	0.005	0.33746789900202206	5.525359974803592e-8	3.3546515238522208	0.0932983662207337	44.285452068632274
11.098258227565058	0.007	0.005	0.33627845233321774	5.501238424503175e-8	3.3419317940319377	0.09329347039851885	44.09190785339536
11.158192043263265	0.007	0.005	0.33507693855485965	5.476991316578771e-8	3.3289757059036775	0.09328851033856997	43.89735217189997
11.218721251403935	0.007	0.005	0.3338630244071184	5.452612436673629e-8	3.315778956405336	0.09328348388063273	43.70173503854372
11.279869312411765	0.007	0.005	0.3326363503487935	5.428095145690892e-8	3.3023368869045915	0.0932783887188673	43.50500302279214
11.341661198499963	0.007	0.005	0.33139653028999466	5.403432377019444e-8	3.2886444734559346	0.09327322239720806	43.30709927148475
11.404123620038636	0.007	0.005	0.33014314745013507	5.3786165664617803e-8	3.2746962740927885	0.09326798228824856	43.10796291500969
11.467285084201324	0.007	0.005	0.3288757536295822	5.3536396449408475e-8	3.260486412931608	0.09326266558587264	42.90752902719212
11.531176125553593	0.007	0.005	0.3275938650874584	5.3284929681895335e-8	3.2460085259793576	0.09325726928322536	42.705728051762954
11.595829430921995	0.007	0.005	0.3262969606046104	5.3031672906111413e-8	3.231255730436729	0.09325179015924809	42.50248558458463
11.66128004421474	0.007	0.005	0.3249844780151678	5.277652707680353e-8	3.2162205760922298	0.0932462247581693	42.29772192176357
11.72756552430587	0.007	0.005	0.3236558117620227	5.2519386214635514e-8	3.200895007592185	0.09324056937263023	42.09135177686442
11.794726160811633	0.007	0.005	0.3223103093841226	5.226013685452526e-8	3.1852703138550935	0.09323482002154442	41.88328383909512
11.862805115783972	0.007	0.005	0.3209472695921756	5.199865783935206e-8	3.16933709528356	0.09322897243392235	41.67342058538549
11.931848596583533	0.007	0.005	0.31956593983237247	5.173481995075321e-8	3.153085224917363	0.09322302202971625	41.461658017312736
12.001905945089897	0.007	0.005	0.3181655156468746	5.1468485972764156e-8	3.1365038307502604	0.09321696390756098	41.247885676804216
12.073029649795778	0.007	0.005	0.3167451417009113	5.119951099112515e-8	3.1195812986626565	0.09321079283900432	41.03198691261568
12.145275233936216	0.007	0.005	0.3153039154075533	5.092774325297675e-8	3.1023053080640994	0.09320450327346289	40.813839530939674
12.218700917244064	0.007	0.005	0.3138408951738373	5.0653025782421593e-8	3.0846629260491003	0.09319808936311537	40.59331712349686
12.293366930603312	0.007	0.005	0.31235511562597906	5.0375199319607163e-8	3.066640791011879	0.09319154501880211	40.37029140692714
12.36933434148433	0.007	0.005	0.3108456125517521	5.0094106977813067e-8	3.0482254225100065	0.09318486401018469	40.14463595327798
12.446663119359881	0.007	0.005	0.3093114627869643	4.980960153216374e-8	3.02940372609528	0.09317804013515628	39.91623204906669
12.525409177657314	0.007	0.005	0.3077518440141201	4.952155620174439e-8	3.010163761162827	0.09317106748352622	39.68497735860527
12.605619892274438	0.007	0.005	0.3061661239731362	4.922988062879817e-8	2.99049589839364	0.09316394084174068	39.450798714156996
12.687327802423845	0.007	0.005	0.30455398428331376	4.8934542690538304e-8	2.9703944438621432	0.09315665626831011	39.2136696831815
12.770541997248259	0.007	0.005	0.3029155878270144	4.86355978537143e-8	2.949859855536175	0.09314921188854	38.973634093249856
12.855237289735072	0.007	0.005	0.3012517865773561	4.833322505197696e-8	2.92890152839935	0.09314160890465345	38.730834904921835
12.941341965658303	0.007	0.005	0.2995643531785911	4.8027766148726654e-8	2.907540948285059	0.09313385275520092	38.48554588076512
13.02872625312745	0.007	0.005	0.2978561932541508	4.7719760987111116e-8	2.885814667869737	0.09312595423255725	38.23819978428282
13.1171952264487	0.007	0.005	0.29613146577587546	4.7409965257918625e-8	2.8637761557003993	0.09311793021906235	37.98940278186926
13.206490715742692	0.007	0.005	0.2943955240401212	4.7099336089220645e-8	2.841495344934209	0.0931098036143165	37.73992292195543
13.296305102128796	0.007	0.005	0.2926546251674795	4.678897702813448e-8	2.8190551307085006	0.09310160216909212	37.49064597096158
13.386305947901104	0.007	0.005	0.29091543398876324	4.648004792903908e-8	2.7965450649189063	0.0930933562952407	37.24250313512695
13.47616533716616	0.007	0.005	0.2891844449012364	4.617366265903211e-8	2.77405379680822	0.09308509639214767	36.99638885450908
13.565586096406204	0.007	0.005	0.2874674751537668	4.5870801510371034e-8	2.7516622625163527	0.09307685040475458	36.75309048992677
13.654319130450105	0.007	0.005	0.28576933927306686	4.5572257232356575e-8	2.729439117126869	0.09306864215695307	36.5132449251592
13.742170643369377	0.007	0.005	0.2840937244611914	4.5278617076028974e-8	2.7074387536067497	0.09306049059638535	36.27732410697329
13.82900110740043	0.007	0.005	0.2824432269148725	4.49902729810186e-8	2.6857014554119636	0.09305240979989277	36.04564317985127
13.91471923868511	0.007	0.005	0.2808194833008494	4.470744780633673e-8	2.66425486128021	0.09304440945237748	35.81838152002994
13.99927375116325	0.007	0.005	0.2792233424501803	4.443022776279006e-8	2.643116033367149	0.09303649554879062	35.59560877624563
14.082644853486117	0.007	0.005	0.27765503900281263	4.41585944756946e-8	2.6222936202074867	0.09302867113783164	35.37731055491113
14.164836458080368	0.007	0.005	0.2761143505083258	4.389245335054046e-8	2.601789857822856	0.09302093701526434	35.163411255486906
14.245869627362508	0.007	0.005	0.2746007283783993	4.363165703573274e-8	2.581602267413227	0.09301329231472852	34.95379283787865
14.32577726464948	0.007	0.005	0.27311340304826115	4.3376023875324173e-8	2.5617250411728083	0.09300573499209053	34.7483096903617
14.404599990329984	0.007	0.005	0.2716514649929467	4.312535198028012e-8	2.5421501273963867	0.09299826220599416	34.546799926779464
14.482383002548827	0.007	0.005	0.2702139258446778	4.287942973764037e-8	2.5228680632999336	0.0929908706111015	34.349093780456386
14.559173795676907	0.007	0.005	0.2687997624032706	4.26380430847239e-8	2.503868586862203	0.0929835565740569	34.155019540777666
14.635020478959538	0.007	0.005	0.26740794866661216	4.240098092170017e-8	2.485141092177657	0.09297631633513148	33.9644077823687
14.709970631117123	0.007	0.005	0.2660374773437883	4.216803839372794e-8	2.4666749451471572	0.09296914612057376	33.77709411834826
14.784070507307296	0.007	0.005	0.26468737444903834	4.193901920930123e-8	2.448459706015449	0.09296204222236074	33.59292099254983
14.857364527112741	0.007	0.005	0.26335670844224746	4.1713736917934714e-8	2.430485277390084	0.09295500105162646	33.41173872480746
14.929894984104374	0.007	0.005	0.2620445951274311	4.1492015460038794e-8	2.4127419934073715	0.09294801917106396	33.23340598397819
15.001701881064111	0.007	0.005	0.2607502001437716	4.127368941571067e-8	2.3952206744834177	0.09294109331524583	33.05778994415455
15.07282289135278	0.007	0.005	0.25947273910381513	4.105860377667399e-8	2.3779126482776745	0.09293422039865334	32.88476613440199
15.143293350714186	0.007	0.005	0.25821147715073045	4.084661368579055e-8	2.360809760860942	0.09292739752053872	32.71421822387887
15.213146378382218	0.007	0.005	0.25696572619235714	4.063758380017593e-8	2.3439043545674343	0.09292062195700249	32.54603750680738
15.28241291172053	0.007	0.005	0.2557348437004331	4.043138791286179e-8	2.3271892653723367	0.09291389116113324	32.38012261308824
15.351121870931365	0.007	0.005	0.2545182292116964	4.0227908240666755e-8	2.3106577875639793	0.09290720275024149	32.21637892133498
15.419300264373716	0.007	0.005	0.25331532192735456	4.0027034879405087e-8	2.2943036519307616	0.0929005544985437	32.05471813250481
15.486973313242675	0.007	0.005	0.25212559800409606	3.982866526257796e-8	2.2781209985395203	0.09289394432769034	31.895057812765643
15.554164590750196	0.007	0.005	0.25094856763141554	3.963270349897808e-8	2.262104345517495	0.09288737029560994	31.737320917710445
15.620896127376064	0.007	0.005	0.2497837727464093	3.943905998223889e-8	2.246248565545067	0.09288083058842124	31.58143541111728
15.687188540645703	0.007	0.005	0.24863078435705385	3.924765080183403e-8	2.2305488561790177	0.09287432350972473	31.42733383920553
15.753061132521527	0.007	0.005	0.24748920046983755	3.905839733231666e-8	2.2150007176592053	0.09286784747286052	31.27495299302136
15.818532007671488	0.007	0.005	0.24635864369001576	3.887122579694687e-8	2.1995999256069085	0.09286140099093183	31.12423353346645
15.88361814363421	0.007	0.005	0.24523875968869113	3.868606691413801e-8	2.1843425149580447	0.09285498267139096	30.975119737727592
15.948335491513934	0.007	0.005	0.24412921517052463	3.8502855511135415e-8	2.169224756593781	0.09284859120747599	30.827559184061762
16.0	0.007	0.005	0.24324632015526781	3.8357236948932175e-8	2.157194787148791	0.0928434820941668	30.710264898066068
