0.0	0.007	0.005	0.0	0.0	0.0	0.0	100.0
0.00019793318238819753	0.007	0.005	2.5369325524512792e-5	0.0001843551326480309	1.692957021783604e-9	2.923343097320453e-6	99.99826945015741
0.0002883649802930119	0.007	0.005	3.6959355871834235e-5	0.00023793012535213408	3.5932110137946158e-9	5.719474498978681e-6	99.99747880576452
0.00044810671513193607	0.007	0.005	5.74312705078233e-5	0.00030294548663300597	8.676430762673135e-9	1.2069079327258554e-5	99.9960822004927
0.0005826065798885389	0.007	0.005	7.466719005430104e-5	0.00033776866129793526	1.4666029860800081e-8	1.836340913324678e-5	99.9949062973754
0.0007522193283966004	0.007	0.005	9.640134337450289e-5	0.0003654785752027571	2.4447253824846056e-8	2.707192624738709e-5	99.99342342965274
0.0009238562601541733	0.007	0.005	0.00011839326278805537	0.0003821309593970326	3.687474110515173e-8	3.6425997893588614e-5	99.99192288755596
0.0011210306867552894	0.007	0.005	0.00014365531136795919	0.00039305869426655457	5.429140965000387e-8	4.7561739778903e-5	99.99019911077744
0.0013335005788342657	0.007	0.005	0.0001708746239148569	0.000399369081671723	7.681687146019753e-8	5.9820877741702664e-5	99.98834164825723
0.0015731014744481166	0.007	0.005	0.00020156668178804125	0.0004029493199062439	1.0689427541637838e-7	7.381308589500298e-5	99.98624704142247
0.001839480113157702	0.007	0.005	0.0002356851678209965	0.0004047916300848783	1.4614995037442525e-7	8.94700744688188e-5	99.9839183932999
0.002142471110355427	0.007	0.005	0.000274488314891766	0.00040567070791917837	1.9824464643577465e-7	0.00010733600894057791	99.98126975053074
0.0024886793906871707	0.007	0.005	0.0003188199851675965	0.00040603971043112205	2.6746514289242254e-7	0.00012777932574832012	99.97824340307177
0.002892064834582527	0.007	0.005	0.0003704648225696621	0.00040616911792909667	3.611570800388943e-7	0.00015161163851925115	99.97471736230654
0.0033695574434691113	0.007	0.005	0.0004315859194636408	0.0004061976048696798	4.901935228039759e-7	0.00017982601261616615	99.97054370260743
0.003949151608723365	0.007	0.005	0.0005057596014131611	0.0004061884830370311	6.73222705426235e-7	0.00021407233420816588	99.96547782937695
0.004672900561649986	0.007	0.005	0.0005983555833186137	0.0004061649136327122	9.424014359825908e-7	0.00025683198939702845	99.95915234894377
0.005609377930793416	0.007	0.005	0.0007181251627045829	0.00040613192884121673	1.3576194006611164e-6	0.000312151881954639	99.95096824126759
0.006843171880486873	0.007	0.005	0.0008758460824983442	0.0004060880501940231	2.0198217194719263e-6	0.0003850211266663226	99.94018683329038
0.008325226001029461	0.007	0.005	0.0010651925509016006	0.0004060346245065445	2.988198446411675e-6	0.00047253211501883133	99.92723756152273
0.009807795641061101	0.007	0.005	0.001254484209913072	0.0004059777439280064	4.1455232874981035e-6	0.0005600509851546574	99.91428546418027
0.011139127004854121	0.007	0.005	0.0014243632549219645	0.0004059220897375241	5.34535403392842e-6	0.0006386228318010349	99.90265605270642
0.012323410067785503	0.007	0.005	0.0015753970957513986	0.0004058770723828981	6.540207413928819e-6	0.0007085006484850801	99.89231227135998
0.013424815260539052	0.007	0.005	0.0017157923479485938	0.0004058417848626734	7.759112089794328e-6	0.0007734749949984325	99.88269332422452
0.014504796652876017	0.007	0.005	0.001853392163628299	0.0004058075208023193	9.05496888017427e-6	0.0008371733199406065	99.87326237783357
0.015600500794105672	0.007	0.005	0.0019929299012277375	0.00040577086427428377	1.0471457150660458e-5	0.0009017867671046808	99.86369504242033
0.016724940270674695	0.007	0.005	0.00213605871936071	0.00040573177577721666	1.2031563172337165e-5	0.0009680819120353718	99.85387775218884
0.01787415734695507	0.007	0.005	0.0022822699333149964	0.00040569097080158663	1.3737379727240007e-5	0.0010358244572688732	99.8438451301804
0.019036061097981956	0.007	0.005	0.0024300217606034835	0.0004056492988015463	1.5576333226915145e-5	0.0011043010011789868	99.83370277873759
0.02019890342510962	0.007	0.005	0.0025778190068356105	0.0004056075264084616	1.7531731969259827e-5	0.0011728189142684896	99.82355326591883
0.022513351654747257	0.007	0.005	0.0028717653747958555	0.00040553364143070485	2.176541200183268e-5	0.0013091507038635157	99.80335538448072
0.025516758651568137	0.007	0.005	0.0032527766893760347	0.00040542548906192247	2.7936419234439012e-5	0.0014859836007625575	99.77715114411595
0.03143183010560495	0.007	0.005	0.00400172210523128	0.0004052162030661269	4.231892809906438e-5	0.0018339758049777729	99.7255632183468
0.042487493059243694	0.007	0.005	0.005396446440212149	0.00040482464234607696	7.708308330337942e-5	0.002483430721665683	99.62921344753595
0.05270333957483614	0.007	0.005	0.006679330002701244	0.0004044631865745213	0.00011826781003044587	0.003082434584919233	99.54026540428518
0.06702061826865324	0.007	0.005	0.008467777603404598	0.0004039570267675651	0.0001904835014126783	0.003920123440335714	99.41574034129023
0.08046637642478899	0.007	0.005	0.010137323185977074	0.00040348188375639117	0.00027354637653369924	0.00470490967555652	99.29893721066533
0.09700245348500841	0.007	0.005	0.01217733396493523	0.0004028972235068441	0.00039568651964070494	0.005667535019693451	99.15547666505749
0.1127830538408561	0.007	0.005	0.014110580906092993	0.00040233752583244465	0.0005325395245175533	0.006583578719559777	99.01876362050204
0.1306934675071344	0.007	0.005	0.016288796703676264	0.0004016975943738394	0.000711525645554768	0.007620174615628078	98.86382758942507
0.14794923750639888	0.007	0.005	0.01837145336274137	0.0004010711327497417	0.0009074193025870897	0.008615772861896135	98.71478393271246
0.16643433507788977	0.007	0.005	0.02058523617274431	0.00040038139469098145	0.001142401352938686	0.009678884741555129	98.55537144019277
0.18400401846827869	0.007	0.005	0.022672957810572054	0.00039969518424354836	0.0013894730289178785	0.010686022012258873	98.40409196438894
0.20171140827958917	0.007	0.005	0.0247609450158381	0.00039895782523359887	0.0016615091381372278	0.011697683494371405	98.25186174633015
0.2179109092120646	0.007	0.005	0.026657059863320953	0.00039822283203175507	0.0019303235604893436	0.01262011787315491	98.11280111359093
0.23355061164939916	0.007	0.005	0.02847497422005329	0.0003974388766853602	0.002207663840729202	0.013507741831608397	97.97873267187718
0.24752158082699352	0.007	0.005	0.030088445340578595	0.00039665485015230004	0.002470012066861359	0.014298068171241173	97.85912406794944
0.26086277456568285	0.007	0.005	0.03162000733714706	0.00039581446422473523	0.0027332283852256173	0.015050325761538752	97.74504340504141
0.2727019099545342	0.007	0.005	0.03297166003647682	0.00039497400953582946	0.0029770737837349513	0.0157157367474411	97.64391823635633
0.2840713254790419	0.007	0.005	0.03426309968868541	0.00039406906733566735	0.003220229223231871	0.016352690690404847	97.54690370709963
0.2941750846248586	0.007	0.005	0.03540538117785352	0.00039316803193253035	0.003443629620177013	0.01691691060475391	97.46076984144702
0.3039940443465278	0.007	0.005	0.036510619961663514	0.00039219495492752763	0.003667264050966168	0.017463445644327093	97.3771367430664
0.31275996694311736	0.007	0.005	0.03749330626183165	0.0003912315711121114	0.003872306565101024	0.017949767394688763	97.30253353734572
0.32139348265285583	0.007	0.005	0.03845745408946535	0.00039018841690540215	0.004079182106403785	0.01842715419315894	97.22911306014758
0.32914338007992555	0.007	0.005	0.03931980987185316	0.00038916098229434997	0.004269019614242409	0.01885423890997235	97.16325416792068
0.33687353597316666	0.007	0.005	0.04017704276300151	0.000388045618535643	0.004462241725425147	0.019278778016161645	97.09760747967275
0.34385058954715997	0.007	0.005	0.04094825812261866	0.0003869515661049578	0.0046399335533567985	0.019660621011596973	97.03839443409166
0.3508872025417935	0.007	0.005	0.041723658432879306	0.0003857611576388759	0.0048222865091753055	0.020044354337393655	96.97871249153269
0.3572710293751828	0.007	0.005	0.04242504609652774	0.0003845970652962029	0.004990437241026493	0.020391223665788428	96.92459899643373
0.3637687817154866	0.007	0.005	0.04313692466734097	0.0003833281629246611	0.005164224457384277	0.02074297113388371	96.86955080211096
0.36969221963178284	0.007	0.005	0.043784105747097235	0.0003820899319206314	0.005324954566729814	0.021062407895590808	96.819395374289
0.3757654193831986	0.007	0.005	0.04444589381680134	0.00038073875586232806	0.0054920160635827655	0.021388642987808414	96.76799883215983
0.38132704932398737	0.007	0.005	0.045050380842919825	0.00037942199017903226	0.005647008332882216	0.02168620134876669	96.72095555927224
0.3870614266726863	0.007	0.005	0.04567208926624388	0.0003779845654942141	0.0058088088945283285	0.02199174070292322	96.67247504167119
0.39233554796904574	0.007	0.005	0.046242507333705746	0.0003765847162364798	0.005959401089421563	0.022271569017395784	96.62790715004003
0.39779652760567336	0.007	0.005	0.04683173379255449	0.00037505696736399156	0.006117114760121613	0.022560053064419345	96.58178190127181
0.4028401944378834	0.007	0.005	0.047374669335205954	0.0003735694024024786	0.006264382617379363	0.02282530112602819	96.53920097374589
0.4080787494668773	0.007	0.005	0.04793730154972997	0.0003719471754073756	0.006418965747400124	0.02309953190455788	96.49499458651837
0.41293672753155697	0.007	0.005	0.04845789327388193	0.00037036718255506533	0.006563791055575765	0.023352635908498544	96.45401784943131
0.41799351478722224	0.007	0.005	0.048998600474324826	0.00036864621191539304	0.006716041168126864	0.023614813970974133	96.41138265286091
0.4227017843825894	0.007	0.005	0.04950095295981662	0.0003669689540828351	0.0068591653866871775	0.023857696359843715	96.37170284931042
0.42761008274012663	0.007	0.005	0.050023531910235515	0.0003651447897736107	0.007009767316053804	0.02410958759270765	96.33035465301751
0.43219833617932296	0.007	0.005	0.0505110079320091	0.0003633652267309232	0.00715183320931624	0.02434379810662958	96.29171860333454
0.43698616155017395	0.007	0.005	0.05101862983332565	0.0003614331312808774	0.007301395181588263	0.024586852307086043	96.25141855109206
0.4414796182731562	0.007	0.005	0.051494060918442656	0.0003595459129390793	0.007442979574287682	0.024813668990351492	96.21361159964678
0.4461712795911966	0.007	0.005	0.0519894513223552	0.00035750073127443436	0.007592061996976977	0.02504910545876303	96.17415284578725
0.45059203977496753	0.007	0.005	0.0524552931448277	0.00035550006325436905	0.007733702292890259	0.025269608286251403	96.13698728733381
0.4552093205784764	0.007	0.005	0.052940866970856995	0.00035333606315536456	0.007882841660413035	0.025498478928196094	96.0981849039516
0.4595774167018082	0.007	0.005	0.05339931844050374	0.0003512155386191036	0.008025058507096958	0.025713604993167383	96.06149101783618
0.4641405202295845	0.007	0.005	0.05387728624323315	0.0003489262116240884	0.008174788694172534	0.02593684252834457	96.02317394886747
0.46847478265380027	0.007	0.005	0.05433038575183877	0.0003466785975432405	0.008318106868746795	0.026147429066315866	95.9867926467139
0.4730031379025012	0.007	0.005	0.05480284245157716	0.00034425640690133785	0.008468979665931197	0.026365885471907123	95.94879687541662
0.4773219664351043	0.007	0.005	0.05525255165491162	0.00034187336529242486	0.00861394919647653	0.02657270537704164	95.91257317881526
0.48183498543993475	0.007	0.005	0.055721557719035954	0.00033930941394812137	0.008766556318241229	0.026787184921118375	95.87473534277457
0.4861571094153127	0.007	0.005	0.05616984182939714	0.00033678112694007464	0.008913776077241387	0.026990978514136454	95.83851199312844
0.49067498307456725	0.007	0.005	0.056637506186888224	0.00033406470330014107	0.009068775276437466	0.027202269095868564	95.80066271177863
0.4950203041276484	0.007	0.005	0.05708642059315139	0.00033137934836654397	0.009218922133073097	0.027403775921593536	95.76427312260617
0.4995649388885664	0.007	0.005	0.057554995739492756	0.000328497281853711	0.009377071032240503	0.027612682498737908	95.72622918257336
0.5039555716713604	0.007	0.005	0.0580067905499285	0.0003256402726458327	0.009530938859137531	0.027812677148769817	95.68948877441227
0.5085518132157673	0.007	0.005	0.058478794370465485	0.00032257598384210356	0.009693142165174468	0.02802006210011483	95.65104295829
0.5130135106929693	0.007	0.005	0.0589360553011392	0.0003195288235800805	0.009851698104874698	0.02821940012386834	95.61373732730814
0.517690906012386	0.007	0.005	0.05941444427962652	0.0003162608554237791	0.010019078367081413	0.028426238526108365	95.57464380188604
0.5222551978391307	0.007	0.005	0.05988030198641726	0.000312999317143617	0.010183549803569255	0.0286259226694242	95.53651100107199
0.5270507578608445	0.007	0.005	0.06036874082883974	0.00030949893854474584	0.010357560789851783	0.028833386716334612	95.49646243873863
0.5317584391782375	0.007	0.005	0.06084721069205093	0.0003059900038823774	0.010529579443014627	0.029034673008649176	95.45716409648682
0.5367213531020903	0.007	0.005	0.061350530849205914	0.00030221703318573093	0.01071220163824034	0.029244274684812988	95.41575265800952
0.5416287252185541	0.007	0.005	0.061847119505468624	0.0002984133318665374	0.010894062968151976	0.029448861469228413	95.37482233505379
0.5468292388907687	0.007	0.005	0.06237218172271031	0.0002943081896303532	0.011088173084459989	0.029662721571617978	95.33146620405584
0.5520205654638343	0.007	0.005	0.06289509722316379	0.0002901368197350634	0.01128335479616046	0.02987312842500537	95.28820632186297
0.5575689504281737	0.007	0.005	0.06345263472785052	0.0002856034690690153	0.011493515154706698	0.030094555543567072	95.24199273580237
0.5631853490585146	0.007	0.005	0.06401559512728752	0.0002809399867662499	0.011707878221005824	0.030315010257525535	95.19523547733979
0.5692812238335173	0.007	0.005	0.0646250120579379	0.00027580152852538177	0.011942382833149221	0.030550027325308638	95.14451249407708
0.5756048585994663	0.007	0.005	0.06525543824300166	0.0002703940501382607	0.012187662361621244	0.030789079069270996	95.09192290958816
0.5827074241300485	0.007	0.005	0.06596138647324382	0.0002642391983521749	0.012465583159368875	0.031051741287368623	95.03289011960013
0.5905353166036371	0.007	0.005	0.06673682065892544	0.00025737126303810676	0.012774840595465771	0.03133399380552607	94.96787124456839
0.6003382911356857	0.007	0.005	0.06770406401264707	0.00024867297748348583	0.013166460819957782	0.031676653977853214	94.88650996850875
0.6101877169849333	0.007	0.005	0.06867160047279998	0.00023986136657641046	0.013564744748005817	0.032008740867181466	94.80483336296656
0.6185796860052346	0.007	0.005	0.06949258536353549	0.00023232761275305817	0.013907859573514966	0.03228200367305496	94.7352982272281
0.6268191818153099	0.007	0.005	0.07029563655869925	0.00022492729653267947	0.014248081394672502	0.0325416271110312	94.66707609111266
0.6339529362535749	0.007	0.005	0.07098851033748557	0.00021853782748592807	0.014545297599416473	0.0327594849638938	94.60804905761657
0.6410824611838295	0.007	0.005	0.07167874679986302	0.00021217819443047306	0.014844777705508032	0.032970821939873586	94.54909379241519
0.6473209542128582	0.007	0.005	0.07228089758315265	0.00020664925222442377	0.015108816551289204	0.03315053834462473	94.49753676177033
0.6536547115684365	0.007	0.005	0.07289050843379039	0.00020107417339682262	0.015378771712113751	0.033328063399204494	94.44522119516037
0.6592495532300543	0.007	0.005	0.07342754921831485	0.00019619268344114174	0.01561880247425497	0.03348077740270273	94.39903301637202
0.6650083586834663	0.007	0.005	0.07397891021389363	0.00019121141644601946	0.015867395659824937	0.03363398755382145	94.35151482629797
0.6701408616892729	0.007	0.005	0.07446909730125144	0.00018681788785918294	0.01609025187093012	0.03376716819178996	94.3091846657156
0.675481731157126	0.007	0.005	0.07497797602904582	0.0001822912694433009	0.0163234478519022	0.03390242264102647	94.26515617227186
0.6802812525538158	0.007	0.005	0.0754342253131426	0.00017827047562934292	0.01653412568361701	0.03402110103970843	94.22560792226972
0.6853154873018314	0.007	0.005	0.07591172099629992	0.0001740991168456688	0.016756238009599	0.0341427017217444	94.18414345376854
0.6898741047782959	0.007	0.005	0.07634316469336518	0.0001703691799676593	0.016958360497162994	0.034250300119052265	94.14661214889449
0.6946811273850158	0.007	0.005	0.07679715247271271	0.00016648238327550088	0.01717251560753011	0.03436120651487134	94.10705191358936
0.6990647608384133	0.007	0.005	0.07721029136427862	0.0001629853228452176	0.01736871575446954	0.03446008809406385	94.07099052520903
0.7037021449045087	0.007	0.005	0.07764645068517836	0.00015933237722783297	0.017577210509604826	0.03456238208318502	94.03285673195775
0.7079587329594419	0.007	0.005	0.0780459868544267	0.0001560267909996175	0.017769429169027014	0.03465421356542572	93.99786787892769
0.7124689986174912	0.007	0.005	0.07846849123775734	0.0001525708522224553	0.01797398101395016	0.0347493941206811	93.96080801981516
0.7166340653376082	0.007	0.005	0.07885788979659016	0.00014942681183528119	0.018163675554639835	0.03483537746771706	93.92659756114935
0.7210493032531765	0.007	0.005	0.07926987237433426	0.0001461406659834027	0.018365597019187618	0.034924550118825344	93.89034588068402
0.7251497449846747	0.007	0.005	0.07965174082220539	0.0001431362099149692	0.01855388635286054	0.035005572149730727	93.85669139159808
0.7294947607046096	0.007	0.005	0.08005560889242355	0.0001399993748561534	0.018754205941419376	0.03508957206146753	93.82104271862443
0.7335514250833417	0.007	0.005	0.08043195399035914	0.00013711811519879162	0.01894197092778374	0.03516630212188765	93.78777204584202
0.7378458821971475	0.007	0.005	0.08082960233832592	0.0001341148654420211	0.019141516691930153	0.03524577499417591	93.75256397541449
0.7418753380502585	0.007	0.005	0.08120200552986363	0.0001313443514245196	0.019329469978977058	0.03531872961639029	93.71954053462807
0.7461352347803679	0.007	0.005	0.0815949627520484	0.0001284623646981153	0.019528927790295997	0.03539418572196409	93.68464116257097
0.7501509975134709	0.007	0.005	0.08196470108729306	0.00012579295847332908	0.019717662725157535	0.03546377204288602	93.65175376804042
0.754389691994465	0.007	0.005	0.08235423080358	0.00012302238403329903	0.019917617138129583	0.035535622837899176	93.61705318095126
0.758403080937653	0.007	0.005	0.08272236119753197	0.00012044648298043057	0.02010764234063886	0.03560216818703668	93.58420893564987
0.7626320118136172	0.007	0.005	0.08310953292441918	0.00011777929435084636	0.020308605570123445	0.03567075152622666	93.54961323433
0.766652758851604	0.007	0.005	0.08347695171249458	0.00011529078749456056	0.020500369730349865	0.03573452392244622	93.51673248714319
0.7708819605293107	0.007	0.005	0.08386269133070774	0.0001127203268458319	0.020702802568513652	0.035800121750644044	93.48215951680298
0.774918646322383	0.007	0.005	0.08423017675758165	0.00011031421240644584	0.020896712401425925	0.03586134429242622	93.44917225167985
0.7791571209733148	0.007	0.005	0.0846153027870527	0.00010783486731056683	0.02110103946159935	0.03592419523777404	93.41454852213319
0.7832174937513324	0.007	0.005	0.08498354587768826	0.00010550697988672091	0.021297472989791854	0.035983056389265314	93.38139172246068
0.787473485624948	0.007	0.005	0.08536879607003765	0.00010311395023685361	0.021504094081422325	0.03604336490411355	93.34665013991709
0.7915646981006863	0.007	0.005	0.08573842340190574	0.00010086076409495725	0.02170341065324397	0.03610002596209249	93.31326583290141
0.7958459021436117	0.007	0.005	0.08612447479325047	9.854989036731186e-5	0.021912709580125825	0.03615796910680303	93.27834397805239
0.799974692238108	0.007	0.005	0.08649606569118533	9.636837534910933e-5	0.022115257663384562	0.03621256972201661	93.24467774610034
0.8042884114987554	0.007	0.005	0.08688354958700194	9.413601285217387e-5	0.02232760897712621	0.03626830221886039	93.2095165776103
0.8084612414643744	0.007	0.005	0.08725764919026399	9.202352853062051e-5	0.022533732299162286	0.03632096451739384	93.17551641548582
0.8128145141073947	0.007	0.005	0.0876471630741819	8.986645101315801e-5	0.022749506904783445	0.03637462265313043	93.14005922711539
0.8170376815403453	0.007	0.005	0.08802429258164983	8.782066738580314e-5	0.02295954950319998	0.036425454375717654	93.1056746333285
0.8214373826647486	0.007	0.005	0.08841640948748532	8.573599386215099e-5	0.023179119294168764	0.036477159016344435	93.06986622114596
0.825717111711202	0.007	0.005	0.08879707438704137	8.375483114329936e-5	0.02339342982204564	0.036526255945695967	93.03504745488894
0.8301700396197109	0.007	0.005	0.08919235065068028	8.173996842233582e-5	0.02361717176495468	0.0365761149277096	92.9988334151071
0.8345125584253748	0.007	0.005	0.08957704751409183	7.982155074095194e-5	0.02383610730616496	0.036623562792752244	92.96353086880575
0.8390255088001437	0.007	0.005	0.08997602924656065	7.78741482262611e-5	0.02406440710977952	0.036671672831395184	92.92685699758027
0.8434371177353598	0.007	0.005	0.09036525151948746	7.601676748432402e-5	0.024288336700776875	0.03671754882317795	92.89102064776183
0.8480169515400933	0.007	0.005	0.09076848033921321	7.413468029096868e-5	0.024521592336278566	0.036763997075547214	92.85383239528151
0.852504084143374	0.007	0.005	0.0911627233145115	7.233676816052776e-5	0.024750900272101525	0.03680837105603762	92.81741131571776
0.8571577874253284	0.007	0.005	0.0915707411897815	7.051802837049582e-5	0.024989525235226708	0.03685323637328888	92.7796533092458
0.8617270676742382	0.007	0.005	0.09197050649203843	6.87781339451971e-5	0.02522461432897892	0.03689617186062768	92.74259521692223
0.8664618102661521	0.007	0.005	0.09238386031782699	6.70209262698084e-5	0.02546904098805562	0.03693952584369061	92.70421079584582
0.8711201080634721	0.007	0.005	0.09278966006514497	6.533769808151974e-5	0.025710335875125907	0.03698108082281508	92.66646161446555
0.875943302472364	0.007	0.005	0.09320890608146871	6.364033918087138e-5	0.025961018970936396	0.03702298871701837	92.62739236704867
0.880697790465967	0.007	0.005	0.09362126699040327	6.201251009453035e-5	0.02620896961937313	0.03706321632523949	92.58889578293937
0.8856171490842418	0.007	0.005	0.09404697487117718	6.0373431981367784e-5	0.026466389822374894	0.03710373775667957	92.54908110008063
0.8904753573501369	0.007	0.005	0.09446644199240467	5.879980793820107e-5	0.026721475072934035	0.037142686829985026	92.50977813884879
0.8954989506393549	0.007	0.005	0.09489919882675223	5.7217544117259195e-5	0.026986142736852767	0.03718187642691588	92.46915476356975
0.9004688261357234	0.007	0.005	0.09532633949802172	5.5696994064802895e-5	0.027248874237721692	0.037219591980334546	92.42898333183983
0.9056051469251913	0.007	0.005	0.09576675408861912	5.4170166719838244e-5	0.02752133362994772	0.037257499929392035	92.38748486329857
0.910695115893959	0.007	0.005	0.09620216192213746	5.270161448304821e-5	0.027792260085820992	0.03729402355907361	92.34637927079366
0.9159531445371556	0.007	0.005	0.09665086892126581	5.122892448654733e-5	0.02807309383322753	0.03733069605914228	92.30393566586314
0.9211721802858416	0.007	0.005	0.09709516800834464	4.981134180450251e-5	0.028352805712058775	0.037366066289812094	92.26182610869373
0.9265614569939575	0.007	0.005	0.09755283240681108	4.8391559564766414e-5	0.028642639811645377	0.0374015459576172	92.21836313059374
0.9319191532475267	0.007	0.005	0.09800668172101273	4.7023960391748394e-5	0.028931774540013867	0.03743579853700501	92.17517513492064
0.9374498565730428	0.007	0.005	0.0984740035621542	4.565591807159075e-5	0.029231283903854828	0.03747012475545469	92.13061375799208
0.9429565068470763	0.007	0.005	0.09893810155991618	4.433735409810758e-5	0.029530531597761974	0.037503292899813453	92.08626758121598
0.9486395385115554	0.007	0.005	0.09941582085219125	4.30199392306499e-5	0.029840446167124047	0.03753650211158833	92.04052335113828
0.9543062283214954	0.007	0.005	0.09989091079674942	4.174949512619367e-5	0.030150556296553756	0.0375686167419236	91.99493328671093
0.9601533110893552	0.007	0.005	0.10037981313472531	4.048164425772571e-5	0.030471668121409477	0.037600742725633976	91.94791558329642
0.9659920177007834	0.007	0.005	0.10086668863083995	3.925843437806154e-5	0.030793456861021983	0.03763183265363655	91.90098921311389
0.9720158016571798	0.007	0.005	0.10136761106460263	3.803912819530293e-5	0.031126627932966076	0.037662906748057126	91.85260045443984
0.9780395071831021	0.007	0.005	0.10186712222230838	3.686229356545493e-5	0.031460986554547904	0.037692998842645285	91.80423780349838
0.9842536922547029	0.007	0.005	0.10238095995238419	3.5690552048156e-5	0.03180715786747105	0.037723050157449346	91.75437252992978
0.9904765126647944	0.007	0.005	0.10289402030089106	3.4559257583182085e-5	0.03215506236910071	0.03775216949462642	91.7044651044961
0.9968959848424106	0.007	0.005	0.10342173388596453	3.343413621206311e-5	0.03251526412490846	0.03778122508337178	91.65300896505762
1.0033333156262152	0.007	0.005	0.10394932798986882	3.234756848073698e-5	0.03287778619919209	0.03780939507240693	91.60143867061211
1.0099743043830451	0.007	0.005	0.10449195156989319	3.126815446387888e-5	0.03325314963975044	0.037837480095005996	91.548267253961
1.0166429878287984	0.007	0.005	0.10503514362487547	3.022551960083462e-5	0.03363146933048367	0.03786472259216788	91.49490515580831
1.023523243674357	0.007	0.005	0.10559379392465076	2.9190928912183156e-5	0.03402324021669216	0.037891860447646405	91.43988267731726
1.0304417603816847	0.007	0.005	0.10615373738502011	2.819145082710821e-5	0.03441866049830458	0.03791819585403552	91.38458758620651
1.0375807601394675	0.007	0.005	0.10672962394404731	2.720082533229759e-5	0.03482821475580308	0.03794440830273706	91.32756537398564
1.0447694503591434	0.007	0.005	0.1073075724397312	2.624374401813983e-5	0.03524217845612738	0.037969855652194774	91.27018221605572
1.0521886360606962	0.007	0.005	0.10790200932354681	2.529624861424195e-5	0.035671040439211224	0.037995162930307864	91.21099695338405
1.0596699531588687	0.007	0.005	0.10849932881038742	2.4380818941232987e-5	0.03610514975928161	0.03801973995736541	91.15135491108117
1.067393001794564	0.007	0.005	0.10911374731600373	2.3475639791035832e-5	0.036555013105376746	0.03804416085542206	91.08982666279337
1.075191806944737	0.007	0.005	0.1097319298991581	2.260113026193582e-5	0.03701105240170294	0.038067884056955624	91.02773702018855
1.0832449469865755	0.007	0.005	0.11036789321099064	2.173747271770314e-5	0.03748380454608711	0.03809143599920417	90.96366692274185
1.0913888494922965	0.007	0.005	0.1110085726262406	2.090316455030354e-5	0.03796376680394418	0.038114320680246776	90.8989205878355
1.099801227490721	0.007	0.005	0.11166779227439946	2.0080251404505203e-5	0.03846151753823057	0.03813701978818731	90.83208818538486
1.1083209807703345	0.007	0.005	0.11233276137560783	1.9285437669442984e-5	0.03896763532269221	0.038159080098650176	90.76445281898913
1.1171250854846835	0.007	0.005	0.11301711559129753	1.850250779461181e-5	0.03949275005041918	0.038180941236455025	90.6946129966294
1.1260550431832324	0.007	0.005	0.1137083456452079	1.7746493040254734e-5	0.040027531431895455	0.03820219018624226	90.62382972407093
1.1352871929577055	0.007	0.005	0.11441989946049762	1.700280062147773e-5	0.04058266970336263	0.03822322698110403	90.55070920576935
1.14466583860419	0.007	0.005	0.11513956162620131	1.62849005165514e-5	0.04114894021943435	0.0382436764450154	90.47648881935264
1.1543667492714504	0.007	0.005	0.11588058931954663	1.5579714136982125e-5	0.04173710085921539	0.03826390130154047	90.39978210958274
1.1642372987910763	0.007	0.005	0.11663107743856925	1.4899255937560808e-5	0.04233805177063456	0.038283561989730895	90.32180078520722
1.1744527191911214	0.007	0.005	0.11740408543878142	1.42318591189822e-5	0.04296262412643822	0.03830298605070401	90.24116567620158
1.1848638066037978	0.007	0.005	0.11818803996353526	1.3588182390525725e-5	0.043601867894882754	0.038321867456739246	90.15906014384294
1.1956452374271989	0.007	0.005	0.1189957903828108	1.2957874312398444e-5	0.044266690450362765	0.03834050054189565	90.07411268743073
1.2066516634597328	0.007	0.005	0.11981612077303931	1.235033310011249e-5	0.04494832249555168	0.03835861082964384	89.98747504129456
1.2180571313819069	0.007	0.005	0.1206616522530472	1.1756430730029893e-5	0.045657747394964796	0.038376461310807915	89.8977842341364
1.2297206635161884	0.007	0.005	0.12152155575659619	1.118439641518641e-5	0.04638641361661259	0.038393807153558765	89.80615650173947
1.2418155085828677	0.007	0.005	0.12240819726136469	1.0626238274430642e-5	0.047145374602392494	0.038410881749702704	89.71123904466927
1.254205645442684	0.007	0.005	0.12331116639002744	1.0089104890225948e-5	0.04792633924582522	0.03842746805756846	89.61410823045459
1.267063213466705	0.007	0.005	0.1242425349076893	9.566057414253628e-6	0.04874041601321204	0.038443771504849	89.51342424051309
1.2802577770346752	0.007	0.005	0.1251923428027041	9.06324959439337e-6	0.04957962078214447	0.0384596010145503	89.41021893956751
1.2939598199217417	0.007	0.005	0.12617231023577832	8.574716584373189e-6	0.050455086391283155	0.03847513557201905	89.30317017644526
1.3080450914784276	0.007	0.005	0.12717295363608438	8.105701256528514e-6	0.05135918134050755	0.038490208235728046	89.19326098816018
1.3226814867458656	0.007	0.005	0.1282055562739913	7.651137582050858e-6	0.05230300569978952	0.03850497295473459	89.07919462033527
1.337751384019739	0.007	0.005	0.12926112304865042	7.215439788404644e-6	0.05327931651281839	0.038519285072317506	88.9619022432862
1.3534185183406833	0.007	0.005	0.13035037224133184	6.794369018170368e-6	0.0542990792074631	0.038533274788644295	88.8401251768902
1.3695719530117394	0.007	0.005	0.13146478094439007	6.391591328937042e-6	0.055355448931543094	0.03854681784232602	88.71474274383223
1.386368700629763	0.007	0.005	0.1326143125162989	6.003625171994886e-6	0.056459083473251785	0.038560021896261606	88.58455459910918
1.403703863604288	0.007	0.005	0.13379085479932404	5.633465258891027e-6	0.05760349579747401	0.038572781200726214	88.45039363777259
1.4217237780936736	0.007	0.005	0.13500334676164535	5.278315131403538e-6	0.05879876044024801	0.03858518215107749	88.31114859955989
1.4403279450854132	0.007	0.005	0.13624396935673572	4.940566756199518e-6	0.06003863421069418	0.038597135784286606	88.16761885603134
1.4596465101797202	0.007	0.005	0.13752029155529272	4.618025943589258e-6	0.06133221228452933	0.03860870887023237	88.01882446234384
1.4795808347004313	0.007	0.005	0.13882463264476674	4.312534302774924e-6	0.06267330892153354	0.038619827991184186	87.86555063764813
1.500238506199804	0.007	0.005	0.14016283366387186	4.0223944414281915e-6	0.06406956474163963	0.03863054284586139	87.70699664478195
1.5215203505567838	0.007	0.005	0.14152723947901805	3.7489266975120475e-6	0.06551466012545512	0.03864079519893554	87.54395113588889
1.5435062979240701	0.007	0.005	0.14292173976003822	3.49079632095956e-6	0.06701437055493269	0.03865062160557809	87.3758296164055
1.5660964325381341	0.007	0.005	0.14433876294401077	3.24881357185342e-6	0.06856219099358256	0.03865997956493501	87.20342430296219
1.5893420578509592	0.007	0.005	0.1457803258955971	3.0218596386440433e-6	0.0701618934819581	0.03866889750225904	87.02637148188487
1.6131459107175221	0.007	0.005	0.14723923071172948	2.810256779675193e-6	0.07180698883540701	0.038677349218203795	86.84543938314489
1.6375349644426922	0.007	0.005	0.1487160295370824	2.6129831277415736e-6	0.07349948069850483	0.03868535972367198	86.66044934075816
1.6624203842085794	0.007	0.005	0.1502043029712198	2.4299395185854283e-6	0.07523328433613483	0.03869291828865727	86.47210053321622
1.6878122892158787	0.007	0.005	0.15170369902565864	2.2601427939657047e-6	0.0770091187705644	0.03870004940691896	86.28034025457058
1.71363527187773	0.007	0.005	0.15320887934583274	2.103186489929825e-6	0.07882166671990838	0.038706755015750396	86.0857605977126
1.739889954042425	0.007	0.005	0.15471907980308036	1.9581240410956277e-6	0.08067086908134402	0.03871305986233513	85.88837790171345
1.7665164898171661	0.007	0.005	0.15623012715149276	1.8243714367106685e-6	0.08255235827360222	0.03871897460167379	85.68866183549461
1.7935113232518929	0.007	0.005	0.15774116473768307	1.7010428749239882e-6	0.0844656819850403	0.038724523692309644	85.48665737382235
1.820829508814352	0.007	0.005	0.15924908169785207	1.5874874358880813e-6	0.08640741364729058	0.038729722662793266	85.28271803757355
1.8484664327244507	0.007	0.005	0.1607530901951236	1.4829042791037757e-6	0.08837694669646448	0.038734594789109	85.07689427919566
1.8763898071596234	0.007	0.005	0.16225094748568175	1.3866512724821871e-6	0.09037167075158285	0.038739157508428074	84.86944168900084
1.9045955009025282	0.007	0.005	0.16374199363924224	1.2980256205534527e-6	0.09239095284408126	0.03874343220849489	84.66040519650393
1.9330611539556177	0.007	0.005	0.1652246440973113	1.216436591334248e-6	0.09443283087259145	0.03874743629735173	84.44996410709015
1.9617836947982514	0.007	0.005	0.16669837099677526	1.1412811233223882e-6	0.09649670169235756	0.038751188898502216	84.23815408830932
1.9907481765773087	0.007	0.005	0.16816206550059634	1.0720382739278067e-6	0.09858109033406626	0.038754706306941174	84.0250978826201
2.0199526661805125	0.007	0.005	0.1696153126285663	1.0081985838485877e-6	0.10068544007308286	0.038758005290770316	83.81082180940967
2.0493875654651763	0.007	0.005	0.17105733581470456	9.493144930623802e-7	0.10280862719761019	0.03876110053182017	83.59540811264735
2.079051961704176	0.007	0.005	0.17248780853642057	8.94959915426397e-7	0.10495014029919768	0.038764006542313156	83.37887503786413
2.108940017954942	0.007	0.005	0.1739061802527835	8.447564385125836e-7	0.10710910028262724	0.038766736245730765	83.16127660285632
2.1390516544107685	0.007	0.005	0.17531218987525957	7.983498103269622e-7	0.10928503220796298	0.03876930209862714	82.94262466576693
2.169383635783414	0.007	0.005	0.17670543779073722	7.554230734167344e-7	0.11147722241943572	0.038771715316965216	82.72295393321362
2.19993652477292	0.007	0.005	0.17808570933253084	7.156825728319421e-7	0.11368522146346921	0.038773986541572276	82.50227149717799
2.2307088612912707	0.007	0.005	0.1794527040373451	6.788641654657403e-7	0.11590842386711153	0.038776125425774265	82.28059907360978
2.2617016840282003	0.007	0.005	0.18080623905013837	6.447246453414954e-7	0.11814639514910628	0.03877814103785791	82.05794036521182
2.292914734405348	0.007	0.005	0.18214607825530996	6.130443593765644e-7	0.12039859776288847	0.03878004164885879	81.83430846396446
2.324349390708144	0.007	0.005	0.183472059835175	5.836217776357043e-7	0.12266460308938261	0.03878183498159422	81.60970478782579
2.3560061959118523	0.007	0.005	0.1847839887018057	5.56274295199682e-7	0.12494391310563367	0.03878352810820607	81.38413683189818
2.3878867582172334	0.007	0.005	0.18608171630621345	5.30834669137519e-7	0.12723609743784783	0.03878512760857432	81.15760460017698
2.419992145279259	0.007	0.005	0.1873650731850847	5.071509473594224e-7	0.12954067772826589	0.038786639527149766	80.93011207321224
2.4523241172488337	0.007	0.005	0.1886339189505482	4.850840411941653e-7	0.13185721630624198	0.03878806947711535	80.70165845428814
2.484884069128551	0.007	0.005	0.18988809948794053	4.645072854837286e-7	0.13418524023448292	0.038789422627581935	80.47224568019406
2.5176738380791086	0.007	0.005	0.19112747858113022	4.45304718380728e-7	0.13652429916560044	0.03879070377490013	80.24187272110704
2.5506950197843192	0.007	0.005	0.19235191129727877	4.273705064207154e-7	0.13887391643597372	0.038791917345728094	80.01054040780393
2.5839494736580093	0.007	0.005	0.19356126312920477	4.1060770236878335e-7	0.14123362513461915	0.038793067446581744	79.77824788374365
2.6174388945145215	0.007	0.005	0.19475539402012357	3.9492765026372445e-7	0.14360293763016932	0.03879415787471381	79.54499561117365
2.651165120268201	0.007	0.005	0.19593416967969735	3.8024906366019063e-7	0.14598136746494494	0.0387951921536583	79.31078322108573
2.685129866150409	0.007	0.005	0.19709745215659077	3.6649747202856994e-7	0.14836841060240546	0.03879617354699582	79.07561136580851
2.7193349171311816	0.007	0.005	0.1982451067437721	3.536045150369021e-7	0.1507635590951219	0.03879710508502604	78.83948038039573
2.753781948128828	0.007	0.005	0.19937699597554218	3.415074603143874e-7	0.15316628855617664	0.03879798957841277	78.60239152574626
2.7884726501818458	0.007	0.005	0.20049298410787916	3.3014864914524635e-7	0.15557606714829927	0.03879882963901296	78.36434611302751
2.823408614153253	0.007	0.005	0.20159293352295468	3.1947508331041063e-7	0.1579923476395728	0.038799627692694294	78.12534629996986
2.8585914050845918	0.007	0.005	0.202676707416088	3.0943798699514295e-7	0.1604145727837287	0.03880038599570333	77.88539457426188
2.8940224856319934	0.007	0.005	0.2037441676787686	2.999924580531501e-7	0.16284217026477654	0.0388011066462086	77.6444942707188
2.9297032629486477	0.007	0.005	0.20479517668209046	2.9109711556347853e-7	0.16527455621030268	0.03880179159754223	77.40264924326655
2.9656350438191277	0.007	0.005	0.20582959625463568	2.8271380667399434e-7	0.16771113242651145	0.038802442668451814	77.15986416170423
3.001819038935377	0.007	0.005	0.20684728819961612	2.748073268875091e-7	0.17015128705939903	0.03880306155349974	76.9161444721681
3.038256362529378	0.007	0.005	0.2078481146613744	2.6734516850986303e-7	0.17259439496352308	0.03880364983248186	76.67149638912873
3.074948010036687	0.007	0.005	0.20883193790366408	2.602972967991421e-7	0.17503981663866303	0.038804208978726676	76.42592703400427
3.1118948695480335	0.007	0.005	0.2097986210398187	2.5363593953111446e-7	0.17748689947989205	0.03880474036725652	76.17944434570545
3.1490976915671194	0.007	0.005	0.21074802765835476	2.47335403881152e-7	0.1799349762932522	0.03880524528167604	75.93205726930819
3.186557107767356	0.007	0.005	0.21168002275857423	2.413719009502533e-7	0.18238336711135997	0.03880572492120614	75.68377561641036
3.22427359767987	0.007	0.005	0.21259447235733625	2.357233947663929e-7	0.18483137762157606	0.038806180406466315	75.4346102711792
3.262247517643217	0.007	0.005	0.2134912446616076	2.303694551159363e-7	0.18727830171355866	0.03880661278558026	75.18457298260138
3.3004790620254596	0.007	0.005	0.21437020958351316	2.252911334813309e-7	0.1897234196598393	0.03880702303899482	74.93367660408484
3.3389682822675177	0.007	0.005	0.21523123966339405	2.2047084168461647e-7	0.19216600009368973	0.03880741208459367	74.68193495024612
3.3777150627798544	0.007	0.005	0.2160742099827712	2.1589224670375132e-7	0.1946052992552537	0.03880778078195316	74.42936293681592
3.4167191403679045	0.007	0.005	0.2168989990590035	2.1154016948974842e-7	0.19704056304696338	0.038808129936705335	74.17597643488718
3.4559800851780267	0.007	0.005	0.21770548887531527	2.0740049703758586e-7	0.19947102668466735	0.03880846030419788	73.92179237627776
3.4954972969574	0.007	0.005	0.21849356526554783	2.0346010002857364e-7	0.20189591537188356	0.038808772593036535	73.66682875756527
3.5352700278515194	0.007	0.005	0.21926311880174415	1.9970675508510337e-7	0.20431444661952597	0.038809067468555676	73.4111044731329
3.575297342048584	0.007	0.005	0.22001404441856268	1.9612907956031422e-7	0.20672582872655862	0.03880934555555193	73.15463955506232
3.6155781601919825	0.007	0.005	0.2207462426795299	1.927164641151134e-7	0.20912926445455232	0.03880960744143435	72.89745486718802
3.6561112297102873	0.007	0.005	0.22145961958887397	1.8945901741199562e-7	0.21152395021420378	0.0388098536786144	72.63957227551187
3.6968951432811514	0.007	0.005	0.22215408729554112	1.8634751135587364e-7	0.21390907817515886	0.03881008478704616	72.38101450988675
3.7379283388728823	0.007	0.005	0.22282956441889978	1.8337333246076273e-7	0.21628383726568973	0.03881030125645402	72.12180514426585
3.7792090971735974	0.007	0.005	0.22348597631710132	1.8052843724848703e-7	0.2186474140369008	0.0388105035483906	71.86196859328709
3.820735566746715	0.007	0.005	0.2241232557653329	1.7780530940581558e-7	0.2209989951094915	0.03881069209827648	71.60152993485896
3.8625057483168526	0.007	0.005	0.22474134294115208	1.751969232541901e-7	0.22333776725830462	0.03881086731709075	71.34051499104815
3.9045175150946707	0.007	0.005	0.2253401859500889	1.7269670769558607e-7	0.22566291954548337	0.03881102959310759	71.07895018281026
3.9467686197296015	0.007	0.005	0.22591974109011595	1.7029851388542346e-7	0.22797364465098854	0.038811179293437435	70.81686247027523
3.98925670155646	0.007	0.005	0.226479973083584	1.6799658560547445e-7	0.23026914019118885	0.03881131676545671	70.5542792921672
4.031979302666604	0.007	0.005	0.22702085538225292	1.657855313699418e-7	0.23254861047347664	0.03881144233815834	70.2912284519949
4.074933870190957	0.007	0.005	0.2275423702457801	1.6366029938402374e-7	0.2348112674584433	0.038811556323357185	70.02773809090056
4.1181177759567955	0.007	0.005	0.22804450899951675	1.6161615367023444e-7	0.2370563326014864	0.03881165901685553	69.7638365548867
4.161528322261705	0.007	0.005	0.22852727207098053	1.5964865277988302e-7	0.23928303789488972	0.03881175069948067	69.49955234916989
4.2051627536385725	0.007	0.005	0.22899066906222862	1.5775362948692682e-7	0.24149062717319367	0.03881183163806173	69.23491405712986
4.2490182835378025	0.007	0.005	0.22943471892666323	1.5592717181793724e-7	0.2436783580922825	0.038811902086353926	68.9699501710075
4.293092089410077	0.007	0.005	0.229859449764284	1.54165606539651e-7	0.24584550243423048	0.03881196228583295	68.70468911621018
4.3373813282867495	0.007	0.005	0.23026489880961873	1.5246548308758624e-7	0.24799134739907458	0.0388120124664709	68.43915915236892
4.38188316752534	0.007	0.005	0.23065111249906237	1.50823558092999e-7	0.25011519752654804	0.03881205284745937	68.17338818626564
4.426594768640754	0.007	0.005	0.23101814607520024	1.4923678286923723e-7	0.2522163742731542	0.0388120836378258	67.90740386768933
4.47151333347021	0.007	0.005	0.23136606370477364	1.4770228937293458e-7	0.2542942184969606	0.03881210503705841	67.64123331449676
4.516636079285816	0.007	0.005	0.2316949379682582	1.462173797692627e-7	0.2563480895057885	0.03881211723562865	67.3749032627706
4.561960288652782	0.007	0.005	0.23200484991454323	1.4477951416595696e-7	0.2583773675095689	0.03881212041551243	67.10843977504022
4.607483287634189	0.007	0.005	0.23229588854290242	1.4338630154503557e-7	0.2603814526965079	0.03881211475064049	66.84186837432287
4.6532024690446985	0.007	0.005	0.2325681506070248	1.420354897855845e-7	0.2623597663138465	0.03881210040733105	66.57521391299538
4.6991153161125	0.007	0.005	0.23282174036619555	1.4072495654938023e-7	0.2643117516356739	0.03881207754467246	66.30850044264496
4.745219389739831	0.007	0.005	0.23305676910576786	1.3945270166827337e-7	0.2662368732918317	0.03881204631488698	66.04175129750739
4.791512349258611	0.007	0.005	0.23327335484881534	1.382168391698307e-7	0.26813461799067667	0.038812006863657336	65.7749889835807
4.837991951870356	0.007	0.005	0.23347162193868495	1.3701559038951023e-7	0.2700044942739877	0.03881195933043682	65.50823519280496
4.884656070585735	0.007	0.005	0.23365170070118368	1.3584727699299682e-7	0.27184603297469523	0.03881190384871951	65.24151071170678
4.931502687493796	0.007	0.005	0.23381372699417236	1.3471031521947875e-7	0.2736587866252468	0.03881184054631233	64.97483547276352
4.97852992118776	0.007	0.005	0.23395784188334473	1.3360320944710637e-7	0.27544233015880454	0.03881176954554457	64.70822841163549
5.025735994984335	0.007	0.005	0.23408419111928142	1.325245477536534e-7	0.2771962592874915	0.038811690963541076	64.44170766186281
5.073119280041958	0.007	0.005	0.23419292485879822	1.3147299592693265e-7	0.2789201917060481	0.03881160491237004	64.1752903248993
5.120678266476966	0.007	0.005	0.2342841971763737	1.3044729348390143e-7	0.2806137655431704	0.03881151149928625	63.908992648526336
5.168411590966118	0.007	0.005	0.2343581657315723	1.2944624874011453e-7	0.28227663987777263	0.038811410826865324	63.64282988693764
5.216318017003673	0.007	0.005	0.23441499134159324	1.2846873513347582e-7	0.2839084935192719	0.03881130299321299	63.37681642703998
5.264396459458422	0.007	0.005	0.2344548376396265	1.2751368689772256e-7	0.2855090253250901	0.038811188092071944	63.11096566756057
5.312645958184838	0.007	0.005	0.23447787067935283	1.265800960167305e-7	0.2870779527567352	0.03881106621303074	62.845290181509924
5.36106570258505	0.007	0.005	0.23448425860676864	1.2566700832304115e-7	0.28861501214686275	0.038810937441605964	62.57980159618307
5.409655014559717	0.007	0.005	0.23447417131052184	1.2477352075594023e-7	0.2901199575719874	0.038810801859414795	62.31451070327841
5.458413467197405	0.007	0.005	0.2344477800248283	1.238987761801516e-7	0.29159256384511234	0.03881065954394777	62.04942683022963
5.507340647788755	0.007	0.005	0.23440525708029905	1.2304196495471193e-7	0.29303261862370206	0.03881051056934953	61.78455914934601
5.556436324532055	0.007	0.005	0.23434677558666112	1.2220231926462047e-7	0.29443992702437044	0.03881035500606636	61.519915782613936
5.605700357446807	0.007	0.005	0.23427250922949916	1.213791121748551e-7	0.29581430842800494	0.03881019292121881	61.255504299569694
5.655132755544856	0.007	0.005	0.23418263195956915	1.2057165431640073e-7	0.29715559760543037	0.03881002437852485	60.99133142284705
5.704733652546495	0.007	0.005	0.2340773177721034	1.1977929213350545e-7	0.29846364346295	0.038809849438467214	60.72740317410437
5.7545033019966105	0.007	0.005	0.2339567404925892	1.1900140588494084e-7	0.29973830838890336	0.03880966815839997	60.463724913991555
5.8044420921859405	0.007	0.005	0.23382107352525067	1.1823740750017463e-7	0.30097946810821796	0.03880948059257673	60.200301277161
5.854550524678257	0.007	0.005	0.23367048970068735	1.1748673908840368e-7	0.30218701060788355	0.03880928679230586	59.93713630002038
5.9048292191840455	0.007	0.005	0.23350516108053368	1.1674887114305433e-7	0.3033608357675945	0.03880908680600837	59.67423340801734
5.955278918504458	0.007	0.005	0.23332525876304702	1.1602330090046023e-7	0.3045008549731729	0.03880888067926697	59.41159540319126
6.005900473365434	0.007	0.005	0.23313095276997667	1.1530955101157881e-7	0.30560699027996807	0.038808668454952434	59.149224556361695
6.056694853988196	0.007	0.005	0.23292241185379983	1.1460716800365646e-7	0.3066791742031205	0.038808450173238584	58.887122559531164
6.10766312798254	0.007	0.005	0.23269980344653665	1.1391572120528675e-7	0.30771734878786	0.03880822587175558	58.62529065245661
6.158806475242284	0.007	0.005	0.2324632934753642	1.1323480133141323e-7	0.30872146549609764	0.038807995585583996	58.36372955732569
6.210126179223486	0.007	0.005	0.23221304628098685	1.1256401940159943e-7	0.3096914845953165	0.03880775934734566	58.10243953541265
6.261623621494088	0.007	0.005	0.23194922453952255	1.1190300568885891e-7	0.31062737465040474	0.03880751718728042	57.84142042595234
6.313300289927601	0.007	0.005	0.23167198912443435	1.1125140860803052e-7	0.31152911227889907	0.03880726913325621	57.58067161553879
6.365157752579754	0.007	0.005	0.23138149915960662	1.1060889402176601e-7	0.3123966813158264	0.038807015210940696	57.32019218058862
6.417197693363142	0.007	0.005	0.2310779117477302	1.099751439110828e-7	0.313230073065644	0.03880675544367313	57.05998071789524
6.469421861587293	0.007	0.005	0.23076138218702497	1.0934985610164078e-7	0.3140292851210134	0.03880648985275495	56.80003560777204
6.521832121620934	0.007	0.005	0.23043206362176644	1.087327428640926e-7	0.3147943218300623	0.03880621845724261	56.5403547753297
6.574430398575171	0.007	0.005	0.23009010731916946	1.0812353077770522e-7	0.3155251931524653	0.03880594127426276	56.280935970141066
6.627218728270128	0.007	0.005	0.22973566231067966	1.0752195942815911e-7	0.31622191509167497	0.03880565831879088	56.02177652768785
6.680199202474246	0.007	0.005	0.22936887571003842	1.069277813760123e-7	0.31688450865251194	0.038805369603975653	55.762873648163314
6.733374019180978	0.007	0.005	0.22898989234470535	1.0634076090803048e-7	0.31751300023903267	0.038805075140904005	55.50422415807367
6.786745434488253	0.007	0.005	0.22859885506062622	1.0576067402151931e-7	0.318107420790685	0.038804774938895024	55.24582475391609
6.840315791930396	0.007	0.005	0.2281959044982939	1.0518730752234914e-7	0.31866780590709565	0.03880446900537128	54.98767186693504
6.894087513049168	0.007	0.005	0.2277811791404491	1.0462045856385932e-7	0.31919419549483646	0.038804157345939214	54.72976171730086
6.948063087794406	0.007	0.005	0.22735481537565458	1.0405993430464859e-7	0.3196866334588576	0.03880383996447353	54.47209036779435
7.002245079156075	0.007	0.005	0.22691694745930807	1.0350555136663067e-7	0.32014516755558364	0.03880351686311918	54.21465370870896
7.056636120660448	0.007	0.005	0.22646770753196996	1.0295713540570946e-7	0.3205698491817772	0.038803188042332765	53.957447477018064
7.111238924715213	0.007	0.005	0.22600722555069155	1.0241452065451815e-7	0.32096073325503416	0.03880285350085661	53.70046722424214
7.166056254679657	0.007	0.005	0.22553562952962067	1.0187754977704341e-7	0.32131787784504257	0.03880251323591406	53.443708454917385
7.221090962252023	0.007	0.005	0.22505304523300154	1.0134607314627708e-7	0.3216413442828356	0.03880216724300347	53.18716645753749
7.276345941110055	0.007	0.005	0.22455959658809937	1.0081994899502715e-7	0.32193119672186776	0.0388018155162095	52.93083652807271
7.331824168154778	0.007	0.005	0.22405540534193144	1.0029904262601109e-7	0.32218750225917486	0.03880145804796716	52.67471378377934
7.3875286715174395	0.007	0.005	0.22354059136335355	9.978322647132117e-8	0.32241033063860863	0.03880109482928577	52.418793318181585
7.443462549986086	0.007	0.005	0.2230152724897769	9.927237963168843e-8	0.32259975423867526	0.03880072584964547	52.16307011722522
7.499628951753063	0.007	0.005	0.22247956474897188	9.876638778767947e-8	0.3227558478950848	0.038800351097156814	51.90753916263543
7.5560310977311635	0.007	0.005	0.22193358216628767	9.826514272116216e-8	0.3228786888911098	0.03879997055842659	51.65219533113141
7.612672252628712	0.007	0.005	0.22137743707001184	9.776854241583298e-8	0.3229683568035868	0.03879958421877066	51.397033531503624
7.669555748373625	0.007	0.005	0.22081123989733312	9.727649058046855e-8	0.323024933495223	0.038799192062075875	51.14204860372406
7.726684962447392	0.007	0.005	0.22023509944010747	9.67888966402065e-8	0.3230485030250504	0.038798794070966765	50.88723542178612
7.784063330095769	0.007	0.005	0.21964912276051815	9.630567548773657e-8	0.32303915162542973	0.038798390226741204	50.63258884366063
7.841694402811267	0.007	0.005	0.219053414617073	9.582674677103672e-8	0.32299696759586005	0.03879798050896957	50.378103459054735
7.8995818503650685	0.007	0.005	0.218448077443535	9.53520348046923e-8	0.32292204109570133	0.038797564895476006	50.12377359234542
7.95772918825341	0.007	0.005	0.21783321424962854	9.488147062775086e-8	0.3228144645257836	0.03879714336431897	49.86959450300184
8.016140136226806	0.007	0.005	0.21720892492891422	9.44149888957749e-8	0.322674332129227	0.03879671589124414	49.61556081202566
8.074818321375334	0.007	0.005	0.21657530943587808	9.395253020600106e-8	0.32250174052143993	0.038796282451852244	49.36166780492475
8.13376750774038	0.007	0.005	0.21593246538955166	9.349403909153954e-8	0.3222967882188334	0.038795843019945354	49.10791043441957
8.192991421468406	0.007	0.005	0.21528049000287747	9.30394653336642e-8	0.3220595761602872	0.038795397568835086	48.854284081320614
8.252493872738832	0.007	0.005	0.2146194788089697	9.25887628823356e-8	0.32179020736625263	0.03879494607045895	48.60078403104878
8.312278665762346	0.007	0.005	0.213949526698489	9.214189047081511e-8	0.32148878734208053	0.03879448849607661	48.347405862208305
8.37234965851291	0.007	0.005	0.21327072731004632	9.169881110303637e-8	0.32115542389352847	0.038794024815840725	48.09414519355167
8.432710707408013	0.007	0.005	0.21258317370188948	9.125949232917645e-8	0.32079022748748337	0.0387935549992431	47.84099792010829
8.49336570750649	0.007	0.005	0.2118869579522111	9.0823905958979e-8	0.3203933111320311	0.03879307901482936	47.587960044527655
8.554318548497914	0.007	0.005	0.21118217171447773	9.03920282550386e-8	0.31996479075131085	0.03879259683056661	47.33502786224708
8.615573147047549	0.007	0.005	0.21046890590151976	8.996383970560293e-8	0.3195047850976913	0.038792108413616175	47.082197826484844
8.6771333979929	0.007	0.005	0.20974725130681682	8.953932527758799e-8	0.3190134162379428	0.038791613730748485	46.82946674975986
8.739003219012051	0.007	0.005	0.20901729814048534	8.911847408517094e-8	0.3184908093651332	0.038791112748015937	46.576831618277005
8.801186497076488	0.007	0.005	0.2082791367126396	8.870127970630228e-8	0.31793709338176085	0.038790605431213154	46.32428981001001
8.86368710840655	0.007	0.005	0.20753285725763157	8.82877400372859e-8	0.3173524009233488	0.038790091745750176	46.07183900959079
8.92650888874477	0.007	0.005	0.20677855034539183	8.787785744040522e-8	0.3167368688219244	0.03878957165693069	45.819477324855136
8.989655657491744	0.007	0.005	0.20601630664978826	8.747163861480942e-8	0.31609063808060883	0.03878904512978977	45.567203184844075
9.053131174848907	0.007	0.005	0.20524621751954794	8.706909474328893e-8	0.31541385450853404	0.03878851212948705	45.315015506406226
9.116939148798108	0.007	0.005	0.20446837495246567	8.667024156477708e-8	0.3147066688962198	0.0387879726212917	45.06291365875646
9.18108320809097	0.007	0.005	0.2036828719803198	8.62750994572864e-8	0.313969237562376	0.03878742657085468	44.81089756211024
9.245566917442952	0.007	0.005	0.2028898025382196	8.588369331539549e-8	0.31320172244658057	0.038786873944126755	44.5589676183043
9.310393724068136	0.007	0.005	0.2020892621742242	8.549605296212775e-8	0.31240429201223324	0.038786314707864915	44.30712490938426
9.375566993901092	0.007	0.005	0.20128134765586597	8.51122127930265e-8	0.311577121107871	0.0387857488293749	44.05537104365044
9.441089935364928	0.007	0.005	0.20046615796258632	8.473221233496133e-8	0.3107203922210136	0.03878517627722647	43.803708437153595
9.50696563951203	0.007	0.005	0.1996437938373101	8.435609596420047e-8	0.30983429530265416	0.03878459702096667	43.55214014198209
9.573197015425192	0.007	0.005	0.19881435863505859	8.398391322322535e-8	0.30891902894881645	0.03878401103174829	43.30067007636722
9.639786808125358	0.007	0.005	0.19797795814207875	8.361571880468967e-8	0.3079748005186361	0.03878341828224166	43.04930293571204
9.70673755458345	0.007	0.005	0.19713470116406015	8.325157271942474e-8	0.3070018271003728	0.03878281874709525	42.79804433758896
9.774051583392188	0.007	0.005	0.19628469956351033	8.28915402927763e-8	0.3060003358875882	0.0387822124030146	42.54690079852627
9.841730964906935	0.007	0.005	0.195428068916341	8.253569248180485e-8	0.3049705652895995	0.03878159922928978	42.29587989392597
9.9097775099329	0.007	0.005	0.19456492855163124	8.218410574986888e-8	0.30391276534847744	0.038780979207893286	42.04499023297121
9.978192741126817	0.007	0.005	0.1936954019289084	8.183686230522526e-8	0.30282719856142526	0.038780352323827025	41.794241533092986
10.04697785455992	0.007	0.005	0.1928196171349451	8.149405021102836e-8	0.30171414088247445	0.03877971856556706	41.54364472644748
10.116133712596143	0.007	0.005	0.19193770697510293	8.115576339901896e-8	0.30057388223483644	0.03877907792522683	41.29321194833237
10.185660799691505	0.007	0.005	0.19104980952798303	8.082210183114413e-8	0.2994067276210623	0.03877843039906624	41.04295665779084
10.255559214412097	0.007	0.005	0.19015606822949968	8.049317150816078e-8	0.29821299764211295	0.038777775987671334	40.792893623320126
10.3258286240166	0.007	0.005	0.18925663242473317	8.016908463617418e-8	0.2969930296362549	0.03877711469648647	40.543039040340346
10.396468241587343	0.007	0.005	0.18835165762155479	7.984995963110588e-8	0.295747178441704	0.03877644653614281	40.29341056340429
10.4674768075673	0.007	0.005	0.18744130567578268	7.953592115837249e-8	0.29447581706131576	0.03877577152274791	40.044027320149034
10.538852552125407	0.007	0.005	0.18652574520967682	7.922710016125622e-8	0.29317933764916426	0.038775089678360394	39.79490998973006
10.610593180788264	0.007	0.005	0.18560515171934514	7.892363390381197e-8	0.2918581520628589	0.03877440103124746	39.546080796119874
10.682695850510681	0.007	0.005	0.1846797077910683	7.86256658892711e-8	0.2905126925532016	0.03877370561623449	39.297563532651566
10.755157135944257	0.007	0.005	0.1837496034296048	7.833334592177127e-8	0.28914341260953885	0.038773003475151974	39.04938361721916
10.82797301959984	0.007	0.005	0.1828150360655328	7.80468299613786e-8	0.28775078732479015	0.038772294657053646	38.80156806238685
10.901138877447233	0.007	0.005	0.1818762106066827	7.776628009674507e-8	0.2863353137927834	0.03877157921847693	38.55414546001284
10.974649459865276	0.007	0.005	0.18093333953490154	7.7491864416321e-8	0.2848975115456569	0.038770857223747686	38.30714598004145
11.048498887518894	0.007	0.005	0.17998664279719168	7.722375684217989e-8	0.2834379226478286	0.03877012874513687	38.060601317675356
11.122680637943311	0.007	0.005	0.1790363478024242	7.696213704330163e-8	0.281957111910309	0.03876939386310482	37.814544671319254
11.197187567232188	0.007	0.005	0.17808268895554136	7.67071901221515e-8	0.2804556663395354	0.03876865266619317	37.56901060412424
11.272011888132473	0.007	0.005	0.1771259077386345	7.645910652199644e-8	0.27893419538358877	0.03876790525134169	37.32403505128038
11.347145203396476	0.007	0.005	0.1761662520741022	7.621808169746939e-8	0.2773933299976065	0.038767151723649286	37.079655146103306
11.4225785004507	0.007	0.005	0.17520397617404537	7.598431590675842e-8	0.2758337224136443	0.03876639219651105	36.83590917578997
11.498302207142519	0.007	0.005	0.17423933960301838	7.575801387072174e-8	0.2742560445784426	0.038765626791131984	36.592836341933626
11.574306178551392	0.007	0.005	0.17327260721580864	7.553938454576161e-8	0.27266098793530597	0.038764855636722606	36.350476748131264
11.65057978061537	0.007	0.005	0.17230404785950293	7.532864071657272e-8	0.27104926111517874	0.038764078869703955	36.108871081183366
11.727111869086727	0.007	0.005	0.17133393440765007	7.512599884731309e-8	0.26942158974550073	0.03876329663395998	35.868060632091634
11.803890896330527	0.007	0.005	0.17036254217297975	7.493167857042294e-8	0.2677787134949786	0.038762509079775666	35.62808691711629
11.880904907821813	0.007	0.005	0.16939014872594615	7.474590258899713e-8	0.2661213853861652	0.03876171636388429	35.388991654528134
11.958141651965988	0.007	0.005	0.16841703228723923	7.456889611519422e-8	0.2644503686303515	0.038760918648338576	35.15081639357237
12.03558858386327	0.007	0.005	0.16744347147232896	7.440088688941926e-8	0.26276643568509883	0.03876011610045568	34.913602481803814
12.113232982877351	0.007	0.005	0.16646974361518949	7.424210465346959e-8	0.2610703648122682	0.038759308891573044	34.677390688689734
12.191061947864773	0.007	0.005	0.165496124647277	7.409278116106526e-8	0.2593629392581696	0.03875849719705565	34.442221212980876
12.26906253745893	0.007	0.005	0.16452288717500924	7.39531497613077e-8	0.25764494324610765	0.03875768119478232	34.208133256356405
12.347221751053445	0.007	0.005	0.163550300572567	7.382344548221196e-8	0.25591716144362836	0.038756861065277474	33.97516508812787
12.42552668100013	0.007	0.005	0.16257862895869482	7.370390465377448e-8	0.2541803746620382	0.03875603699004133	33.74335360299664
12.503964489042858	0.007	0.005	0.1616081313874632	7.35947650793639e-8	0.25243535944004014	0.03875520915170961	33.51273441273469
12.58252253341805	0.007	0.005	0.16063906018949708	7.349626586172302e-8	0.2506828843126262	0.038754377732621456	33.28334149682767
12.661188381747259	0.007	0.005	0.15967166075575037	7.340864745987574e-8	0.2489237086381027	0.03875354291457996	33.05520719865179
12.739949891480308	0.007	0.005	0.15870617051003819	7.33321518069802e-8	0.24715857995869334	0.03875270487789291	32.82836202930528
12.818795232804947	0.007	0.005	0.15774281861502618	7.326702239478658e-8	0.245388232688286	0.03875186380101729	32.602834644905485
12.897712958218575	0.007	0.005	0.1567818251293397	7.321350441076154e-8	0.2436133858050819	0.038751019859703806	32.37865169424972
12.976692008995716	0.007	0.005	0.1558234009591039	7.317184501929079e-8	0.24183474201520513	0.03875017322681144	32.15583785170644
13.055721789169555	0.007	0.005	0.1548677470087125	7.314229357549709e-8	0.24005298545768425	0.03874932407139913	31.934415661866915
13.134792139551662	0.007	0.005	0.15391505456511925	7.31251018993295e-8	0.23826878172227126	0.03874847255888892	31.714405669376386
13.213893415901383	0.007	0.005	0.15296550443913473	7.312052464807013e-8	0.23648277558475295	0.03874761885011262	31.495826258265573
13.293016467015073	0.007	0.005	0.15201926733336107	7.312881964187687e-8	0.23469559106367277	0.038746763101436515	31.278693773173433
13.372152659369354	0.007	0.005	0.15107650366128236	7.315024827092548e-8	0.2329078304925521	0.038745905464389746	31.06302251076073
13.451293885483809	0.007	0.005	0.15013736357573956	7.318507590306387e-8	0.23112007402313897	0.03874504608547213	30.848824756919484
13.530432556014961	0.007	0.005	0.14920198720075592	7.32335723135141e-8	0.2293328795581972	0.03874418510614409	30.636110867530764
13.609561622785623	0.007	0.005	0.14827050450599094	7.329601215777315e-8	0.2275467820451409	0.03874332266248599	30.42488926505086
13.688674548931054	0.007	0.005	0.14734303581405656	7.337267542377583e-8	0.22576229402060485	0.03874245888543874	30.21516657632695
13.767765299592119	0.007	0.005	0.1464196920665528	7.346384792578163e-8	0.2239799057429639	0.03874159390082878	30.006947712172302
13.846828363640215	0.007	0.005	0.14550057473329778	7.35698217947691e-8	0.22220008467512303	0.038740727829059754	29.80023586405068
13.925858686056586	0.007	0.005	0.14458577676523457	7.369089596539447e-8	0.2204232770251986	0.038739860785788637	29.595032733266834
14.004851709961608	0.007	0.005	0.14367538227061888	7.382737670707577e-8	0.2186499068585329	0.03873899288140855	29.391338470087984
14.083803308510383	0.007	0.005	0.14276946746862343	7.39795781051021e-8	0.21688037772419264	0.03873812422174556	29.189151897452465
14.162709826412794	0.007	0.005	0.14186810037594033	7.414782264573162e-8	0.2151150718523284	0.038737254907558374	28.98847044863784
14.241567974971877	0.007	0.005	0.14097134217073237	7.433244159700233e-8	0.21335435266241318	0.03873638503565636	28.78929047708906
14.320374920265671	0.007	0.005	0.14007924634479957	7.453377572301739e-8	0.21159856297401142	0.038735514697896524	28.591607071568426
14.399128141546617	0.007	0.005	0.1391918604679068	7.475217556250617e-8	0.2098480283717321	0.03873464398272026	28.395414450099203
14.477825529591243	0.007	0.005	0.1383092252240441	7.498800224629261e-8	0.20810305523564712	0.038733772974047606	28.20070574688844
14.556465245191243	0.007	0.005	0.1374313761504946	7.524162763306982e-8	0.20636393412253148	0.03873290175282744	28.00747339593353
14.635045838104071	0.007	0.005	0.1365583424456976	7.551343533527774e-8	0.20463093737926427	0.03873203039571109	27.81570886613439
14.713566084886647	0.007	0.005	0.13569014891572548	7.580382072304553e-8	0.2029043229888214	0.038731158976843726	27.625403086733705
14.792025081719618	0.007	0.005	0.134826815069821	7.611319189146685e-8	0.2011843327855469	0.038730287566834984	27.436546244247186
14.870422139687753	0.007	0.005	0.13396835640294125	7.644196984268493e-8	0.19947119502887078	0.03872941623392432	27.24912805871414
14.948756846329392	0.007	0.005	0.13311478383672165	7.679058934705815e-8	0.19776512332719784	0.03872854504330454	27.06313765569401
15.027028971533952	0.007	0.005	0.132266104862875	7.715949919067603e-8	0.1960663189689495	0.03872767405817808	26.87856380960579
15.105238513542858	0.007	0.005	0.1314223231474384	7.754916297007375e-8	0.1943749701926632	0.03872680333925925	26.695394850504616
15.18338564133594	0.007	0.005	0.13058343925823393	7.796005948188905e-8	0.19269125371156445	0.03872593294543173	26.513618815106618
15.261470699254936	0.007	0.005	0.12974945070938232	7.839268337651973e-8	0.19101533488073158	0.03872506293371639	26.333223448659247
15.33949418063411	0.007	0.005	0.12892035233450908	7.884754565516546e-8	0.18934736853001263	0.03872419335958665	26.15419627782062
15.417456737656252	0.007	0.005	0.1280961362680202	7.932517441775677e-8	0.18768749901511983	0.038723324276882395	25.97652459850703
15.495359129317453	0.007	0.005	0.12727679257745741	7.982611520476537e-8	0.186035861583958	0.038722455738415845	25.80019560401795
15.573202246872867	0.007	0.005	0.12646230906886696	8.035093183245725e-8	0.18439258208252915	0.03872158779571561	25.625196334531893
15.650987072279746	0.007	0.005	0.12565267179462322	8.0900206837492e-8	0.18275777807882893	0.0387207204995194	25.451513777858295
15.728714713965264	0.007	0.005	0.12484786474770888	8.147454241711334e-8	0.18113155834780367	0.03871985389940613	25.27913479532494
15.8063863139721	0.007	0.005	0.12404787088751723	8.207456048300769e-8	0.1795140250472887	0.03871898804486359	25.108046333106994
15.884003150639899	0.007	0.005	0.12325267113591021	8.270090418582294e-8	0.17790527179396123	0.03871812298417728	24.938235198752764
15.961566509946998	0.007	0.005	0.12246224575665478	8.335423765249758e-8	0.1763053865576011	0.03871725876589947	24.769688347768554
16.0	0.007	0.005	0.12207214729670876	8.369013899094213e-8	0.1755155412199877	0.0387168306480707	24.68659421696699
