0.0	0.007	0.005	0.0	0.0	0.0	0.0	100.0
0.0002704291675727143	0.007	0.005	3.3657450539481157e-5	0.0001732953028765063	2.7773571902375544e-9	5.580447529049016e-6	99.99659012777143
0.0003950856112573763	0.007	0.005	4.917124041299234e-5	0.0002240720616414473	5.927802811939924e-9	1.0971751644134507e-5	99.99501835960176
0.0006147000014152489	0.007	0.005	7.650142755489133e-5	0.00028538788678266223	1.4348755198703634e-8	2.3192863829778237e-5	99.99224934577704
0.0008002019517395471	0.007	0.005	9.958511344440588e-5	0.00031823625473259576	2.4314600633271002e-8	3.534761709529839e-5	99.98991049928655
0.0010341382826562348	0.007	0.005	0.00012869418309845442	0.00034427437917352287	4.060692479551016e-8	5.216302635906418e-5	99.98696106022618
0.0012712310902760952	0.007	0.005	0.00015819403287788605	0.0003598701974952203	6.135733464667319e-8	7.024776891432424e-5	99.98397191348444
0.0015438172565737302	0.007	0.005	0.00019210761086662154	0.00037005148429190854	9.04857224965534e-8	9.178751375994333e-5	99.98053539477675
0.0018379003173204247	0.007	0.005	0.00022869274468340938	0.00037589349135516454	1.282332594205627e-7	0.00011552124042132198	99.97682799521142
0.0021699141850135733	0.007	0.005	0.00026999293109512427	0.0003791796399505183	1.787336523813007e-7	0.00014263382135298628	99.97264258079618
0.002539527324644082	0.007	0.005	0.00031596559310983634	0.00038085029443193946	2.4478646569975393e-7	0.00017300618337144446	99.9679833906733
0.0029605823192650443	0.007	0.005	0.00036833070178066363	0.0003816321875495525	3.3265250891680384e-7	0.0002077105840787419	99.96267601041053
0.0034425600054943384	0.007	0.005	0.00042826481438659243	0.0003819477630002818	4.4972593407755387e-7	0.0002474878428906001	99.95660104809299
0.004005354409158909	0.007	0.005	0.0004982380699757405	0.0003820459976067881	6.087044995406449e-7	0.00029395483349471587	99.94950791972698
0.00467332015205217	0.007	0.005	0.0005812728650639818	0.0003820524853609509	8.285221656838993e-7	0.000349107347233438	99.94108992712025
0.005486828709885325	0.007	0.005	0.0006823786740537374	0.0003820227324552196	1.141849145705949e-6	0.0004162681099848911	99.93083869866716
0.00650688831067903	0.007	0.005	0.0008091221827892048	0.00038197528068604857	1.6054743434128474e-6	0.0005004625985515332	99.91798615377569
0.007832349414103533	0.007	0.005	0.0009737569580669349	0.00038191164459576096	2.3254060589815117e-6	0.000609832390883522	99.90128808108919
0.009573719173763137	0.007	0.005	0.0011899567166773098	0.0003818276862896926	3.47287809737537e-6	0.0007534651551987556	99.87935465952235
0.01162027799127304	0.007	0.005	0.0014439096672183335	0.00038172813822436426	5.113779494919684e-6	0.0009221901747857084	99.85358338470772
0.013628395158694925	0.007	0.005	0.0016929480628283733	0.0003816265802950962	7.0304529600499465e-6	0.0010876616704820273	99.8283026494878
0.015421245147651643	0.007	0.005	0.0019151690960639914	0.00038153200733773607	8.997890882644962e-6	0.0012353244373286558	99.80573737970519
0.017021888001483743	0.007	0.005	0.002113470083689411	0.0003814531313786238	1.0958367323538462e-5	0.0013670996839470402	99.78559558799425
0.018520810973289423	0.007	0.005	0.0022990868550939766	0.0003813851461303408	1.2968503020008397e-5	0.0014904518926792175	99.76673748048682
0.019998720152594993	0.007	0.005	0.0024820235007332677	0.00038131790220844754	1.5115271744585864e-5	0.0016120291569906298	99.7481472390436
0.021501961630785122	0.007	0.005	0.0026680164555241094	0.0003812476124503811	1.746653302793362e-5	0.0017356440232265563	99.72924190271422
0.023044856256377574	0.007	0.005	0.0028588324303436092	0.0003811740927895723	2.0055490889504234e-5	0.0018624710461822556	99.70984159948637
0.024619924384277483	0.007	0.005	0.0030535405416077413	0.0003810982536529812	2.288179122805839e-5	0.001991891915374423	99.69004064055848
0.026210120246541898	0.007	0.005	0.0032500297009429844	0.0003810213199478688	2.5922942505465458e-5	0.002122503676709555	99.67005349243267
0.0278000370111581	0.007	0.005	0.0034463949777106284	0.0003809443708819118	2.9151890855500292e-5	0.002253040133413366	99.65007385850801
0.02938172468109761	0.007	0.005	0.0036416552411420054	0.0003808680159442234	3.255076085314799e-5	0.0023828489837710598	99.63020160924957
0.03252726036170103	0.007	0.005	0.0040297107620926075	0.00038072541884675675	3.986249029575207e-5	0.0026408477497265586	99.59069302364405
0.036581870435777875	0.007	0.005	0.004529400699974091	0.00038052870683852634	5.036938898601584e-5	0.0029731085004870593	99.53978938591258
0.04462444544540957	0.007	0.005	0.005518851466358025	0.0003801420518940755	7.480272117588266e-5	0.0036311622256258538	99.43889578065547
0.05800683659913894	0.007	0.005	0.007160194795041243	0.00037949553026467856	0.00012597736971701906	0.0047231628865485095	99.27124110392023
0.07163321432041918	0.007	0.005	0.008825000397157483	0.00037882892272381104	0.00019147074712207204	0.005831261924935185	99.10082020258335
0.08717644002446623	0.007	0.005	0.010716060429112714	0.0003780484900484507	0.0002824921060608299	0.007090511268187793	98.90678303242379
0.10145453880651187	0.007	0.005	0.012445768395619342	0.00037729608442259674	0.00038126101649635407	0.00824275373664321	98.72887415985372
0.11609840751397754	0.007	0.005	0.014212419605350204	0.00037647003313357456	0.0004974670543838842	0.009419899625650725	98.54674010739119
0.1289658339265902	0.007	0.005	0.015758619157268894	0.00037567427708677344	0.0006119050818388569	0.01045023109489787	98.38697802665955
0.14178140594981997	0.007	0.005	0.017292895677877278	0.00037479609969406246	0.0007372278242114444	0.011472474617563365	98.22811721086764
0.15285290886727676	0.007	0.005	0.018613811179270832	0.0003739435595529114	0.0008545270157269602	0.012352236742308564	98.09108227514619
0.16387577478977955	0.007	0.005	0.019924733883447347	0.00037299169118206317	0.0009795537733474414	0.013224811682116215	97.95483924813884
0.1733509708561419	0.007	0.005	0.021048261964307077	0.00037206902173331593	0.001093546812920293	0.013972021677349112	97.83787673451863
0.1828903383112917	0.007	0.005	0.022176292374311284	0.0003710311739160517	0.0012143545646488422	0.014721418526754897	97.72026316461702
0.19109640860113677	0.007	0.005	0.023144170972354883	0.00037003197682865496	0.0013230946036443855	0.015363585900056372	97.61920132744335
0.19948026388437226	0.007	0.005	0.02413064553858273	0.0003689025939186443	0.0014387606050316128	0.01601710209747446	97.51605791742578
0.20671798952445844	0.007	0.005	0.024980336470522294	0.0003678231705531783	0.0015423065452505387	0.016579036636496777	97.42710256453157
0.21421858115683112	0.007	0.005	0.025859007399851485	0.00036659885807337244	0.0016532014621909925	0.01715902428852686	97.33500207325956
0.22072641343566757	0.007	0.005	0.02661983177120723	0.00036543535072171583	0.0017523615354413697	0.017660166294986335	97.2551623160702
0.22755208322879691	0.007	0.005	0.027416271301462247	0.00036411271275632725	0.001859286465761586	0.018183562695464603	97.1714936104047
0.23350943358416607	0.007	0.005	0.02811010345571252	0.00036286027321300285	0.0019550417820246436	0.018638396084936722	97.0985275493373
0.23981550039651836	0.007	0.005	0.02884324198302201	0.00036143531876504204	0.002058860258373608	0.019117713593095005	97.021350077448
0.2453553310268058	0.007	0.005	0.02948619040956558	0.0003600881724187405	0.0021521401909173478	0.01953686524687252	96.95360088665954
0.2512574511591603	0.007	0.005	0.030170047081815164	0.0003585562974408199	0.0022536469518668893	0.01998132963804181	96.88147313703978
0.2564788534400459	0.007	0.005	0.030774053259417886	0.00035710793101719705	0.002345267475970492	0.020372626839114033	96.81770893683269
0.2620640500278837	0.007	0.005	0.03141912741562615	0.0003554640490959902	0.0024451555614229924	0.02078909868509317	96.74954850472928
0.2670418004275359	0.007	0.005	0.03199315975391589	0.0003539074366222517	0.0025358142800847327	0.02115836220252597	96.68884164596642
0.27237693763058385	0.007	0.005	0.03260748233710645	0.00035214600793786034	0.00263468515366078	0.021552034228220884	96.62381851693087
0.27716853649897616	0.007	0.005	0.033158404820870874	0.00035047373491371676	0.002724979215453232	0.021903655861531975	96.56545715146119
0.28230648570858746	0.007	0.005	0.033748295138172756	0.00034858868050102173	0.0028233665670516295	0.022278553762250998	96.50291642516906
0.2869574091447943	0.007	0.005	0.034281508135126024	0.0003467928931767739	0.00291382040460439	0.022615920771609798	96.4463388573532
0.291941357071603	0.007	0.005	0.03485209879305027	0.0003447774516698169	0.003012214171420425	0.02297524853755557	96.38574692945433
0.29648880478830064	0.007	0.005	0.035371992811839274	0.00034284971800485663	0.003103306138317543	0.023301041768684617	96.33049492861187
0.3013553704770781	0.007	0.005	0.035927606433960015	0.00034069622101087175	0.0032021757883602636	0.02364742629816554	96.27140069244952
0.3058310251480267	0.007	0.005	0.03643789328929227	0.0003386272952271375	0.0032943632861438844	0.02396383421432342	96.21708525218459
0.3106125910238347	0.007	0.005	0.036982321561825016	0.00033632685437256094	0.0033941802526168113	0.02429950215886104	96.15909120617097
0.31504474102787366	0.007	0.005	0.037486286399231045	0.0003341063330168458	0.0034879241511551204	0.024608378911864365	96.10536632853854
0.3197713132518805	0.007	0.005	0.03802300994079	0.0003316484092845862	0.003589184963153245	0.024935290296766367	96.04810564720567
0.324186616196378	0.007	0.005	0.03852371764066531	0.00032926424167291184	0.0036849753462365638	0.025238278838157564	95.99464669945286
0.3288874576231616	0.007	0.005	0.03905609579727773	0.0003266360459714748	0.0037882277895158263	0.02555823511324227	95.93776325389545
0.33331257852784013	0.007	0.005	0.03955657933400452	0.0003240738305423885	0.0038866140240710655	0.02585687150048272	95.88424701832504
0.33801786446736665	0.007	0.005	0.04008803890428335	0.00032125944946045915	0.003992490461811234	0.02617161421083628	95.82737528828385
0.3424812337230156	0.007	0.005	0.04059149770967292	0.00031850138992731386	0.00409412030902186	0.026467427903686152	95.77345872643912
0.3472240023643096	0.007	0.005	0.041125751236613085	0.0003154804610857343	0.0042033842574967515	0.026778742991480777	95.7162003219359
0.35175802953601	0.007	0.005	0.04163579706390041	0.00031250374281929024	0.004309060267110405	0.027073370918055454	95.66149401298786
0.35657686734541866	0.007	0.005	0.04217713937221814	0.00030924933066440395	0.004422677844085466	0.027383220709888332	95.60338553275824
0.3612211663688264	0.007	0.005	0.04269815070533356	0.00030602345096794777	0.004533446372769885	0.027678561789352775	95.54741515055716
0.36616442760459017	0.007	0.005	0.04325192113046815	0.00030249842140644273	0.004652705353845252	0.027989282039700816	95.4878778489796
0.37097117345128844	0.007	0.005	0.043789628473253205	0.0002989804748141749	0.004770010501681521	0.02828774403118116	95.43002033341708
0.3761044539186175	0.007	0.005	0.044363026341967524	0.0002951308064606199	0.0048967371456247145	0.02860238472094052	95.36827111705855
0.38114845898735944	0.007	0.005	0.044925610479774135	0.0002912563639680622	0.00502271533559765	0.028907341740922476	95.30763473112424
0.38656961749073904	0.007	0.005	0.04552933157053373	0.0002869974566517744	0.005159714982755147	0.029230347362192842	95.24250738866121
0.3919700805835348	0.007	0.005	0.046129792126374046	0.0002826606472519032	0.005297834467166652	0.02954712492189476	95.17767292101276
0.3978446820642457	0.007	0.005	0.04678188866397471	0.0002778447935264481	0.005449933706590596	0.029885943160951257	95.10719637041126
0.4038206727482827	0.007	0.005	0.04744408427782549	0.00027284720134482807	0.005606630323406981	0.030224327083652806	95.03555701606676
0.4104810573640358	0.007	0.005	0.0481807458854744	0.00026717209762914553	0.005783604466421086	0.030593868388678454	94.95577682519793
0.41751819517759875	0.007	0.005	0.04895750944890954	0.00026106816091736324	0.005973245787193257	0.030975474674778646	94.87155652756539
0.4256686978440259	0.007	0.005	0.04985515614703911	0.0002538810045125714	0.006196281601873821	0.031405933852373315	94.77410486132143
0.4340056296015194	0.007	0.005	0.05077110600550792	0.00024642440392462777	0.006428159818052225	0.03183328251065774	94.67452771312611
0.4419734345767704	0.007	0.005	0.05164439818587786	0.00023922506708689442	0.006653283072094923	0.032229345668909525	94.57945723175332
0.449463269596845	0.007	0.005	0.05246343270462119	0.00023241472056390592	0.006868010598429055	0.03259056435366877	94.49017685752162
0.4564986413768769	0.007	0.005	0.053231121703669386	0.0002259980037346104	0.00707243595795785	0.0329200535307678	94.40639054309254
0.46311620659375285	0.007	0.005	0.05395176487548249	0.00021995997121118882	0.0072671179355208075	0.03322130078820726	94.32764781935796
0.4693688125385254	0.007	0.005	0.0546313700814362	0.0002142649852175554	0.007453186031603729	0.03349822526946806	94.25330810913448
0.47529775097979376	0.007	0.005	0.05527463520689751	0.0002088838522616567	0.007631517490382966	0.03375392407047303	94.1828707275816
0.4809499694018162	0.007	0.005	0.055886827214562465	0.00020377939017352507	0.0078032348387221066	0.03399147813417745	94.11576986627516
0.48635908109353526	0.007	0.005	0.05647172963441607	0.00019892472924604583	0.007969121200250083	0.03421317665788217	94.05159983690042
0.4915622080143294	0.007	0.005	0.05703347464824321	0.00019428864731108696	0.008130118653549796	0.03442127012801652	93.98991475640373
0.4965843865679907	0.007	0.005	0.057574863009429406	0.0001898501031058983	0.00828683954906756	0.03461736727339735	93.93041326014351
0.5014539064941499	0.007	0.005	0.05809902568269159	0.00018558473646482034	0.008440031716040691	0.034803081758243815	93.87275639290402
0.5061887755315708	0.007	0.005	0.05860796892491096	0.00018147710234144292	0.008590149080303564	0.034979528609077715	93.81672777768259
0.5108103967933997	0.007	0.005	0.059104050288383406	0.00017750868800443567	0.008737775709332082	0.0351478682701903	93.7620714962251
0.5153315655207369	0.007	0.005	0.05958869112616401	0.000173668475829938	0.008883240746600237	0.035308875566179954	93.70863399942944
0.5197685856648123	0.007	0.005	0.06006367964956882	0.00016994247017738676	0.009027001363229913	0.03546339584519824	93.65622069890209
0.5241305447829556	0.007	0.005	0.060530023009253524	0.0001663229022627206	0.009169294806935154	0.03561197349485429	93.60472264997527
0.5284300365718392	0.007	0.005	0.060989096799001156	0.00016279913619209301	0.009310483117034167	0.035755235162056025	93.55398981277294
0.5326735593116354	0.007	0.005	0.0614416196655078	0.00015936570675972376	0.009450738058211377	0.03589356943527068	93.50394435736752
0.5368710131472653	0.007	0.005	0.06188866848072327	0.00015601444481199578	0.009590351182450912	0.03602744988381564	93.45446854666424
0.5410271040709548	0.007	0.005	0.06233076240803191	0.00015274149068003734	0.009729448518323374	0.036157159203928986	93.40550607829914
0.5451497654800413	0.007	0.005	0.06276876060291606	0.0001495404857899306	0.00986826943957295	0.036283062333774437	93.35696278320188
0.5492424676853039	0.007	0.005	0.06320304463654718	0.00014640868063469178	0.010006908492026956	0.036405369299934674	93.30879720404339
0.5533116954274734	0.007	0.005	0.06363431345636088	0.00014334105304284373	0.010145566310304093	0.03652436671725127	93.26093252428889
0.5573600686307305	0.007	0.005	0.06406285373455983	0.00014033561925223757	0.010284316066322062	0.036640214106513816	93.21333751281642
0.5613929929197805	0.007	0.005	0.06448924509431118	0.00013738835338576147	0.010423329461555378	0.03675314061358211	93.16594827860709
0.5654125055361302	0.007	0.005	0.06491370888018624	0.00013449779922048257	0.010562665463587953	0.03686327017680607	93.11874061188512
0.569423200278434	0.007	0.005	0.06533673486769048	0.00013166068160639776	0.01070247408443637	0.036970789053576904	93.07166034950679
0.5734267163964331	0.007	0.005	0.06575849942550428	0.00012887590919021717	0.01084280510884459	0.03707579568498293	93.0246880943327
0.5774270293486506	0.007	0.005	0.06617942376236996	0.000126140780562663	0.010983792190272826	0.037178443729466513	92.97777709905039
0.5814255107232311	0.007	0.005	0.06659965358796119	0.00012345445666429004	0.01112547953980228	0.03727881307967582	92.93091122265947
0.5854256596064356	0.007	0.005	0.0670195571159689	0.00012081468103074188	0.011267988427688991	0.03737703217227707	92.88404943927308
0.5894286715078035	0.007	0.005	0.06743925942744125	0.00011822078972600805	0.01141136006855304	0.03747316716425044	92.83717777171896
0.5934376762488797	0.007	0.005	0.06785908744714096	0.00011567087553569498	0.011555706410085947	0.03756732667937342	92.79025963918062
0.5974537581483548	0.007	0.005	0.06827915270759717	0.00011316439675140516	0.01170106753087286	0.037659566510389514	92.74328245567517
0.6014797591132189	0.007	0.005	0.06869974970188213	0.00011069972398731749	0.011847548428041182	0.037749979477270594	92.69621311765148
0.6055166985182904	0.007	0.005	0.06912098143568149	0.00010827640161308685	0.011995189400374032	0.03783861339548513	92.64903988082368
0.6095671934255149	0.007	0.005	0.06954311680457556	0.00010589302394418982	0.012144090378331047	0.03792554830484064	92.60173237014376
0.6136322318040933	0.007	0.005	0.06996625390327652	0.00010354919660925957	0.012294292896173377	0.038010825759552606	92.55427928578368
0.6177142566787068	0.007	0.005	0.0703906414989101	0.00010124369551352715	0.012445893385852001	0.038094515354770306	92.50665237974995
0.6218142494637271	0.007	0.005	0.07081637542624518	9.897617047013174e-5	0.012598935404201685	0.0381766536351958	92.458840503697
0.6259345199521101	0.007	0.005	0.07124368868346592	9.674554637037796e-5	0.012753513187740222	0.0382573015602171	92.4108170552189
0.6300760623338414	0.007	0.005	0.07167267687586935	9.455150519721767e-5	0.012909672968249145	0.03833649160053713	92.36257081108714
0.6342410861407268	0.007	0.005	0.07210356072315954	9.239309553733443e-5	0.013067507880922027	0.038414277490636445	92.31407642700324
0.638430613789315	0.007	0.005	0.0725364371912136	9.027002308946961e-5	0.013227067395462184	0.03849068833549029	92.26532242551055
0.6426467827660196	0.007	0.005	0.07297151767264431	8.818143976428979e-5	0.013388444529305304	0.03856577177784022	92.21628439053268
0.6468906565661237	0.007	0.005	0.07340890178236559	8.612706901726172e-5	0.013551692501594161	0.03863955410073519	92.16695044285412
0.651164324888782	0.007	0.005	0.0738487940874115	8.410614973652339e-5	0.013716905103983053	0.03871207776728402	92.11729681273583
0.6554689026541355	0.007	0.005	0.07429129785268622	8.211841929233127e-5	0.013884139760889213	0.03878336664885061	92.06731110219964
0.659806453922216	0.007	0.005	0.074736613066664	8.016318991398371e-5	0.014053491901122185	0.03885345878449017	92.01696993225215
0.6641781555188938	0.007	0.005	0.07518484763183286	7.824020971332208e-5	0.01422502365213405	0.03892237597516512	91.96626026888826
0.6685860646012105	0.007	0.005	0.07563619881930464	7.634885369076532e-5	0.014398832858318177	0.038990152435619096	91.91515890956694
0.6730314297592581	0.007	0.005	0.07609078006604497	7.448887844059476e-5	0.014574986858624798	0.039056808168981084	91.86365207550516
0.677516319524843	0.007	0.005	0.07654878770657357	7.265971260890801e-5	0.014753586717909129	0.039122374077043304	91.81171653324311
0.682042063258253	0.007	0.005	0.07701034149483948	7.08611199445627e-5	0.014934705495747288	0.03918686857568469	91.75933766166122
0.6866107582167665	0.007	0.005	0.07747563848089234	6.909257514091819e-5	0.015118448289353307	0.0392503196812333	91.70649200138226
0.6912238245381703	0.007	0.005	0.0779448055923015	6.735384786316855e-5	0.0153048944624645	0.03931274440617876	91.65316398115986
0.6958834037815478	0.007	0.005	0.0784180420313007	6.564445297202066e-5	0.015494153928861052	0.03937416822385422	91.5993297429054
0.7005910176962898	0.007	0.005	0.07889548280953568	6.396416497830096e-5	0.015686313009627504	0.039434606901699885	91.54497264936964
0.7053488700381623	0.007	0.005	0.07937733091714796	6.231253310968236e-5	0.015881487357981228	0.039494083690509246	91.49006824593776
0.7101585934482095	0.007	0.005	0.07986373016908721	6.068933673045346e-5	0.01607977088155011	0.03955261321665236	91.43459873306446
0.7150224705017327	0.007	0.005	0.08035488881041827	5.909415499327829e-5	0.01628128589136774	0.039610216764126335	91.37853887841284
0.7199422578912207	0.007	0.005	0.08085096053543994	5.752677119938592e-5	0.016486134711143127	0.03966690794162186	91.32186958084236
0.7249203333753583	0.007	0.005	0.08135216024186644	5.5986790933059934e-5	0.01669444726767124	0.039722706275388577	91.26456465418764
0.7299585911622074	0.007	0.005	0.08185865256790713	5.4474000962816755e-5	0.016906335190612166	0.03977762445233114	91.2066035549726
0.7350595223721014	0.007	0.005	0.08237066059729947	5.298803001598948e-5	0.017121937109869135	0.03983168043154677	91.14795894851119
0.7402251732814603	0.007	0.005	0.08288836103895725	5.152866806471549e-5	0.017341374948993123	0.03988488605711226	91.08860869804359
0.7454581679480266	0.007	0.005	0.08341198678254479	5.009556409555861e-5	0.01756479724755844	0.03993725788788274	91.02852411223802
0.7507607208832834	0.007	0.005	0.08394172784251681	4.868851110112699e-5	0.01779233733796085	0.039988806992820765	90.96768129419964
0.756135609209575	0.007	0.005	0.08447782852880091	4.73071760933221e-5	0.018024154966232345	0.04003954866622488	90.90604998447786
0.7615852347595087	0.007	0.005	0.08502049362621673	4.5951354683425514e-5	0.01826039617989874	0.04008949327033891	90.84360432873055
0.7671125496509914	0.007	0.005	0.0855699805903132	4.4620729988499224e-5	0.018501233380173784	0.040138654952607065	90.78031227062296
0.7727201643370205	0.007	0.005	0.08612651058915274	4.33150999331944e-5	0.018746826808559904	0.040187043427390066	90.71614577925922
0.778411229950047	0.007	0.005	0.08669035607761505	4.203416210092321e-5	0.018997363144944115	0.040234671796962725	90.65107075265239
0.7841885897877288	0.007	0.005	0.08726175642618354	4.077771642054733e-5	0.019253018519367022	0.04028154918135672	90.5850567349242
0.7900556212280982	0.007	0.005	0.08784100116894294	3.954547339995066e-5	0.019513995751111	0.0403276877310353	90.51806729748702
0.7960154264181926	0.007	0.005	0.08842834977601448	3.8337235001051546e-5	0.019780488732827055	0.0403730960080508	90.45006929555781
0.8020716398883998	0.007	0.005	0.0890241111959734	3.7152723193559806e-5	0.020052718557493635	0.040417785297159635	90.3810236563493
0.8082276535914396	0.007	0.005	0.08962856726944893	3.599174173905633e-5	0.020330899091281194	0.04046176364431655	90.31089423142224
0.8144873935813901	0.007	0.005	0.09024204890845185	3.485402287038897e-5	0.020615272119304792	0.040505041541343705	90.23963895299339
0.8208545757355403	0.007	0.005	0.0908648627698106	3.3739372155900935e-5	0.02090607397022246	0.040547626547290244	90.16721832492266
0.8273334564171235	0.007	0.005	0.09149736456181122	3.2647531033295476e-5	0.021203569887551923	0.040589528425167304	90.09358689077226
0.833928114522015	0.007	0.005	0.09213988853058903	3.1578306858960816e-5	0.021508021534174644	0.04063075427367114	90.01870141398707
0.8406431815458836	0.007	0.005	0.09279281842663972	3.053144921442009e-5	0.02181972082726156	0.04067131318853437	89.94251259596938
0.8474831456955467	0.007	0.005	0.09345651936931429	2.9506767012611484e-5	0.022138958151325727	0.04071121183974411	89.86497299478371
0.8544530631844949	0.007	0.005	0.09413140664946218	2.8504017283176853e-5	0.022466055735441824	0.04075045870077225	89.78602897264126
0.8615578833283283	0.007	0.005	0.09481787985003433	2.7523010479808408e-5	0.02280133654540781	0.040789060033472234	89.70562836621157
0.8688031445605142	0.007	0.005	0.0955163898176317	2.6563510347310852e-5	0.023145157365462316	0.04082702373295702	89.62371262426592
0.8761943185219325	0.007	0.005	0.09622737482695451	2.5625328659165326e-5	0.023497878299074248	0.040864355678741054	89.54022425309107
0.8837374912035005	0.007	0.005	0.09695132575053028	2.4708235327185762e-5	0.023859895577101345	0.040901063222153	89.45509914022303
0.8914387278280285	0.007	0.005	0.09768872441913844	2.3812043183001322e-5	0.024231611776016907	0.04093715188552299	89.3682737556762
0.8993047391527208	0.007	0.005	0.0984401069781298	2.2936527616919436e-5	0.024613468360845242	0.04097262851445765	89.27967766216756
0.907342263360314	0.007	0.005	0.09920600405762209	2.2081502645858432e-5	0.025005916463216704	0.04100749828159611	89.18924051599832
0.9155587237991811	0.007	0.005	0.09998700289807895	2.1246748653764365e-5	0.02540944947092233	0.04104176755454411	89.09688469395543
0.9239616277702148	0.007	0.005	0.1007836892907343	2.0432080531420993e-5	0.025824574388604835	0.04107544117883107	89.00253209655295
0.9325592146145077	0.007	0.005	0.1015967083393442	1.9637283101063112e-5	0.0262518444394907	0.04110852507297634	88.90609690537924
0.9413598711092828	0.007	0.005	0.10242670811225675	1.8862172013984044e-5	0.026691831022895515	0.04114102376804412	88.80749219349413
0.9503727696088867	0.007	0.005	0.10327439898026812	1.810653630507795e-5	0.027145156331786033	0.041172942746585624	88.70662281819517
0.9596073052410183	0.007	0.005	0.1041404994310581	1.7370192230764738e-5	0.027612466199758802	0.041204286237014665	88.603391782369
0.9690737266873766	0.007	0.005	0.10502579418013847	1.6652932278428964e-5	0.028094462894010484	0.04123505931921571	88.49769323611551
0.9787825860847625	0.007	0.005	0.10593108124269643	1.5954573347140042e-5	0.028591878434377698	0.04126526592070266	88.38941869335689
0.9887453706584212	0.007	0.005	0.10685722953321593	1.5274911057116338e-5	0.02910550800953287	0.04129491073132768	88.2784500533431
0.9989739677067698	0.007	0.005	0.10780512735908157	1.4613762652682137e-5	0.02963618393183512	0.04132399739074492	88.16466564892903
1.009481291211969	0.007	0.005	0.10877573888599212	1.397092667691298e-5	0.030184809422065043	0.04135253020424282	88.0479333573637
1.0202807677917525	0.007	0.005	0.10977005452984852	1.334622067210257e-5	0.03075233355027443	0.04138051252280824	87.92811641832986
1.0313869646993052	0.007	0.005	0.11078914678749464	1.2739445478493378e-5	0.03133978577776567	0.0414079482875864	87.80506656759735
1.0428150854429863	0.007	0.005	0.11183412139133825	1.2150418930546317e-5	0.031948251351778624	0.04143484055505393	87.67862975510177
1.0545816034046551	0.007	0.005	0.11290617278455238	1.1578944130821261e-5	0.0325789068838493	0.04146119289275786	87.54863926030578
1.0667037789598373	0.007	0.005	0.11400653701395977	1.1024838910119772e-5	0.0332329968846842	0.04148700806485088	87.41492118497008
1.079200285758396	0.007	0.005	0.1151365455215771	1.0487908452041565e-5	0.033911869760640964	0.041512289257365005	87.27728770108244
1.0920907550510237	0.007	0.005	0.11629758015604627	9.967970628889532e-6	0.03461695586338277	0.041537038923356105	87.13554226261547
1.105396393006124	0.007	0.005	0.11749112497864253	9.464832575770179e-6	0.03534980387114395	0.041561259849977904	86.9894730121788
1.1191395488753422	0.007	0.005	0.11871872291798141	8.978312422314037e-6	0.03611206024115791	0.041584954143940936	86.83885775789904
1.1333443201413789	0.007	0.005	0.11998202513067975	8.508219380328376e-6	0.03690550583574411	0.041608124154180436	86.68345758330588
1.1480361389802365	0.007	0.005	0.1212827486200945	8.054372287576668e-6	0.03773203651479833	0.04163077158187804	86.52302166002434
1.1632423575091015	0.007	0.005	0.12262272228640715	7.616582807401893e-6	0.0385936995708537	0.04165289827098746	86.35728115533884
1.1789918369549937	0.007	0.005	0.12400384395995258	7.194671276410521e-6	0.03949267456470278	0.041674505422245	86.18595406045429
1.195315488615131	0.007	0.005	0.12542812086639335	6.7884528075864804e-6	0.04043130807675389	0.04169559425324848	86.0087396691602
1.2122458475571074	0.007	0.005	0.12689762440970875	6.397750555321005e-6	0.04141209357705729	0.041716165312439185	85.82532362436113
1.2298175200063792	0.007	0.005	0.12841452079217275	6.022384666998914e-6	0.042437701332791906	0.04173621900181432	85.6353735026482
1.2480666913342504	0.007	0.005	0.1299810193659835	5.662183263925924e-6	0.04351095394374135	0.04175575497508243	85.43854461622762
1.2670313991752045	0.007	0.005	0.13159938691671133	5.316973985510587e-6	0.04463484592739802	0.0417747725233636	85.23447755405006
1.2867508836739416	0.007	0.005	0.1332718824656348	4.9865928898393484e-6	0.04581250848955793	0.04179327004389969	85.02280569456825
1.307265556279219	0.007	0.005	0.13500074548601268	4.670878132417889e-6	0.04704720954576016	0.041811245297749905	84.80315603631293
1.3286160221279244	0.007	0.005	0.1367881047419573	4.369677057919236e-6	0.0483422955732174	0.04182869492901751	84.5751601480077
1.35084257221975	0.007	0.005	0.1386359289798627	4.082840897789804e-6	0.04970115892489809	0.04184561464052588	84.33845998037819
1.3739836793741824	0.007	0.005	0.14054589734327214	3.810229487355372e-6	0.05112714129673192	0.04186199879358595	84.0927241640523
1.3980748087907773	0.007	0.005	0.1425193011392027	3.5517056772581633e-6	0.05262345151391895	0.0418778405714247	83.83766069889745
1.4231463002195526	0.007	0.005	0.14455687564335853	3.3071357903378485e-6	0.054193020409947196	0.04189313178741883	83.57303916722495
1.4492215629686342	0.007	0.005	0.1466586666012658	3.0763810165452157e-6	0.05583836811446764	0.04190786323065972	83.29870917478091
1.4763146416199513	0.007	0.005	0.14882385600313774	2.859291666228898e-6	0.05756142470418977	0.04192202487444077	83.0146249004523
1.5044285179123116	0.007	0.005	0.15105065886949537	2.6556930479004855e-6	0.05936339011600977	0.04193560666438949	82.72086129787158
1.5335534517226146	0.007	0.005	0.1533362338779838	2.4653733589408324e-6	0.06124459118476399	0.04194859929441539	82.41762932599934
1.5636667024080322	0.007	0.005	0.15567671197326735	2.2880668461999747e-6	0.06320442433626564	0.04196099543501527	82.10527629442737
1.5947329692800691	0.007	0.005	0.1580672851792434	2.123441692160454e-6	0.06524134612664753	0.04197279083534839	81.78427850484596
1.6267063675026447	0.007	0.005	0.16050241307222168	1.9710898798320696e-6	0.06735296913384631	0.041983985472414304	81.45521802693725
1.6595329136157373	0.007	0.005	0.16297606052695618	1.8305260824634656e-6	0.06953620056928583	0.04199458423162261	81.11875459315198
1.6931537858900751	0.007	0.005	0.16548198218041363	1.701192410917007e-6	0.07178744333549644	0.042004597260684756	80.77559013298415
1.72750826088544	0.007	0.005	0.16801396730794324	1.5824712984409518e-6	0.07410278739275365	0.04201403974667827	80.42643739673545
1.7625364630428235	0.007	0.005	0.17056605578337547	1.4737019113770267e-6	0.07647819894842896	0.04202293136225215	80.07199125568363
1.7981812807622157	0.007	0.005	0.17313267919762781	1.3741992002435666e-6	0.07890966158657232	0.04203129538352947	79.71290916779219
1.8343897864338086	0.007	0.005	0.17570875559171747	1.2832717457220428e-6	0.08139328902979873	0.042039157736958904	79.34979719876749
1.8711138974040054	0.007	0.005	0.1782897223423172	1.2002378145277681e-6	0.08392538896641986	0.042046546015178675	78.9832040710818
1.9083106730361412	0.007	0.005	0.18087153916928544	1.1244379031897728e-6	0.08650250263850479	0.04205348861470161	78.61361907877671
1.9459421526690013	0.007	0.005	0.1834506572132118	1.0552441733301388e-6	0.08912141212530836	0.042060013991048965	78.24147468104822
1.9839750779809657	0.007	0.005	0.18602398032018977	9.92066487381921e-7	0.09177913805001915	0.04206615009109793	77.86715024066838
2.022380382915861	0.007	0.005	0.18858881171352584	9.343559757362786e-7	0.09447291914942042	0.04207192391601439	77.4909779994272
2.061132721271204	0.007	0.005	0.19114280534828793	8.816063018730973e-7	0.09720019235103876	0.04207736123201341	77.11324857690279
2.100209909073038	0.007	0.005	0.19368391392592352	8.3335347138988e-7	0.09995856486816626	0.042082486377907506	76.7342171851511
2.1395924585229396	0.007	0.005	0.19621034546204247	7.891744207820808e-7	0.10274579090026731	0.04208732216896469	76.35410882174358
2.179263090510605	0.007	0.005	0.1987205208179729	7.486849572661981e-7	0.10555974524842227	0.0420918898576123	75.97312354888754
2.219206373366281	0.007	0.005	0.20121304152660702	7.115371756354574e-7	0.10839840454208981	0.042096209151217354	75.59144043971145
2.2594083456726475	0.007	0.005	0.203686658483845	6.774167411739478e-7	0.11125982627212055	0.04210029825459329	75.20922157949326
2.2998562613273728	0.007	0.005	0.20614024994277028	6.460400494438016e-7	0.11414213565161842	0.04210417394213452	74.82661481039015
2.340538298901429	0.007	0.005	0.20857279869839673	6.171515124125199e-7	0.11704350926646312	0.04210785163459005	74.44375674204616
2.381443429692955	0.007	0.005	0.2109833800542329	5.9052087596079e-7	0.11996216951143523	0.04211134549385859	74.06077419947916
2.422561199300033	0.007	0.005	0.21337114547887212	5.659407964354459e-7	0.1228963724614712	0.04211466850845004	73.67778643886857
2.4638816659918588	0.007	0.005	0.21573531628642434	5.432245167104004e-7	0.12584440661402566	0.04211783258904385	73.29490585308844
2.5053952526572902	0.007	0.005	0.2180751727928364	5.222038086921739e-7	0.1288045852197559	0.042120848651480275	72.91223945572669
2.5470927407918884	0.007	0.005	0.22039005204782355	5.027270389251196e-7	0.13177524854433295	0.04212372670471418	72.52988902473976
2.588965160003999	0.007	0.005	0.22267933992341254	4.846574841223781e-7	0.1347547585075827	0.04212647592443033	72.14795219619292
2.631003819562389	0.007	0.005	0.22494247134301903	4.6787175566039224e-7	0.13774150329036305	0.04212910473014928	71.76652224185618
2.6732002442601503	0.007	0.005	0.22717892531602793	4.522584359530763e-7	0.1407338949785447	0.042131620849297224	71.38568871821926
2.715546201184343	0.007	0.005	0.2293882249955525	4.3771682343313013e-7	0.14373037352762622	0.04213403138111503	71.00553728402278
2.7580336753990538	0.007	0.005	0.2315699349999576	4.241558342549394e-7	0.146729406950219	0.0421363428516253	70.62614998124764
2.8006548983607473	0.007	0.005	0.2337236614991547	4.11493004853945e-7	0.1497294950862756	0.04213856126639137	70.24760504271426
2.84340233068957	0.007	0.005	0.2358490499149596	3.996536179085874e-7	0.15272916999229816	0.04214069215589287	69.86997711052155
2.8862687181037763	0.007	0.005	0.23794578626156995	3.8856990195681176e-7	0.15572700131233824	0.04214274062024639	69.49333680890398
2.929247044752414	0.007	0.005	0.24001359333104463	3.781803454839647e-7	0.15872159428079022	0.04214471136477299	69.11775122754813
2.972330608383508	0.007	0.005	0.24205223283274863	3.6842905342739803e-7	0.1617115960865868	0.04214660873786523	68.74328333574955
3.0155129725683767	0.007	0.005	0.24406150151920744	3.5926520209843605e-7	0.1646956934835631	0.04214843675979857	68.36999247784195
3.058788032743202	0.007	0.005	0.2460412327197389	3.5064252610087186e-7	0.16767261814850437	0.04215019915374133	67.99793387917319
3.102149973053895	0.007	0.005	0.24799129271814793	3.425188824945096e-7	0.17064114430959262	0.04215189936937691	67.62715910165961
3.1455933202919675	0.007	0.005	0.2499115816101852	3.3485584087593537e-7	0.17360009291273673	0.04215354060820798	67.25771566351453
3.189112899669494	0.007	0.005	0.25180202971229454	3.2761833447269183e-7	0.17654832890225663	0.04215512584280355	66.88964750158671
3.2327038823126895	0.007	0.005	0.25366259808111724	3.2077433055617773e-7	0.17948476462478344	0.04215665783767632	66.52299465152933
3.276361742942177	0.007	0.005	0.25549327511482495	3.1429454951788587e-7	0.18240835699773852	0.04215813916508852	66.15779368981133
3.320082300951174	0.007	0.005	0.2572940767796092	3.081521993959657e-7	0.18531811018864455	0.042159572222293634	65.79407747148888
3.3638616685070577	0.007	0.005	0.2590650429577875	3.023227503683903e-7	0.18821307194672598	0.04216095924418668	65.43187564569132
3.407696285205869	0.007	0.005	0.26080623746320314	2.967837199615372e-7	0.1910923356245038	0.042162302317611665	65.07121444595076
3.451582882815133	0.007	0.005	0.262517745235123	2.915144884461804e-7	0.19395503746104306	0.042163603392238874	64.71211705969199
3.4955184932573387	0.007	0.005	0.2641996713564761	2.8649612704182666e-7	0.196800356656405	0.042164864291802995	64.3546036364374
3.539500424340642	0.007	0.005	0.26585213886802117	2.817112467265589e-7	0.1996275132709915	0.04216608672343522	63.99869155764239
3.5835262526855693	0.007	0.005	0.2674752873436322	2.771438595444171e-7	0.20243576720782333	0.042167272286688554	63.644395561176715
3.6275938252174376	0.007	0.005	0.2690692718307391	2.727792526397034e-7	0.20522441768374267	0.04216842248200028	63.29172779475943
3.6717012225125965	0.007	0.005	0.27063426047235317	2.686038779977378e-7	0.20799280024528935	0.042169538717451806	62.94069817173732
3.7158467745364416	0.007	0.005	0.2721704341122932	2.646052477355523e-7	0.21074028708660408	0.04217062231628376	62.591314302860894
3.760029014848467	0.007	0.005	0.27367798378239533	2.6077184493049655e-7	0.21346628348471558	0.04217167452227088	62.24358191442739
3.804246707809693	0.007	0.005	0.27515711081663186	2.570930363237182e-7	0.2161702287807908	0.04217269650638438	61.89750468388291
3.848498793705879	0.007	0.005	0.2766080242143354	2.5355900026737964e-7	0.2188515922796106	0.0421736893710019	61.553084718969394
3.892784406986906	0.007	0.005	0.27803094056782235	2.5016065528615495e-7	0.22150987366540414	0.04217465415542697	61.21032245758532
3.9371028504743397	0.007	0.005	0.2794260825653678	2.4688959874146324e-7	0.22414460072018946	0.042175591839977045	60.86921690974998
3.9814535900180954	0.007	0.005	0.2807936782370541	2.437380497136574e-7	0.2267553283022068	0.04217650335017932	60.52976573625214
4.02583624028625	0.007	0.005	0.2821339599729265	2.406987975130699e-7	0.22934163680657352	0.04217738956044077	60.191965392697014
4.07025054460068	0.007	0.005	0.28344716343669707	2.3776515553703696e-7	0.23190313031595072	0.042178251297314596	59.85581131436232
4.114696390038247	0.007	0.005	0.2847335275790071	2.3493091664332506e-7	0.23443943681062282	0.04217908934317721	59.521297830804805
4.159173763625557	0.007	0.005	0.2859932929570126	2.32190316783909e-7	0.23695020500331218	0.042179904438507054	59.188418523501966
4.203682776221639	0.007	0.005	0.2872267020829463	2.2953799703573837e-7	0.2394351050838805	0.042180697285227914	58.8571660697213
4.248223621544399	0.007	0.005	0.28843399795718844	2.2696897354124718e-7	0.2418938258076352	0.042181468548631175	58.527532570673145
4.292796597088356	0.007	0.005	0.28961542438153554	2.2447860603367092e-7	0.24432607509040122	0.04218221886022577	58.19950941492179
4.337402074866871	0.007	0.005	0.2907712249204265	2.220625722340684e-7	0.24673157783067542	0.04218294881951529	57.87308751286511
4.382040507554429	0.007	0.005	0.2919016428601896	2.1971684234133013e-7	0.2491100757168279	0.04218365899622622	57.548257266834824
4.4267124080120555	0.007	0.005	0.2930069205024915	2.1743765731735192e-7	0.25146132561779927	0.04218434993194235	57.22500873454048
4.471418361335157	0.007	0.005	0.294087299311656	2.1522150717281013e-7	0.25378509973432545	0.04218502214211771	56.90333155394412
4.516159001371247	0.007	0.005	0.29514301919754354	2.1306511307498293e-7	0.2560811838927516	0.04218567611740219	56.58321512438318
4.560935013862418	0.007	0.005	0.2961743184891208	2.1096540952511835e-7	0.25834937727421337	0.042186312325266234	56.264648592939366
4.605747127726485	0.007	0.005	0.29718143363795635	2.089195287409837e-7	0.26058949154586486	0.042186931211333524	55.94762092510819
4.65059611225455	0.007	0.005	0.2981645990824251	2.0692478583523796e-7	0.26280135032086344	0.042187533200700164	55.63212093174703
4.695482777278316	0.007	0.005	0.299124047186788	2.049786653772909e-7	0.264984788777669	0.04218811869919477	55.31813727453249
4.740407955477508	0.007	0.005	0.3000600078151842	2.0307880963347748e-7	0.2671396524328888	0.042188688094319984	55.00565859523101
4.785372511439529	0.007	0.005	0.30097270850080593	2.012230067574951e-7	0.26926579724737815	0.04218924175646947	54.69467345620673
4.830377332864647	0.007	0.005	0.3018623742393323	1.9940918049320632e-7	0.27136308887501703	0.04218978003983357	54.38517040544246
4.87542332770768	0.007	0.005	0.30272922742449015	1.9763538076353298e-7	0.2734314022237943	0.04219030328331683	54.07713799895937
4.920511421309917	0.007	0.005	0.30357348779342724	1.9589977471260654e-7	0.2754706210341397	0.04219081181139226	53.77056482259352
4.9656425565122335	0.007	0.005	0.30439537243528936	1.942006384866853e-7	0.2774806376068348	0.042191305934929736	53.46543949297434
5.010817687782086	0.007	0.005	0.305195095695623	1.925363499510725e-7	0.27946135227604724	0.042191785951902754	53.16175069862717
5.05603777531365	0.007	0.005	0.3059728690985747	1.9090538180563718e-7	0.28141267291161565	0.042192252148051994	52.85948723988266
5.1013037881019105	0.007	0.005	0.3067289014344341	1.8930629502099453e-7	0.2833345148298276	0.04219270479759779	52.55863800795741
5.14661670102534	0.007	0.005	0.30746339874216544	1.8773773299261217e-7	0.2852268004492243	0.04219314416384305	52.259192004215
5.191977500935958	0.007	0.005	0.3081765644397848	1.8619841574942514e-7	0.28708945933116187	0.0421935704998218	51.961138299748036
5.23738716267722	0.007	0.005	0.3088685989857976	1.8468713573992868e-7	0.28892242699720544	0.042193984048627786	51.66446619223721
5.282846673193513	0.007	0.005	0.30953970030768774	1.832027522264852e-7	0.2907256457434917	0.04219438504416505	51.36916504593384
5.328357007495079	0.007	0.005	0.31019006348407496	1.8174418769738444e-7	0.2924990635002752	0.04219477371141842	51.075224447117144
5.3739191467784115	0.007	0.005	0.31081988106703984	1.8031042324654406e-7	0.29424263439612103	0.042195150267075175	50.78263408427995
5.4195340694300755	0.007	0.005	0.31142934299676356	1.78900495067073e-7	0.2959563182420112	0.042195514919874035	50.49138380499675
5.465202738949239	0.007	0.005	0.3120186365014175	1.7751349133883993e-7	0.2976400799457089	0.04219586787091825	50.201463690324566
5.510926125145176	0.007	0.005	0.3125879464356274	1.7614854827690478e-7	0.29929389017360286	0.04219620931422616	49.91286391716757
5.556705182964881	0.007	0.005	0.31313745506136803	1.7480484786332339e-7	0.30091772444021764	0.04219653943692483	49.625574890430904
5.6025408676605535	0.007	0.005	0.3136673422967543	1.7348161452012743e-7	0.3025115635419892	0.04219685841970262	49.33958714450803
5.648434113531759	0.007	0.005	0.3141777855262405	1.7217811310669905e-7	0.3040753927033382	0.04219716643697826	49.054891473396516
5.69438586433132	0.007	0.005	0.31466896000634537	1.7089364563031928e-7	0.3056092025223389	0.04219746365741006	48.771478738549035
5.740397033689676	0.007	0.005	0.3151410384883416	1.696275501384027e-7	0.30711298753045746	0.04219775024391556	48.489340111161326
5.786468544712889	0.007	0.005	0.31559419170329905	1.6837919744397812e-7	0.3085867474264305	0.042198026354196394	48.20846682476185
5.8326012902990385	0.007	0.005	0.316028588015266	1.6714799032730811e-7	0.31003048569513475	0.042198292140744144	47.92885041540465
5.878796166709123	0.007	0.005	0.3164443938171476	1.6593336068691197e-7	0.31144421061147454	0.042198547751283746	47.650482513350696
5.925054049077337	0.007	0.005	0.3168417733547798	1.6473476855895112e-7	0.3128279343914652	0.04219879332885561	47.37335498869607
5.9713758066865585	0.007	0.005	0.3172208889275105	1.6355170012064558e-7	0.31418167359635224	0.04219902901211605	47.097459855739146
6.0177622875844055	0.007	0.005	0.3175819008177332	1.623836665352449e-7	0.31550544861214475	0.042199254935459604	46.822789361598176
6.064214330814862	0.007	0.005	0.31792496745453036	1.6123020225596313e-7	0.31679928395502943	0.04219947122927577	46.549335909579185
6.1107327633086035	0.007	0.005	0.3182502454424817	1.600908638655772e-7	0.3180632081175459	0.042199678020113	46.27709207464329
6.1573183936592	0.007	0.005	0.3185578895766707	1.589652288888735e-7	0.31929725334863546	0.042199875430824166	46.00605063633256
6.203972021322704	0.007	0.005	0.31884805296372687	1.578528944870898e-7	0.3205014558542679	0.04220006358077106	45.73620452151533
6.250694417992973	0.007	0.005	0.3191208869631606	1.567534768429679e-7	0.32167585527285897	0.042200242585905295	45.46754690857384
6.297486358492042	0.007	0.005	0.3193765414307832	1.5566660938318677e-7	0.3228204954226884	0.04220041255903839	45.200071045644094
6.344348586617779	0.007	0.005	0.31961516457225647	1.545919426630712e-7	0.32393542340089904	0.04220057360985044	44.9337704436737
6.39128183987733	0.007	0.005	0.3198369031388252	1.5352914285444402e-7	0.3250206901636674	0.04220072584511704	44.66863873095991
6.438286830758231	0.007	0.005	0.32004190238540536	1.5247789138340052e-7	0.3260763500471468	0.04220086936877224	44.404669756056116
6.485364262201985	0.007	0.005	0.32023030619886717	1.5143788380445676e-7	0.32710246109878044	0.04220100428208125	44.14185749660434
6.532514818175622	0.007	0.005	0.3204022571052239	1.504088292190035e-7	0.32809908483032707	0.04220113068372537	43.88019610907635
6.57973916669749	0.007	0.005	0.32055789633454684	1.493904495904626e-7	0.3290662862604742	0.04220124866992175	43.6196799081837
6.62703795347271	0.007	0.005	0.32069736385208153	1.483824791347682e-7	0.3300041337634895	0.042201358334513515	43.36030339827055
6.67441181118826	0.007	0.005	0.3208207984392797	1.473846636110999e-7	0.3309126992389234	0.042201459769093924	43.1020612183952
6.721861346848203	0.007	0.005	0.3209283377083318	1.4639675990292088e-7	0.3317920578460738	0.042201553063074486	42.844948207910996
6.7693871605310125	0.007	0.005	0.3210201181964542	1.4541853517628534e-7	0.3326422883402316	0.04220163830381555	42.588959300884966
6.816989826404785	0.007	0.005	0.32109627536714913	1.4444976669016845e-7	0.333463472698342	0.04220171557667519	42.33408962566309
6.86466990521525	0.007	0.005	0.3211569436828446	1.4349024106725492e-7	0.33425569633096397	0.04220178496511669	42.08033443381351
6.91242793152995	0.007	0.005	0.32120225663178986	1.4253975413969467e-7	0.335019047851487	0.0422018465507691	41.82768916465764
6.960264426262516	0.007	0.005	0.3212323467901916	1.4159811018478852e-7	0.3357536192741804	0.042201900413523244	41.57614937487553
7.008179887049231	0.007	0.005	0.321247345855579	1.406651218124218e-7	0.3364595058458928	0.04220194663159236	41.32571078595293
7.056174794463899	0.007	0.005	0.3212473846946853	1.3974060932474427e-7	0.33713680613251035	0.04220198528159034	41.076369247811385
7.104249605526755	0.007	0.005	0.3212325933842542	1.3882440057985906e-7	0.3377856219147261	0.04220201643859367	40.828120769069976
7.1524048078540465	0.007	0.005	0.32120310121623996	1.3791632955453932e-7	0.338406058870518	0.042202040176231734	40.58096123583307
7.200640785467983	0.007	0.005	0.32115903680442176	1.370162386640012e-7	0.33899822480522507	0.042202056566675056	40.33488709850276
7.248957971952429	0.007	0.005	0.32110052804030625	1.3612397538933382e-7	0.3395622316367974	0.042202065680776	40.08989458110098
7.297356712725273	0.007	0.005	0.3210277022548942	1.352393947223328e-7	0.3400981936921787	0.04220206758807826	39.84598038056374
7.34583739630263	0.007	0.005	0.32094068609989695	1.3436235634467837e-7	0.3406062292368657	0.04220206235689824	39.6031409973655
7.394400328945336	0.007	0.005	0.32083960577029713	1.3349272671642788e-7	0.3410864590739505	0.042202050054371915	39.36137336398665
7.443045847046613	0.007	0.005	0.3207245868452366	1.3263037675299459e-7	0.3415390077283613	0.04220203074649731	39.12067427772089
7.491774223588439	0.007	0.005	0.3205957545100964	1.317751832960581e-7	0.34196400249926634	0.04220200449820359	38.881040863637516
7.540585742183773	0.007	0.005	0.32045323342179566	1.309270275363607e-7	0.3423615741547048	0.042201971373372234	38.64247020402566
7.589480638759963	0.007	0.005	0.32029714789078334	1.300857958581378e-7	0.34273185640469506	0.04220193143491136	38.40495962223712
7.638459143470098	0.007	0.005	0.32012762179679544	1.2925137887450193e-7	0.34307498624742144	0.042201884744774175	38.16850647369853
7.68752145135762	0.007	0.005	0.3199447787106287	1.2842367177251756e-7	0.3433911037326833	0.04220183136402359	37.93310828526685
7.736667748196597	0.007	0.005	0.31974874183417606	1.276025736346023e-7	0.3436803521327819	0.04220177135284787	37.6987626271145
7.785898181032306	0.007	0.005	0.3195396341407574	1.2678798782431009e-7	0.3439428777464273	0.04220170477063243	37.46546725049112
7.835212887358206	0.007	0.005	0.3193175782883649	1.2597982128105327e-7	0.34417883006360195	0.04220163167596259	37.23321994503739
7.884611972109018	0.007	0.005	0.3190826967417578	1.2517798474764446e-7	0.34438836162622416	0.04220155212668945	37.002018644755836
7.934095523850726	0.007	0.005	0.31883511172724366	1.243823923827821e-7	0.3445716280972955	0.04220146617994152	36.77186134825036
7.983663594938024	0.007	0.005	0.3185749453556787	1.235929619100205e-7	0.34472878817189323	0.042201373892192	36.54274620786817
8.03331623750094	0.007	0.005	0.3183023194600867	1.2280961388697844e-7	0.3448600036829212	0.042201275319225254	36.31467135980557
8.083053453950466	0.007	0.005	0.31801735588018265	1.2203227240534764e-7	0.3449654394332308	0.04220117051626085	36.08763514944157
8.132875242913997	0.007	0.005	0.31772017623605303	1.2126086420655375e-7	0.34504526330959734	0.04220105953789418	35.861635916682346
8.182781566104346	0.007	0.005	0.3174109021349724	1.2049531910851452e-7	0.3450996461867404	0.042200942438192966	35.63667214451147
8.232772364654435	0.007	0.005	0.31708965509985015	1.1973556960199222e-7	0.3451287619482287	0.042200819270691484	35.41274238105394
8.2828475523385	0.007	0.005	0.31675655663033947	1.1898155085640412e-7	0.34513278745992154	0.042200690088433114	35.18984526702641
8.333007032030482	0.007	0.005	0.31641172810974977	1.1823320034628305e-7	0.34511190254696616	0.04220055494395263	34.96797945963092
8.383250728967727	0.007	0.005	0.3160552905682052	1.1749045736941482e-7	0.3450662899014869	0.04220041388919819	34.7471434856203
8.43357846403776	0.007	0.005	0.3156873655891374	1.167532646842768e-7	0.34499613515493044	0.04220026697590631	34.52733629640558
8.48399008351282	0.007	0.005	0.31530807442143727	1.1602156660454346e-7	0.344901626774339	0.04220011425526933	34.308556692726846
8.534485372135384	0.007	0.005	0.31491753862252647	1.1529531010358007e-7	0.3447829561429261	0.04219995577820772	34.090803702195785
8.585064109760266	0.007	0.005	0.3145158796552738	1.145744440186893e-7	0.3446403174486198	0.04219979159522455	33.874076329361664
8.635726041088114	0.007	0.005	0.31410321913005557	1.1385891924137033e-7	0.3444739077166121	0.04219962175651854	33.65837368398926
8.686470892279251	0.007	0.005	0.3136796786870644	1.131486885733766e-7	0.34428392673873137	0.042199446311951036	33.44369490673288
8.737298353989374	0.007	0.005	0.31324538014779985	1.1244370676262396e-7	0.3440705771039944	0.04219926531112306	33.23003923825863
8.788208108172432	0.007	0.005	0.31280044529889817	1.1174393014371744e-7	0.343834064060472	0.042199078803299525	33.01740590345657
8.839199797599996	0.007	0.005	0.3123449961609883	1.1104931695994068e-7	0.34357459560805964	0.04219888683753492	32.80579423697067
8.890273056120265	0.007	0.005	0.3118791547320255	1.1035982683910547e-7	0.3432923823217748	0.04219868946257896	32.5952035542445
8.941427481476454	0.007	0.005	0.31140304323545787	1.0967542120547104e-7	0.3429876374489864	0.04219848672699398	32.3856332620047
8.992662655492024	0.007	0.005	0.31091678394407246	1.0899606285608539e-7	0.3426605767631953	0.04219827867909317	32.17708277228813
9.043978126975762	0.007	0.005	0.3104204993446838	1.0832171614257744e-7	0.3423114186262419	0.0421980653670231	31.969551569988518
9.095373435405389	0.007	0.005	0.3099143119152668	1.0765234668626508e-7	0.3419403837893587	0.042197846838680206	31.76303911443767
9.14684808699706	0.007	0.005	0.30939834435766184	1.0698792152965633e-7	0.3415476955072076	0.04219762314182243	31.557544934197043
9.198401571627542	0.007	0.005	0.3088727194346568	1.063284089181723e-7	0.34113357937310484	0.042197394324010595	31.353068556654815
9.250033349066884	0.007	0.005	0.30833756010955665	1.0567377846741995e-7	0.3406982633768056	0.04219716043268025	31.149609560830736
9.301742876267161	0.007	0.005	0.30779298926323834	1.0502400068959626e-7	0.34024197762361624	0.04219692151502906	30.94716746789053
9.35352956272649	0.007	0.005	0.3072391301587121	1.0437904758188896e-7	0.3397649546650868	0.042196677618230975	30.745741914715374
9.405392821841174	0.007	0.005	0.3066761058989435	1.037388919157089e-7	0.33926742899280804	0.04219642878920902	30.545332451000327
9.45733202962765	0.007	0.005	0.30610403986217605	1.0310350769687748e-7	0.3387496373546822	0.04219617507483704	30.345938698631375
9.509346545242424	0.007	0.005	0.3055230554809118	1.0247286989582363e-7	0.33821181851315785	0.042195916521852846	30.147560269936438
9.561435717835101	0.007	0.005	0.30493327615682825	1.0184695432544532e-7	0.33765421310538	0.04219565317682995	29.95019674068243
9.613598869235263	0.007	0.005	0.3043348254482693	1.0122573780121153e-7	0.3370770637598338	0.04219538508627081	29.753847714785554
9.665835307699062	0.007	0.005	0.3037278269096906	1.0060919796784216e-7	0.336480614889484	0.04219511229654495	29.558512770714447
9.718144314001863	0.007	0.005	0.30311240424585173	9.999731342312449e-8	0.3358651127852402	0.04219483485396772	29.364191512355983
9.770525162176217	0.007	0.005	0.3024886810626344	9.93900634157166e-8	0.3352308053122551	0.04219455280469765	29.170883490434314
9.822977105608903	0.007	0.005	0.3018567810196351	9.878742802207737e-8	0.33457794200026847	0.04219426619481411	28.97858825357454
9.875499376978626	0.007	0.005	0.3012168278246293	9.818938809993103e-8	0.333906773982757	0.0421939750703242	28.787305347122924
9.92809120214702	0.007	0.005	0.30056894505485005	9.759592510780314e-8	0.3332175537504672	0.04219367947709039	28.59703426167898
9.980751782713575	0.007	0.005	0.29991325635916494	9.700702127080235e-8	0.332510535303512	0.04219337946093127	28.407774495899105
10.033480313425668	0.007	0.005	0.2992498852330877	9.642265937627014e-8	0.331785973852388	0.042193075067527515	28.219525492798795
10.08627596819344	0.007	0.005	0.29857895518105615	9.584282288500117e-8	0.331044125932018	0.04219276634250462	28.032286689535223
10.1391379245769	0.007	0.005	0.29790058939314784	9.526749566509708e-8	0.3302852489836716	0.042192453331292436	27.846057430143194
10.192065318234587	0.007	0.005	0.2972149113152075	9.469666247533937e-8	0.32950960192960294	0.04219213607939618	27.660837126021608
10.245057306024119	0.007	0.005	0.2965220438249212	9.413030820796312e-8	0.32871744418883236	0.04219181463202418	27.47662503362019
10.298113002838319	0.007	0.005	0.2958221100357872	9.356841862610315e-8	0.3279090365245068	0.04219148903446761	27.293420475490116
10.351231537817432	0.007	0.005	0.2951152325500766	9.301097970074776e-8	0.3270846401311358	0.042191159331761936	27.111222644487412
10.404412015687592	0.007	0.005	0.29440153395157687	9.245797800016712e-8	0.3262445171388043	0.042190825568923326	26.93003073792032
10.457653548478698	0.007	0.005	0.29368113636849613	9.190940038172154e-8	0.3253889300419968	0.04219048779075214	26.749843849003835
10.510955216742918	0.007	0.005	0.29295416198085367	9.136523434494582e-8	0.32451814223855446	0.04219014604207784	26.570661098855375
10.564316115467662	0.007	0.005	0.2922207323844027	9.082546757453884e-8	0.32363241721416974	0.04218980036746793	26.392481481384934
10.617735322324624	0.007	0.005	0.2914809690051404	9.02900882133362e-8	0.3227320189747241	0.042189450811429385	26.215303971118047
10.671211911837652	0.007	0.005	0.2907349928909869	8.975908474701492e-8	0.3218172117373848	0.042189097418317646	26.039127475984035
10.72474494833259	0.007	0.005	0.28998292479409504	8.923244606039236e-8	0.32088825997186565	0.04218874023238231	25.863950861205907
10.778333503720091	0.007	0.005	0.28922488490507464	8.871016123145119e-8	0.3199454280131495	0.04218837929764749	25.689772891818233
10.831976632693939	0.007	0.005	0.288460993185711	8.819221977181444e-8	0.3189889804142357	0.04218801465807629	25.51659231454216
10.885673404761198	0.007	0.005	0.2876913688988266	8.767861133062611e-8	0.31801918130206974	0.042187646357353024	25.344407754786094
10.939422865166367	0.007	0.005	0.28691613114956693	8.716932602550166e-8	0.3170362949989475	0.04218727443914786	25.173217843523933
10.993224077657404	0.007	0.005	0.2861353982568458	8.666435407494758e-8	0.3160405851741888	0.04218689894682204	25.003021081080895
11.04707609248789	0.007	0.005	0.28534928819713057	8.616368605251377e-8	0.3150323153485352	0.042186519923646235	24.833815940547005
11.100977967865639	0.007	0.005	0.2845579182782834	8.56673127139752e-8	0.3140117484239946	0.04218613741264951	24.665600800847724
11.154928759312737	0.007	0.005	0.28376140527801025	8.51752250473085e-8	0.31297914680547073	0.042185751456691296	24.498373981670117
11.20892752329457	0.007	0.005	0.28295986537564566	8.468741431092233e-8	0.31193477225983623	0.04218536209843385	24.332133733248796
11.262973328029245	0.007	0.005	0.2821534139751708	8.420387185035517e-8	0.3108788856311787	0.042184969380261186	24.16687820472163
11.317065224902073	0.007	0.005	0.28134216611609647	8.372458939856235e-8	0.30981174732632494	0.042184573344484076	24.00260553305098
11.371202291527087	0.007	0.005	0.28052623581519054	8.324955869221588e-8	0.30873361640096747	0.042184174033024074	23.839313713012693
11.425383592386078	0.007	0.005	0.2797057366408255	8.277877180308626e-8	0.3076447512635593	0.042183771487698266	23.67700071857042
11.47960820400029	0.007	0.005	0.2788807813208156	8.231222090581761e-8	0.3065454091099804	0.042183365750032197	23.515664428037308
11.533875211426535	0.007	0.005	0.2780514817792831	8.184989833346345e-8	0.30543584592187967	0.04218295686128174	23.355302636755756
11.588183701138124	0.007	0.005	0.2772179492312266	8.139179664195274e-8	0.30431631654571406	0.042182544862483747	23.19591307989779
11.642532771888192	0.007	0.005	0.276380294002696	8.09379084885011e-8	0.30318707440573256	0.0421821297943712	23.037493402150965
11.696921520378735	0.007	0.005	0.2755386257380131	8.048822676719703e-8	0.30204837173783106	0.04218171169747955	22.880041201373476
11.751349059341482	0.007	0.005	0.2746930531083336	8.004274446415273e-8	0.3009004591528084	0.042181290612005866	22.72355397765163
11.805814506803573	0.007	0.005	0.27384368396440945	7.96014547532553e-8	0.29974358579915306	0.04218086657788787	22.568029166478926
11.86031699337445	0.007	0.005	0.27299062521118883	7.91643509325553e-8	0.29857799915094346	0.04218043963474459	22.413464119710437
11.91485565148348	0.007	0.005	0.272133982964508	7.873142647231013e-8	0.2974039451813103	0.04218000982195784	22.259856138006892
11.96942962989745	0.007	0.005	0.2712738623127678	7.830267500635544e-8	0.2962216679975393	0.042179577178555784	22.107202431534485
12.024038082950376	0.007	0.005	0.27041036747504255	7.787809029916505e-8	0.2950314100192129	0.04217914174329489	21.955500152326778
12.078680181464089	0.007	0.005	0.26954360161851715	7.745766623743596e-8	0.2938334116900741	0.04217870355457049	21.804746365742442
12.133355101960857	0.007	0.005	0.2686736670191657	7.704139691365609e-8	0.29262791166361785	0.04217826265050017	21.654938082416887
12.188062037593578	0.007	0.005	0.26780066487906545	7.662927651037802e-8	0.29141514651603134	0.04217781906883352	21.506072230067556
12.242800187341958	0.007	0.005	0.2669246954895283	7.622129941582252e-8	0.29019535093896326	0.04217737284703691	21.358145685036256
12.297568770580932	0.007	0.005	0.26604585799002634	7.581746011120085e-8	0.2889687573721673	0.042176924022172664	21.211155234731553
12.352367012637714	0.007	0.005	0.2651642505912811	7.541775326672751e-8	0.2877355962829818	0.04217647263101429	21.06509761872168
12.407194144840291	0.007	0.005	0.2642799705685262	7.502217379525588e-8	0.28649609612881693	0.04217601871004525	20.91996952997065
12.462049430008499	0.007	0.005	0.26339311384335073	7.46307165914494e-8	0.2852504827422924	0.042175562295245564	20.77576754940906
12.516932122548361	0.007	0.005	0.26250377562126115	7.424337691549552e-8	0.28399898019791964	0.042175103422420486	20.632488253387763
12.571841512127342	0.007	0.005	0.2616120496797739	7.386015000019183e-8	0.28274180978609	0.042174642126835124	20.490128100824034
12.626776887372714	0.007	0.005	0.2607180289506776	7.348103138478419e-8	0.28147919080673794	0.04217417844351539	20.34868353023664
12.6817375541071	0.007	0.005	0.25982180522008236	7.310601673741039e-8	0.28021134012388127	0.042173712407094194	20.208150913884875
12.736722835408079	0.007	0.005	0.2589234691225663	7.273510190828828e-8	0.2789384721340833	0.042173244051808625	20.06852655982262
12.791732060731482	0.007	0.005	0.25802311031505654	7.236828298093554e-8	0.27766079899138907	0.0421727734115911	19.92980674140479
12.84676458417955	0.007	0.005	0.25712081717483826	7.200555614429006e-8	0.2763785301588746	0.04217230051991206	19.791987652887517
12.90181976268063	0.007	0.005	0.2562166771538982	7.164691788244124e-8	0.2750918728923615	0.04217182540996548	19.655065466257224
12.956896981561245	0.007	0.005	0.25531077635713273	7.129236477214325e-8	0.2738010316227208	0.04217134811444768	19.519036269121536
13.011995625409407	0.007	0.005	0.25440320001899136	7.094189370745499e-8	0.27250620861724245	0.04217086866580779	19.383896138921834
13.067115103657835	0.007	0.005	0.25349403208154864	7.05955017285658e-8	0.2712076033628401	0.04217038709602556	19.24964108131211
13.12225483602892	0.007	0.005	0.2525833554328733	7.025318613358878e-8	0.2699054128907834	0.042169903436736565	19.11626706786514
13.177414259877775	0.007	0.005	0.25167125178542665	6.991494441108142e-8	0.2685998315892283	0.042169417719167455	18.983770019853438
13.232592822924172	0.007	0.005	0.250757801796021	6.958077433934657e-8	0.26729105136194625	0.04216892997419916	18.85214582747087
13.287789986941034	0.007	0.005	0.24984308500532695	6.925067389144296e-8	0.2659792615301128	0.04216844023233427	18.72139034243549
13.343005238763645	0.007	0.005	0.2489271796558763	6.892464126816404e-8	0.2646646485600669	0.0421679485235985	18.59149935377008
13.398238061064552	0.007	0.005	0.24801016317779062	6.860267503300062e-8	0.26334739675031726	0.042167454877800346	18.46246865829445
13.453487972625544	0.007	0.005	0.24709211152214192	6.828477386414098e-8	0.26202768726550313	0.04216695932417201	18.334293967571067
13.50875448812136	0.007	0.005	0.24617309983037305	6.797093683101787e-8	0.26070569908964725	0.042166461891728506	18.206971003515456
13.56403715108876	0.007	0.005	0.24525320188885316	6.766116320320786e-8	0.25938160823495954	0.04216596260897226	18.08049542324412
13.619335501002077	0.007	0.005	0.2443324906790097	6.73554526133453e-8	0.25805558852683946	0.042165461504189886	17.954862896240655
13.67464911358773	0.007	0.005	0.24341103770932412	6.705380489029717e-8	0.2567278106365878	0.04216495860508796	17.83006901370199
13.729977553226012	0.007	0.005	0.2424889138111023	6.675622029530557e-8	0.2553984432227049	0.04216445393922494	17.706109397944267
13.785320424276017	0.007	0.005	0.241566188287026	6.646269925556491e-8	0.25406765169990475	0.042163947533544854	17.582979587989698
13.840677319786874	0.007	0.005	0.24064292976973714	6.617324265164915e-8	0.25273559947349	0.04216343941484557	17.460675155839322
13.896047872846939	0.007	0.005	0.23971920536985686	6.588785152396692e-8	0.2514024467079862	0.042162929609309424	17.339191593561072
13.951431701598526	0.007	0.005	0.23879508159744775	6.560652744703917e-8	0.2500683516547129	0.04216241814300872	17.218524435947632
14.006828464276374	0.007	0.005	0.23787062344855872	6.53292721508488e-8	0.24873346933227772	0.04216190504139993	17.098669140907266
14.062237807865115	0.007	0.005	0.2369458952667934	6.505608784955238e-8	0.247397952769726	0.042161390329798466	16.97962120259609
14.117659412150939	0.007	0.005	0.23602096001339554	6.478697704962266e-8	0.24606195195269912	0.04216087403297194	16.861376057073276
14.173092956708109	0.007	0.005	0.2350958798235804	6.452194264071806e-8	0.24472561462748493	0.04216035617544736	16.743929154592823
14.22853813926831	0.007	0.005	0.23417071570559006	6.426098790229007e-8	0.24338908586763341	0.042159836781341636	16.627275921200017
14.283994664720442	0.007	0.005	0.2332455277300663	6.40041164907706e-8	0.24205250834930056	0.042159315874465426	16.511411783082707
14.339462256143923	0.007	0.005	0.23232037485196255	6.375133243350993e-8	0.24071602209631335	0.042158793478221	16.396332144381333
14.39494064012779	0.007	0.005	0.2313953151616189	6.350264021725552e-8	0.23937976484572418	0.042158269615741574	16.282032418732925
14.45042956883109	0.007	0.005	0.23047040552324669	6.325804466975033e-8	0.23804387152893566	0.04215774430968461	16.16850798461865
14.505928790595636	0.007	0.005	0.2295457020714273	6.30175510984871e-8	0.2367084749927085	0.042157217582510814	16.05575424674353
14.561438083038821	0.007	0.005	0.22862125966625105	6.278116515254684e-8	0.23537370521651074	0.042156689456172215	15.943766569276193
14.616957212624586	0.007	0.005	0.22769713257363947	6.25488930412571e-8	0.2340396902996473	0.04215615995249766	15.8325403586553
14.672485971440192	0.007	0.005	0.2267733738596536	6.23207413401238e-8	0.23270655559174336	0.04215562909284497	15.722070989915991
14.728024158822462	0.007	0.005	0.22585003570361833	6.209671709956836e-8	0.23137442415040738	0.04215509689827716	15.612353844654026
14.783571581364921	0.007	0.005	0.2249271694049991	6.187682784691091e-8	0.23004341675692755	0.04215456338956448	15.503384311504846
14.839128063964566	0.007	0.005	0.22400482520714177	6.166108155671403e-8	0.22871365166830177	0.04215402858708002	15.395157765181233
14.894693431432781	0.007	0.005	0.2230830526100717	6.144948670233995e-8	0.22738524507489802	0.04215349251097826	15.28766960314098
14.950267526902511	0.007	0.005	0.22216190007228614	6.124205226837489e-8	0.22605831067737564	0.04215295518101979	15.180915210306576
15.005850200796115	0.007	0.005	0.22124141520147667	6.103878769240625e-8	0.22473295996888862	0.04215241661667928	15.074889981220577
15.061441307148886	0.007	0.005	0.22032164482274907	6.08397029892162e-8	0.22340930234061357	0.0421518768371834	14.969589327411684
15.117040718343443	0.007	0.005	0.21940263474236538	6.064480863620253e-8	0.22208744474941197	0.042151335861369765	14.865008649950314
15.172648306705122	0.007	0.005	0.21848443005992302	6.04541156806559e-8	0.22076749217508565	0.04215079370786767	14.761143374837843
15.22826395923812	0.007	0.005	0.21756707493237024	6.026763569649908e-8	0.21944954728907426	0.042150250394956824	14.657988925680913
15.283887570266025	0.007	0.005	0.21665061270347466	6.008538080487462e-8	0.21813371064918133	0.04214970594064091	14.555540738061193
15.339519041436622	0.007	0.005	0.21573508591142415	5.990736369016639e-8	0.21682008071907422	0.042149160362649714	14.453794259897288
15.395158281726578	0.007	0.005	0.21482053629646047	5.973359761919636e-8	0.2155087538880226	0.042148613678441235	14.352744951797455
15.45080521113184	0.007	0.005	0.21390700474807098	5.9564096418345504e-8	0.21419982440424942	0.04214806590516748	14.252388280779375
15.506459753301367	0.007	0.005	0.21299453143384006	5.939887451246449e-8	0.21289338456884	0.042147517059749014	14.15271973399018
15.562121842913164	0.007	0.005	0.21208315568615851	5.9237946927753334e-8	0.21158952458274552	0.042146967158804505	14.053734805736031
15.617791421993148	0.007	0.005	0.2111729160705934	5.9081329309314986e-8	0.21028833265432706	0.04214641621868901	13.95542900451321
15.673468439919294	0.007	0.005	0.21026385039366166	5.892903790746331e-8	0.2089898950201223	0.0421458642554961	13.85779785331393
15.729152849737384	0.007	0.005	0.20935599577070432	5.8781089611763174e-8	0.207694296051477	0.04214531128509663	13.760836896323616
15.784844611851893	0.007	0.005	0.2084493885732536	5.863750196925141e-8	0.20640161818909045	0.04214475732310444	13.664541692633584
15.840543694029959	0.007	0.005	0.20754406443681636	5.849829315774556e-8	0.20511194196414342	0.042144202384878426	13.56890781652495
15.896250078784856	0.007	0.005	0.20664005814900546	5.836348202100682e-8	0.20382534584932108	0.04214364648545097	13.473930845206741
15.95196373386173	0.007	0.005	0.20573740413616523	5.823308810547513e-8	0.20254190696148347	0.04214308963982465	13.379606409322367
16.0	0.007	0.005	0.20496034179810707	5.8124284358313706e-8	0.20143805324736727	0.04214260883795609	13.29881027286336
