0.0	0.007	0.005	0.0	0.0	0.0	0.0	100.0
0.006621800093550447	0.007	0.005	0.01800468923433329	6.307696858497284e-5	1.4528953404173325e-5	4.658046086248201e-5	99.9354546513393
0.011785599039122928	0.007	0.005	0.03144438289752034	0.00010411949000966941	4.542983738080771e-5	0.00014026844696473205	99.88514993899122
0.019135813657414857	0.007	0.005	0.04970809436856831	0.0001523932463960612	0.00011758643966803774	0.00034483671837827527	99.81358926693711
0.026542784940834025	0.007	0.005	0.06713184912711001	0.00019115301906336054	0.00022212158044924876	0.000619935087648427	99.74152788328179
0.035269597552947035	0.007	0.005	0.08646697246806628	0.00022669110081795468	0.0003838873238872804	0.001013615075310359	99.65669270267517
0.04457572187296034	0.007	0.005	0.10574867982654956	0.0002550452002810336	0.0005995061941676287	0.0014966844862900255	99.56630541015474
0.05491012073234473	0.007	0.005	0.12565182920888948	0.00027742012505045064	0.0008874407594303221	0.002088727637052621	99.46602689360736
0.06605697644171087	0.007	0.005	0.14546801352222705	0.00029285476731695823	0.0012508682246329434	0.0027715833821095803	99.35797802089458
0.07821952375694277	0.007	0.005	0.16528809432966507	0.00030100395227056225	0.00170479736535056	0.0035463472179367997	99.24021772818399
0.09137815381068974	0.007	0.005	0.18479377816554984	0.0003008235231030712	0.002257281414408228	0.0043945297330651965	99.11297033656437
0.10559359963510416	0.007	0.005	0.20381078418990278	0.0002913285954415044	0.002918832705213827	0.005294585111859308	98.97568659455825
0.12071309903621225	0.007	0.005	0.22192494410143349	0.0002724402954736424	0.0036884599284094403	0.006204029572492335	98.82988075083529
0.13656315667401198	0.007	0.005	0.2388202762902824	0.00024575542499825014	0.004560155520483185	0.007077886082573049	98.67726032956132
0.1531105599185181	0.007	0.005	0.254421914306732	0.00021405094636915047	0.005532697368236384	0.007884572691989614	98.51817662221602
0.17060063372149425	0.007	0.005	0.26890912404570205	0.00018009570648089897	0.006621400311613867	0.008612405445803535	98.35030904460336
0.18935359456063958	0.007	0.005	0.2824312562815657	0.00014640560484384556	0.007848889688728456	0.009255597289671093	98.17063817887448
0.2087538550740907	0.007	0.005	0.29450754131780366	0.0001164075511094357	0.009175056762380842	0.009788143368650342	97.98511099187243
0.2280730227768777	0.007	0.005	0.30485320270626914	9.194741503793628e-5	0.01054420808106978	0.010206060716292351	97.80070772890059
0.24768569999550713	0.007	0.005	0.31386844280260384	7.225815203176103e-5	0.011976175769476249	0.010538159049124831	97.61385787352141
0.26761759307832633	0.007	0.005	0.3217001489580343	5.675038427220196e-5	0.01346804970995791	0.010801249803009559	97.42433258906823
0.28807493555842323	0.007	0.005	0.3285336388907511	4.460847726993976e-5	0.015031376630078011	0.011011432284095683	97.23019364441026
0.30915378053407605	0.007	0.005	0.33447590431937285	3.5171699220935884e-5	0.01667041014552198	0.011179992874022514	97.03056134219803
0.3309998570500265	0.007	0.005	0.3396261137726232	2.7849267390077193e-5	0.01839380671490528	0.011316123454555242	96.82409531081544
0.35371836929554473	0.007	0.005	0.34405439616914396	2.2173171331847767e-5	0.020207451961892994	0.011426642100463584	96.60984992091385
0.3774217661702588	0.007	0.005	0.34782115783794	1.776600464319115e-5	0.022117982885710055	0.01151686396800631	96.38682196671036
0.40220011738942185	0.007	0.005	0.35097555521991974	1.4334748967205711e-5	0.024130285508258683	0.011590821248084963	96.1542300488897
0.4281357868155117	0.007	0.005	0.35356221054671	1.1651797128218851e-5	0.026248552305168153	0.011651635749905897	95.91137568217395
0.4552979450215745	0.007	0.005	0.35562289829228977	9.542684532789616e-6	0.028475769551894264	0.011701720464153595	95.65769435708802
0.48375150546761564	0.007	0.005	0.3571987732974167	7.874028466346225e-6	0.030814412457641563	0.011742964290434107	95.39267151969257
0.513560149880542	0.007	0.005	0.3583307046841753	6.544447817260115e-6	0.0332666862653587	0.011776852831010532	95.11581463190612
0.5447929986604413	0.007	0.005	0.3590591086030669	5.4770085303214436e-6	0.03583507661699795	0.011804563233054895	94.82659199248498
0.5775280948279404	0.007	0.005	0.35942319557943797	4.613395590829073e-6	0.03852263545495477	0.011827031150136447	94.52440210436654
0.6118561607084138	0.007	0.005	0.3594601637244432	3.909324763401043e-6	0.04133327721405071	0.011845002287613916	94.20854130614953
0.647883047576931	0.007	0.005	0.3592044578170384	3.331049645318158e-6	0.04427195057806473	0.011859071070628596	93.87818430048017
0.6857332034110973	0.007	0.005	0.3586871873003639	2.8527048474638265e-6	0.04734487334346696	0.011869710766848335	93.53235620090578
0.7255502234607575	0.007	0.005	0.3579357544239778	2.454360913630142e-6	0.05055950850891203	0.011877295728910544	93.1699322124686
0.7675012099556353	0.007	0.005	0.35697360707880665	2.1205357388087535e-6	0.053924827712731695	0.01188211958516116	92.789603501463
0.8117792600826724	0.007	0.005	0.3558201345485364	1.8391211098465604e-6	0.05745139620059625	0.011884408439908654	92.389861553796
0.8586076721672229	0.007	0.005	0.3544906330879706	1.6005762084944454e-6	0.06115156640616822	0.011884331063363753	91.96896855042213
0.9082439074704274	0.007	0.005	0.35299635256191103	1.3973328702842937e-6	0.06503961648496939	0.011882006399308838	91.52493201485144
0.9609840806395127	0.007	0.005	0.3513445900688121	1.2233488981065732e-6	0.06913189021900941	0.011877509125457979	91.05547713660383
1.0171665831926566	0.007	0.005	0.34953885700591236	1.0737738075699777e-6	0.07344682366344774	0.011870873841033113	90.55802966884025
1.0771734362364354	0.007	0.005	0.34757915640569165	9.446967873526312e-7	0.0780047513565241	0.011862098671264386	90.02972190943102
1.1414253712439824	0.007	0.005	0.34546249218763375	8.329577288498353e-7	0.0828272020091063	0.01185114959611499	89.46745632388144
1.2103637204894697	0.007	0.005	0.34318382586132423	7.3600603181997e-7	0.08793521352374246	0.011837967763154968	88.8680846229976
1.284408208345405	0.007	0.005	0.34073781400453856	6.517945200454878e-7	0.09334597677062269	0.011822483378715871	88.22879032513661
1.3638819074269548	0.007	0.005	0.3381215605638294	5.786919229026169e-7	0.09906739538491813	0.011804639787048987	87.54773683925131
1.448916529916132	0.007	0.005	0.3353378699445141	5.1539044250061e-7	0.10509181637852603	0.011784425775629714	86.82484953877129
1.539393949284893	0.007	0.005	0.3323971170444211	4.607913539386331e-7	0.11139305941530493	0.01176190104233112	86.06224558681923
1.634976083850766	0.007	0.005	0.3293161059357271	4.138945034650179e-7	0.11793005241846519	0.011737196704215917	85.2638901503087
1.7351824831556633	0.007	0.005	0.3261154001598142	3.737458523875225e-7	0.12465357555044383	0.011710497002949261	84.43486112776539
1.8394351926363177	0.007	0.005	0.3228177850963691	3.3944604757484896e-7	0.13151034522459062	0.01168202469314772	83.5809105275781
1.947065448356657	0.007	0.005	0.3194479732023661	3.101738136696329e-7	0.13844430464539112	0.011652035539874981	82.7083537744237
2.0573316840658737	0.007	0.005	0.31603194319654626	2.851939921047372e-7	0.1453985206527357	0.011620810078558329	81.82387294039599
2.1694755109315285	0.007	0.005	0.3125951348463892	2.6385212184268877e-7	0.15231917906278367	0.011588634745378457	80.93403232892796
2.2827981078873067	0.007	0.005	0.30916013159260386	2.455672842102907e-7	0.1591602570062469	0.011555776898833716	80.04466821186081
2.396747662702998	0.007	0.005	0.3057441679803642	2.2982737937821134e-7	0.1658881530851237	0.011522456599609704	79.16023773917665
2.5109608348851755	0.007	0.005	0.3023581692924343	2.1619099508035208e-7	0.17248297309946964	0.011488832243238633	78.28356728815724
2.6252544421836834	0.007	0.005	0.2990073212307487	2.0428901137372184e-7	0.1789367433427018	0.011455001868123926	77.41599847354696
2.73957782301307	0.007	0.005	0.295692748849961	1.9382143049938624e-7	0.1852496018213294	0.011421017200826316	76.55782213856016
2.853950797927935	0.007	0.005	0.2924135047727591	1.845487317827659e-7	0.19142563728033574	0.01138690279991326	75.70879280428973
2.968411208363696	0.007	0.005	0.289168162103891	1.762804064792253e-7	0.1974697215210301	0.011352672737956905	74.86854094932792
3.082984096721452	0.007	0.005	0.28595570151662336	1.688637859128631e-7	0.20338583792777706	0.01131834085009467	74.0368026233611
3.197672341010683	0.007	0.005	0.2827757484919584	1.621748902358037e-7	0.20917669679770445	0.011283924396706385	73.2134808438728
3.3124611725716258	0.007	0.005	0.2796284153662338	1.5611164925087653e-7	0.21484408567042462	0.011249443351716128	72.39860468901865
3.4273279822896603	0.007	0.005	0.2765140100577663	1.5058912860630217e-7	0.22038943464195762	0.011214917925034956	71.5922538789722
3.5422510178925304	0.007	0.005	0.27343279286934374	1.4553617924014845e-7	0.22581426130417953	0.011180366296504268	70.79449580745181
3.6572141046259508	0.007	0.005	0.270384854012477	1.408929737374117e-7	0.23112037744544195	0.011145803470531651	70.00535383056656
3.7722074439975866	0.007	0.005	0.26737010165654734	1.3660905781798384e-7	0.23630989245179532	0.011111241262871895	69.22480417220623
3.887226053270604	0.007	0.005	0.2643883119153633	1.3264172487552174e-7	0.2413851110423402	0.011076688961828623	68.45278886588362
4.00226746131425	0.007	0.005	0.26143919478584515	1.2895464063068556e-7	0.24634841057759158	0.011042154182576333	67.68923282684429
4.117329912012897	0.007	0.005	0.2585224431273989	1.2551670549780427e-7	0.2512021542715924	0.011007643541288314	66.93405653328495
4.23241141962789	0.007	0.005	0.25563775725296567	1.2230113829115482e-7	0.25594864996586203	0.010973163049395041	66.18718239320826
4.347509562911684	0.007	0.005	0.252784849700322	1.1928475242682782e-7	0.26059014372469225	0.010938718266568555	65.44853597975431
4.46262182049812	0.007	0.005	0.24996343648096342	1.1644739301142125e-7	0.26512883555245564	0.01090431427628123	64.71804376544613
4.5777458379011255	0.007	0.005	0.24717323054379048	1.1377147933557628e-7	0.26956689062201206	0.010869955670310773	63.995631429870734
4.692879671745249	0.007	0.005	0.24441393621586355	1.112416326720278e-7	0.2739064482624326	0.010835646530805876	63.28122242033477
4.808021812877367	0.007	0.005	0.24168524923526355	1.0884435934033492e-7	0.2781496217174135	0.010801390470771312	62.57473796037199
4.9231711255352835	0.007	0.005	0.23898685875729134	1.0656778208459879e-7	0.2822984949100072	0.010767190692921529	61.87609756916831
5.038326725441901	0.007	0.005	0.2363184506531909	1.0440141023171799e-7	0.28635511747968845	0.010733050060919116	61.185219915634434
5.153487895980007	0.007	0.005	0.23367970973631028	1.0233594698302057e-7	0.29032150177202887	0.010698971154281194	60.50202339478106
5.268653981452581	0.007	0.005	0.23107032236550865	1.0036312367231969e-7	0.29419961949870554	0.010664956325822025	59.82642680176734
5.383824379476378	0.007	0.005	0.22848997667160845	9.847556464606796e-8	0.2979914021272482	0.01063100772613726	59.15834939053148
5.498998533371191	0.007	0.005	0.22593836277002327	9.666667233265898e-8	0.3016987413025923	0.010597127325200439	58.49771092884236
5.614175955058034	0.007	0.005	0.22341517229535912	9.49305314452237e-8	0.3053234902468808	0.010563316922539144	57.84443157780295
5.729356232701163	0.007	0.005	0.2209200982962609	9.326182628822534e-8	0.30886746459404396	0.010529578159889691	57.198431864625036
5.844539000206159	0.007	0.005	0.2184528359510761	9.16557668961742e-8	0.3123324420580119	0.010495912543256262	56.559632867921906
5.95972395248433	0.007	0.005	0.21601308227310353	9.010802856595386e-8	0.31572016355385113	0.01046232144997608	55.92795614139411
6.074910814945028	0.007	0.005	0.21360053678905547	8.861469614243477e-8	0.31903233295131556	0.010428806147846444	55.30332388949018
6.190099366385808	0.007	0.005	0.211214901073042	8.717221966648013e-8	0.32227061842518917	0.01039536779748641	54.68565884675054
6.305289400852582	0.007	0.005	0.20885587955405624	8.577737106091188e-8	0.3254366520513737	0.01036200747147786	54.074884486873415
6.420480727641486	0.007	0.005	0.20652317950154878	8.442720899357897e-8	0.3285320305495171	0.010328726161467208	53.47092501898001
6.535673171300486	0.007	0.005	0.20421651101071847	8.311904817834768e-8	0.3315583160119741	0.010295524784512993	52.87370538380629
6.650866594517817	0.007	0.005	0.20193558653689034	8.185043454091132e-8	0.3345170372005238	0.010262404182193112	52.283151133148436
6.766060852349306	0.007	0.005	0.19968012179665304	8.061911759233213e-8	0.33740968904714613	0.010229365138925518	51.69918866317651
6.881255837993352	0.007	0.005	0.19744983484565917	7.942303373111937e-8	0.34023773452058387	0.010196408373392649	51.12174497566777
6.996451452275575	0.007	0.005	0.1952444466684597	7.826028520682974e-8	0.3430026045161993	0.010163534551486815	50.55074783072068
7.111647596020053	0.007	0.005	0.19306368129751583	7.712912314380126e-8	0.3457056983653485	0.01013074429221333	49.986125777568276
7.226844170049587	0.007	0.005	0.1909072657806405	7.602793309229622e-8	0.34834838452753936	0.010098038171043084	49.42780814614839
7.342041105702801	0.007	0.005	0.1887749295870646	7.495522518271599e-8	0.35093200194425217	0.010065416714311475	48.87572489332838
7.457238349576181	0.007	0.005	0.18666640488463487	7.390962139227404e-8	0.3534578602948624	0.010032880406404624	48.329806674674195
7.572435833007315	0.007	0.005	0.18458142707230013	7.288984239122012e-8	0.3559272399641708	0.01000042970093024	47.78998498231663
7.687633494962658	0.007	0.005	0.18251973432519053	7.189470067448682e-8	0.35834139319151453	0.00996806501652776	47.25619202716773
7.802831274408413	0.007	0.005	0.1804810677048872	7.092309168010572e-8	0.360701544521618	0.009935786741134161	46.72836076747072
7.918029133198395	0.007	0.005	0.17846517072974002	6.99739888809541e-8	0.3630088918680783	0.009903595227511094	46.20642479755081
8.0332270255571	0.007	0.005	0.17647178989114568	6.9046434145572e-8	0.36526460646866854	0.009871490803599925	45.690318481484994
8.148424905708998	0.007	0.005	0.1745006744851731	6.813953260568782e-8	0.36746983363228036	0.009839473771993961	45.17997690950794
8.263622743137088	0.007	0.005	0.172551576325112	6.725244899721012e-8	0.3696256935936334	0.009807544407201947	44.67533582358819
8.378820499695172	0.007	0.005	0.1706242501061918	6.638440044709126e-8	0.3717332816274387	0.009775702963408479	44.176331711857365
8.494018152495604	0.007	0.005	0.1687184529915781	6.553465463356254e-8	0.3737936690174804	0.00974394966940756	43.68290170142052
8.609215671021584	0.007	0.005	0.16683394496881218	6.470252338407916e-8	0.3758079031668112	0.009712284736127773	43.19498365064199
8.72441301712722	0.007	0.005	0.164970488812993	6.388735906534478e-8	0.3777770081381582	0.00968070835769238	42.71251613961273
8.839610160295996	0.007	0.005	0.1631278498078215	6.308855306197558e-8	0.37970198543383127	0.009649220708230264	42.23543839792593
8.954807077640735	0.007	0.005	0.16130579572344966	6.230553289147485e-8	0.3815838144829968	0.00961782194284446	41.76369029894202
9.070003753903563	0.007	0.005	0.15950409679441885	6.153775958329283e-8	0.3834234531188468	0.009586512198515617	41.29721235407641
9.185200158568422	0.007	0.005	0.1577225260496672	6.078472255932198e-8	0.38522183769258783	0.009555291601148428	40.83594579824216
9.300396284006833	0.007	0.005	0.15596085869090948	6.004594191846815e-8	0.3869798841461758	0.009524160255964736	40.37983242890575
9.415592107332175	0.007	0.005	0.1542188726578518	5.9320961897948796e-8	0.38869848787007255	0.009493118258580588	39.92881475242727
9.530787598028937	0.007	0.005	0.1524963484739821	5.860934985343995e-8	0.3903785242892567	0.009462165693561729	39.48283594413381
9.645982756098077	0.007	0.005	0.15079306865201955	5.791069927602348e-8	0.3920208498528965	0.009431302624797458	39.04183969438441
9.761177543395421	0.007	0.005	0.14910881869032247	5.722461975857587e-8	0.3936263014693402	0.009400529114543572	38.60577046655014
9.876371952293162	0.007	0.005	0.14744338602762166	5.655074407923333e-8	0.39519569791203807	0.00936984520553515	38.17457322638384
9.991565952276655	0.007	0.005	0.14579656080051323	5.5888720192322214e-8	0.39672983948027085	0.009339250935802408	37.74819363814295
10.106759550976296	0.007	0.005	0.14416813494090638	5.523821783665063e-8	0.3982295092216441	0.009308746322906701	37.326577830909294
10.221952740764564	0.007	0.005	0.142557902922531	5.459892063188655e-8	0.3996954725976384	0.009278331378644726	36.909672591867725
10.337145498756248	0.007	0.005	0.14096566172295677	5.397052494246653e-8	0.40112847789161776	0.009248006109420432	36.497425356472384
10.452337809695253	0.007	0.005	0.13939121047524203	5.3352741911255166e-8	0.4025292568819707	0.009217770510586374	36.08978411825506
10.567529643068019	0.007	0.005	0.1378343507562821	5.274529351294244e-8	0.4038985249304214	0.009187624572847185	35.68669750348139
10.682720983618944	0.007	0.005	0.1362948861449396	5.214791584409329e-8	0.40523698171268113	0.009157568274603376	35.28811465674651
10.797911823721384	0.007	0.005	0.13477262230927003	5.1560357419986256e-8	0.4065453114641194	0.009127601584340261	34.89398526355856
10.913102163377511	0.007	0.005	0.13326736698778419	5.0982378536165596e-8	0.4078241833143074	0.009097724460984878	34.50425954548733
11.028291987332127	0.007	0.005	0.1317789302648586	5.041374742163723e-8	0.40907425136903863	0.009067936860163684	34.11888833147086
11.143481287958886	0.007	0.005	0.13030712424495547	4.985424282272853e-8	0.4102961552987324	0.00903823872853851	33.737822973467644
11.25867003474571	0.007	0.005	0.1288517634178793	4.9303649067667285e-8	0.41149052033841754	0.00900863001195921	33.361015441025174
11.373858227695262	0.007	0.005	0.12741266395590786	4.8761763224826986e-8	0.41265795816432715	0.00897911064195864	32.98841813930026
11.489045851553126	0.007	0.005	0.12598964427447953	4.8228388057819427e-8	0.413799066718056	0.008949680547817983	32.61998405422645
11.604232891065116	0.007	0.005	0.12458252481339002	4.770333375167602e-8	0.41491443067114964	0.008920339652863984	32.25566669586377
11.719419338605741	0.007	0.005	0.12319112792265328	4.7186418651618374e-8	0.4160046217907131	0.008891087872762948	31.895420068846942
11.834605194178042	0.007	0.005	0.12181527784536253	4.667746893269471e-8	0.41707019921906696	0.008861925115770726	31.53919866794785
11.949790434899928	0.007	0.005	0.12045480105900662	4.617631358107964e-8	0.41811170947480397	0.00883285129067354	31.186957566445955
12.064975045518011	0.007	0.005	0.11910952588408603	4.5682788642123195e-8	0.4191296870183108	0.008803866299223657	30.83865231479484
12.180159010779157	0.007	0.005	0.11777928255525486	4.5196735759804326e-8	0.42012465444774677	0.008774970038274847	30.494238959041716
12.295342323058735	0.007	0.005	0.11646390311340987	4.4718003094585544e-8	0.42109712282576234	0.008746162398059148	30.15367401288819
12.410524974732244	0.007	0.005	0.1151632214751376	4.4246443879449345e-8	0.42204759186729035	0.008717443264294423	29.816914475670735
12.525706958175316	0.007	0.005	0.11387707341178947	4.378191616051861e-8	0.42297655019139246	0.008688812518353484	29.483917826943088
12.640888250507494	0.007	0.005	0.11260529669629782	4.332428005398241e-8	0.423884475448634	0.00866027004120627	29.15464206448839
12.75606884410486	0.007	0.005	0.11134773074208498	4.287340244568732e-8	0.42477183480773695	0.008631815705980424	28.829045610829155
12.871248738971653	0.007	0.005	0.11010421667418525	4.2429155622772996e-8	0.42563908512049387	0.00860344938004745	28.507087331641348
12.986427912228205	0.007	0.005	0.10887459763771912	4.199141198837127e-8	0.4264866729236133	0.008575170932685344	28.18872661562157
13.101606356251118	0.007	0.005	0.10765871836406916	4.156005018236695e-8	0.4273150349541988	0.008546980225795742	27.873923262165643
13.216784071045009	0.007	0.005	0.10645642523964118	4.113495371419306e-8	0.42812459830402205	0.008518877115955586	27.562637499171462
13.331961041358852	0.007	0.005	0.10526756652581652	4.0716006888282116e-8	0.42891578047338386	0.00849086146013894	27.254830039986956
13.447137244314153	0.007	0.005	0.10409199225355314	4.0303095859132887e-8	0.4296889896442705	0.008462933113932503	26.95046205612119
13.562312664660592	0.007	0.005	0.10292955404713176	3.989611111563097e-8	0.4304446249906103	0.00843509192793796	26.649495131610465
13.67748731003115	0.007	0.005	0.10178010495851926	3.949495012162902e-8	0.4311830769700904	0.008407337744239268	26.351891220133435
13.792661165175819	0.007	0.005	0.10064349991075877	3.909950913634863e-8	0.43190472722074513	0.008379670407590934	26.057612759809114
13.907834222472463	0.007	0.005	0.09951959537087424	3.870968844239766e-8	0.43260994895470734	0.008352089758132335	25.76662258850872
14.0230064590441	0.007	0.005	0.0984082495555717	3.83253880987267e-8	0.4332991070055286	0.008324595636980165	25.47888399711367
14.138177874896577	0.007	0.005	0.09730932204331565	3.7946514752243634e-8	0.43397255824290687	0.008297187877195519	25.194360629078393
14.25334844715357	0.007	0.005	0.09622267419831997	3.757297318721464e-8	0.43463065147856683	0.008269866314819478	24.913016590205697
14.368518183448591	0.007	0.005	0.09514816864562967	3.720467608031106e-8	0.4352737279518649	0.008242630776255328	24.634816312740238
14.483687068533154	0.007	0.005	0.0940856697596113	3.68415340267361e-8	0.4359021211941868	0.008215481091055247	24.359724681843588
14.598855087159107	0.007	0.005	0.093035043427369	3.648345964194947e-8	0.43651615733229043	0.008188417086544409	24.087706974340346
14.714022224078647	0.007	0.005	0.09199615703191408	3.613036747683758e-8	0.43711615525257597	0.008161438587903837	23.818728854360394
14.829188486925629	0.007	0.005	0.09096887923256354	3.5782178392783855e-8	0.4377024268768539	0.008134545412908286	23.552756316482036
14.94435386807964	0.007	0.005	0.08995308029429915	3.543881218642864e-8	0.43827527711873043	0.008107737380963806	23.289755771006273
15.05951834466648	0.007	0.005	0.08894863206376234	3.510018739093649e-8	0.43883500404637577	0.008081014313126082	23.029694037741702
15.174681909066335	0.007	0.005	0.0879554076840481	3.4766227173346945e-8	0.4393818991844928	0.00805437602506126	22.77253827216178
15.28984453840585	0.007	0.005	0.08697328184489543	3.443685325252621e-8	0.43991624751283825	0.008027822334205311	22.51825603018157
15.405006225065822	0.007	0.005	0.08600213050381648	3.411199190487364e-8	0.4404383277547313	0.008001353052765328	22.266815195955367
15.520166984307435	0.007	0.005	0.08504183081451787	3.379157559444701e-8	0.44094841254281353	0.007974967986094152	22.01818396334425
15.635326785631474	0.007	0.005	0.08409226168483831	3.347552894014871e-8	0.4414467682513997	0.007948666948511113	21.772330980371702
15.750485629045906	0.007	0.005	0.08315330312189474	3.316378415010248e-8	0.441933655472648	0.007922449745837128	21.529225179675333
15.8656435145587	0.007	0.005	0.0822248364755864	3.285627482717384e-8	0.44240932900825103	0.007896316182487264	21.288835841552615
15.98080042692487	0.007	0.005	0.08130674454448084	3.255293269558433e-8	0.4428740379372804	0.00787026606497828	21.051132621375793
16.0	0.007	0.005	0.08115467551440732	3.076772085775087e-8	0.4429504678185045	0.007865933506914937	21.011760422456547
