0.0	0.007	0.005	0.0	0.0	0.0	0.0	100.0
0.006275123542568277	0.007	0.005	0.01876461670176221	6.855003199398145e-5	1.522168155610292e-5	3.382063790630505e-5	99.93742156560982
0.012268036674587668	0.007	0.005	0.03574047054121342	0.00012693785385628476	5.714984016424314e-5	0.00012460854641265182	99.87769402276582
0.02019803725705724	0.007	0.005	0.05686535046992433	0.00019481116835136302	0.00015133019834417429	0.0003220818561904235	99.79871562919075
0.028696901277716166	0.007	0.005	0.0779200935493585	0.00025721018014224857	0.0002980013332520222	0.0006186334626858707	99.71414100398819
0.038483105394503815	0.007	0.005	0.10028102122784062	0.00031777392935069436	0.0005210276577832868	0.0010522776584499598	99.6168444655433
0.04904832943509114	0.007	0.005	0.12234115066068932	0.00037178136308268166	0.0008214081734899539	0.0016126142061270118	99.51190931576579
0.060582365838560574	0.007	0.005	0.14417563394084193	0.00041961060945014004	0.00121345352123723	0.0023133503803738536	99.39747800047905
0.07289111597194918	0.007	0.005	0.16513405626030778	0.00046020809899323167	0.0016982968917249436	0.003143034551584219	99.27550574477677
0.0860033484397616	0.007	0.005	0.1850707018887128	0.0004939266564712159	0.0022821975266297816	0.004099548953247808	99.14573611010185
0.09983391262168524	0.007	0.005	0.20371576708660666	0.0005210886320262317	0.002964866231721096	0.005170503228510762	99.00904108323614
0.11436909722446748	0.007	0.005	0.22097266425943282	0.0005424658258156016	0.00374729991629696	0.006347168680734743	98.86558501516765
0.12957310053723314	0.007	0.005	0.23676445981668923	0.0005589034072064918	0.004627955108663808	0.007618733804531595	98.71575040957526
0.14543882155730764	0.007	0.005	0.2510863066870237	0.0005712826172684232	0.005605716875505972	0.008977034786252891	98.5596367273836
0.16195497074862517	0.007	0.005	0.26395705865922564	0.000580394951175825	0.006678400941993575	0.010414266894970206	98.39738530662719
0.17912092820967124	0.007	0.005	0.275426237474152	0.0005869260230822341	0.00784385786668433	0.011924372777704938	98.22903336280719
0.19693873894511826	0.007	0.005	0.28555996782677795	0.0005914448991658106	0.00909967539372899	0.013502369732608788	98.05459313679344
0.21541779452805845	0.007	0.005	0.29443842711024437	0.0005944145291799277	0.010443656186874624	0.015144699638655331	97.8740064112505
0.2345723490891825	0.007	0.005	0.3021492090111502	0.0005962037263602759	0.011873785982993256	0.01684891508742707	97.68716940284527
0.2544227170508717	0.007	0.005	0.30878399872071627	0.0005971016164056614	0.013388424765024012	0.018613673843895	97.49392162830661
0.2749945982882865	0.007	0.005	0.31443516266073324	0.0005973312037963977	0.014986336411925816	0.020438564398682878	97.2940531350452
0.2963191957994689	0.007	0.005	0.3191935042057666	0.0005970618223371032	0.016666752001779275	0.02232400668966454	97.08730403423998
0.3184333877888132	0.007	0.005	0.32314660889052366	0.0005964199695885628	0.018429419107421532	0.024271166221640043	96.87336358169827
0.34137994839350305	0.007	0.005	0.3263776689813635	0.0005954984768555768	0.020274639658708616	0.026281882251832343	96.65186887698111
0.36520804457323025	0.007	0.005	0.32896471416406337	0.0005943640805656777	0.02220331740431113	0.028358629546733755	96.4224010085587
0.38997353854254707	0.007	0.005	0.33098009437198567	0.0005930635611222093	0.02421697924756772	0.030504471052164257	96.18448321699343
0.41573972824613853	0.007	0.005	0.3324902316014138	0.0005916286045618773	0.026317822866646818	0.032723054881420716	95.93757500656655
0.44257814949143565	0.007	0.005	0.33355551939971156	0.0005900795900805297	0.028508761468590344	0.035018620041707436	95.68106589205385
0.4705696040514222	0.007	0.005	0.3342303461111131	0.0005884284801388188	0.030793479274054947	0.037396022517714116	95.41426725539384
0.4998054300836205	0.007	0.005	0.33456320377899623	0.0005866809787375243	0.033176498931412474	0.039860780056907234	95.13640223360414
0.5303890471173528	0.007	0.005	0.3345968558450105	0.0005848381023847528	0.03566326276749039	0.042419135118766244	94.84659342495499
0.5624378561395288	0.007	0.005	0.33436854323880755	0.0005828972835240718	0.03826023311705427	0.04507813909956512	94.5438477682878
0.5960863886813861	0.007	0.005	0.3339101981627425	0.0005808530555119712	0.0409750817047841	0.047845826829911835	94.22703034510423
0.6314874284306108	0.007	0.005	0.3332486964178846	0.0005786976023251735	0.04381670047202217	0.05073120614032595	93.89485818056166
0.6688169756805462	0.007	0.005	0.33240607639303704	0.0005764208839406813	0.04679550492183785	0.053744541505060396	93.54585892696994
0.7082780278950331	0.007	0.005	0.33139975913505204	0.0005740106948114585	0.04992361740281168	0.05689750694961976	93.17834225005652
0.7501065877235827	0.007	0.005	0.3302427207902018	0.0005714524891611819	0.05321519751983773	0.06020347728391904	92.79035231058836
0.7945785443141081	0.007	0.005	0.32894363502580254	0.0005687290867870178	0.05668680002751242	0.0636778316222334	92.37961475478001
0.8420188872598411	0.007	0.005	0.327506948175992	0.0005658201945133569	0.06035786112901348	0.06733836518120066	91.94346556592502
0.8928132736417781	0.007	0.005	0.3259328839268807	0.0005627017613614284	0.0642512932246958	0.07120578091179768	91.47876297379308
0.9474230487185744	0.007	0.005	0.3242173477076898	0.0005593451170355762	0.06839424434164477	0.07530430584113176	90.98177417224487
1.0064041046508203	0.007	0.005	0.3223517246380192	0.0005557158876732252	0.07281901090100151	0.07966240499103275	90.44803598419323
1.0704291063172566	0.007	0.005	0.320322596833304	0.0005517727399848258	0.07756401635041754	0.0843134860618483	89.87219718632481
1.1403089856268425	0.007	0.005	0.318111523724059	0.0005474662384377249	0.08267449461557144	0.08929621789018975	89.24788328754909
1.2169757421230412	0.007	0.005	0.315696090321663	0.0005427402043693406	0.08820011460095988	0.09465177199200767	88.56792280029649
1.3013147229542221	0.007	0.005	0.3130556636561078	0.0005375425287085917	0.09418194020350674	0.10041079725172339	87.82589957579742
1.393565962901083	0.007	0.005	0.31019022998381224	0.0005318626665383163	0.10061073567738693	0.10655358567983322	87.02138045886775
1.4926486119931073	0.007	0.005	0.3071404548441743	0.0005257735052867245	0.10738505079095742	0.11297218021399633	86.16549158176906
1.597244525909465	0.007	0.005	0.3039528602521569	0.0005193642251281577	0.11439243946133565	0.11955040085860666	85.27111036661589
1.7067232409037236	0.007	0.005	0.3006516003335952	0.0005126831378717748	0.12157192470661957	0.12622276224631182	84.34491925695964
1.8207330098579564	0.007	0.005	0.2972516938692689	0.0005057627996348063	0.1288836373401259	0.13294473847474242	83.39108696173568
1.9391553703785867	0.007	0.005	0.29376085237514704	0.0004986228420895859	0.13630418593317922	0.1396877705088614	82.41175714051553
2.0620086047521444	0.007	0.005	0.2901826978050032	0.0004912759623943996	0.14381920938188875	0.14643188801388862	81.40793767767444
2.1894877775756227	0.007	0.005	0.28651587294776115	0.0004837257458354838	0.1514247725155175	0.15316650055441075	80.37924455691173
2.32197309230953	0.007	0.005	0.28275414029844054	0.0004759666395431854	0.1591265376199288	0.15988906560653154	79.32392666638249
2.460110906585659	0.007	0.005	0.27888449658716175	0.0004679799872800109	0.16694286921954374	0.16660706470563155	78.23833561249181
2.604963480267025	0.007	0.005	0.274883622023915	0.0004597268181501734	0.17491084299657042	0.1733420158817768	77.11592909613697
2.7584165253554467	0.007	0.005	0.2707077912214653	0.00045112752574420013	0.18310424326762614	0.18014257076253884	75.94444033145724
2.9245603751018114	0.007	0.005	0.266258105161062	0.0004419918369166745	0.1916966913336311	0.18713168194799878	74.69612414257529
3.11943002332417	0.007	0.005	0.26113219484951666	0.0004315172209812016	0.20141808008652756	0.19485379160751165	73.25809981304798
3.3033362568316704	0.007	0.005	0.2563852129856433	0.0004218756155445679	0.2102519294336017	0.2016910633688904	71.92638017798785
3.469002383544295	0.007	0.005	0.25218296808028606	0.0004133939514356027	0.21793651506491513	0.20749214958852838	70.74748120347043
3.632235385757863	0.007	0.005	0.24810981296920992	0.0004052277121591167	0.22526353743662003	0.21288992276917268	69.60479711637765
3.793326302067943	0.007	0.005	0.24415461252318088	0.0003973537439647581	0.23226390596180224	0.21791971708331515	68.49520406438913
3.952684967564437	0.007	0.005	0.24030398468790118	0.00038974390848089887	0.23897082343024895	0.22261656972111643	67.41494784220312
4.110837448538095	0.007	0.005	0.23654254615800557	0.0003823660091381966	0.2454191535835498	0.22701454211154035	66.35971281297992
4.26818021651576	0.007	0.005	0.2328587928869955	0.00037519555249653565	0.2516354041456823	0.23113996729917283	65.32627162826039
4.425044339667777	0.007	0.005	0.22924335345495125	0.0003682122839876231	0.2576412021041252	0.2350143827013187	64.31199522724918
4.581707350580015	0.007	0.005	0.22568857622761956	0.0003613993682427879	0.2634542966155948	0.2386555597073382	63.31473701830829
4.738403355926782	0.007	0.005	0.22218819007989948	0.0003547427123863952	0.26908936099400316	0.24207830850043122	62.33273769822788
4.8953276719741154	0.007	0.005	0.2187371123782437	0.00034823057325361156	0.27455849778540414	0.24529502795669333	61.36457138355485
5.05264670949398	0.007	0.005	0.21533115860578478	0.0003418529829488685	0.27987185734865283	0.24831626865072873	60.40906414874358
5.21050090529203	0.007	0.005	0.2119669227203688	0.000335601504205123	0.28503794621761447	0.2511510635012893	59.46526046176463
5.369008841198874	0.007	0.005	0.20864164124118806	0.000329468958608651	0.29006393723579993	0.2538072291544887	58.53238505493043
5.528270165349363	0.007	0.005	0.20535309203898336	0.0003234492239445697	0.29495590494979684	0.25629159858997047	57.609814531469986
5.688368017122434	0.007	0.005	0.2020995103900453	0.00031753706711860674	0.29971901853340227	0.2586102098185607	56.69705381529461
5.8493710711695925	0.007	0.005	0.1988795184948617	0.00031172800507780666	0.3043577013407441	0.26076845995139775	55.7937163781396
6.011335090995431	0.007	0.005	0.19569206945837395	0.00030601819484285243	0.30887575849954424	0.2627712292580062	54.89950852376884
6.174304345316232	0.007	0.005	0.1925363976442556	0.00030040433743619253	0.3132764865275603	0.264622984955967	54.01421546035086
6.338312680453378	0.007	0.005	0.189411978851476	0.0002948836014570067	0.3175627616485842	0.2663278654722156	53.13769012838019
6.5033844787053745	0.007	0.005	0.18631849516796695	0.00028945355665433386	0.3217371155213707	0.26788975103647045	52.26984334071525
6.6695354958595505	0.007	0.005	0.18325580429149002	0.0002841121168498574	0.3258017996013296	0.26931232244880127	51.410635175845876
6.836773556937381	0.007	0.005	0.18022391336417237	0.0002788574919913532	0.32975883894012814	0.27059910959700983	50.56006763742652
7.005099232259548	0.007	0.005	0.1772229548064976	0.0002736881447113318	0.3336100794563666	0.27175353216939063	49.71817787473691
7.174506405531102	0.007	0.005	0.17425316559978585	0.0002686027537169548	0.3373572272861267	0.27277893286011184	48.88503237058378
7.3449829018996375	0.007	0.005	0.17131486688438655	0.000263600178454693	0.3410018846872654	0.27367860509179465	48.060721217771594
7.516511018976306	0.007	0.005	0.16840844660063195	0.00025867942960290484	0.3445455793385823	0.2744558148135541	47.245353249190856
7.68906811820468	0.007	0.005	0.16553434234295605	0.0002538396404305815	0.34798979092805515	0.27511381792116785	46.43905122770785
7.86262722032347	0.007	0.005	0.16269302543013064	0.00024908004065534	0.35133597396675165	0.2756558732939002	45.64194737722417
8.037157534093982	0.007	0.005	0.15988498729450717	0.0002443999345280316	0.3545855758141975	0.2760852517248807	44.854179564310634
8.212625101492032	0.007	0.005	0.15711072515315888	0.00023979867797533022	0.35774005373855544	0.27640524173840764	44.07588727838582
8.388993338047577	0.007	0.005	0.1543707305583364	0.00023527566072637816	0.3608008869945725	0.27661915196959036	43.307208419657044
8.566223616329497	0.007	0.005	0.15166547834623878	0.000230830289196228	0.3637695870843844	0.2767303109841122	42.54827619880601
8.744275867926678	0.007	0.005	0.14899541639276784	0.0002264619707611107	0.366647705878174	0.2767420647066124	41.799216263064714
8.92310909497991	0.007	0.005	0.14636095775782443	0.000222170101941811	0.3694368401027806	0.27665777180015144	41.06014449237469
9.10268333915194	0.007	0.005	0.14376245280937175	0.0002179540242200528	0.3721386556589104	0.2764807957215669	40.331159179063484
9.282956750000839	0.007	0.005	0.14120023345048743	0.0002138130964373583	0.37475483600226744	0.27621449971280315	39.612353435314304
9.46388793843934	0.007	0.005	0.1386745797483984	0.00020974664098756066	0.3772871127078802	0.2758622392186895	38.903805831266304
9.645436549893423	0.007	0.005	0.13618571435789567	0.00020575393527694848	0.37973726537460767	0.27542735265589835	38.205578830557485
9.82756343235569	0.007	0.005	0.13373380316070438	0.00020183421297893618	0.382107115180218	0.27491315260007554	37.517718969694
10.010230827592926	0.007	0.005	0.1313189557795934	0.0001979866648213925	0.38439851884469195	0.27432291726103514	36.84025700227844
10.193402524741812	0.007	0.005	0.128941226770927	0.00019421044021690373	0.38661336224372095	0.27365988244344075	36.17320823356856
10.377043951037585	0.007	0.005	0.12660061773546905	0.0001905046501243081	0.38875355353451796	0.2729272342243477	35.51657311264321
10.561122271989865	0.007	0.005	0.12429707933548599	0.00018686836955735732	0.3908210167953437	0.2721281021835515	34.870337798280524
10.745606464424979	0.007	0.005	0.12203051366970465	0.00018330064048333868	0.3928176857621626	0.2712655533266064	34.23447482522984
10.930467313044828	0.007	0.005	0.11980077754484766	0.00017980047597089863	0.3947454972297727	0.27034258699920877	33.60894402200855
11.115677329807761	0.007	0.005	0.11760768652865752	0.0001763668654095677	0.3966063842998385	0.26936213092873557	32.99369364793887
11.3012108418385	0.007	0.005	0.11545101683872491	0.0001729987762364148	0.3984022719717768	0.26832703708793415	32.38866092304044
11.487043806027376	0.007	0.005	0.11333051031847875	0.00016969516037984065	0.40013507056804976	0.2672400796403516	31.79377342399581
11.673153804841819	0.007	0.005	0.11124587705272163	0.0001664549569488946	0.40180667163606626	0.26610395259465075	31.208949817913485
11.859519953373894	0.007	0.005	0.10919679883800483	0.00016327709620051877	0.4034189435452858	0.2649212685177242	30.634100835907876
12.046122853303096	0.007	0.005	0.10718293193408214	0.00016016050236012115	0.4049737280544054	0.26369455749799864	30.06913004499314
12.232944482906902	0.007	0.005	0.10520391033330255	0.00015710409722164147	0.4064728368274102	0.262426266993492	29.513934765279295
12.419968146943964	0.007	0.005	0.10325934819076171	0.00015410680244959797	0.40791804893224876	0.261118761730187	28.96840675172775
12.607178350498307	0.007	0.005	0.10134884287897108	0.00015116754284475454	0.4093111081641634	0.25977432450448157	28.432433051108962
12.794560745625192	0.007	0.005	0.09947197709593088	0.0001482852481732458	0.41065372135224765	0.25839515683496256	27.905896593401838
12.982102051933198	0.007	0.005	0.0976283210939512	0.00014545885520692215	0.41194755680103623	0.2569833800798288	27.38867681706789
13.16978995112781	0.007	0.005	0.09581743500157927	0.00014268730993375334	0.4131942428850427	0.2555410370147655	26.880650320445387
13.357613080040023	0.007	0.005	0.09403887004540892	0.0001399695681317379	0.41439536759042034	0.25407009287750754	26.381691204515974
13.545560948279057	0.007	0.005	0.09229217040142543	0.0001373045969434215	0.41555247775822424	0.2525724371468999	25.89167159228161
13.733623855087359	0.007	0.005	0.09057687491388403	0.00013469137628935754	0.41666707856802815	0.25104988549757096	25.410462110979186
13.921792817972726	0.007	0.005	0.08889251857630316	0.0001321288999640897	0.4177406333074311	0.24950418179852066	24.93793230755886
14.110059550672014	0.007	0.005	0.08723863346823371	0.0001296161759573264	0.41877456358830645	0.24793699980644984	24.47395091148545
14.29841640329254	0.007	0.005	0.0856147499540131	0.0001271522272189603	0.4197702494676885	0.24634994523726303	24.018386171037292
14.486856302035605	0.007	0.005	0.08402039779057781	0.0001247360923326327	0.42072902970031395	0.24474455790780864	23.57110616409237
14.675372713537682	0.007	0.005	0.08245510694287816	0.00012236682579585523	0.4216522022276282	0.24312231371533993	23.131979026884913
14.863959596447605	0.007	0.005	0.08091840843984567	0.0001200434984069995	0.42254102468454735	0.24148462675299584	22.70087319413864
15.052611377743316	0.007	0.005	0.07940983496354478	0.00011776519729738733	0.42339671509627225	0.23983285122801198	22.277657564347713
15.241322891357493	0.007	0.005	0.0779289216862225	0.00011553102637753933	0.4242204524578258	0.23816828371402243	21.86220173460284
15.43008940412424	0.007	0.005	0.0764752063655469	0.00011334010571802497	0.42501337774714787	0.23649216463245573	21.454376027309497
15.618906516569597	0.007	0.005	0.0750482303800432	0.00011119157237406037	0.4257765944232869	0.23480568082549022	21.054051780669326
15.80777015106288	0.007	0.005	0.07364753902030494	0.00010908458013719147	0.4265111693521927	0.23310996734763006	20.66110143037689
15.996676589935754	0.007	0.005	0.07227268139557547	0.00010701829875517466	0.4272181339205528	0.2314061087772425	20.27539848341178
16.0	0.007	0.005	0.07224872483616857	0.00010698206505972178	0.427230329045915	0.23137607006805086	20.26867770345887
