0.0	0.007	0.005	0.0	0.0	0.0	0.0	100.0
0.0066136109310387225	0.007	0.005	0.01856509616825099	6.164651603632368e-5	1.4951697170549038e-5	5.502753827124898e-5	99.942500328591
0.011908696610133104	0.007	0.005	0.03280353468926119	0.0001035563734958686	4.785410264021405e-5	0.00017026838194120542	99.89648793564265
0.019368150907152965	0.007	0.005	0.051960699021661935	0.0001531720878810189	0.00012430971082786764	0.0004224745917269815	99.83170389585719
0.02694522306579315	0.007	0.005	0.07039148668632944	0.00019417656796002507	0.0002362523538506286	0.0007679135293809803	99.76594137772462
0.0358365327402335	0.007	0.005	0.09077028889646534	0.00023256308968512605	0.00040913273885535606	0.0012652043675174494	99.68882764011389
0.04532537172205861	0.007	0.005	0.1111200172347512	0.0002643388205226989	0.0006400019010830208	0.0018819338442195553	99.60659731730365
0.05582052251487331	0.007	0.005	0.13205732759958527	0.0002909157772031641	0.0009472554580624773	0.0026428751434332087	99.51572529028388
0.06709880795122126	0.007	0.005	0.15284952439074695	0.0003118115803477196	0.0013336492365658295	0.0035288634218500524	99.41816492088996
0.07932280100369335	0.007	0.005	0.17354243638691028	0.00032771904686935613	0.0018128528066086325	0.004545881450653978	99.31253191882533
0.09244454557709943	0.007	0.005	0.1937993461733282	0.00033903722800310504	0.002391051030456948	0.005681804996311168	99.19926594357437
0.10652185384563496	0.007	0.005	0.21348088565657616	0.0003464500657819431	0.0030778749421085235	0.006932039732675898	99.07789523910839
0.12152424489264387	0.007	0.005	0.23234198392025324	0.0003507097397561079	0.003877962835229981	0.008284058043218981	98.94871217521612
0.1374832534818719	0.007	0.005	0.25025427551352336	0.0003526618604064499	0.004797893779180461	0.009731636977955524	98.81147672208448
0.15443344884055651	0.007	0.005	0.2671111829005878	0.00035307915844018297	0.005843708141552511	0.011270440078791496	98.66592623935396
0.17239598400632677	0.007	0.005	0.28281472603896674	0.0003525812947604965	0.007019786717506317	0.012896699750769366	98.51191682540903
0.1913291119574843	0.007	0.005	0.29724920253068154	0.00035161289578202354	0.008325081864506279	0.014602614852474757	98.34984584667215
0.211172651787009	0.007	0.005	0.31033902461297436	0.0003504583159410161	0.009755461448530749	0.016380126830765042	98.1802677493079
0.2318821368468965	0.007	0.005	0.32206785808695143	0.0003492746369539904	0.01130631391315317	0.01822359881141862	98.00360129542744
0.2534378867279966	0.007	0.005	0.3324671959000252	0.00034813299749006995	0.012973768250154472	0.02013019577877933	97.8200532460743
0.27583691775432884	0.007	0.005	0.3415968458571781	0.000347054673499539	0.014754562736229259	0.02209882479999662	97.62968881323827
0.29908843875435365	0.007	0.005	0.3495330606902031	0.0003460357648452791	0.016646000339146455	0.024129519500968	97.43247112574838
0.3232106645125817	0.007	0.005	0.3563608043525887	0.00034506195484673436	0.01864589280182179	0.026223034407331144	97.22828922262157
0.3482299295543886	0.007	0.005	0.36216900737499463	0.00034411632091358926	0.020752620165020386	0.028380699358359684	97.016966396426
0.3741801538011983	0.007	0.005	0.3670471825195191	0.00034318295351258116	0.022965176693849405	0.030604335824527016	96.79826555712268
0.4011028613011392	0.007	0.005	0.3710830723535023	0.00034224823896534677	0.02528323185139	0.03289623557522848	96.57188996743507
0.42904730248921014	0.007	0.005	0.37436096456289875	0.0003413009883592523	0.027707176344272465	0.035259152420271674	96.33748319284567
0.4580708012202289	0.007	0.005	0.3769605423704266	0.0003403320729168109	0.030238168272480836	0.03769631162548186	96.09462727501132
0.48823924345742525	0.007	0.005	0.3789561282523433	0.00033933391582508427	0.032878175861475	0.04021142653866906	95.84283986548449
0.5196277854557426	0.007	0.005	0.3804162307766249	0.00033829999813981355	0.035630026028132165	0.042808726950553565	95.58156971023475
0.5523217669302607	0.007	0.005	0.38140331238770403	0.0003372244385933142	0.038497459146814746	0.04549299635549137	95.31019066123417
0.5864178803755414	0.007	0.005	0.3819737198090798	0.0003361016554709868	0.04148519524737768	0.04826962078680224	95.02799385429616
0.6220256247845191	0.007	0.005	0.3821777298361052	0.0003349260987495325	0.044599014088685544	0.05114464962209127	94.73417790125193
0.6592691146281904	0.007	0.005	0.38205967504244315	0.00033369203321576105	0.04784585448251311	0.05412487164307646	94.4278366135759
0.6982897364855232	0.007	0.005	0.3816581154200882	0.0003323933398241264	0.05123397388106988	0.057217941985688824	94.10794035683445
0.7392485008271549	0.007	0.005	0.38100604202779437	0.000331023360205437	0.0547730649718259	0.06043246340134591	93.77332068641232
0.7823285354780092	0.007	0.005	0.38013111994398796	0.0003295747605662547	0.05847436623438653	0.06377805527179893	93.42265468841372
0.827739954351797	0.007	0.005	0.37905590302583164	0.0003280393335780211	0.062350953914896666	0.06726557696301719	93.05443110988696
0.8757238687503706	0.007	0.005	0.3777980628311872	0.00032640784270522545	0.06641792946224508	0.07090724254238583	92.66692504566429
0.9265576663786791	0.007	0.005	0.3763705992558774	0.000324669837129552	0.07069267903678997	0.07471678423398402	92.25816419063823
0.980559448366157	0.007	0.005	0.3747820817193558	0.00032281351071714677	0.07519501844615038	0.07870949366416102	91.82590412961108
1.0380899347910966	0.007	0.005	0.37303697992640766	0.0003208256694511164	0.0799470822264953	0.0829020156326396	91.36762625959767
1.099545023296798	0.007	0.005	0.3711362972282552	0.00031869205458948607	0.08497241050405965	0.08731142010530595	90.88061189960239
1.1653241699438497	0.007	0.005	0.36907897207711043	0.00031639855772784423	0.09029309545391237	0.09195258853943751	90.36220655359759
1.2357472112689754	0.007	0.005	0.36686488823675945	0.0003139343126346219	0.09592298261854494	0.09683226428161576	89.81047987202818
1.3109058557148814	0.007	0.005	0.36449985111391514	0.00031129716414656877	0.10185625746418599	0.10193939099667229	89.2253678747738
1.3905532193034063	0.007	0.005	0.3619991424876418	0.0003084978256026971	0.10806000898585902	0.1072393427596754	88.6094708199239
1.4742436965959564	0.007	0.005	0.3593829965040926	0.00030555508727522687	0.11448679871611053	0.11268549829859642	87.96688919698383
1.5616103948795932	0.007	0.005	0.35666788525532067	0.000302485961676409	0.12109678721579639	0.11823843133461022	87.30105218388736
1.6524687110412375	0.007	0.005	0.3538635623184384	0.0002993018861688086	0.12786510974539947	0.12387192001252251	86.61395038510597
1.7468104040873667	0.007	0.005	0.3509736648558667	0.0002960088546261046	0.13478047669797194	0.1295713398921412	85.9062283095026
1.844795347330967	0.007	0.005	0.34799638124187743	0.0002926077373425111	0.14184356909206597	0.1353318691756615	85.17729713873054
1.9467777735271077	0.007	0.005	0.34492403873264854	0.0002890935290205047	0.14906785113151963	0.14115863315935914	84.42519584062704
2.0533934366435984	0.007	0.005	0.3417408927024804	0.00028545270671508386	0.156484314063019	0.1470698314179005	83.64602468185836
2.165796843747988	0.007	0.005	0.3384166384447543	0.0002816559136851015	0.16415557630538125	0.1531067804296928	82.83234132043285
2.286447206179606	0.007	0.005	0.33488440143410436	0.00027763340391019886	0.17222413581299367	0.15936915055220138	81.96776418599845
2.423816016303394	0.007	0.005	0.3309075369353199	0.0002731263122858239	0.18120650955706538	0.1662325231094817	80.99436433925109
2.565413552442879	0.007	0.005	0.3268576598772979	0.00026856798093314845	0.19024297841897522	0.17301873079309152	80.00309687964166
2.6824401926070554	0.007	0.005	0.32354797572905936	0.0002648676855918172	0.19754482954091365	0.178413041176854	79.19300360427665
2.796009752864476	0.007	0.005	0.3203681073367857	0.00026133821520102574	0.20448993481022987	0.1834679001565959	78.41468497191029
2.909109345359817	0.007	0.005	0.317232455934681	0.00025788488120636704	0.21127095443197347	0.18833030597406253	77.64718923697886
3.0214111030921273	0.007	0.005	0.31414929136465214	0.0002545170400718824	0.21787309715395267	0.19299359896587895	76.89254047526788
3.132916503939809	0.007	0.005	0.3111176378923397	0.0002512334591183961	0.22430172634216647	0.19746571846837116	76.15049982336589
3.243825177048807	0.007	0.005	0.30813123105182577	0.00024802697204513616	0.23057312248464915	0.20176183587079272	75.41953394651641
3.3543262660501214	0.007	0.005	0.3051843080090078	0.00024489089583242825	0.2367019718025238	0.2058953988836474	74.69823230100131
3.464580387771701	0.007	0.005	0.30227206099361886	0.00024181953827189567	0.24270050455553918	0.20987764589423408	73.98541811281471
3.574725858654574	0.007	0.005	0.2993904332555395	0.00023880798571707958	0.24857901751184552	0.21371807109516086	73.28009843273351
3.684876293038447	0.007	0.005	0.2965361487202218	0.00023585213278276145	0.2543458979859893	0.2174245383336262	72.58147139389014
3.795129064404663	0.007	0.005	0.29370646197823197	0.00023294841846562206	0.26000820494729915	0.22100374263656006	71.88886501767857
3.9055664361904436	0.007	0.005	0.2908991072883867	0.00023009377177293108	0.2655718261319455	0.2244613738469341	71.20172473133833
4.016258021546583	0.007	0.005	0.2881122166616205	0.00022728552549322852	0.27104168797219264	0.22780230268275029	70.5195933177153
4.127262601780569	0.007	0.005	0.28534425799708674	0.00022452135144658658	0.2764219160786034	0.23103072450960846	69.8420957731448
4.238629626701343	0.007	0.005	0.2825939840828482	0.00022179920756633143	0.2817159669224433	0.234150276569857	69.16892682462077
4.350400412307587	0.007	0.005	0.27986039143786484	0.00021911729558866228	0.2869267343659745	0.23716413288402247	68.49984085577395
4.462609164079717	0.007	0.005	0.27714268531604586	0.00021647402551860166	0.2920566394412479	0.2400750833929662	67.83464334110802
4.575283833000256	0.007	0.005	0.27444025035181513	0.00021386798623292583	0.29710770529645797	0.24288559960852782	67.17318366107965
4.688446770630759	0.007	0.005	0.27175262732088473	0.00021129792250401797	0.3020816172802656	0.2455978878250534	66.51534941396356
4.802115372818148	0.007	0.005	0.26907949121646957	0.00020876271369941535	0.3069797777862655	0.24821393605968364	65.86106104969193
4.9163025412556065	0.007	0.005	0.26642063455315623	0.00020626135782029104	0.3118033490286804	0.2507355515290606	65.21026778323667
5.031017182235088	0.007	0.005	0.2637759505513298	0.00020379295570878216	0.3165532940209888	0.2531643947417999	64.56294347875698
5.146264538756844	0.007	0.005	0.2611454208758822	0.00020135669976919946	0.32123040751401577	0.2555020062111109	63.919083648472494
5.262046599338713	0.007	0.005	0.25852910217827785	0.00019895186176110513	0.32583534757045585	0.25774983168388105	63.27870215864074
5.37836239319708	0.007	0.005	0.2559271157907389	0.00019657778368238632	0.3303686601138162	0.2599092421689133	62.64182870706169
5.495208301417096	0.007	0.005	0.25333963752769184	0.00019423386887262704	0.33483080209208826	0.26198155186920086	62.008506326835416
5.612578330224913	0.007	0.005	0.25076688878797393	0.00019191957440917195	0.33922216126172633	0.26396803318811857	61.37878920849966
5.73046440033345	0.007	0.005	0.24820912772680306	0.00018963440365518474	0.34354307483864543	0.2658699300153951	60.7527405392431
5.848856573943499	0.007	0.005	0.2456666421918424	0.00018737790045480373	0.34779384422286425	0.26768846815927005	60.130430773905765
5.967743320381459	0.007	0.005	0.24313974218568238	0.00018514964294932373	0.3519747497097185	0.2694248648152929	59.51193579006371
6.087111733704524	0.007	0.005	0.24062875372250894	0.0001829492386614879	0.35608606210183297	0.2710803358034728	58.89733538436021
6.206947764464288	0.007	0.005	0.23813401271164802	0.00018077631961605918	0.3601280536070648	0.27265610171802357	58.28671177541596
6.32723644153637	0.007	0.005	0.23565585937776254	0.0001786305379374279	0.3641010072252542	0.274153392717584	57.68014823809222
6.447962059236873	0.007	0.005	0.233194633699207	0.00017651156232025635	0.36800522394057134	0.2755734518099094	57.07772798696277
6.569108360724272	0.007	0.005	0.23075067118460818	0.00017441907476533055	0.3718410289128964	0.27691753720845624	56.47953314257138
6.6906587333289815	0.007	0.005	0.22832429866608916	0.00017235276730335333	0.3756087772151879	0.2781869240043879	55.88564370176328
6.812596350781249	0.007	0.005	0.2259158313985635	0.00017031233979601228	0.37930885715913715	0.2793829045489147	55.29613682769579
6.9349043340679515	0.007	0.005	0.2235255699870356	0.00016829749754459234	0.3829416936042341	0.2805067884768233	54.711086097751014
7.057565841280295	0.007	0.005	0.22115379888788847	0.00016630795017235993	0.3865077486279171	0.2815599015969336	54.13056113670464
7.180564223832636	0.007	0.005	0.21880078376256482	0.00016434340948963717	0.39000752376941755	0.2825435850475052	53.55462696900129
7.303883094276455	0.007	0.005	0.21646677068814846	0.0001624035888593018	0.3934415593273147	0.28345919337440406	52.98334382553331
7.427506435462112	0.007	0.005	0.2141519846778255	0.0001604882019310545	0.3968104346118685	0.28430809277362756	52.41676678150209
7.551418636327942	0.007	0.005	0.2118566296797162	0.00015859696254384088	0.4001147659747364	0.28509165866472513	51.85494575613239
7.675604576845122	0.007	0.005	0.2095808877147157	0.00015672958386481406	0.4033552060954619	0.28581127356929126	51.29792530164646
7.800049647047482	0.007	0.005	0.20732491929376262	0.00015488577852951078	0.4065324414345791	0.28646832454642823	50.74574470539642
7.924739765484739	0.007	0.005	0.20508886385582514	0.00015306525874605735	0.40964718973770614	0.28706420072819044	50.19843809706774
8.049661438546389	0.007	0.005	0.20287283949336468	0.0001512677357817143	0.4127001985970998	0.2876002911240687	49.656034381482456
8.174801736542724	0.007	0.005	0.20067694418482374	0.00014949292063335382	0.4156922419874408	0.28807798211480506	49.118557540268256
8.300148318754776	0.007	0.005	0.1985012561389251	0.00014774052394508796	0.418624118144557	0.28849865532412095	48.5860267161307
8.42568944134845	0.007	0.005	0.1963458344443323	0.00014601025614739056	0.4214966471102533	0.2888636855262688	48.05845637186688
8.551413931340731	0.007	0.005	0.19421072028512482	0.00014430182802418272	0.42431066763261016	0.289174438603333	47.535856587870356
8.677311168131125	0.007	0.005	0.1920959379843268	0.00014261495111970266	0.4270670344339082	0.28943226972369474	47.01823331754976
8.803371097804368	0.007	0.005	0.1900014954694108	0.0001409493376732092	0.42976661634604724	0.28963852174370824	46.50558850126765
8.929584188430125	0.007	0.005	0.18792738570159886	0.00013930470130712542	0.4324102932986777	0.28979452363651237	45.997920416182254
9.055941434907266	0.007	0.005	0.18587358723991185	0.00013768075702316152	0.43499895454643184	0.28990158917541564	45.49522381430665
9.182434338256542	0.007	0.005	0.18384006520352905	0.00013607722151071265	0.4375334964804309	0.2899610157057269	44.99749015806022
9.309054884421553	0.007	0.005	0.1818267722046702	0.00013449381343053602	0.4400148205852512	0.28997408306396644	44.504707848604745
9.435795497416384	0.007	0.005	0.17983364964568785	0.00013293025398239758	0.44244383105857227	0.2899420526470908	44.01686254332639
9.562649454436546	0.007	0.005	0.17786062180796547	0.00013138626188392323	0.4448214411990998	0.2898661663093703	43.53393570900869
9.689610023227493	0.007	0.005	0.17590760989774332	0.0001298615638613835	0.44714855569476847	0.2897476459154392	43.05590805975007
9.816670640037099	0.007	0.005	0.17397452945405606	0.0001283558921659216	0.44942607355806535	0.28958769320882816	42.58275892251899
9.943825214592081	0.007	0.005	0.1720612860323238	0.0001268689808122169	0.45165489285969546	0.28938748913095336	42.114465180651266
10.071068081799888	0.007	0.005	0.17016777641146533	0.00012540056612083208	0.4538359088092389	0.2891481933332699	41.65100156930817
10.198393995266926	0.007	0.005	0.16829388912811538	0.00012395038674918886	0.455970012710547	0.28887094374498135	41.19234080623404
10.325798044625632	0.007	0.005	0.16643950609513752	0.0001225181845625315	0.4580580897607243	0.28855685640841633	40.7384539879101
10.45327561470244	0.007	0.005	0.164604503530051	0.00012110370497994242	0.4601010177512062	0.2882070253842651	40.28931081680053
10.580822361355585	0.007	0.005	0.16278875259903489	0.00011970669711242293	0.4620996661618598	0.28782252271031467	39.844879758981726
10.708434195604001	0.007	0.005	0.16099211991360726	0.00011832691380032121	0.46405489547239515	0.2874043984028404	39.40512816571137
10.836107259168976	0.007	0.005	0.15921446812360915	0.0001169641117361288	0.46596755641589965	0.28695368054193204	38.97002241857
10.963837925271806	0.007	0.005	0.15745565613453638	0.00011561805131436872	0.46783848968038194	0.28647137531919975	38.539527982656026
11.091622790897594	0.007	0.005	0.1557155394345035	0.00011428849657834202	0.4696685255175816	0.2859584671406741	38.11360948661479
11.219458668979787	0.007	0.005	0.15399397040874752	0.00011297521517013556	0.47145848339368085	0.2854159187605127	37.692230799617995
11.347342572039816	0.007	0.005	0.1522907987540812	0.00011167797836809812	0.47320917156503384	0.28484467148200887	37.275355132806794
11.475271687271356	0.007	0.005	0.15060587198503314	0.00011039656120421341	0.4749213865944739	0.28424564543637143	36.862945163177194
11.603243368495818	0.007	0.005	0.14893903569430192	0.00010913074240718898	0.47659591315141775	0.2836197398211893	36.45496309732967
11.731255145029428	0.007	0.005	0.14729013358485515	0.00010788030418591173	0.47823352405766584	0.28296783307053297	36.05137067932603
11.859304679631803	0.007	0.005	0.14565900815005317	0.00010664503250959254	0.47983497970464045	0.2822907832973368	35.652129357159396
11.987389768791733	0.007	0.005	0.14404550078335865	0.00010542471696963107	0.4814010280683511	0.28158942855535385	35.25720030960701
12.11550835996385	0.007	0.005	0.1424494516746905	0.00010421915049338861	0.48293240493561423	0.28086458700737127	34.866544420861736
12.243658517868246	0.007	0.005	0.1408707003414776	0.00010302812954180846	0.484429833525154	0.2801170573807088	34.48012241051475
12.371838433184596	0.007	0.005	0.13930908561478478	0.00010185145390930405	0.48589402465150494	0.27934761920316803	34.09789483015979
12.500046397267173	0.007	0.005	0.1377644460365251	0.00010068892683865924	0.4873256765086056	0.27855703324421427	33.71982216061661
12.628280785312327	0.007	0.005	0.1362366201332226	9.95403550515638e-5	0.4887254745904838	0.2777460419273951	33.345864878938244
12.756540090472969	0.007	0.005	0.13472544607704523	9.840554833339627e-5	0.49009409217957955	0.27691536942350176	32.97598337544402
12.884822898510643	0.007	0.005	0.13323076206029796	9.728431965562617e-5	0.4914321901771971	0.27606572211023295	32.61013804538205
13.013127862413542	0.007	0.005	0.13175240664795765	9.617648528798186e-5	0.49274041697512805	0.27519778905367975	32.24828937521731
13.141453719485355	0.007	0.005	0.130290218627414	9.508186454600185e-5	0.49401940878417444	0.2743122422125201	31.890397905853405
13.269799282935834	0.007	0.005	0.12884403715519818	9.400027976532504e-5	0.49526978969593227	0.27340973680622066	31.536424268546657
13.398163441960046	0.007	0.005	0.12741370180144115	9.293155620701665e-5	0.49649217183808175	0.2724909116256947	31.186329195787877
13.526545136300301	0.007	0.005	0.12599905287228402	9.187552217326022e-5	0.4976871552965136	0.27155638952798944	30.840073600216922
13.654943381813625	0.007	0.005	0.12459993115934286	9.083200870768598e-5	0.49885532852945236	0.27060677756505797	30.497618513300466
13.783357245016665	0.007	0.005	0.12321617825324485	8.980084971592203e-5	0.4999972683014163	0.2696426674765868	30.15892516207478
13.911785834624057	0.007	0.005	0.12184763665730683	8.878188194403788e-5	0.5011135397946845	0.26866463606538193	29.823954996969906
14.040228327108204	0.007	0.005	0.12049414953765807	8.777494469626088e-5	0.5022046970156299	0.2676732453086669	29.492669630648763
14.168683932711588	0.007	0.005	0.11915556110740065	8.677988002154314e-5	0.5032712826817333	0.2666690429175534	29.16503093203581
14.297151921001783	0.007	0.005	0.11783171637578449	8.579653244034452e-5	0.5043138286243299	0.2656525624378294	28.84100096492419
14.425631603887272	0.007	0.005	0.11652246134524717	8.482474900315809e-5	0.5053328558278469	0.26462432367371685	28.520542036203892
14.554122318623111	0.007	0.005	0.11522764319594783	8.386437934330153e-5	0.5063288744864756	0.263584833116218	28.20361674102913
14.682623427829826	0.007	0.005	0.11394711028956618	8.291527560167267e-5	0.5073023842042761	0.2625345842349094	27.890187963748236
14.811134362068993	0.007	0.005	0.11268071175563052	8.197729205252347e-5	0.5082538745040024	0.26147405741093416	27.580218776651506
14.939654568798318	0.007	0.005	0.11142829801246129	8.105028541205696e-5	0.5091838246210396	0.26040372062845113	27.273672567479487
15.068183512383607	0.007	0.005	0.11018972076465966	8.013411476918827e-5	0.5100927037036447	0.2593240297535095	26.97051303880847
15.196720708162928	0.007	0.005	0.10896483267766402	7.922864128610414e-5	0.5109809712425315	0.25823542851731707	26.670704128393368
15.32526568841018	0.007	0.005	0.10775348771175795	7.833372837973204e-5	0.5118490770108026	0.25713834906394806	26.37421009092102
15.453818002344264	0.007	0.005	0.10655554111847802	7.744924166106212e-5	0.5126974612555906	0.2560332122125773	26.080995497130928
15.582377224652245	0.007	0.005	0.10537084935878549	7.657504882088335e-5	0.5135265549407408	0.2549204276400844	25.791025213786636
15.710942972529	0.007	0.005	0.10419926994905974	7.571101946654817e-5	0.5143367800319174	0.2538003939808987	25.5042643659804
15.839514863112221	0.007	0.005	0.10304066185116406	7.485702535328514e-5	0.5151285494015825	0.2526734994405014	25.22067843260732
15.968092556064558	0.007	0.005	0.1018948850819112	7.401294005524068e-5	0.5159022672740432	0.25154012166450695	24.940233150776564
16.0	0.007	0.005	0.10161253131208503	7.380312098274834e-5	0.5160915160980458	0.2512579170508978	24.871123019833245
