0.0	0.007	0.005	0.0	0.0	0.0	0.0	100.0
0.00645895189577563	0.007	0.005	0.01918012791956183	7.767552307452847e-5	1.497932739639232e-5	6.052858954701146e-5	99.91668258639378
0.011325332407408635	0.007	0.005	0.03301650651844141	0.00012665637414671074	4.547041947396769e-5	0.00017720897267604045	99.85395444455382
0.018320801747076586	0.007	0.005	0.052022767563215916	0.00018518474583451093	0.00011684436952320352	0.0004331542006352983	99.7638511183653
0.02528867847846977	0.007	0.005	0.06996573525152784	0.00023200883892822538	0.0002186556815779266	0.0007729263783141304	99.67418401612396
0.033499163072805156	0.007	0.005	0.08991114406319026	0.00027549049612126406	0.00037571443420786083	0.001259201758695237	99.56862966642643
0.04220489982875747	0.007	0.005	0.10972695276380169	0.0003107740294527124	0.0005833729124158597	0.0018535218246092586	99.45683042929737
0.05184287327066014	0.007	0.005	0.13016791778987571	0.0003399087596193389	0.0008592551980250081	0.0025824273400026914	99.3332058005141
0.0621818320036633	0.007	0.005	0.1504684004931049	0.0003624378982160562	0.0012049486520152098	0.003424733510444266	99.20076058479248
0.07339679997512867	0.007	0.005	0.17072789398894328	0.0003793167705347402	0.001633463957844983	0.0043877420488838146	99.05729308875354
0.08544565002035416	0.007	0.005	0.1906168180085756	0.0003910495080941803	0.002150526222326138	0.00545999498882189	98.90338934915368
0.09841356379663535	0.007	0.005	0.21003926374441056	0.000398388087698588	0.002766485875521512	0.006639984205688129	98.73801328239493
0.1122878875388869	0.007	0.005	0.22875389805177296	0.0004020876705415369	0.0034868727688839997	0.007917066777887614	98.56138421108928
0.12708643232170042	0.007	0.005	0.24659545769626415	0.00040303711241644624	0.004317604029327964	0.009283677789167498	98.373337435504
0.14282352208178817	0.007	0.005	0.263421102161793	0.00040213805247447785	0.005263452925380476	0.010733189761438581	98.17375807742006
0.15953439403916747	0.007	0.005	0.2791356640506962	0.00040018049176653985	0.0063295363641958915	0.012262672248249	97.96227235987921
0.17719774359710833	0.007	0.005	0.29362077497264927	0.00039776493249087835	0.0075163190711893604	0.013865868503807447	97.73922774166637
0.19574543673118638	0.007	0.005	0.3067727497556819	0.00039528340712547224	0.008819440605807211	0.015533978401347057	97.50556263290696
0.2151159734304157	0.007	0.005	0.31855036903329537	0.0003929404906391856	0.01023324886557742	0.017260111011678823	97.26212761003887
0.23528303058183112	0.007	0.005	0.3289753795956343	0.00039080710721350176	0.011753402953050803	0.019041260643600035	97.00932823436892
0.2562424589421296	0.007	0.005	0.33810414523074833	0.0003888795553744322	0.013376514522829695	0.020876647484636933	96.74729254956979
0.27800340494465486	0.007	0.005	0.34601116714151214	0.00038712100794159956	0.01509981573518551	0.02276663484735654	96.47598514349663
0.30058279045966585	0.007	0.005	0.35277989632294837	0.0003854854909109576	0.016920920445865233	0.02471209579267472	96.19527799380042
0.3240043542649608	0.007	0.005	0.3584980925315074	0.00038392943822608766	0.018837863571962342	0.026714265912701055	95.90496385451068
0.3482983234427786	0.007	0.005	0.36325455847842003	0.00038241609994999436	0.020849153698030427	0.02877469186423007	95.60476179113476
0.3735017726809437	0.007	0.005	0.36713681966210543	0.0003809162083627083	0.02295385546815071	0.030895254749337995	95.29431430844988
0.3996588785293832	0.007	0.005	0.3702293479716696	0.0003794070305413245	0.02515164234731478	0.03307818625299886	94.97318598763334
0.42682132986512816	0.007	0.005	0.3726122954960676	0.0003778709135876004	0.027442843889499552	0.03532609306175347	94.6408604306864
0.4550487697483223	0.007	0.005	0.37436062040983215	0.00037629386475870056	0.02982847966942617	0.03764197583917074	94.2967370997305
0.4844094237672619	0.007	0.005	0.37554353747735153	0.00037466436078164396	0.03231029489019987	0.04002925429769882	93.94012620948892
0.5149808846366565	0.007	0.005	0.37622420943544355	0.0003729724262515975	0.03489079653200371	0.04249179490165266	93.57024213397261
0.5468511341657103	0.007	0.005	0.3764596194361341	0.0003712089446741274	0.03757329750766146	0.04503394685158449	93.18619445143396
0.5801198131218843	0.007	0.005	0.3763005718693382	0.0003693651491674803	0.04036196952680768	0.04766058570437561	92.78697664514002
0.6149003402725582	0.007	0.005	0.3757917723242273	0.0003674322088175975	0.04326195370251883	0.05037720937044031	92.37144546201891
0.65132127897827	0.007	0.005	0.3749719718228348	0.0003654009587797616	0.04627939266516284	0.05318995726436634	91.93831036342861
0.6895279813194204	0.007	0.005	0.3738741813110786	0.00036326168853812515	0.049421469934245094	0.05610563376234726	91.48612075861837
0.7296862281035807	0.007	0.005	0.37252586402531584	0.0003610038725474136	0.05269659387891088	0.059131861083216664	91.0132310996404
0.7719847934531063	0.007	0.005	0.37094916562989794	0.0003586160029337457	0.056114466899386366	0.062277118365515555	90.51778078779739
0.8166390983519098	0.007	0.005	0.3691611325630961	0.00035608539855269705	0.059686214048584235	0.06555082807017848	89.99766358911603
0.8638941366265187	0.007	0.005	0.3671739741834143	0.00035339809283639796	0.06342441821199038	0.06896334707902232	89.45050838990376
0.9140262341177711	0.007	0.005	0.3649953967098652	0.00035053883110092583	0.06734302777349888	0.07252583195340882	88.8736764144583
0.9673404021206505	0.007	0.005	0.36262915111828375	0.0003474913711422334	0.07145689249606445	0.07624975907676496	88.26431163481884
1.0241578495508084	0.007	0.005	0.36007603865369625	0.0003442394087193997	0.07578054731438778	0.08014576717870384	87.61950370548328
1.084784215319736	0.007	0.005	0.3573357825313009	0.00034076867068229396	0.08032562407876975	0.08422129275959574	86.93666326277263
1.149452000752633	0.007	0.005	0.35441000746492257	0.0003370705194602878	0.08509659572456897	0.08847679102902276	86.21416839173682
1.2182578026881028	0.007	0.005	0.35130529842521124	0.0003331457973037673	0.09008660934080752	0.09290218068537093	85.4520337101927
1.2911651490738039	0.007	0.005	0.34803309330367	0.00032900474423221924	0.09527852485794669	0.09747804664808335	84.65181821941687
1.3681209516579893	0.007	0.005	0.3446044309812727	0.00032466028642236597	0.10065390539408896	0.10218381646157197	83.81529566175848
1.4492095397568845	0.007	0.005	0.34102330492397825	0.00032011930404793587	0.10620364867090898	0.10700707574254466	82.94279171663536
1.534781820043007	0.007	0.005	0.3372815659231652	0.00031537574771013644	0.11193561377647997	0.11194987045485921	82.03189169248054
1.6256469639791644	0.007	0.005	0.333351580275983	0.00031040110503847697	0.11788502054050382	0.11703696553422765	81.07559871474011
1.7236467745547788	0.007	0.005	0.3291633112872934	0.00030511583974478923	0.1241469569410085	0.12234210391931351	80.05670989746469
1.834752040122328	0.007	0.005	0.3244779557925984	0.00029923325709914014	0.13105714131006907	0.12813584098629585	78.9170445298358
1.957954362593279	0.007	0.005	0.31936007176013115	0.0002928568586319373	0.1384912699067939	0.13429533531952104	77.67225323858185
2.0563216682797973	0.007	0.005	0.3153317552815714	0.00028787710857373043	0.1442592219553896	0.1390201052624104	76.69249753883862
2.154113945190968	0.007	0.005	0.3113773138713312	0.00028303007773271895	0.14984992812697984	0.14355310006193123	75.73071998446417
2.2513909164908084	0.007	0.005	0.3074928908561047	0.00027831203223119093	0.15527273121162022	0.14790500596315823	74.78597687176612
2.3476029152868034	0.007	0.005	0.30369865187622175	0.0002737473055812971	0.16050370487258572	0.15205997495366558	73.86317004729082
2.4430573873141372	0.007	0.005	0.2999805506137083	0.00026931813322717186	0.16556650413116022	0.15604019022774532	72.9588819879648
2.537991986357034	0.007	0.005	0.29632784660344497	0.0002650106403498652	0.1704793269691295	0.15986286698777688	72.07049988078343
2.632602270536447	0.007	0.005	0.2927318698937705	0.0002608133736775695	0.17525686088005651	0.16354196386918737	71.19591480317683
2.7270519685893313	0.007	0.005	0.28918552318590124	0.0002567167207788395	0.1799111286332978	0.16708896344479338	70.3334004694023
2.821479843692107	0.007	0.005	0.28568294355712126	0.00025271251619986577	0.18445206981558146	0.17051341277093934	69.48153087964107
2.916000918443298	0.007	0.005	0.2822193922573202	0.00024879390741806904	0.1888877928583443	0.17382319104298716	68.63915348045292
3.0107133023074897	0.007	0.005	0.27879094921383585	0.000244954997674559	0.19322505729906805	0.17702493412066322	67.80531484713217
3.105699642239524	0.007	0.005	0.27539441897459377	0.00024119073250822393	0.19746946142280064	0.18012422218274124	66.97923779948809
3.2010296007269337	0.007	0.005	0.27202720595024615	0.00023749675238064186	0.20162565642088065	0.1831257777356953	66.16029105511925
3.2967615415839604	0.007	0.005	0.26868722478296087	0.00023386928644275858	0.20569750472171366	0.18603361408395708	65.34796742801427
3.3929440418372616	0.007	0.005	0.2653728219311856	0.0002303050604598874	0.20968821539027888	0.188851160511256	64.54186475603592
3.489617038888009	0.007	0.005	0.26208271416590184	0.00022680122488517138	0.21360045143656775	0.19158136187718777	63.741670941984275
3.586812866583697	0.007	0.005	0.25881593424544647	0.00022335529222039437	0.21743642244442568	0.19422676339066777	62.947150740819964
3.684557053645889	0.007	0.005	0.25557178748661175	0.0002199650873817059	0.2211979591924265	0.196789579104069	62.15813519711516
3.7828690433632532	0.007	0.005	0.25234981326339884	0.00021662870444285695	0.22488657833790643	0.1992717505166847	61.37451228102872
3.8817627598073114	0.007	0.005	0.24914975353664673	0.00021334447173676906	0.22850353542517227	0.2016749946645157	60.59621923430453
3.981247132774379	0.007	0.005	0.2459715243552068	0.00021011092087734511	0.23204987152481818	0.2040008457868288	59.82323563900005
4.081326596834893	0.007	0.005	0.24281518968831237	0.00020692675894584485	0.2355264545759424	0.20625069158018647	59.05557705319683
4.182001485458012	0.007	0.005	0.23968093992701828	0.00020379084606158028	0.23893401319913538	0.20842580288326704	58.29328978228834
4.2832683921930075	0.007	0.005	0.23656907253361845	0.00020070217560706324	0.24227316618156314	0.21052735919429655	57.53644617268382
4.385120573298959	0.007	0.005	0.233479972485285	0.0001976598546999083	0.24554445036197928	0.2125564719111102	56.78513985546504
4.487548311747246	0.007	0.005	0.23041409499038326	0.00019466308732539524	0.24874834435875953	0.21451420378183242	56.03948154278581
4.590539241188831	0.007	0.005	0.22737195039285937	0.0001917111599236312	0.25188528848395747	0.2164015849746299	55.29959535643699
4.6940787040440535	0.007	0.005	0.22435408899073286	0.00018880342714129486	0.25495570338400775	0.21821962744759166	54.56561513552113
4.7981500818047085	0.007	0.005	0.22136108761356615	0.0001859392994944334	0.25796000558901855	0.2199693365928912	53.83768117193149
4.902735130648371	0.007	0.005	0.21839353693219374	0.00018311823188398168	0.26089862117765045	0.22165172098989375	53.115937123925235
5.0078142865782835	0.007	0.005	0.21545203049099035	0.0001803397138529524	0.2637719966943934	0.223267799858879	52.400527348639216
5.113367001396434	0.007	0.005	0.2125371536802118	0.00017760325984844224	0.26658060921371335	0.22481860939105414	51.69159422003033
5.219372017556085	0.007	0.005	0.20964947519663715	0.0001749084018488694	0.2693249731671985	0.22630520668580933	50.989276052001
5.3258076500499945	0.007	0.005	0.20678953899203453	0.00017225468242096253	0.27200564605050037	0.22772867259790713	50.29370514016917
5.4326520531990905	0.007	0.005	0.20395785728949864	0.0001696416487266583	0.27462323254493076	0.22909011329818632	49.605006063357344
5.539883414025475	0.007	0.005	0.201154906120986	0.0001670688487752266	0.27717838585649085	0.23039066002906355	48.923294598267724
5.647480184293734	0.007	0.005	0.19838112031054	0.0001645358270633679	0.2796718092612045	0.2316314687130059	48.24867649934188
5.755421265256258	0.007	0.005	0.19563689015231317	0.000162042121665885	0.2821042558435989	0.23281371840768372	47.581246690815924
5.863686100463829	0.007	0.005	0.19292256075808215	0.00015958726361623096	0.2844765257454664	0.23393860841509237	46.92108910802832
5.972254811693996	0.007	0.005	0.19023843051853384	0.000157170775344505	0.2867894642072366	0.235007355739022	46.26827632318597
6.081108298949177	0.007	0.005	0.18758475068537822	0.00015479217000601613	0.28904395863836285	0.23602119203841357	45.622869443729265
6.19022829651335	0.007	0.005	0.1849617261669857	0.00015245095177308932	0.29124093473981494	0.2369813601689012	44.98491830584046
6.29959742065778	0.007	0.005	0.18236951658672348	0.00015014661624232085	0.2933813525614233	0.23788911076995226	44.354461731843976
6.409199143414566	0.007	0.005	0.17980823909996496	0.00014787865228591508	0.29546620130573187	0.2387456984327277	43.73152821533689
6.5190178665067835	0.007	0.005	0.1772779688125571	0.00014564654169063945	0.29749649633003267	0.23955237892768677	43.116136022965314
6.629038855752288	0.007	0.005	0.17477874243391348	0.00014344976156693397	0.29947327372463	0.24031040555813005	42.508294082900456
6.7392482831531115	0.007	0.005	0.17231055934935677	0.00014128778442437174	0.3013975872223459	0.24102102661324915	41.90800224564543
6.849633165523529	0.007	0.005	0.16987338498240356	0.0001391600801982725	0.3032705035123424	0.24168548234430645	41.31525210178322
6.96018133080502	0.007	0.005	0.1674671533838344	0.0001370661175522415	0.30509309843423443	0.2423050024674909	40.73002761166984
7.070881405134548	0.007	0.005	0.1650917692596195	0.0001350053646671541	0.30686645382677485	0.2428808040533441	40.152305598650116
7.181722747447726	0.007	0.005	0.16274711102220477	0.00013297729089438288	0.3085916538238867	0.24341408938881018	39.58205649116723
7.292695427017665	0.007	0.005	0.1604330327815468	0.00013098136748348758	0.3102697821673144	0.24390604434014956	39.019244807006466
7.403790192787147	0.007	0.005	0.15814936641391406	0.00012901706837945112	0.3119019196419008	0.2443578368837298	38.46382965645253
7.514998434532611	0.007	0.005	0.15589592369318445	0.00012708387108027475	0.3134891416434959	0.24477061581078716	37.9157652606467
7.626312158040527	0.007	0.005	0.15367249803132133	0.000125181257174304	0.31503251618981654	0.2451455096812093	37.37500137489164
7.737723885832163	0.007	0.005	0.1514788675887759	0.00012330871405356818	0.31653310114458616	0.24548362572394644	36.84148404513866
7.849226690096275	0.007	0.005	0.1493147956297251	0.00012146573431064924	0.3179919435046252	0.2457860493650659	36.315155694385865
7.960814129246448	0.007	0.005	0.14718003272718191	0.00011965181673069436	0.31941007751596895	0.2460538435582169	35.7959556589875
8.072480213533689	0.007	0.005	0.14507431828434672	0.00011786646672880618	0.32078852338840635	0.24628804836447768	35.28382055866493
8.184219377681249	0.007	0.005	0.14299738183889218	0.00011610919663339004	0.3221282862576347	0.24648968066863008	34.7786846137244
8.296026460612067	0.007	0.005	0.14094894416515263	0.00011437952583079789	0.3234303553667612	0.2466597340073047	34.28047991312276
8.40789665526311	0.007	0.005	0.13892871885330077	0.00011267698133860244	0.3246957030279485	0.24679917844552737	33.7891367985424
8.519825517427332	0.007	0.005	0.13693641274206922	0.00011100109745247692	0.3259252843858403	0.24690896062496867	33.30458396963405
8.631808915107426	0.007	0.005	0.13497172737840016	0.00010935141628108095	0.32712003659423605	0.2469900037966655	32.82674883902146
8.74384299989177	0.007	0.005	0.13303436000040542	0.00010772748791179564	0.32828087836259523	0.24704320796794002	32.35555777136886
8.855924193013996	0.007	0.005	0.13112400421005582	0.0001061288703492188	0.32940870974164094	0.2470694501152955	31.890936246987213
8.968049186149784	0.007	0.005	0.12924035036223294	0.00010455512925044725	0.33050441211123205	0.24706958443320715	31.432808956456313
9.080214904976156	0.007	0.005	0.1273830865506934	0.00010300583818272713	0.33156884785081514	0.2470444426095762	30.9811000404232
9.192418725334491	0.007	0.005	0.12555189543359915	0.00010148057549066737	0.33260286239275183	0.24699483402328382	30.535732317532826
9.304657894038188	0.007	0.005	0.12374646404878853	9.997893186538817e-5	0.33360727894468495	0.24692154628326482	30.096629671620118
9.416929818986901	0.007	0.005	0.12196647912416302	9.850050599686394e-5	0.33458290158867965	0.24682534566233508	29.663715911139654
9.529232136489039	0.007	0.005	0.1202116262432957	9.704490344326062e-5	0.3355305160755313	0.24670697741976785	29.23691456623161
9.641562689332638	0.007	0.005	0.1184815904565964	9.561173671235998e-5	0.3364508898120827	0.24656716616704125	28.81614903736437
9.753919512229858	0.007	0.005	0.11677605674018403	9.420062523948182e-5	0.3373447719539094	0.2464066162515571	28.401342706937942
9.866300772543347	0.007	0.005	0.11509471108916818	9.28111959012532e-5	0.33821289319054115	0.24622601223395044	27.992419205183065
9.978704770490445	0.007	0.005	0.11343724065431975	9.144308276785324e-5	0.3390559660592232	0.24602601931532833	27.589302443401298
10.091129924432833	0.007	0.005	0.11180333408734143	9.009592704479063e-5	0.3398746851549861	0.24580728378955127	27.191916697938794
10.203574741238521	0.007	0.005	0.11019268207341525	8.876937718395324e-5	0.340669727258047	0.24557043353696945	26.800186739708444
10.3160378089534	0.007	0.005	0.10860497750884475	8.746308872346587e-5	0.3414417516491006	0.24531607848671685	26.41403787739445
10.428517849059315	0.007	0.005	0.10703991484240838	8.617672347007519e-5	0.3421914008223717	0.2450448109286133	26.03339579726161
10.541013642083735	0.007	0.005	0.10549719119950525	8.49099501384185e-5	0.34291930032808027	0.24475720610402096	25.65818683656112
10.65352407238563	0.007	0.005	0.10397650581362904	8.366244363764333e-5	0.3436260594363977	0.2444538225233073	25.288337845258113
10.76604809097665	0.007	0.005	0.10247756059112947	8.243388528670313e-5	0.34431227125477715	0.24413520247455295	24.923776323388456
10.878584730489953	0.007	0.005	0.10100005994933575	8.122396245738892e-5	0.34497851318639183	0.2438018723957789	24.56443038168853
10.991133067968509	0.007	0.005	0.09954371133912729	8.003236877965007e-5	0.34562534707245524	0.24345434339071007	24.21022886869062
11.10369225472692	0.007	0.005	0.09810822487368621	7.885880364129988e-5	0.3462533197358583	0.24309311154338964	23.861101280431058
11.216261494031347	0.007	0.005	0.09669331363943948	7.770297224648484e-5	0.3468629632103823	0.2427186583780283	23.516977836075107
11.328840041134729	0.007	0.005	0.09529869370519722	7.656458544246573e-5	0.3474547951015583	0.2423314512469825	23.177789480139555
11.44142721076543	0.007	0.005	0.0939240840391789	7.544335948326186e-5	0.34802931897828865	0.24193194368209417	22.843467862312377
11.55402235478546	0.007	0.005	0.09256920678850593	7.433901609176031e-5	0.3485870246056049	0.2415205758424042	22.513945405428828
11.66662486221203	0.007	0.005	0.09123378727033858	7.32512823001279e-5	0.3491283882963873	0.24109777488125264	22.189155303315765
11.779234181611878	0.007	0.005	0.0899175537023723	7.217989009199469e-5	0.3496538733583582	0.2406639552162336	21.869031455245107
11.89184977637161	0.007	0.005	0.08862023772247359	7.112457667953371e-5	0.35016393021593367	0.2402195190451674	21.553508592315527
12.004471139626633	0.007	0.005	0.08734157418982413	7.008508421636866e-5	0.350658996819619	0.239764856634253	21.24252222908834
12.117097816651944	0.007	0.005	0.0860813009176291	6.906115946459651e-5	0.35113949906674613	0.23930034655724722	20.93600859857894
12.22972938249845	0.007	0.005	0.08483915891672973	6.805255387329623e-5	0.3516058510154256	0.23882635610460137	20.633904711506304
12.342365427083076	0.007	0.005	0.08361489253622291	6.705902358063481e-5	0.352058455137903	0.23834324166311788	20.33614839049335
12.455005570115832	0.007	0.005	0.08240824927229859	6.608032915972181e-5	0.35249770269162806	0.2378513489623117	20.04267822357394
12.567649461107912	0.007	0.005	0.08121897974717898	6.511623550482367e-5	0.3529239740165419	0.23735101337193312	19.753433559070587
12.680296764457731	0.007	0.005	0.08004683784171349	6.416651184355691e-5	0.35333763877130264	0.23684256025920508	19.468354537843158
12.792947166916429	0.007	0.005	0.07889158058632251	6.323093156355321e-5	0.3537390562507099	0.23632630524086992	19.187382066765153
12.905600377592899	0.007	0.005	0.07775296813342213	6.2309272108138e-5	0.35412857566554445	0.23580255445894352	18.910457812016936
13.018256127958209	0.007	0.005	0.07663076372967224	6.14013148762913e-5	0.3545065364154018	0.2352716048487117	18.637524192336258
13.130914149465905	0.007	0.005	0.07552473390622576	6.0506845297207826e-5	0.35487326828289867	0.23473374450673679	18.368524425289085
13.2435742108605	0.007	0.005	0.07443464807658962	5.962565244499219e-5	0.3552290918196769	0.23418925276907857	18.103402429464577
13.356236103258679	0.007	0.005	0.07336027866050879	5.875752906939187e-5	0.35557431854653776	0.23363840052607848	17.842102854605198
13.468899610305819	0.007	0.005	0.07230140133429522	5.790227172766016e-5	0.3559092511121514	0.23308145060970742	17.584571142489686
13.581564523099999	0.007	0.005	0.07125779484526505	5.705968057902302e-5	0.35623418358833164	0.23251865795853582	17.330753481801974
13.694230655116856	0.007	0.005	0.07022924083883386	5.622955919295788e-5	0.3565494017504501	0.2319502697708945	17.08059676607864
13.806897849673165	0.007	0.005	0.06921552376430873	5.5411714422282586e-5	0.3568551833240167	0.23137652568530753	16.834048570796444
13.919565950081486	0.007	0.005	0.06821643111480978	5.4605956538378415e-5	0.3571517981251394	0.23079765814538278	16.59105721172413
14.032234799650817	0.007	0.005	0.0672317533852082	5.381209914919667e-5	0.3574395082845802	0.23021389261134223	16.35157173469243
14.144904241687252	0.007	0.005	0.06626128403062785	5.3029959120230865e-5	0.35771856846551053	0.229625447765165	16.115541905501132
14.257574164265804	0.007	0.005	0.06530481904819262	5.225935620692132e-5	0.3579892261810535	0.2290325354730709	15.882918108195083
14.370244425612645	0.007	0.005	0.06436215758363689	5.150011348196228e-5	0.3582517218127823	0.22843536136711798	15.65365149259907
14.482914928724156	0.007	0.005	0.06343310126195119	5.0752056778124396e-5	0.35850628898788983	0.22783412463890826	15.42769381152281
14.59558556913429	0.007	0.005	0.06251745459567948	5.001501496582208e-5	0.3587531546459425	0.22722901849530344	15.204997520063788
14.708256234914828	0.007	0.005	0.06161502494078622	4.9288819882376535e-5	0.3589925392312278	0.226620230336709	14.985515764873576
14.82092682906133	0.007	0.005	0.060725622277834214	4.8573306129055384e-5	0.35922465692491995	0.22600794180787068	14.769202330937661
14.933597269493344	0.007	0.005	0.0598490591819761	4.786831101558298e-5	0.35944971581949814	0.22539232896213543	14.556011634277034
15.046267489054486	0.007	0.005	0.058985150793109564	4.717367450635859e-5	0.3596679180884938	0.22477356242107452	14.345898714689524
15.158937398203365	0.007	0.005	0.058133715066097096	4.6489239382261655e-5	0.3598794600827141	0.22415180773597507	14.13881929660629
15.271606922322965	0.007	0.005	0.05729457244520268	4.581485096263839e-5	0.36008453256840434	0.22352722533584746	13.934729709910906
15.384276009182328	0.007	0.005	0.05646754578097498	4.5150357015230225e-5	0.36028332089602283	0.2228999706317771	13.73358686972435
15.496944599089415	0.007	0.005	0.05565246051995292	4.449560787542399e-5	0.3604760050996248	0.2222701943251566	13.535348322543687
15.609612647276359	0.007	0.005	0.054849144506093316	4.385045627015133e-5	0.3606627600868525	0.2216380424221332	13.339972197946853
15.72228007912943	0.007	0.005	0.05405742826508015	4.321475751061866e-5	0.36084375571147553	0.2210036566199619	13.147417277740109
15.834946857344072	0.007	0.005	0.05327714449223156	4.258836908029381e-5	0.36101915702672804	0.2203671740611276	12.95764287141089
15.947612929693328	0.007	0.005	0.05250812839052509	4.197115087063494e-5	0.36118912433750366	0.21972872775379765	12.770608898339566
16.0	0.007	0.005	0.05215434440730495	4.168285415792843e-5	0.3612663484864394	0.21943123536219633	12.684564374897436
