0.0	0.007	0.005	0.0	0.0	0.0	0.0	100.0
0.00020226769967537385	0.007	0.005	2.945076240912046e-5	0.00019313611522320335	1.2581298287948687e-9	1.589778392634063e-6	99.99837232853295
0.00029475718314465676	0.007	0.005	4.291683028694712e-5	0.0002496037391372299	2.671720427544454e-9	3.1145329603057024e-6	99.99762806383775
0.0004579075471170776	0.007	0.005	6.66697932800945e-5	0.00031832507354917017	6.4476265532773294e-9	6.577664744993675e-6	99.99631520314938
0.0005953198090672072	0.007	0.005	8.667454875822747e-5	0.0003553444693621623	1.0897573997424304e-8	1.0016740997277188e-5	99.99520946871677
0.0007684011939920559	0.007	0.005	0.00011187076965310531	0.0003849333246249076	1.8154579121300155e-8	1.477502993100448e-5	99.99381672797209
0.0009434932996243057	0.007	0.005	0.00013735820524821162	0.0004028304274702743	2.736960353648485e-8	1.9889754444688585e-5	99.99240782722003
0.0011444045251382893	0.007	0.005	0.0001666021714144299	0.00041465170995681094	4.026501839731049e-8	2.597666987866529e-5	99.99079119411539
0.0013607212768484314	0.007	0.005	0.00019808630169869867	0.00042153538366810023	5.6922416574488766e-8	3.267637808029242e-5	99.98905062959305
0.00160432901718832	0.007	0.005	0.00023353979109444012	0.00042547824085466734	7.912342212930835e-8	4.0316399934604434e-5	99.98709050796435
0.0018747956847563676	0.007	0.005	0.0002728987900970752	0.000427531690032529	1.080429240131941e-7	4.885658872686355e-5	99.98491431849429
0.002181883804246839	0.007	0.005	0.0003175826886547157	0.00042852640798244404	1.4632478736739281e-7	5.858613194909715e-5	99.98244352825466
0.0025320529192975087	0.007	0.005	0.0003685295925784249	0.00042895284520150787	1.970433163599651e-7	6.969774663610035e-5	99.97962618855077
0.0029390019931568173	0.007	0.005	0.00042772999128496043	0.0004291078913001404	2.654429262411367e-7	8.261884424199957e-5	99.9763521166584
0.0034191907811830084	0.007	0.005	0.0004975744052643057	0.00042914638681935757	3.592239227183547e-7	9.786790995639295e-5	99.97248893918106
0.003999723811202798	0.007	0.005	0.0005819990010333554	0.00042914079202356343	4.914900640382507e-7	0.00011630327394074898	99.96781867934172
0.004721034295635546	0.007	0.005	0.0006868732946321025	0.00042911871632446283	6.846202111217629e-7	0.00013920712863751343	99.96201619996158
0.0056493058906710225	0.007	0.005	0.0008218010094780817	0.0004290870467675991	9.800844434749368e-7	0.00016867880154495634	99.95454934703527
0.006873599273105945	0.007	0.005	0.000999692057556917	0.00042904474603500044	1.4504644393250571e-6	0.0002075421253576569	99.94470219998172
0.008381201754369242	0.007	0.005	0.0012186473848549847	0.0004289921042754753	2.155685763623107e-6	0.000255388128956733	99.93257769469066
0.009929010940284422	0.007	0.005	0.0014433263824118305	0.00042893520642870407	3.0242286095889053e-6	0.00030449811357563837	99.92013136752703
0.011332093822490492	0.007	0.005	0.0016468957360065652	0.0004288785538211767	3.937936023257781e-6	0.0003490056471371834	99.90885016088419
0.012576019737513643	0.007	0.005	0.0018272929500673014	0.00042883127040691833	4.848394527331365e-6	0.000388456022693019	99.89884968908629
0.013723196401097598	0.007	0.005	0.001993592308069889	0.0004287948988154102	5.771596070188055e-6	0.00042483085277471874	99.8896279146579
0.014839841659499944	0.007	0.005	0.002155403947940472	0.00042876064908152755	6.747161470359702e-6	0.0004602310926822756	99.88065238970533
0.015968590682168462	0.007	0.005	0.0023189076244397554	0.00042872420152534303	7.81037012739309e-6	0.0004960086124279457	99.87158039510095
0.017126329410538987	0.007	0.005	0.002486545936205013	0.00042868524013253505	8.98131036152506e-6	0.0005326982769117123	99.86227626011045
0.01831111040738754	0.007	0.005	0.0026580321705398863	0.0004286444305284667	1.026384744687342e-5	0.0005702378591609037	99.85275569807122
0.019511106062562882	0.007	0.005	0.0028316507575899	0.0004286026194384728	1.1649643652586914e-5	0.0006082522110046588	99.84311380059832
0.020713661765811592	0.007	0.005	0.0030055692617405806	0.00042856060303501285	1.3125938869141605e-5	0.0006463402798425814	99.83345226729759
0.02310843208095761	0.007	0.005	0.003351700655678315	0.0004284861233559521	1.6326528219799795e-5	0.0007221666442349308	99.81421506732526
0.02622017518832503	0.007	0.005	0.00380104316074374	0.00042837718176910635	2.1002998870301962e-5	0.0008206512763580598	99.78922395948925
0.03235720338756766	0.007	0.005	0.004685861910074674	0.0004281660061065708	3.193554200846821e-5	0.0010147392064042077	99.73995444503386
0.04460224083281394	0.007	0.005	0.006445848069777757	0.0004277442564690567	6.049054071249368e-5	0.001401423362484278	99.6417210634309
0.0559961485650034	0.007	0.005	0.008076975403329774	0.00042735224781779546	9.506846599133316e-5	0.0017605441030344032	99.55040259937991
0.07216075460920476	0.007	0.005	0.01038031366793096	0.00042679671092431856	0.0001572316715328052	0.002268899153925425	99.42099210654655
0.0873969102827533	0.007	0.005	0.01253985104522451	0.0004262737442752638	0.0002297499716775764	0.0027468430361805548	99.29916861096717
0.10627241577374699	0.007	0.005	0.015199812821664807	0.0004256267489020851	0.0003380867274202452	0.003337322280010452	99.14845301329586
0.12432737298720589	0.007	0.005	0.01772825992698576	0.0004250087983825977	0.0004606139077105797	0.0039004516430897218	99.00450332320521
0.14493648900323763	0.007	0.005	0.020595517795893015	0.0004243045254361798	0.000622722079196322	0.004541242085862278	98.84044508912734
0.1649083431850721	0.007	0.005	0.02335501687035698	0.00042362314305823304	0.0008021038214970923	0.005160188062285888	98.68171914182379
0.18660255475877224	0.007	0.005	0.026331314786999144	0.00042288423854790094	0.0010214043730927584	0.0058302545891193895	98.50959358962767
0.20784415100000045	0.007	0.005	0.02922427104870213	0.0004221619989068509	0.0012603924078131423	0.006484071777539413	98.34135006813295
0.23023077449454007	0.007	0.005	0.03225055702051804	0.000421402161958548	0.0015377965478384798	0.0071707110788684775	98.16434836814344
0.25232229571227427	0.007	0.005	0.035214335279248984	0.0004206536819383088	0.0018367845840036624	0.007845871111695053	97.98999223041467
0.2751792154463309	0.007	0.005	0.03825729966483746	0.00041988066881889314	0.0021720470745918738	0.00854189375188559	97.80992118354865
0.2978614631064161	0.007	0.005	0.04125353023657372	0.00041911496735237897	0.0025303300514387603	0.00923006348383772	97.63155336109752
0.3210665754143483	0.007	0.005	0.04429477796931378	0.00041833306012374806	0.002922753284745572	0.009931494166788166	97.44941045724997
0.34418549017281114	0.007	0.005	0.04730069214308181	0.00041755550798486745	0.003339260651945228	0.010627711441953713	97.26828205866903
0.36767435986067315	0.007	0.005	0.0503302950218485	0.00041676699335435776	0.0037880424199566365	0.011332413888906054	97.08459997772327
0.39114032755126904	0.007	0.005	0.05333253171490004	0.0004159807343780183	0.004261663264233756	0.012033766218978828	96.90144334914977
0.41488071564586265	0.007	0.005	0.05634520947389138	0.0004151867900247469	0.0047660264926704474	0.012740622096405944	96.71649643275688
0.4386428167332796	0.007	0.005	0.05933595913864513	0.00041439363692330494	0.005295731778843232	0.013445417030548523	96.5317338390646
0.4626201371983868	0.007	0.005	0.06232893043377576	0.00041359483588522246	0.005854957178184086	0.014153860391703696	96.34565557256634
0.4866504524896658	0.007	0.005	0.06530362115603267	0.0004127958142366998	0.00643982679474367	0.014861123622045615	96.15952591570637
0.5108596870696716	0.007	0.005	0.06827542580750347	0.0004119924043174358	0.007053248677800481	0.015570883825204565	95.97237402491334
0.535143914820939	0.007	0.005	0.07123136096937255	0.00041118807658038856	0.007692460348931546	0.016280061297337493	95.78500833241598
0.559585181186308	0.007	0.005	0.07418122373074323	0.0004103801330396598	0.008359451916839414	0.01699102303831127	95.59680034941059
0.5841170942184	0.007	0.005	0.07711678910647748	0.0004095707894134815	0.00905225919443643	0.017701806194289117	95.40826621775085
0.6087932588067795	0.007	0.005	0.08004428166554861	0.00040875829697202814	0.009772218022738628	0.018413934578220197	95.21899858287259
0.6335714463216526	0.007	0.005	0.08295848605457855	0.0004079440671115976	0.010517928428884318	0.01912615831064027	95.02932621919805
0.6584868536845662	0.007	0.005	0.08586334944851923	0.0004071269634968959	0.011290265061657975	0.01983945918200937	94.83898442557972
0.6835128138621587	0.007	0.005	0.08875555936740569	0.00040630788184116683	0.012088222165042847	0.020553042446409753	94.64818185188125
0.7086726160054316	0.007	0.005	0.0916376113772867	0.00040548608074733166	0.012912351856572463	0.021267541536174796	94.4567457930661
0.7339496243628372	0.007	0.005	0.09450739594102521	0.0004046621251187083	0.01376192119769325	0.021982452330115924	94.26480784307894
0.7593594369247246	0.007	0.005	0.0973664839491758	0.00040383552796604573	0.014637258310838525	0.0226981845636705	94.07225455923076
0.7848918929118963	0.007	0.005	0.10021352610543398	0.0004030066418727421	0.01553781745515141	0.023414419757098622	93.87916807075453
0.810557628899828	0.007	0.005	0.1030495040963087	0.0004021751436275979	0.01646377188251856	0.024131424020776386	93.68547308977398
0.8363506644423669	0.007	0.005	0.10587354802540686	0.0004013412495807629	0.01741470297592651	0.02484899730172083	93.4912200156536
0.8622784472346142	0.007	0.005	0.10868626446394895	0.0004005047417536758	0.01839067736410776	0.025567313655723248	93.2963580659908
0.8883376979990562	0.007	0.005	0.1114870849327136	0.00039966574914337803	0.019391361777895137	0.026286248460520134	93.10091729969105
0.9145338174881265	0.007	0.005	0.11427637646274451	0.0003988241214021552	0.020416749284146732	0.027005916671111206	92.90486268298739
0.940865287707461	0.007	0.005	0.11705376065431569	0.0003979799311903384	0.021466563607936178	0.027726241963339785	92.70821114753569
0.9673361930935219	0.007	0.005	0.11981945027114847	0.00039713307176985463	0.022540746535975948	0.028447301102679404	92.51093782939704
0.9939461682762234	0.007	0.005	0.12257318610487287	0.00039628357946437843	0.02363905916386111	0.029169048620478265	92.31305118815985
1.0206984658410574	0.007	0.005	0.1253150820420897	0.00039543137539635724	0.02476140757506314	0.02989153682008294	92.1145328499657
1.0475934727346432	0.007	0.005	0.1280449522784388	0.00039457647261499645	0.02590757643454774	0.03061473970284654	91.9153858535007
1.0746339180411109	0.007	0.005	0.1307628464400974	0.0003937188101054149	0.027077446375458232	0.03133869376585298	91.71559598488423
1.1018206896122196	0.007	0.005	0.13346862377465774	0.0003928583858233583	0.028270816420759994	0.03206338536645761	91.51516277443449
1.1291561919333721	0.007	0.005	0.13616229152474071	0.00039199515022247445	0.02948754853743603	0.0327888407181957	91.31407467449232
1.1566416486418964	0.007	0.005	0.13884373568468178	0.00039112909159716214	0.0307274496170409	0.033515053889397566	91.1123289605547
1.1842792681699688	0.007	0.005	0.1415129349520904	0.00039026016771725937	0.031990367383732156	0.034242044335433326	90.90991579288183
1.2120705092026984	0.007	0.005	0.14416979098837754	0.0003893883604987235	0.03327611234703166	0.03496981100128011	90.70683095830853
1.24001746329204	0.007	0.005	0.1468142623008597	0.0003885136324970409	0.03458452063103154	0.03569836872566292	90.50306574011809
1.2681217534437421	0.007	0.005	0.149446258606206	0.0003876359615764733	0.035915403093147225	0.036427719351297363	90.29861497395954
1.2963854099086118	0.007	0.005	0.15206572391754394	0.00038675531336131023	0.0372685860662948	0.03715787457531704	90.0934706604867
1.3248101731608584	0.007	0.005	0.15467257104562013	0.00038587166316272204	0.03864387834692925	0.03788883782706963	89.88762704147011
1.3533980487683428	0.007	0.005	0.15726673315161155	0.0003849849785748331	0.040041097555730244	0.038620618610970915	89.68107657208357
1.382150859447967	0.007	0.005	0.15984812253332653	0.00038409523350929734	0.04146004840473951	0.039353220964300425	89.47381316886158
1.4110706066266034	0.007	0.005	0.16241666351404555	0.0003832023968743135	0.04290054019330346	0.04008665271483712	89.26582959791037
1.4401591779677454	0.007	0.005	0.16497226609729404	0.00038230644175313094	0.044362372287734986	0.04082091801101112	89.0571195865908
1.4694185881299864	0.007	0.005	0.16751484738990535	0.0003814073379194104	0.0458453459607425	0.04155602342527905	88.84767609331331
1.4988507698142086	0.007	0.005	0.17004431320796312	0.0003805050583142302	0.04734925377774889	0.042291972667806044	88.63749280937515
1.5284577491141353	0.007	0.005	0.1725605733607931	0.0003795995735891403	0.048873888331848615	0.04302877099009588	88.42656290498442
1.558241504669989	0.007	0.005	0.17506352951084134	0.00037869085653304506	0.050419034933600324	0.043766421651124626	88.21488003775414
1.5882040760929261	0.007	0.005	0.17755308443231452	0.0003777788786957158	0.051984477046642455	0.04450492861327198	88.00243758156645
1.6183474728281493	0.007	0.005	0.180029134355697	0.00037686361320123226	0.05356999143160488	0.045244294277756295	87.78922927636638
1.6486737479458	0.007	0.005	0.18249157514522402	0.00037594503251015606	0.055175351857217565	0.04598452130125935	87.57524870629106
1.67918493797792	0.007	0.005	0.18494029737190515	0.0003750231102419379	0.05680032580656856	0.04672561111409892	87.36048972712395
1.7098831052192984	0.007	0.005	0.18737518980689163	0.0003740978199287047	0.05844467657309887	0.047467564952026864	87.14494616897576
1.7407702990065708	0.007	0.005	0.1897961363649771	0.00037316913612636383	0.06010816106174601	0.048210382914047466	86.92861211013691
1.7718485944860762	0.007	0.005	0.1922030192319182	0.0003722370333261324	0.06179053173102927	0.04895406489780252	86.71148160618756
1.8031200450653215	0.007	0.005	0.1945957152113795	0.00037130148735419974	0.06349153389558801	0.049698609457192046	86.49354902395831
1.8345867256355692	0.007	0.005	0.19697409915748143	0.0003703624740525998	0.06521090792974416	0.05044401483920504	86.27480874029328
1.8662506927472449	0.007	0.005	0.19933804100566835	0.00036941997054457847	0.0669483869724961	0.051190278037373096	86.0552554204729
1.8981140093509303	0.007	0.005	0.20168740775683391	0.0003684739543996309	0.06870369814594358	0.05193739538416143	85.83488384644156
1.9301787211725658	0.007	0.005	0.20402206182569263	0.00036752440445326964	0.0704765611326947	0.05268536200028056	85.61368908086936
1.962446877496365	0.007	0.005	0.2063418626927034	0.0003665713000650491	0.07226668919886965	0.05343417228910344	85.3916663235281
1.994920500668541	0.007	0.005	0.208646664826007	0.00036561462215533186	0.07407378738875091	0.054183819235472226	85.16881112133122
2.0276016090772977	0.007	0.005	0.21093631949371489	0.00036465435239561964	0.0758975536845824	0.05493429495159373	84.94511920952894
2.060492194838963	0.007	0.005	0.21321067333909882	0.0003636904739386561	0.07773767765912841	0.05568559017451487	84.72058666415602
2.093594229447744	0.007	0.005	0.21546956897362154	0.00036272297125093515	0.07959384068805689	0.056437694413674896	84.49520986190056
2.126909660731158	0.007	0.005	0.2177128449576244	0.00036175183012550967	0.08146571568816856	0.057190595898570555	84.26898549951282
2.160440400771826	0.007	0.005	0.21994033520145315	0.00036077703811736517	0.08335296635517987	0.05794428132632052	84.04191067394413
2.194188338188417	0.007	0.005	0.2221518700169443	0.00035979858410963494	0.08525524778073494	0.058698736161336564	83.81398279682777
2.2281553146001145	0.007	0.005	0.22434727480322364	0.00035881645900746157	0.0871722050650465	0.05945394413206424	83.58519975117991
2.262343134515955	0.007	0.005	0.2265263709739678	0.00035783065546212095	0.0891034738226604	0.06020988748219619	83.35555982124887
2.296753552625137	0.007	0.005	0.2286889754202405	0.0003568411681681107	0.09104867942829399	0.06096654671930332	83.12506177457482
2.3313882745388486	0.007	0.005	0.23083490086748307	0.00035584799388044903	0.09300743703599496	0.06172390066632566	82.89370485284931
2.3662489459567984	0.007	0.005	0.23296395552507654	0.00035485113165763867	0.09497935096013851	0.062481926261755444	82.66148883979163
2.4013371531952212	0.007	0.005	0.23507594347030641	0.0003538505828814128	0.09696401471605422	0.0632405986129678	82.42841405237965
2.4366544119869107	0.007	0.005	0.2371706643367255	0.0003528463514842771	0.09896101041624306	0.0639998907979719	82.19448140963762
2.472202170160511	0.007	0.005	0.2392479138638182	0.0003518384438855463	0.10096990897172446	0.06475977397147152	81.95969240853933
2.5079817913603746	0.007	0.005	0.24130748334639138	0.0003508268694227518	0.10299026924320517	0.06552021706738707	81.72404922481586
2.5439945598753244	0.007	0.005	0.24334916035316567	0.0003498116402006365	0.10502163840873333	0.06628118695835103	81.48755467339981
2.580241671170885	0.007	0.005	0.24537272862417814	0.00034879277127609383	0.10706355154748436	0.06704264831240253	81.25021226279837
2.6167242197253127	0.007	0.005	0.2473779678659368	0.00034777028097251415	0.10911553109940109	0.06780456340073288	81.01202626585977
2.6534432036546294	0.007	0.005	0.24936465450553413	0.0003467441907466285	0.11117708729811289	0.06856689226214205	80.77300167990444
2.690399512301952	0.007	0.005	0.2513325615154763	0.0003457145254927103	0.11324771767293315	0.06932959251372525	80.53314429767923
2.727593918443892	0.007	0.005	0.2532814585360847	0.0003446813136323418	0.11532690684329472	0.07009261926533407	80.29246074692813
2.765027085284903	0.007	0.005	0.25521111278690967	0.00034364458697299657	0.11741412717026341	0.07085592534057644	80.05095843367278
2.802699541107302	0.007	0.005	0.25712128830897835	0.00034260438130618534	0.11950883763324445	0.07161946083920241	79.80864569391245
2.8406116936181087	0.007	0.005	0.2590117472901992	0.0003415607359241733	0.12161048495623428	0.07238317351556506	79.56553168806205
2.8787638117846686	0.007	0.005	0.2608822497294266	0.00034051369417860205	0.1237185029549025	0.07314700849760945	79.32162650446607
2.9171560302120016	0.007	0.005	0.2627325542595616	0.0003394633031406777	0.12583231317119412	0.07391090846646815	79.07694111720242
2.955788330584774	0.007	0.005	0.26456241786202706	0.00033840961418610846	0.12795132427636685	0.07467481338067823	78.83148748976654
2.994660561489575	0.007	0.005	0.2663715974332708	0.00033735268232576313	0.1300749336195411	0.07543866096589834	78.58527843371016
3.033772404228362	0.007	0.005	0.2681598487949612	0.00033629256702596337	0.13220252584697872	0.07620238613853207	78.33832780997946
3.0731234084883674	0.007	0.005	0.26992692896895504	0.00033522933128572713	0.13433347537289042	0.07696592180563938	78.09065028706516
3.11271294744537	0.007	0.005	0.2716725947456227	0.0003341630426754033	0.13646714449366923	0.07772919808986069	77.8422616079703
3.152540253887856	0.007	0.005	0.27339660493221263	0.00033309377234715657	0.1386028859335213	0.07849214313437389	77.5931783457766
3.1926043881537756	0.007	0.005	0.27509871954317217	0.00033202159580442776	0.14074004173091156	0.0792546825871493	77.34341808783084
3.2329042669899097	0.007	0.005	0.2767787016462409	0.00033094659202477646	0.14287794542828228	0.08001674025679868	77.092999238006
3.2734386393847696	0.007	0.005	0.2784363169086225	0.00032986884411756787	0.14501592144667852	0.08077823775368553	76.8419411502425
3.314206105275777	0.007	0.005	0.28007133494605685	0.00032878843865306195	0.14715328676893683	0.08153909494590687	76.59026399482003
3.355205113077944	0.007	0.005	0.2816835297438038	0.0003277054657488688	0.14928935150932818	0.08229923000949574	76.33798875691609
3.396433957266039	0.007	0.005	0.28327268007629636	0.00032662001894121623	0.1514234195102262	0.08305855948077662	76.0851372344651
3.43789079258014	0.007	0.005	0.2848385705441016	0.0003255321948706319	0.1535547898137493	0.08381699861287575	75.83173193421705
3.47957362931259	0.007	0.005	0.2863809918369192	0.0003244420932385337	0.15568275715696092	0.08457446137836885	75.57779608454278
3.521480348114114	0.007	0.005	0.2878997417030236	0.0003233498164167758	0.15780661347661087	0.08533086082568678	75.32335352930883
3.563608698475077	0.007	0.005	0.2893946252628591	0.000322255469376716	0.15992564857423278	0.08608610913211329	75.06842872215974
3.605956317002447	0.007	0.005	0.29086545599492586	0.00032115915915345117	0.16203915177781295	0.08684011800824815	74.81304660142163
3.648520729259999	0.007	0.005	0.29231205607260563	0.00032006099480040866	0.16414641275631683	0.08759279879849403	74.55723256587316
3.691299357429707	0.007	0.005	0.29373425687061777	0.0003189610870779944	0.16624672261794396	0.08834406268112632	74.30101241594909
3.734289533960442	0.007	0.005	0.2951318996167488	0.00031785954804862106	0.1683393752812335	0.08909382096585287	74.04441226023657
3.777488512737408	0.007	0.005	0.29650483589327337	0.00031675649080519994	0.17042366869147904	0.08984198533766997	73.78745843841568
3.820893480567009	0.007	0.005	0.2978529280880159	0.0003156520290671999	0.17249890601942083	0.09058846809704976	73.53017744376254
3.86450155445874	0.007	0.005	0.29917604935955366	0.0003145462772341353	0.17456439615376723	0.09133318214916446	73.27259593087825
3.908309819677633	0.007	0.005	0.3004740847979744	0.0003134393494775683	0.1766194560963838	0.09207604168303997	73.01474048358656
3.9523153189024365	0.007	0.005	0.30174693101835426	0.00031233135983352664	0.17866341098283464	0.09281696200207243	72.75663767390604
3.9965150675985086	0.007	0.005	0.30299449652418015	0.00031122242190506557	0.18069559531905297	0.09355585979820209	72.4983139668087
4.04090608152931	0.007	0.005	0.30421670233018977	0.0003101126481567451	0.18271535470990227	0.09429265361500089	72.23979555640848
4.085485375178027	0.007	0.005	0.30541348169596194	0.0003090021498975118	0.1847220461894511	0.09502726381273549	71.98110837416908
4.130249969025609	0.007	0.005	0.30658478009211304	0.00030789103713986646	0.18671503892955071	0.09575961267831411	71.72227804588512
4.1751969148686445	0.007	0.005	0.3077305555885923	0.0003067794179427176	0.1886937156976474	0.09648962482141188	71.4633297459154
4.220323294584799	0.007	0.005	0.30885077849019016	0.0003056673984919476	0.19065747306936373	0.09721722712560857	71.20428820681158
4.2656262398917555	0.007	0.005	0.30994543147851084	0.000304555082595065	0.19260572252076655	0.09794234903482843	70.94517760902401
4.311102937298921	0.007	0.005	0.31101450933478336	0.000303442571569956	0.1945378908124775	0.09866492259116742	70.68602155738901
4.356750639141428	0.007	0.005	0.31205801878415873	0.0003023299640178679	0.19645342058925175	0.09938488256464922	70.42684302384444
4.402566668644169	0.007	0.005	0.31307597817131505	0.00030121735575970376	0.19835177067615095	0.1001021664820582	70.16766432531054
4.448548437216109	0.007	0.005	0.314068417382652	0.00030010483942342415	0.20023241683263668	0.1008167148416002	69.90850703347073
4.494693440493315	0.007	0.005	0.31503537727131636	0.0002989925045039679	0.20209485157611257	0.1015284709891055	69.64939200589038
4.540999275761501	0.007	0.005	0.3159769095333989	0.00029788043709082077	0.203938584841029	0.1022373813232567	69.39033929731578
4.587463641059195	0.007	0.005	0.31689307617270734	0.0002967687199260725	0.20576314384444808	0.10294339521179044	69.13136817511705
4.634084340367407	0.007	0.005	0.31778394909337976	0.0002956574322626231	0.20756807316670728	0.1036464650001527	68.87249710093013
4.6808592950112455	0.007	0.005	0.3186496097971609	0.0002945466496428358	0.20935293502924499	0.10434654610967653	68.6137436786864
4.7277865426856005	0.007	0.005	0.319490148833015	0.00029343644404445735	0.21111730905214027	0.10504359694541046	68.35512467217326
4.774864236376529	0.007	0.005	0.32030566526050586	0.0002923268839176347	0.21286079199162267	0.105737578803703	68.09665602306816
4.822090655733225	0.007	0.005	0.32109626633389027	0.00029121803391957715	0.21458299791346794	0.10642845596261293	67.83835280088695
4.86946420594927	0.007	0.005	0.32186206696090974	0.0002901099551283504	0.21628355786547104	0.1071161955847604	67.58022922228979
4.9169834197059705	0.007	0.005	0.3226031892255427	0.00028900270486887085	0.2179621196446101	0.1078007676656711	67.32229865366277
4.964646952740821	0.007	0.005	0.3233197618233672	0.0002878963370726197	0.21961834732258387	0.10848214489086698	67.06457364834411
5.012453595160846	0.007	0.005	0.32401191974862237	0.0002867909019158935	0.2212519213060666	0.1091603027192317	66.80706589864651
5.0604022541975935	0.007	0.005	0.32467980356711224	0.00028568644634009986	0.2228625373936826	0.10983521905937929	66.54978634221563
5.108491978175583	0.007	0.005	0.3253235592995666	0.00028458301357836097	0.2244499072296097	0.11050687453162487	66.29274504636842
5.156721932726902	0.007	0.005	0.32594333763963096	0.0002834806437158546	0.2260137571281674	0.11117525205603036	66.0359513491523
5.205091411951008	0.007	0.005	0.3265392936829068	0.00028237937350796997	0.22755382807441224	0.11184033693550331	65.77941381245078
5.253599833584376	0.007	0.005	0.32711158644878685	0.00028127923654004656	0.2290698751819204	0.1125021167153037	65.52314026075832
5.3022467372930695	0.007	0.005	0.32766037846470647	0.00028018026332043256	0.23056166725478344	0.11316058108872856	65.26713780292482
5.351031779666903	0.007	0.005	0.32818583533341994	0.00027908248147993366	0.2320289862507602	0.11381572176071701	65.01141287091289
5.399954745359069	0.007	0.005	0.328688125489293	0.0002779859155128859	0.2334716272277829	0.11446753252983492	64.75597117376894
5.449015519256761	0.007	0.005	0.3291674195620601	0.00027689058751602293	0.23488939713158993	0.115116008851106	64.50081785520062
5.498214113784446	0.007	0.005	0.329623890332772	0.00027579651655574243	0.23628211522235507	0.11576114813738977	64.2459573626535
5.547550644146846	0.007	0.005	0.3300577121752863	0.0002747037193553791	0.23764961197384607	0.11640294936997125	63.991393587796196
5.597025332780036	0.007	0.005	0.3304690608165427	0.00027361221017731317	0.23899172884157607	0.11704141310095599	63.737129854112666
5.646638510557753	0.007	0.005	0.33085811306934587	0.0002725220008585032	0.24030831792832746	0.11767654141235363	63.483168921580614
5.696390611396125	0.007	0.005	0.33122504652462476	0.00027143310103595316	0.24159924147499753	0.11830833779177184	63.229513025049265
5.746282170088317	0.007	0.005	0.33157003929005063	0.0002703455180862352	0.24286437145103215	0.11893680705278983	62.97616389554873
5.796313816780509	0.007	0.005	0.3318932697228883	0.0002692592574697711	0.24410358907042073	0.11956195521565807	62.72312279824898
5.84648627136654	0.007	0.005	0.33219491618609454	0.0002681743227913447	0.2453167843258644	0.1201837893911314	62.470390570115455
5.896800351167874	0.007	0.005	0.3324751568986099	0.0002670907156341767	0.2465038558533009	0.12080231783107336	62.217967590328044
5.947256965318081	0.007	0.005	0.33273416970796754	0.0002660084358604864	0.2476647104688849	0.12141754981370104	61.96585381789844
5.997857105708001	0.007	0.005	0.33297213187008273	0.00026492748170091725	0.2487992626515485	0.12202949549150625	61.71404884564767
6.048601847914577	0.007	0.005	0.33318921990015454	0.0002638478498697028	0.24990743427467807	0.12263816586449844	61.462551903669265
6.099492355526378	0.007	0.005	0.33338560944030593	0.00026276953544969564	0.2509891544082711	0.12324357279376982	61.21136184614158
6.15052986080733	0.007	0.005	0.33356147504647254	0.00026169253233083957	0.25204435862653435	0.12384572873513695	60.96047725470728
6.201715689280704	0.007	0.005	0.3337169901536947	0.00026061683278442955	0.25307298925579796	0.12444464699648598	60.709896324909785
6.253051223303412	0.007	0.005	0.33385232683888366	0.00025954242818507835	0.2540749943671957	0.12504034127635397	60.45961705240481
6.3045379403464095	0.007	0.005	0.33396765582935783	0.00025846930832152163	0.25505032829266777	0.12563282608030338	60.20963705277536
6.356177372958455	0.007	0.005	0.3340631462964104	0.00025739746218739543	0.2559989505963852	0.12622211622575022	59.95995376382542
6.407971136946447	0.007	0.005	0.33413896583460095	0.0002563268774566425	0.25692082638249303	0.12680822713904527	59.71056431523541
6.459920894421467	0.007	0.005	0.33419528032241513	0.00025525754126979336	0.2578159254065393	0.12739117440911363	59.4614657132533
6.512028406286787	0.007	0.005	0.33423225391802325	0.00025418943920459195	0.25868422278209363	0.12797097435356464	59.212654594729166
6.564295470959304	0.007	0.005	0.3342500489242775	0.0002531225565167518	0.25952569771394324	0.1285476433057369	58.96412752724962
6.616723966639243	0.007	0.005	0.33424882577225096	0.00025205687733695066	0.26034033402286166	0.1291211980646477	58.71588081262946
6.669315841837816	0.007	0.005	0.3342287429452174	0.0002509923848665525	0.2611281197716857	0.12969165576283115	58.46791053889916
6.722073228439624	0.007	0.005	0.3341899568161656	0.0002499290591675837	0.26188904866153734	0.1302590350521109	58.220212057046126
6.774998102992258	0.007	0.005	0.3341326218221013	0.00024886688393321	0.26262311491689955	0.13082335243126006	57.97278157884381
6.828092665713462	0.007	0.005	0.3340568901978947	0.0002478058390176511	0.2633303186594341	0.13138462631467063	57.72561440019142
6.88135903905419	0.007	0.005	0.3339629122480985	0.000246745906343207	0.26401066153002223	0.13194287379318698	57.47870631703018
6.934799508161434	0.007	0.005	0.3338508360064633	0.00024568706522849613	0.26466414978434566	0.1324981131654779	57.232052509530696
6.9884163306782465	0.007	0.005	0.3337208075327513	0.0002446292961515631	0.265290791691082	0.13305036192284966	56.98564842982426
7.042211886541868	0.007	0.005	0.3335729705975005	0.0002435725778189541	0.2658905992517043	0.1335996382933758	56.73948911466936
7.096188554130488	0.007	0.005	0.33340746696161033	0.00024251688957355367	0.26646358660985897	0.13414595994836473	56.49356975997396
7.150348811051349	0.007	0.005	0.33322443610050784	0.0002414622095454485	0.26700977106828067	0.1346893450191386	56.24788526377933
7.204695152476905	0.007	0.005	0.3330240154422461	0.00024040851616266473	0.26752917209372823	0.13522981125416428	56.002430603432984
7.259230163911261	0.007	0.005	0.33280634011930454	0.0002393557868042007	0.2680218119396884	0.13576737673513378	55.75720051015338
7.313956453393838	0.007	0.005	0.3325715432144062	0.00023830399913081304	0.26848771488522377	0.1363020591879368	55.51218978011782
7.368876706610152	0.007	0.005	0.33231975554857834	0.00023725313004311241	0.26892690764128496	0.13683387651420695	55.267393030887625
7.423993651412411	0.007	0.005	0.33205110582869957	0.00023620315636620906	0.26933941893622415	0.13736284642898955	55.02280486545143
7.479310065824626	0.007	0.005	0.33176572062856274	0.00023515405473400783	0.269725279507719	0.1378889865288169	54.7784198403781
7.534828797268492	0.007	0.005	0.33146372429527404	0.00023410580123745127	0.2700845221444746	0.13841231446119956	54.53423238566183
7.590552726590223	0.007	0.005	0.33114523914886146	0.0002330583721266182	0.2704171813591721	0.1389328475713183	54.29023696797716
7.646484805779983	0.007	0.005	0.330810385291983	0.00023201174310758335	0.270723293559129	0.1394506032463424	54.04642792917824
7.702628018031162	0.007	0.005	0.33045928085617515	0.00023096589011379546	0.27100289674170785	0.13996559853181792	53.802799665467056
7.7589854344527405	0.007	0.005	0.33009204167122036	0.00022992078830296806	0.2712560307229041	0.14047785064290935	53.559346385274196
7.815560136477584	0.007	0.005	0.3297087817746802	0.00022887641345255917	0.27148273669930084	0.14098737624355015	53.316062450020105
7.87235529535294	0.007	0.005	0.32930961291898025	0.0002278327405704972	0.27168305755616046	0.14149419215974302	53.0729420348701
7.92937411672248	0.007	0.005	0.32889464495785975	0.0002267897448892537	0.27185703757178614	0.14199831486648595	52.82997937235343
7.98661986784787	0.007	0.005	0.32846398568602825	0.00022574740141171227	0.27200472247891005	0.14249976072284826	52.58716863975441
8.044095863340234	0.007	0.005	0.32801774096729436	0.0002247056852004668	0.272126159375583	0.1429985458355583	52.34450402445374
8.101805477466032	0.007	0.005	0.32755601466921136	0.00022366457113223007	0.2722213967184854	0.14349468615721556	52.101979676167595
8.159752137440995	0.007	0.005	0.32707890874060475	0.00022262403406475624	0.27229048426850677	0.14398819741764035	51.85958973995946
8.217939312717277	0.007	0.005	0.3265865233344969	0.00022158404905349015	0.27233347305749855	0.14447909502509673	51.61732840509991
8.276370542904877	0.007	0.005	0.3260789566069362	0.00022054459088566812	0.27235041539093213	0.14496739429420935	51.37518979293982
8.335049403845566	0.007	0.005	0.325556305037602	0.00021950563461802194	0.2723413648034927	0.1454531101513195	51.13316810252768
8.393979598383222	0.007	0.005	0.3250186626455711	0.00021846715414600758	0.27230637600821017	0.1459362578736592	50.8912572415802
8.453164891644239	0.007	0.005	0.3244661215587015	0.00021742912320902214	0.2722455048068063	0.14641685252952394	50.64945110179872
8.512608993507092	0.007	0.005	0.3238987731783615	0.0002163915176059957	0.2721588082641086	0.1468949080267244	50.40774404083659
8.572315744275743	0.007	0.005	0.3233167065024807	0.00021535431185920836	0.27204634455077625	0.14737043861909613	50.1661301265205
8.632288973364494	0.007	0.005	0.3227200095077354	0.00021431748176430616	0.27190817313838267	0.147843457760319	49.92460371641422
8.692532599262812	0.007	0.005	0.32210876823128104	0.00021328100259893366	0.27174435464891616	0.1483139788986946	49.68315905622769
8.75305055864963	0.007	0.005	0.3214830675180484	0.00021224485043196681	0.2715549510285376	0.1487820149112209	49.44179056963195
8.81384685521757	0.007	0.005	0.3208429905794628	0.00021120900126708972	0.2713400254524233	0.14924757848258116	49.20049266583856
8.87492552835084	0.007	0.005	0.3201886193635154	0.00021017343158327	0.2710996424458703	0.14971068185740902	48.95925986862275
8.936290665976715	0.007	0.005	0.319520034475305	0.00020913811818694438	0.27083386788443337	0.15017133693694548	48.718086768507135
8.997946401304882	0.007	0.005	0.3188373152639326	0.0002081030381808973	0.2705427690460511	0.1506295552509446	48.47696803928562
9.059896901237707	0.007	0.005	0.3181405400079659	0.00020706816927595605	0.27022641471839876	0.15108534787028582	48.235898486486846
9.122146383489547	0.007	0.005	0.3174297857830481	0.00020603348950627554	0.269884875172873	0.15153872553297232	47.99487298359591
9.184699092487588	0.007	0.005	0.31670512879336754	0.0002049989774989982	0.26951822235189427	0.15198969846706575	47.75388656865299
9.247559316504912	0.007	0.005	0.31596664423964427	0.00020396461243418938	0.2691265298483965	0.15243827651717118	47.512934380385296
9.310731363165152	0.007	0.005	0.31521440666937617	0.00020293037425606436	0.26870987313177075	0.15288446897103358	47.272011754677166
9.374219572352576	0.007	0.005	0.31444848989609875	0.00020189624363559	0.2682683295622822	0.15332828465710832	47.031114176609
9.438028312448042	0.007	0.005	0.31366896711102804	0.0002008622018361224	0.26780197850386434	0.1537697319218637	46.79023729676705
9.502161959381157	0.007	0.005	0.31287591121157465	0.00019982823129924602	0.26731090158099213	0.15420881849180515	46.549377011469325
9.566624909458119	0.007	0.005	0.3120693947225404	0.00019879431521123582	0.26679518270373986	0.15464555157221277	46.308529414673096
9.631421562313765	0.007	0.005	0.3112494900851136	0.00019776043797041872	0.2662549083206523	0.15507993774119566	46.06769086211186
9.696556316411435	0.007	0.005	0.31041626979766196	0.000196726585080522	0.2656901675949218	0.15551198293383497	45.82685798715847
9.762033577486003	0.007	0.005	0.30956980639023796	0.00019569274317756508	0.2651010524696996	0.15594169251269316	45.5860276686655
9.827857723371897	0.007	0.005	0.3087101729629355	0.0001946589004500944	0.26448765812902925	0.1563690710530921	45.34519715891958
9.894033111933243	0.007	0.005	0.30783744317838035	0.00019362504657234237	0.2638500831018623	0.15679412241841048	45.10436405103959
9.960564075902049	0.007	0.005	0.30695169142016593	0.0001925911727427357	0.263188429479565	0.15721684974918185	44.86352629453999
10.027454890837356	0.007	0.005	0.30605299331488683	0.00019155727215337446	0.2625028034187504	0.15763725528617303	44.62268230678971
10.094709804890867	0.007	0.005	0.30514142543228306	0.00019052333954011947	0.2617933150358287	0.15805534058854484	44.38183085997865
10.162332970311066	0.007	0.005	0.3042170663091243	0.0001894893722120151	0.26106007932224096	0.15847110613873133	44.14097132055554
10.230328486240454	0.007	0.005	0.3032799959755004	0.00018845536925947816	0.26030321591766736	0.15888455164789092	43.90010348750419
10.298700337970722	0.007	0.005	0.30233029689084717	0.00018742133258795312	0.2595228499969516	0.15929567572440945	43.65922779934771
10.367452416909437	0.007	0.005	0.3013680537797996	0.00018638726647486674	0.2587191122951419	0.1597044760436806	43.41834525205551
10.436588472041011	0.007	0.005	0.30039335441800985	0.00018535317826134262	0.25789213991639176	0.1601109491087735	43.17745755727091
10.506112120216045	0.007	0.005	0.2994062896022069	0.00018431907815065216	0.2570420764813162	0.16051509036984482	42.936567091599215
10.576026814834673	0.007	0.005	0.29840695370267756	0.00018328497961957781	0.2561690727679078	0.16091689410092955	42.695676990012096
10.646335804293598	0.007	0.005	0.29739544537284845	0.00018225089988414258	0.2552732875166053	0.16131635323043192	42.45479127055127
10.717042155210018	0.007	0.005	0.296371867331149	0.00018121685957543377	0.2543548874296314	0.16171345954858404	42.213914734120344
10.788148681627547	0.007	0.005	0.2953363274931613	0.00018018288360599754	0.253414048370701	0.16210820338581028	41.97305318451169
10.859657953223717	0.007	0.005	0.29428893896855507	0.00017914900095722904	0.2524509555712557	0.16250057374826948	41.73221337486692
10.931572246345162	0.007	0.005	0.2932298208854641	0.0001781152452933254	0.2514658045892025	0.16289055814055473	41.49140314596493
11.003893546720388	0.007	0.005	0.2921590984578291	0.00017708165477150147	0.25045880158224615	0.16327814268091434	41.250631387257776
11.076623465165861	0.007	0.005	0.29107690433491873	0.00017604827312981203	0.24943016478775007	0.1636633117556589	41.00990828535072
11.149763282560233	0.007	0.005	0.2899833780350588	0.00017501514885628094	0.24838012420993608	0.1640460483759487	40.76924513858673
11.223313849297963	0.007	0.005	0.2888786675341327	0.00017398233651754141	0.24730892334876256	0.1644263337676074	40.528654651476835
11.297275600320948	0.007	0.005	0.28776292913025897	0.00017294989625597546	0.2462168192973022	0.16480414758309667	40.288150842766456
11.371648496510481	0.007	0.005	0.2866363284011584	0.00017191789454772143	0.24510408388824584	0.16517946773590086	40.04774919261551
11.446432009536819	0.007	0.005	0.28549904050136726	0.00017088640412114614	0.24397100420272308	0.16555227046910453	39.807466643830644
11.5216250765609	0.007	0.005	0.28435125090479546	0.00016985550439952853	0.24281788351455474	0.1659225302789194	39.567321697424575
11.597226084260381	0.007	0.005	0.2831931556906287	0.00016882528147808956	0.24164504177737514	0.16629021999316945	39.32733441023885
11.673232832588164	0.007	0.005	0.28202496212352235	0.00016779582839086368	0.24045281639653282	0.1666553107552492	39.087526454618704
11.749642492931358	0.007	0.005	0.2808468893077768	0.00016676724543957113	0.23924156307357564	0.16701777199093584	38.847921191584945
11.826451596368617	0.007	0.005	0.2796591683628293	0.00016573964003724882	0.2380116561510066	0.16737757152614596	38.608543645883614
11.903656006781453	0.007	0.005	0.27846204281198	0.00016471312684091747	0.23676348915559275	0.16773467563486485	38.36942052672222
11.981250909401988	0.007	0.005	0.2772557687123821	0.0001636878275973751	0.23549747505369642	0.16808904916201	38.13058019836146
12.059230763424	0.007	0.005	0.276040615323024	0.00016266387155467005	0.23421404705006832	0.16844065548448495	37.8920527593455
12.137589332420276	0.007	0.005	0.27481686454091186	0.00016164139463063304	0.23291365806818576	0.16878945682770613	37.653869880953984
12.216319637696442	0.007	0.005	0.2735848115128949	0.00016062053989000365	0.2315967814378592	0.1691354142299225	37.416064881686026
12.29541398506243	0.007	0.005	0.27234476407937225	0.00015960145676561661	0.23026391031611812	0.16947848783345013	37.178672577292375
12.374863950806926	0.007	0.005	0.271097042830385	0.00015858430106600364	0.22891555772215538	0.16981863698769456	36.9417292557823
12.454660400108125	0.007	0.005	0.26984198063031445	0.00015756923431324763	0.22755225596762643	0.1701558204874037	36.70527255570073
12.534793512091095	0.007	0.005	0.26857992201334296	0.00015655642334768197	0.22617455590325092	0.17048999682657456	36.46934132774808
12.615252784916516	0.007	0.005	0.2673112228707576	0.00015554603978189767	0.22478302644283893	0.17082112435676902	36.23397555827765
12.696027084850297	0.007	0.005	0.26603624942474746	0.00015453825929281453	0.22337825326774374	0.17114916161555158	35.999216166811124
12.777104686380286	0.007	0.005	0.2647553773227276	0.00015353326081353415	0.22196083761510982	0.17147406759784184	35.76510483577752
12.858473297673788	0.007	0.005	0.26346899094666815	0.00015253122601588628	0.22053139526360963	0.17179580195155364	35.53168388761946
12.940120136103378	0.007	0.005	0.2621774819171934	0.00015153233823059431	0.21909055458684074	0.17211432535412674	35.29899602348766
13.02203197852323	0.007	0.005	0.26088124798492257	0.00015053678159104424	0.21763895499200922	0.17242959976403271	35.06708414262357
13.104195212945479	0.007	0.005	0.2595806918923999	0.00014954474037099942	0.2161772452916061	0.17274158865768793	34.835991164378825
13.186595929819887	0.007	0.005	0.258276219605119	0.000148556397674672	0.2147060813321946	0.17305025739398702	34.60575974662922
13.26921996011371	0.007	0.005	0.25696823938430646	0.00014757193496566824	0.2132261245377093	0.17335557335249022	34.376432162376226
13.352052985677478	0.007	0.005	0.2556571597191553	0.00014659153070758701	0.21173803914063793	0.17365750631921276	34.14804998273888
13.435080573939086	0.007	0.005	0.2543433884644001	0.0001456153599517399	0.21024249075258025	0.17395602856721626	33.92065397941898
13.518288301390369	0.007	0.005	0.25302733058391513	0.0001446435928247756	0.2087401433361853	0.1742511152384509	33.6942837908681
13.601661784188368	0.007	0.005	0.2517093873792184	0.00014367639433622543	0.20723165785178255	0.1745427443662457	33.46897785267374
13.685186769788714	0.007	0.005	0.2503899547701319	0.0001427139233247406	0.205717689820099	0.17483089709833505	33.24477316841988
13.7688492123983	0.007	0.005	0.24906942185291522	0.00014175633177873354	0.20419888719657855	0.1751155578398508	33.021705133788664
13.852635315228985	0.007	0.005	0.24774817000587326	0.00014080376434352725	0.20267588887869883	0.1753967142660303	32.79980745659183
13.936531617041723	0.007	0.005	0.2464265713210817	0.00013985635768446684	0.20114932244685213	0.17567435747098661	32.57911196526191
14.02052501179483	0.007	0.005	0.24510498811766895	0.0001389142403296784	0.1996198031641201	0.17594848187870668	32.35964860068598
14.104602851366714	0.007	0.005	0.2437837711744381	0.00013797753175808712	0.19808793151293197	0.17621908541772205	32.141445195036255
14.188752942062173	0.007	0.005	0.24246325966321286	0.00013704634264661357	0.1965542927175912	0.1764861693373938	31.92452753395592
14.272963607350114	0.007	0.005	0.24114378006768322	0.00013612077446583184	0.19501945511686808	0.17674973823559295	31.708919248895267
14.357223694228848	0.007	0.005	0.23982564601505618	0.00013520091958148003	0.19348396962091108	0.17700979990199914	31.494641858285572
14.441522629144025	0.007	0.005	0.23850915735798195	0.0001342868609255495	0.19194836832337897	0.1772663653147369	31.281714683956594
14.52585040065491	0.007	0.005	0.23719460042849563	0.00013337867248744463	0.19041316450655615	0.1775194484098686	31.070154955691375
14.610197602836804	0.007	0.005	0.2358822473663243	0.00013247641901884753	0.18887885159703846	0.1777690660394237	30.859977762335102
14.69455542216889	0.007	0.005	0.23457235635217924	0.00013158015651049004	0.18734590320633404	0.1780152377605656	30.651196145812484
14.778915651714327	0.007	0.005	0.23326517143579908	0.00013068993228393657	0.18581477272771285	0.17825798571180929	30.443821126000607
14.863270671185237	0.007	0.005	0.23196092291216042	0.0001298057854092414	0.1842858936031256	0.1784973343954538	30.237861809049704
14.947613459983685	0.007	0.005	0.23065982720279954	0.00012892774689024803	0.1827596790383349	0.1787333105621035	30.03332541301465
15.03193757622876	0.007	0.005	0.22936208727885446	0.00012805584005960523	0.18123652237904223	0.17896594300451066	29.83021737540798
15.116237124194862	0.007	0.005	0.22806789327213492	0.00012719008117436615	0.17971679773371838	0.1791952623304735	29.62854148529599
15.20050678277715	0.007	0.005	0.22677742215890112	0.00012633047937098775	0.1782008595312055	0.17942130091093259	29.428299866703536
15.28474173316634	0.007	0.005	0.22549083900012726	0.00012547703756624664	0.17668904392779353	0.17964409256193348	29.229493200854634
15.36893768112525	0.007	0.005	0.2242082967364231	0.0001246297524544736	0.17518166853724737	0.17986367249253005	29.032120719477817
15.453090800957101	0.007	0.005	0.22292993718623022	0.00012378861528720788	0.1736790335927537	0.18008007705226853	28.83618038103066
15.53719774620093	0.007	0.005	0.2216558910293251	0.00012295361189773092	0.172181421933182	0.18029334366310476	28.641668886923746
15.621255593337962	0.007	0.005	0.22038627881115205	0.0001221247234479013	0.1706891002040863	0.18050351058665579	28.44858185125865
15.70526184666859	0.007	0.005	0.21912121101920792	0.00012130192655926018	0.16920231898124216	0.1807106168567881	28.256913825403796
15.789214387477841	0.007	0.005	0.21786078900165196	0.00012048519392117566	0.16772131389575645	0.1809147020800866	28.066658448092905
15.873111462129403	0.007	0.005	0.2166051052951135	0.00011967449455244421	0.1662463060747152	0.18111580634255706	27.877808502799635
15.956951670116997	0.007	0.005	0.2153542439538258	0.00011886979403909481	0.16477750259226187	0.18131397012144274	27.690355973466776
16.0	0.007	0.005	0.21471354444837668	0.00011845872027687509	0.16402541993616704	0.18141464174778993	27.59459759427445
