0.0	0.007	0.005	0.0	0.0	0.0	0.0	100.0
0.0002599421826240603	0.007	0.005	3.4390925954970306e-5	0.0001670726446190862	1.7864245904163354e-9	3.6621123808029356e-6	99.99722535149982
0.0003795986693682946	0.007	0.005	5.0220800940233316e-5	0.00021571864059921996	3.809504455073492e-9	7.189368481502909e-6	99.99594815223232
0.0005907190826271925	0.007	0.005	7.814938525451248e-5	0.00027432095196291414	9.224861955804796e-9	1.5185855942506554e-5	99.99369471755205
0.0007689568585963682	0.007	0.005	0.00010172656819968197	0.0003055443448362736	1.5630896447079292e-8	2.3124867245459597e-5	99.99179230161249
0.0009939845073294452	0.007	0.005	0.00013149120292991736	0.0003301957668435169	2.6116592874249185e-8	3.4108822110711924e-5	99.98939052696204
0.0012220940708208285	0.007	0.005	0.000161661340115908	0.00034487329237051174	3.947695116766606e-8	4.5913727524369164e-5	99.98695591716871
0.0014846292999021568	0.007	0.005	0.00019638199755431663	0.000354399242284311	5.8256442752131684e-8	5.997883375953839e-5	99.98415395616048
0.001768072636522153	0.007	0.005	0.00023386457013956354	0.00035982449012973065	8.26189338644922e-8	7.547935741889003e-5	99.98112893724083
0.002088469669722875	0.007	0.005	0.0002762298878919615	0.0003628510303732088	1.1526659910523844e-7	9.320169505929215e-5	99.97770964411514
0.002445585820373429	0.007	0.005	0.00032344546415064224	0.00036437435115970406	1.5804363447681552e-7	0.00011307403009921714	99.97389862054376
0.002853072288072362	0.007	0.005	0.00037731421154031734	0.0003650793136674119	2.1507787314348183e-7	0.00013581466760874967	99.96955023932425
0.003320395541180854	0.007	0.005	0.0004390847585555993	0.0003653605249932189	2.912747198634773e-7	0.00016192648285506833	99.96456355892495
0.0038673801909573625	0.007	0.005	0.0005113733984563356	0.0003654476488118625	3.9509527496259645e-7	0.0001925018304110156	99.95872714920763
0.0045184815157224105	0.007	0.005	0.0005974057556324526	0.00036545478401693354	5.392468172773632e-7	0.00022889871358515793	99.95178024289554
0.00531440704630882	0.007	0.005	0.0007025503700349294	0.00036543138437713764	7.458166890782446e-7	0.00027338655056871185	99.9432887948219
0.006316995431462804	0.007	0.005	0.000834958499909322	0.0003653935778460955	1.0535197708947093e-6	0.0003294154713171927	99.93259356049306
0.007625399485505627	0.007	0.005	0.0010076918912184589	0.0003653426892282737	1.5346702952170215e-6	0.00040251672381285943	99.91863772150231
0.009334958760739245	0.007	0.005	0.001233278231056131	0.00036527586722067513	2.2990194354047744e-6	0.000497999962079793	99.9004059747265
0.011294365918682304	0.007	0.005	0.0014916845444605566	0.00036519815176968017	3.363909866375284e-6	0.0006073950156817279	99.87951379444897
0.013180383718247127	0.007	0.005	0.0017402621170421785	0.00036511896442208955	4.579171886651879e-6	0.000712649715113567	99.85940825504771
0.01485647152783134	0.007	0.005	0.0019610473078904215	0.00036504561671384464	5.815586392489109e-6	0.0008061532563910707	99.8415440315413
0.016359962404122675	0.007	0.005	0.002158998013378494	0.00036498633786114567	7.049778295816362e-6	0.0008899992537927024	99.82552211466327
0.017778548651843654	0.007	0.005	0.002345684392648332	0.0003649354377096369	8.32263227805544e-6	0.0009690853026145168	99.81040733946786
0.019185132555049632	0.007	0.005	0.0025307091117655776	0.0003648842508601467	9.688491341613538e-6	0.001047478597996204	99.7954227066384
0.020619234703753805	0.007	0.005	0.002719269447185581	0.0003648301837021345	1.1187352257665611e-5	0.0011273814340243826	99.78014723228164
0.022091055862176127	0.007	0.005	0.0029127008451066746	0.00036477340639792295	1.2837104116853442e-5	0.001209360455773232	99.76447242157035
0.02359155119443913	0.007	0.005	0.003109808593927174	0.0003647148008741963	1.4635114145095392e-5	0.0012929101066969184	99.74849476739107
0.02510417692907051	0.007	0.005	0.0033084157293578084	0.00036465540790526135	1.6566199097865155e-5	0.0013771081006958687	99.73239053561002
0.026615059427151627	0.007	0.005	0.003506699712908441	0.0003645960989803685	1.8613744281969206e-5	0.0014611818908821914	99.71630745877751
0.028117680358142026	0.007	0.005	0.00370380606590808	0.00036453733600736517	2.0767615524667307e-5	0.001544769026198041	99.70031489722575
0.031106525657544022	0.007	0.005	0.0040955911848241985	0.0003644297118477469	2.5399763173217654e-5	0.00171095081685239	99.66851190889831
0.034963352092249884	0.007	0.005	0.004600609401903871	0.0003642779404023361	3.206005963311061e-5	0.001925236960585937	99.62748810609773
0.04251578679288606	0.007	0.005	0.005587762530818968	0.00036398474319916164	4.732349465083398e-5	0.002344340417071002	99.54720422417944
0.057450425678051184	0.007	0.005	0.007532922899275116	0.0003634049000582084	8.610979184136297e-5	0.0031711119467583366	99.38863644132903
0.07136432034155002	0.007	0.005	0.009336917771321139	0.0003628655763324106	0.0001324425340303031	0.003939004733922955	99.24113364569023
0.09099521455941191	0.007	0.005	0.01186871700105507	0.0003621060049402912	0.00021435022784678948	0.005018536099933644	99.03339649427397
0.10951684943777382	0.007	0.005	0.014243103614634727	0.00036139081223819154	0.00030916176555132016	0.006032923278600259	98.83779640015713
0.13238889146809243	0.007	0.005	0.01715606152426024	0.0003605095820693464	0.00044939220977973244	0.00728004361714514	98.59678627006873
0.15428295166088477	0.007	0.005	0.01992475992308778	0.00035966804535125725	0.0006072355146780313	0.00846814088035872	98.3666320086645
0.1792279094367612	0.007	0.005	0.023055915900320918	0.00035871163575732477	0.0008147501090495507	0.009815038697693998	98.10506084171679
0.20341503112361448	0.007	0.005	0.026068326863489637	0.0003577867108012303	0.0010436342481656667	0.011114177803172113	97.8521004956962
0.22966074881239382	0.007	0.005	0.029310982077859305	0.0003567857620713607	0.001322263703023347	0.012516310854063135	97.57834819510188
0.25536960737770464	0.007	0.005	0.03246108652644721	0.00035580800286346895	0.0016251739241096093	0.013882158039013345	97.31093806116225
0.282449174433163	0.007	0.005	0.03575126187206076	0.00035478101032016197	0.0019757022044377274	0.015312734016336878	97.03006296245283
0.3091801742206499	0.007	0.005	0.03897121073387094	0.00035377014452393524	0.002352768061297939	0.01671679755654167	96.75359841343086
0.3368296496557009	0.007	0.005	0.04227285208291523	0.00035272757568012667	0.0027745945263702373	0.01816068845031919	96.46846330982969
0.3642745039460625	0.007	0.005	0.04552114503133196	0.0003516957609009578	0.0032246346991777913	0.019585479297985882	96.1862693632422
0.3923487450444968	0.007	0.005	0.04881432718794738	0.00035064340659017097	0.0037166251974537785	0.021034321903275394	95.89845800091086
0.4203240731866983	0.007	0.005	0.052066328087457064	0.0003495978922547017	0.004238033647322892	0.022469436824385916	95.61251732922821
0.4487463087014592	0.007	0.005	0.055340250890800365	0.0003485388682379997	0.004798934745715582	0.02391871539397231	95.3228818517575
0.4771451931568731	0.007	0.005	0.058581463143090394	0.0003474839184034414	0.0053900669686308585	0.025358035350528794	95.03436063420715
0.5058767572616724	0.007	0.005	0.061830320405853095	0.00034641985970151304	0.00601865635308846	0.026805351434888817	94.74334820738963
0.5346381454484883	0.007	0.005	0.06505221587018883	0.00034535795989526713	0.00667797031058683	0.02824529390174834	94.45292622199253
0.5636612081800743	0.007	0.005	0.06827287686797642	0.00034428969841307126	0.007373091139901355	0.029689390210160795	94.16076436490783
0.5927512580997695	0.007	0.005	0.07147039774785541	0.0003432222870947095	0.008099174048296028	0.03112785654578184	93.86883502227097
0.6220592217727082	0.007	0.005	0.07466113918703052	0.0003421502263633676	0.008859726112215083	0.03256808021637767	93.57563409851012
0.6514601566512271	0.007	0.005	0.07783123143200761	0.0003410781293649645	0.009651276815881717	0.03400383419594921	93.28242325467248
0.6810523879976853	0.007	0.005	0.08099105397837843	0.0003400024489376703	0.01047619603772183	0.035439845839495804	92.9882323697943
0.7107559097737652	0.007	0.005	0.08413181556615187	0.0003389261346857934	0.011331995407687496	0.03687215068698016	92.69386813715747
0.7406349050902228	0.007	0.005	0.08726008235602838	0.00033784689951961585	0.01222023454158494	0.03830376960613207	92.39870505579634
0.7706383142051229	0.007	0.005	0.09037027041676617	0.000336766628568693	0.013139116780397931	0.03973217670484464	92.10325869322386
0.8008081794366365	0.007	0.005	0.0934665170086293	0.0003356838473286636	0.01408963010084411	0.04115929896853087	91.80712578547852
0.8311120895722978	0.007	0.005	0.09654526289712848	0.0003345997598772762	0.015070459088667517	0.042583524944532034	91.51063564116087
0.8615777422296311	0.007	0.005	0.09960909953211637	0.00033351341537589076	0.016082191492510004	0.044006080934729234	91.21352821008972
0.8921847317514755	0.007	0.005	0.10265574400148161	0.00033242558269307187	0.017123842639229482	0.045425936056697216	90.91601376743054
0.9229514679239015	0.007	0.005	0.1056868043140361	0.0003313356483179693	0.01819572144025359	0.046843867912843715	90.61792452879082
0.9538652838547186	0.007	0.005	0.10870080231398055	0.0003302441027765701	0.019297068295562644	0.048259214409337836	90.31939464841022
0.9849385736601183	0.007	0.005	0.11169871979562757	0.00032915055013588206	0.020427998126230532	0.04967246554041691	90.02031584086002
1.0161636563633394	0.007	0.005	0.11467958510086347	0.0003280553031773823	0.021587902505320077	0.05108319311393358	89.72077365000672
1.0475490289076497	0.007	0.005	0.11764398082720155	0.0003269581064277887	0.022776761176978775	0.05249170255365666	89.42069820498406
1.0790902188945073	0.007	0.005	0.12059125316075327	0.00032585915945096346	0.023994065551079115	0.05389771362582617	89.1201440859879
1.1107931947944856	0.007	0.005	0.12352172951596631	0.0003247582977243548	0.025239700525111323	0.05530141296604123	88.81906629707406
1.1426555519636759	0.007	0.005	0.12643495531062685	0.00032365564876974556	0.026513222162584015	0.0567026138585115	88.51749970908563
1.1746816195706589	0.007	0.005	0.12933109459848482	0.00032255110701913614	0.02781444817460178	0.05810142636823203	88.2154154601263
1.2068703124574018	0.007	0.005	0.1322098160611922	0.00032144475473491833	0.02914297463791581	0.05949772212484459	87.91283603963664
1.2392248943398725	0.007	0.005	0.13507117864802687	0.000320336524851002	0.03049857074745489	0.06089156156670665	87.60974311163325
1.2717451225821599	0.007	0.005	0.13791492699747002	0.00031922647130456675	0.031880855961524075	0.062282852573627936	87.30615142307545
1.3044335620742165	0.007	0.005	0.14074105163297207	0.00031811455248484497	0.03328956332224861	0.06367162300592334	87.00204959982192
1.3372905054474247	0.007	0.005	0.14354934347567938	0.0003170008048772901	0.034724324333164795	0.06505780299185987	86.69744761199865
1.370318052531269	0.007	0.005	0.14633974775728958	0.000315885204056587	0.036184843981565115	0.06644139860375803	86.39233878480393
1.403516823944458	0.007	0.005	0.1491120823703565	0.00031476777625092636	0.03767075767734707	0.06782235297824867	86.08673029178728
1.436888604883091	0.007	0.005	0.1518662620718609	0.0003136485089416472	0.03918174765736044	0.06920065731729669	85.78061870572037
1.4704342187931536	0.007	0.005	0.1546021204745738	0.0003125274224574503	0.040717448065295495	0.07057626230261041	85.47400958863092
1.5041552289192437	0.007	0.005	0.15731955107973153	0.0003114045128651589	0.04227752165507896	0.07194914854957028	85.16690186553745
1.5380525681327142	0.007	0.005	0.1600183953176067	0.0003102797977984959	0.04386159718670958	0.07331927035250235	84.85930035658693
1.5721276416596504	0.007	0.005	0.16269853185435468	0.0003091532796555291	0.04546932022038281	0.07468660070968997	84.55120572093811
1.6063814315859855	0.007	0.005	0.1653598052289279	0.0003080249753531157	0.04710031132011109	0.07605109510419847	84.24262258664929
1.6408152122263218	0.007	0.005	0.16800208249244872	0.00030689489267006606	0.04875419964629094	0.07741272031846409	83.93355307146783
1.6754299846716045	0.007	0.005	0.17062520928429023	0.00030576304876571403	0.05043059605849537	0.07877143190830317	83.62400187802643
1.7102269180185918	0.007	0.005	0.17322904399708675	0.0003046294557861028	0.05212911420393736	0.08012719174018046	83.31397232439733
1.7452069895231508	0.007	0.005	0.17581343061652133	0.0003034941325591718	0.05384935308707139	0.08147995389617077	83.00346955970986
1.7803712777650746	0.007	0.005	0.1783782209270771	0.000302357095020458	0.055590911316678815	0.08282967617455482	82.69249794419935
1.815720717589769	0.007	0.005	0.1809232565578626	0.0003012183641673629	0.05735337505274933	0.0841763106557539	82.3810632204766
1.8512562980763423	0.007	0.005	0.18344838368391034	0.00030007795963995934	0.059136327775302776	0.08551981137789172	82.06917075487101
1.886978901882393	0.007	0.005	0.18595344163086827	0.00029893590480749614	0.06093934228530391	0.08686012826613618	81.75682694794058
1.9228894224598234	0.007	0.005	0.18843827147623568	0.0002977922230918279	0.06276198657196516	0.08819721164482237	81.44403819713725
1.9589886728908823	0.007	0.005	0.19090270986468122	0.00029664694075195433	0.06460381923248833	0.08953100887828806	81.13081168749088
1.9952774590288787	0.007	0.005	0.1933465943174209	0.00029550008457880514	0.06646439320363343	0.09086146716806977	80.81715474657783
2.0317565112961122	0.007	0.005	0.19576975881017744	0.0002943516840266806	0.06834325231927912	0.09218853110280288	80.50307542870887
2.06842653432385	0.007	0.005	0.19817203739065034	0.00029320176960584844	0.07023993389406169	0.09351214456078111	80.18858207668934
2.105288172024978	0.007	0.005	0.20055326209587498	0.00029205037393277566	0.07215396698644191	0.09483224951089765	79.87368361454496
2.142342028503022	0.007	0.005	0.20291326458871464	0.00029089753107955173	0.07408487354780792	0.09614878684831299	79.55838935899021
2.1795886448951576	0.007	0.005	0.20525187493034092	0.0002897432772465648	0.07603216730153622	0.09746169564702864	79.24270920781242
2.2170285229871154	0.007	0.005	0.20756892334837787	0.00028858764995086183	0.07799535506927262	0.09877091407985186	78.92665342948999
2.254662096852514	0.007	0.005	0.20986423872726143	0.00028743068898054225	0.07997393539682188	0.10007637850222169	78.61023289368201
2.292489756659734	0.007	0.005	0.21213765035921994	0.00028627243545692026	0.08196739992357324	0.10137802437069113	78.29345885995818
2.330511822496711	0.007	0.005	0.21438898662655975	0.00028511293276045125	0.08397523214193944	0.10267578542173338	77.97634318734217
2.368728563337189	0.007	0.005	0.2166180764322071	0.0002839522258330215	0.08599690854490136	0.10396959441536124	77.65889816430541
2.407140185837381	0.007	0.005	0.21882474880530528	0.0002827903614947977	0.08803189819958158	0.10525938283741476	77.34113659165058
2.4457468357204633	0.007	0.005	0.22100883326813714	0.00028162738829040683	0.09007966299780296	0.10654508103699609	77.02307175959447
2.4845485966411953	0.007	0.005	0.2231701600517235	0.0002804633566127654	0.0921396577880437	0.1078266182777332	76.70471744573666
2.52354548904976	0.007	0.005	0.22530856031240468	0.0002792983186467947	0.09421133052137956	0.10910392278987341	76.38608791277835
2.5627374716643967	0.007	0.005	0.2274238664889219	0.00027813232821584177	0.09629412255006137	0.11037692190755174	76.06719788480507
2.602124437766956	0.007	0.005	0.22951591237393107	0.00027696544088623334	0.09838746866484074	0.11164554203649646	75.74806256571104
2.641706208801766	0.007	0.005	0.23158453305939386	0.0002757977141529844	0.1004907970025585	0.11290970854086327	75.42869767856344
2.681482556968589	0.007	0.005	0.233629566387321	0.0002746292067184781	0.1026035305079685	0.11416934655350083	75.10911927118842
2.721453175197782	0.007	0.005	0.23565085164147334	0.0002734599792751143	0.10472508561234	0.11542438010338599	74.78934394643278
2.7616177079000193	0.007	0.005	0.23764823138212424	0.0002722900936114497	0.10685487415257097	0.11667473317406969	74.46938860317275
2.8019757153500255	0.007	0.005	0.23962154990289916	0.00027111961360038535	0.10899230177963021	0.11792032867196156	74.14927070890216
2.842526712801622	0.007	0.005	0.24157065542080197	0.0002699486039863806	0.11113677034211493	0.11916108972697677	73.82900797608754
2.883270137367429	0.007	0.005	0.2434953986828768	0.00026877713137164554	0.11328767645179513	0.12039693874789846	73.508618613348
2.9242053795146896	0.007	0.005	0.24539563470380846	0.00026760526317705976	0.1154444134785483	0.12162779846343717	73.18812106505243
2.965331752393758	0.007	0.005	0.24727122153270156	0.000266433068551775	0.1176063702702107	0.12285359106727872	72.86753424093973
3.006648526457144	0.007	0.005	0.24912202206193101	0.0002652606173269108	0.11977293332268692	0.1240742393304787	72.5468772338628
3.0481548931082685	0.007	0.005	0.25094790256829025	0.0002640879809492717	0.1219434852242395	0.1252896655891358	72.22616959182047
3.0898500135387965	0.007	0.005	0.25274873506872775	0.00026291523114995363	0.12411740757388895	0.12649979324886726	71.90543092869787
3.131732968391578	0.007	0.005	0.2545243952708559	0.00026174244127352166	0.12629407871375906	0.1277045453719908	71.58468130287781
3.1738028070685753	0.007	0.005	0.25627476486397976	0.00026056968484194915	0.12847287666982737	0.12890384616915004	71.26394082755917
3.216058513835209	0.007	0.005	0.25799973020682165	0.00025939703653165517	0.1306531777587636	0.1300976200734941	70.94322992131859
3.258499035305602	0.007	0.005	0.25969918360319705	0.00025822457131091274	0.13283435838572533	0.13128579257624523	70.62256908903805
3.3011232631872205	0.007	0.005	0.2613730227039984	0.000257052364920544	0.135015794526574	0.13246828978334102	70.3019790442686
3.3439300536852152	0.007	0.005	0.2630211513812897	0.00025588049329500987	0.13719686309815102	0.13364503900019545	69.98148055425351
3.386918221607161	0.007	0.005	0.2646434795626956	0.0002547090326909686	0.1393769420231589	0.13481596859985953	69.66109447711155
3.430086542969853	0.007	0.005	0.2662399233992556	0.00025353805961761476	0.14155541073120417	0.13598100812730113	69.34084173493692
3.4734337605577115	0.007	0.005	0.26781040552247826	0.0002523676506118417	0.1437316508032435	0.1371400884771482	69.02074326574609
3.5169585896076248	0.007	0.005	0.26935485527635084	0.00025119788215339275	0.145905046612066	0.13829314206535412	68.70081997569687
3.5606597090881054	0.007	0.005	0.2708732084247553	0.0002500288307496018	0.14807498523747684	0.13944010261510983	68.38109279768227
3.604535784903495	0.007	0.005	0.27236540796759007	0.0002488605723971909	0.15024085796459463	0.1405809057807545	68.06158251626262
3.6485854525607504	0.007	0.005	0.27383140351693813	0.0002476931830297002	0.15240205975440432	0.14171548869753695	67.74230989053434
3.692807334779507	0.007	0.005	0.2752711518708849	0.0002465267379445359	0.15455799043885124	0.14284379044320672	67.42329552203044
3.7372000417385625	0.007	0.005	0.2766846169613328	0.0002453613118918865	0.1567080550395071	0.14396575203645554	67.1045598506559
3.7817621624364905	0.007	0.005	0.27807176952504126	0.00024419697922830583	0.15885166365304718	0.14508131621299641	66.78612321407952
3.8264922885967056	0.007	0.005	0.2794325877876307	0.00024303381330513334	0.16098823289645584	0.14619042801644608	66.46800567452249
3.871389000217374	0.007	0.005	0.2807670569180376	0.0002418718868647361	0.1631171854838967	0.14729303441712094	66.15022712130428
3.9164508807992995	0.007	0.005	0.2820751693934926	0.0002407112715900856	0.16523795121693466	0.14838908466931425	65.83280716194972
3.961676514808147	0.007	0.005	0.28335692480256247	0.00023955203819566262	0.16734996710731717	0.14947853022080476	65.51576514068793
4.007064488096421	0.007	0.005	0.2846123297389149	0.00023839425645752767	0.16945267763262753	0.1505613246959504	65.19912013588747
4.052613397404589	0.007	0.005	0.28584139793468477	0.00023723799493261823	0.17154553539727743	0.1516374240914047	64.88289089474618
4.098321850903627	0.007	0.005	0.28704415012253887	0.0002360833209244425	0.17362800135562184	0.15270678674998414	64.56709583169456
4.144188465683774	0.007	0.005	0.2882206138186719	0.0002349303006271033	0.17569954488625505	0.15376937326339318	64.25175304789333
4.190211874361281	0.007	0.005	0.289370823341099	0.00023377899892331694	0.17775964426852897	0.15482514658653318	63.93688028803493
4.236390737919862	0.007	0.005	0.2904948199523424	0.00023262947908926217	0.17980778740811665	0.1558740722838147	63.62249485617278
4.282723724882029	0.007	0.005	0.2915926511666293	0.00023148180334977563	0.18184347104758797	0.1569161180049261	63.308613761698304
4.329209539538857	0.007	0.005	0.2926643712544105	0.00023033603206292923	0.183866202142958	0.15795125407578586	62.99525353127438
4.375846901044646	0.007	0.005	0.29371004055429506	0.00022919222448150646	0.1858754970514175	0.15897945297431967	62.6824303552178
4.422634559456979	0.007	0.005	0.2947297256600951	0.00022805043815400818	0.1878708823298512	0.1600006896367517	62.370159983743264
4.469571296424298	0.007	0.005	0.2957234992292895	0.0002269107291067298	0.18985189483642403	0.16101494141309505	62.0584577281339
4.5166559227356	0.007	0.005	0.29669143972818174	0.00022577315176980077	0.1918180816891887	0.16202218795557385	61.747338482739416
4.563887278949981	0.007	0.005	0.297633631249367	0.0002246377590932665	0.1937690003473479	0.1630224111757101	61.436816726294786
4.611264245459471	0.007	0.005	0.2985501635093202	0.00022350460229139115	0.19570421906385632	0.16401559539795532	61.12690646181856
4.658785727431531	0.007	0.005	0.2994411313494049	0.00022237373118591487	0.19762331629146118	0.16500172698255033	60.81762132158427
4.706450674333638	0.007	0.005	0.30030663491157894	0.00022124519382644574	0.1995258814932178	0.16598079467492058	60.50897444574341
4.754258064800788	0.007	0.005	0.301146779149402	0.00022011903685285222	0.20141151452974018	0.16695278923017318	60.20097858751016
4.802206926293554	0.007	0.005	0.30196167397684864	0.00021899530504450508	0.20327982642736928	0.16791770375389217	59.89364599292474
4.850296307114367	0.007	0.005	0.30275143358396767	0.00021787404200455975	0.20513043825885066	0.1688755330753361	59.58698858749696
4.8985253152695964	0.007	0.005	0.30351617689302807	0.00021675528926226205	0.20696298262011553	0.16982627446691217	59.281017734348694
4.946893077563416	0.007	0.005	0.30425602668890545	0.00021563908732129115	0.20877710201273164	0.17076992676873384	58.97574450211398
4.995398772185106	0.007	0.005	0.3049711099537603	0.00021452547480128084	0.21057245004066658	0.17170649097552534	58.671179464545055
5.044041610054989	0.007	0.005	0.30566155738376055	0.00021341448905571036	0.21234869064445536	0.17263596981096185	58.36733282570714
5.0928208450477	0.007	0.005	0.30632750335761727	0.00021230616580102544	0.21410549841626683	0.17355836786857254	58.06421436253137
5.14173576485295	0.007	0.005	0.3069690856269164	0.00021120053947220363	0.21584255819447415	0.17447369138094748	57.76183348870946
5.190785707755179	0.007	0.005	0.30758644535900986	0.00021009764282482851	0.21755956557985365	0.17538194847807143	57.460199157815595
5.239970033901983	0.007	0.005	0.30817972659368875	0.00020899750753870002	0.219256225835821	0.17628314859750088	57.159320047316314
5.2892881583949745	0.007	0.005	0.3087490764914108	0.0002079001636536639	0.22093225495569774	0.17717730304373905	56.859204361790965
5.338739509288151	0.007	0.005	0.309294644673355	0.00020680564039462774	0.22258737812851093	0.17806442417041105	56.55986009584289
5.388323583789128	0.007	0.005	0.30981658370266796	0.0002057139649929632	0.2242213315399205	0.17894452634512636	56.26129469916712
5.438039886352069	0.007	0.005	0.31031504824461825	0.00020462516409454928	0.22583386019347287	0.17981762478839372	55.9635154578757
5.487887978478568	0.007	0.005	0.31079019545321407	0.000203539262650229	0.22742471945575593	0.18068373641374305	55.66652920020215
5.537867442881644	0.007	0.005	0.31124218445999036	0.00020245628479759764	0.22899367377563826	0.1815428791487678	55.37034251780053
5.58797790040679	0.007	0.005	0.31167117641034753	0.00020137625338717923	0.23054049712626584	0.18239507218921389	55.07496167004989
5.638219003815065	0.007	0.005	0.3120773342723891	0.0002002991902517636	0.23206497269407844	0.1832403358479934	54.78039262682911
5.688590441511083	0.007	0.005	0.31246082274027454	0.00019922511612547036	0.2335668928776809	0.1840786915764454	54.4866410522401
5.739091927899051	0.007	0.005	0.31282180803781634	0.000198154050807995	0.23504605888343422	0.18491016176340064	54.193712366349835
5.789723213778691	0.007	0.005	0.31316045788137775	0.00019708601303169575	0.23650228091956502	0.18573476986993664	53.90161168978606
5.840484069905477	0.007	0.005	0.3134769412558911	0.00019602102078002099	0.23793537760391267	0.18655254012383596	53.61034394381175
5.891374304124357	0.007	0.005	0.31377142842504085	0.0001949590909781567	0.23934517634244146	0.18736349776415548	53.31991375621467
5.942393744841791	0.007	0.005	0.3140440907257021	0.00019390023983998806	0.24073151274511817	0.18816766874086047	53.03032556089881
5.993542251450976	0.007	0.005	0.31429510053527987	0.0001928444826711631	0.24209423080308415	0.18896507985019315	52.74158354263368
6.044819701052776	0.007	0.005	0.31452463111318857	0.0001917918341366652	0.2434331824179486	0.189755758496414	52.453691716424125
6.096225998896721	0.007	0.005	0.31473285656995453	0.0001907423081108993	0.24474822757200296	0.19053973282741976	52.16665387231797
6.147761071841655	0.007	0.005	0.3149199517537679	0.0001896959177791877	0.24603923404263656	0.19131703160563526	51.88047361614209
6.199424868590945	0.007	0.005	0.3150860921761471	0.0001886526756468198	0.24730607730035215	0.19208768418653585	51.59515437169839
6.251217356488858	0.007	0.005	0.31523145393006924	0.00018761259364507158	0.24854864032304677	0.19285172044699186	51.31069940181101
6.3031385217213325	0.007	0.005	0.31535621362530375	0.0001865756831369627	0.2497668134981776	0.1936091707666321	51.0271118102218
6.355188369516724	0.007	0.005	0.31546054832497794	0.00018554195488316386	0.250960494523136	0.19436006600944405	50.744394543499666
6.407366917418187	0.007	0.005	0.3155446354735652	0.00018451141922799365	0.25212958815053965	0.1951044374073246	50.4625504302826
6.459674202361732	0.007	0.005	0.31560865285636913	0.00018348408596607904	0.25327400625227553	0.19584231664412197	50.18158214533491
6.512110273914714	0.007	0.005	0.31565277853500345	0.000182459964426382	0.2543936675684341	0.19657373574133444	49.901492248577874
6.564675194408709	0.007	0.005	0.31567719080168033	0.0001814390635851369	0.25548849761859	0.19729872704510976	49.62228318636828
6.617369032075905	0.007	0.005	0.31568206813498867	0.0001804213920946015	0.25655842847169746	0.19801732311854386	49.34395732963673
6.670191875141454	0.007	0.005	0.3156675891622738	0.00017940695809145132	0.2576033989459141	0.19872955692152514	49.06651690103384
6.7231439269424556	0.007	0.005	0.3156339325263068	0.00017839576734712402	0.25862335630343414	0.199435463051935	48.7899634825814
6.776225260374868	0.007	0.005	0.3155812769495743	0.00017738782802396232	0.25961825135217376	0.2001350744369636	48.51429930428007
6.829436017979794	0.007	0.005	0.3155098011454019	0.00017638314681866905	0.26058804231776816	0.2008284250200091	48.2395261946449
6.882776302850294	0.007	0.005	0.3154196838818266	0.00017538173100910363	0.26153269269749	0.20151554830762405	47.96564614952215
6.9362462385967545	0.007	0.005	0.31531110390077594	0.0001743835873706207	0.26245217231495543	0.20219647815427574	47.69266102108307
6.989845948199984	0.007	0.005	0.3151842399197737	0.0001733887225569458	0.26334645685665065	0.20287124847889332	47.42057262790088
7.043575554008366	0.007	0.005	0.3150392706165052	0.0001723971431053885	0.2642155278096348	0.20353989326169722	47.14938275491233
7.097435177735009	0.007	0.005	0.31487637461345663	0.00017140885539992684	0.26505937239864485	0.20420244654104205	46.87909315338183
7.151424936870666	0.007	0.005	0.314695730475197	0.00017042386579849952	0.26587798346918123	0.2048589423669396	46.60970555870046
7.205544959017838	0.007	0.005	0.314497516644055	0.00016944218032048273	0.2666713596390551	0.20550941497175199	46.3412216189224
7.2597953531795	0.007	0.005	0.3142819115267045	0.0001684638052080219	0.2674395048075572	0.20615389842050905	46.07364303746457
7.314176238464627	0.007	0.005	0.31404909337955994	0.00016748874635072128	0.26818242852021545	0.20679242695534994	45.806971430146675
7.368687715238561	0.007	0.005	0.3137992404137092	0.0001665170098631364	0.2689001455036738	0.20742503465216913	45.541208466933384
7.423329890339242	0.007	0.005	0.3135325306799579	0.00016554860159486302	0.2695926759574871	0.2080517557172984	45.2763557474738
7.4781028553266236	0.007	0.005	0.31324914215851934	0.00016458352751298145	0.2702600452099937	0.20867262423439473	45.01241490659691
7.533006700920168	0.007	0.005	0.31294925268380336	0.00016362179348443804	0.2709022838519036	0.209287674331751	44.74938754327684
7.588041502381722	0.007	0.005	0.3126330400149258	0.00016266340546715116	0.27151942750818014	0.20989694001824488	44.48727529001782
7.643207326697785	0.007	0.005	0.312300681796251	0.00016170836941690686	0.2721115168802563	0.2105004552677659	44.22607977688629
7.698504236177645	0.007	0.005	0.3119523555283692	0.00016075669122735608	0.2726785977307038	0.21109825405932897	43.96580261358549
7.75393226265842	0.007	0.005	0.3115882387299025	0.0001598083771368315	0.2732207205763434	0.21169037010219358	43.7064455092713
7.8094914551707655	0.007	0.005	0.31120850862822813	0.00015886343295479184	0.273737941120097	0.21227683735127773	43.44801004741396
7.865181813564513	0.007	0.005	0.3108133425981931	0.00015792186510954845	0.2742303195658304	0.21285768930396487	43.190497994325064
7.921003351048812	0.007	0.005	0.3104029177393723	0.00015698367968175266	0.2746979211681712	0.21343295966715894	42.93391100595246
7.976956049756087	0.007	0.005	0.3099774111832624	0.00015604888307056594	0.275140815784764	0.2140026818947563	42.678250832331535
8.033039879075512	0.007	0.005	0.30953699996652817	0.00015511748167482985	0.2755590780042743	0.21456688938546095	42.42351923052319
8.089254791813767	0.007	0.005	0.3090818610580787	0.00015418948203482826	0.27595278707234844	0.2151256154478105	42.16971798038681
8.145600716572185	0.007	0.005	0.3086121714230182	0.0001532648908382892	0.27632202680292933	0.21567889323085188	41.91684891668185
8.20207756878242	0.007	0.005	0.30812810793437634	0.0001523437148161792	0.2766668856184804	0.21622675583987588	41.664913876984016
8.25868523932648	0.007	0.005	0.3076298474682721	0.00015142596085500622	0.27698745643730716	0.21676923623054525	41.41391475050544
8.315423598092451	0.007	0.005	0.3071175668773647	0.00015051163602032124	0.2772838366644592	0.2173063672512867	41.16385345948776
8.372292493799039	0.007	0.005	0.306591442993296	0.00014960074741889544	0.27755612815461306	0.21783818164820426	40.914731957497224
8.429291753820692	0.007	0.005	0.3060516526283756	0.00014869330231290554	0.27780443717390346	0.21836471206981875	40.66655222772342
8.486421176429005	0.007	0.005	0.3054983726507694	0.00014778930818433987	0.2780288743324992	0.21888599100286785	40.41931631400445
8.543680541952677	0.007	0.005	0.304931779879286	0.00014688877253561254	0.2782295545976102	0.21940205088245462	40.17302626953657
8.60106959740197	0.007	0.005	0.3043520512338231	0.00014599170313619498	0.2784065972001897	0.21991292395964773	39.927684220478554
8.658588071465786	0.007	0.005	0.30375936358764366	0.00014509810779428687	0.27856012565328603	0.22041864244431836	39.68329229852327
8.716235666722602	0.007	0.005	0.30315389384191777	0.00014420799441130724	0.27869026768449157	0.2209192384411524	39.43985267178882
8.774012047932205	0.007	0.005	0.30253581905092486	0.00014332137124364554	0.27879715517954673	0.22141474385703894	39.19736759092863
8.831916860948759	0.007	0.005	0.30190531622314504	0.0001424382465102649	0.2788809241905012	0.22190519057330435	38.9558393061414
8.889949724884747	0.007	0.005	0.30126256239833543	0.000141558628541213	0.27894171487355074	0.22239061038318947	38.715270097698706
8.948110220331419	0.007	0.005	0.30060773477728037	0.00014068252595573756	0.27897967144220126	0.222871034901627	38.4756623214976
9.006397908404447	0.007	0.005	0.29994101050776023	0.00013980994734817835	0.278994942148176	0.22334649573181517	38.23701832704278
9.06481231123131	0.007	0.005	0.29926256690014325	0.00013894090155916664	0.2789876792280283	0.22381702431104322	37.999340534788466
9.12335294662687	0.007	0.005	0.2985725810190991	0.0001380753971881399	0.2789580388552036	0.2242826521963809	37.76263129212813
9.182019300847163	0.007	0.005	0.2978712299844218	0.0001372134429341307	0.2789061810777303	0.22474341084591573	37.52689298272483
9.240810793250292	0.007	0.005	0.2971586913975731	0.00013635504814517681	0.2788322698279586	0.22519933135377643	37.29212816396941
9.299726846163445	0.007	0.005	0.29643514250054387	0.00013550022179000424	0.27873647281770275	0.2256504450058917	37.05833928303334
9.358766818352636	0.007	0.005	0.29570076097352804	0.00013464897335573582	0.2786189615732768	0.22609678276982695	36.82552893960595
9.417930059519126	0.007	0.005	0.29495572426099864	0.00013380131212239666	0.2784799113075931	0.22653837572046867	36.593699666006664
9.477215870941311	0.007	0.005	0.2942002100493567	0.0001329572476206197	0.2783195009431017	0.22697525474681027	36.362854079751216
9.536623528795596	0.007	0.005	0.29343439596663595	0.000132116789440509	0.2781379130141595	0.22740745073387436	36.132994788591475
9.59615227611873	0.007	0.005	0.2926584596714644	0.00013127994713714642	0.2779353336302657	0.22783499450735037	35.90412441923473
9.655801326568898	0.007	0.005	0.29187257879188316	0.00013044673034223636	0.27771195240804514	0.22825791686552674	35.67624560000035
9.715569852365311	0.007	0.005	0.2910769310718412	0.00012961714883528056	0.2774679624609356	0.22867624849882712	35.44936100394613
9.77545700390659	0.007	0.005	0.2902716940984956	0.0001287912122615376	0.27720356026604526	0.2290900201330069	35.22347327119135
9.835461893752631	0.007	0.005	0.2894570454991527	0.00012796893035323258	0.2769189456650113	0.22949926242001142	34.99858506726679
9.89558360838162	0.007	0.005	0.2886331627676432	0.00012715031281131908	0.27661432174949735	0.22990400602287236	34.774699036104984
9.955821188090338	0.007	0.005	0.2878002235234634	0.00012633536946594096	0.2762898948988245	0.2303042814838107	34.55181787226457
10.016173666778279	0.007	0.005	0.28695840494603825	0.00012552410980526258	0.2759458745033195	0.23070011949267594	34.32994417089927
10.07664001582347	0.007	0.005	0.2861078845344885	0.00012471654370393748	0.27558247320274903	0.2310915505178675	34.109080632624114
10.13721920802396	0.007	0.005	0.28524883919667554	0.00012391268055957395	0.27519990645059417	0.23147860522768218	33.889229826161184
10.197910165359849	0.007	0.005	0.2843814459608069	0.00012311252998155187	0.27479839274612594	0.23186131415136008	33.67039437760831
10.258711795031266	0.007	0.005	0.283505881445613	0.00012231610127317585	0.2743781533363132	0.23223970791180323	33.45257683720137
10.319622965210177	0.007	0.005	0.2826223221842488	0.00012152340382447571	0.27393941229542695	0.23261381707242154	33.235779765041194
10.380642521064297	0.007	0.005	0.28173094437281854	0.00012073444677956908	0.27348239633851995	0.2329836722381283	33.02000567154954
10.441769272541011	0.007	0.005	0.28083192402538554	0.00011994923931151403	0.2730073348296169	0.23334930398057718	32.80525705908285
10.503002014549317	0.007	0.005	0.2799254366547382	0.00011916779027541399	0.27251445954422515	0.23371074295900976	32.59153634920236
10.56433950662831	0.007	0.005	0.27901165754682683	0.00011839010848229461	0.27200400474027403	0.23406801979703634	32.37884595277522
10.62578048505581	0.007	0.005	0.27809076155876106	0.00011761620255045278	0.2714762069785666	0.23442116515398834	32.167188225957595
10.68732366689894	0.007	0.005	0.27716292303183354	0.0001168460808164413	0.2709313049953223	0.23477020974511695	31.956565455356728
10.748967750012765	0.007	0.005	0.2762283157641248	0.00011607975140467824	0.2703695396055036	0.23511518433735604	31.746979857506414
10.810711396659393	0.007	0.005	0.27528711323365546	0.0001153172223830726	0.2697911537615528	0.23545611965521554	31.53843363351558
10.872553266227493	0.007	0.005	0.27433948807516817	0.00011455850130561448	0.269196392158167	0.2357930465595523	31.330928857361858
10.934491982477256	0.007	0.005	0.27338561255241584	0.00011380359570321704	0.2685855014419456	0.23612599586231411	31.124467586097392
10.996526162255588	0.007	0.005	0.27242565809225816	0.00011305251266817499	0.26795872984074987	0.23645499847933946	30.919051762873075
11.058654382621645	0.007	0.005	0.27145979576588225	0.00011230525931199418	0.2673163273957694	0.23678008525066194	30.71468332570584
11.120875238521842	0.007	0.005	0.27048819536716573	0.00011156184198756952	0.2666585452722874	0.2371012872390158	30.5113640170665
11.183187285172085	0.007	0.005	0.2695110262796861	0.00011082226705382	0.26598563624938715	0.2374186354209942	30.30909557400874
11.245589066936118	0.007	0.005	0.2685284570025033	0.00011008654048642195	0.2652978543258726	0.23773216083386794	30.10787963285832
11.308079125692345	0.007	0.005	0.26754065498988683	0.00010935466781382266	0.2645954545204741	0.23804189460949704	29.907717703150386
11.370655976058702	0.007	0.005	0.266547787015568	0.00010862665438114472	0.26387869304549094	0.2383478678440521	29.70861124774803
11.43331813447307	0.007	0.005	0.26555001868715905	0.00010790250502515948	0.2631478268791019	0.23865011173571116	29.510561590171505
11.496064102699348	0.007	0.005	0.2645475146807154	0.00010718222427154111	0.26240311384774756	0.2389486574955589	29.313569968241513
11.558892380389729	0.007	0.005	0.26354043851493875	0.00010646581619948168	0.26164481237652204	0.2392435364005338	29.117637495335654
11.621801456870553	0.007	0.005	0.26252895265679627	0.0001057532845121008	0.26087318148265326	0.23953477974612414	28.922765187376033
11.684789819583443	0.007	0.005	0.26151321836139924	0.00010504463248094635	0.26008848057101447	0.23982241887789252	28.728953937720544
11.74785594585147	0.007	0.005	0.2604933957803259	0.0001043398630251339	0.2592909694338752	0.24010648514538271	28.536204543901
11.810998311342592	0.007	0.005	0.25946964380187854	0.00010363897862080845	0.2584809080457048	0.2403870099329253	28.344517682828837
11.874215402775183	0.007	0.005	0.25844211982096615	0.00010294198115723718	0.2576585562947369	0.24066402470594875	28.153893874296948
11.93750568873073	0.007	0.005	0.2574109801903725	0.00010224887230327416	0.25682417425912235	0.24093756087313792	27.964333571070252
12.000867657516634	0.007	0.005	0.25637637958352305	0.00010155965305092704	0.25597802161429917	0.24120764994309732	27.775837046631835
12.064299783743099	0.007	0.005	0.25533847151770406	0.00010087432411776416	0.2551203579735399	0.24147432337019184	27.588404497425785
12.127800562076605	0.007	0.005	0.25429740778270804	0.00010019288558865467	0.25425144233937225	0.24173761268895208	27.402035944579495
12.191368469526132	0.007	0.005	0.2532533390389486	9.95153373101403e-5	0.25337153351933006	0.24199754934683834	27.21673134727399
12.255002020341898	0.007	0.005	0.2522064138982818	9.88416783246213e-5	0.2524808892762066	0.2422541649210057	27.03249044438554
12.318699707173502	0.007	0.005	0.2511567798726164	9.81719075127812e-5	0.2515797670478871	0.24250749086765458	26.849312928567564
12.382460047604628	0.007	0.005	0.25010458259248924	9.75060230939586e-5	0.25066842320873084	0.24275755870169025	26.667198313438988
12.446281567448942	0.007	0.005	0.24904996606561577	9.684402283132886e-5	0.24974711320982507	0.24300439991840755	26.486145984985964
12.51016279666607	0.007	0.005	0.24799307273001425	9.618590404150064e-5	0.2488160915516829	0.24324804596877359	26.306155215549257
12.57410228644828	0.007	0.005	0.24693404315778714	9.55316634983688e-5	0.24787561144994177	0.243488528315348	26.127225118277252
12.638098596684927	0.007	0.005	0.24587301624956379	9.488129752119558e-5	0.24692592493162854	0.2437258783740196	25.949354685559815
12.70215030035032	0.007	0.005	0.24481012915040407	9.423480194409653e-5	0.2459672826897577	0.24396012752145985	25.77254277943978
12.766255983657564	0.007	0.005	0.24374551723671756	9.35921721359867e-5	0.24499993400140874	0.24419130708635248	25.596788134062123
12.830414250461578	0.007	0.005	0.2426793140336228	9.295340297062779e-5	0.24402412658357703	0.2444194483558902	25.42208934657727
12.894623722419562	0.007	0.005	0.24161165120370498	9.231848882957378e-5	0.24304010651401187	0.2446445825665016	25.248444879935562
12.958883039147265	0.007	0.005	0.24054265853697848	9.168742360883745e-5	0.24204811815497396	0.2448667408948585	25.075853065670316
13.023190858371082	0.007	0.005	0.23947246394203764	9.106020073273908e-5	0.24104840407988848	0.24508595444915998	24.90431210666859
13.087545856076026	0.007	0.005	0.23840119343835717	9.043681318224222e-5	0.24004120500287707	0.24530225426069066	24.73382007992859
13.151946722381485	0.007	0.005	0.23732897122079183	8.9817253504822e-5	0.23902675977858825	0.24551567126160617	24.564374950494024
13.216392174482534	0.007	0.005	0.23625591944097243	8.920151374632383e-5	0.23800530513595272	0.24572623631954782	24.39597454046174
13.280880943987365	0.007	0.005	0.2351821584159801	8.858958555441679e-5	0.23697707581675387	0.24593398018709398	24.228616565559737
13.34541179842028	0.007	0.005	0.23410780626925135	8.798145998659299e-5	0.2359423041748334	0.2461389335627637	24.06229858256665
13.409983498600791	0.007	0.005	0.23303297964007746	8.737712794352749e-5	0.23490122080333986	0.24634112694718197	23.89701810254226
13.474594862929298	0.007	0.005	0.23195779261432659	8.677657958110798e-5	0.23385405344963017	0.2465405908386086	23.73277242867684
13.539244703335905	0.007	0.005	0.23088235779251173	8.617980486614971e-5	0.2328010279963877	0.24673735552400927	23.569558823741655
13.603931876774286	0.007	0.005	0.22980678543570354	8.558679319224327e-5	0.2317423675811432	0.2469314512313981	23.407374382082352
13.668655246790598	0.007	0.005	0.22873118410864984	8.499753368011835e-5	0.23067829317625763	0.24712290800510248	23.24621613006464
13.733413713640193	0.007	0.005	0.2276556601836564	8.441201494243355e-5	0.22960902305454334	0.24731175578958833	23.086080953572917
13.798206188667015	0.007	0.005	0.22658031827189798	8.383022533264785e-5	0.22853477317068618	0.2474980243469329	22.926965664962296
13.863031620157749	0.007	0.005	0.22550526080045405	8.325215269171058e-5	0.22745575669726356	0.24768174332577278	22.768866942240866
13.9278889719838	0.007	0.005	0.22443058837413193	8.267778459451636e-5	0.22637218434356404	0.24786294219327584	22.611781384778467
13.992777232283407	0.007	0.005	0.22335639963921317	8.210710824663762e-5	0.22528426418039513	0.2480416502547011	22.45570549480434
14.057695422160458	0.007	0.005	0.222282791148412	8.154011043948217e-5	0.22419220146386692	0.2482178966711852	22.300635659692336
14.122642578578946	0.007	0.005	0.2212098576535655	8.09767777112494e-5	0.2230961988950325	0.24839171040723407	22.146568196056716
14.187617763046273	0.007	0.005	0.22013769197187716	8.041709626481353e-5	0.22199645645017801	0.24856312024998195	21.993499331565214
14.252620070311611	0.007	0.005	0.21906638485350588	7.986105190853796e-5	0.22089317121041885	0.24873215482673525	21.84142518752803
14.317648606918732	0.007	0.005	0.2179960253467944	7.93086302769366e-5	0.2197865377049631	0.24889884254412786	21.69034183207575
14.382702517123711	0.007	0.005	0.2169267003832964	7.875981658769663e-5	0.21867674745319216	0.24906321165108727	21.54024522230913
14.44778096143073	0.007	0.005	0.21585849514406294	7.821459584777744e-5	0.217563989313549	0.2492252901792061	21.39113125708632
14.512883125276609	0.007	0.005	0.2147914929297344	7.767295276882955e-5	0.21644844932245658	0.24938510596148353	21.242995759342104
14.578008223413375	0.007	0.005	0.2137257751027308	7.713487179018587e-5	0.21533031060718053	0.24954268663907764	21.095834468879257
14.643155487030869	0.007	0.005	0.21266142131241694	7.660033714516991e-5	0.21420975359703417	0.24969805962650904	20.949643074120416
14.708324172442007	0.007	0.005	0.2115985093672724	7.606933280963247e-5	0.2130869558670186	0.24985125213006043	20.804417194724017
14.77351356977942	0.007	0.005	0.21053711510872508	7.554184244850602e-5	0.21196209198152857	0.25000229116460626	20.660152364944523
14.838722977142337	0.007	0.005	0.20947731284797802	7.501784966432137e-5	0.2108353339360915	0.2501512034905943	20.516844093409873
14.903951730878253	0.007	0.005	0.2084191748888548	7.449733768023354e-5	0.2097068506326145	0.25029801568178134	20.374487798399027
14.96919917106968	0.007	0.005	0.20736277210460755	7.398028971438298e-5	0.20857680847528418	0.2504427540445018	20.233078885783073
15.034464680471128	0.007	0.005	0.20630817332288276	7.346668861354271e-5	0.20744537069791413	0.2505854447032129	20.092612666264802
15.099747649976674	0.007	0.005	0.20525544590207262	7.29565171648008e-5	0.2063126979642791	0.2507261135216015	19.953084432564676
15.16504750460073	0.007	0.005	0.2042046553284076	7.2449757899883e-5	0.2051789479219093	0.2508647861579613	19.81448940548243
15.23036367756793	0.007	0.005	0.20315586565091592	7.194639327946027e-5	0.20404427565713837	0.25100148800806704	19.67682279122112
15.2956956319755	0.007	0.005	0.20210913914988257	7.144640557233847e-5	0.20290883332598625	0.25113624425035863	19.540079737160525
15.361042843520394	0.007	0.005	0.2010645366318217	7.094977695385476e-5	0.20177277046230702	0.2512690798087576	19.404255370142913
15.426404817842856	0.007	0.005	0.20002211716946303	7.045648940664316e-5	0.200636233685734	0.25140001938754386	19.269344762015805
15.491781077572872	0.007	0.005	0.19898193832727137	6.996652481485363e-5	0.1994993669373808	0.25152908744392904	19.135342958523765
15.557171162355644	0.007	0.005	0.19794405617847144	6.947986497290055e-5	0.1983623114911468	0.2516563081880869	19.002244980721734
15.622574637540625	0.007	0.005	0.1969085251852025	6.899649152659684e-5	0.19722520581539071	0.2517817055997636	18.870045808911087
15.687991076878438	0.007	0.005	0.1958753984908476	6.851638610736439e-5	0.19608818588754182	0.25190530339478656	18.738740419268023
15.753420084206134	0.007	0.005	0.19484472759493654	6.80395301806732e-5	0.19495138483181687	0.2520271250666079	18.608323741543206
15.818861276138302	0.007	0.005	0.1938165626452866	6.756590516852609e-5	0.19381493323577267	0.252147193853358	18.478790695460088
15.884314282083421	0.007	0.005	0.19279095245484995	6.70954924565076e-5	0.19267895916628033	0.25226553273890806	18.350136191705285
15.949778761604676	0.007	0.005	0.19176794424791926	6.66282732926043e-5	0.19154358788547576	0.252382164484659	18.22235509916232
16.0	0.007	0.005	0.1909850508640914	6.627205176131213e-5	0.1906732018853942	0.25247048249901005	18.124931063777215
