0.0	0.007	0.005	0.0	0.0	0.0	0.0	100.0
0.0008057896793067491	0.007	0.005	0.00010227998878728886	0.0001672388891265783	3.8097705499720323e-7	0.0001130381738310995	99.99238774682546
0.0011620732439211034	0.007	0.005	0.00014749524016003182	0.0002172934580141828	7.922853414286178e-7	0.00021919955939776747	99.98902213927998
0.0017892373059296741	0.007	0.005	0.0002270750287913044	0.00028142727679409866	1.8779268992118092e-6	0.0004624106223225504	99.98309795344734
0.0023112933839693154	0.007	0.005	0.00029330580437574765	0.0003179746058351547	3.1332363709209276e-6	0.0007043995707650168	99.97816688433443
0.002960818329186687	0.007	0.005	0.00037569268282517504	0.00034902321442290864	5.140816998093273e-6	0.0010393140576049798	99.97203215037615
0.0036110832834745287	0.007	0.005	0.0004581564708742539	0.00036931748743842494	7.645557591199511e-6	0.001399904006445319	99.96589080414074
0.004345953374309535	0.007	0.005	0.00055132910130004	0.00038390439958361345	1.1071848194376286e-5	0.0018269537918152855	99.95895086933577
0.005126316785077255	0.007	0.005	0.0006502460231995451	0.00039333189549186314	1.540180111586419e-5	0.002294605621523592	99.95158183411019
0.005989121198082504	0.007	0.005	0.0007595845377529215	0.0003994163570920817	2.1017837333273453e-5	0.00282176496462983	99.9434349341547
0.006928903070415856	0.007	0.005	0.000878644031799156	0.0004030804320205967	2.812439395420635e-5	0.0034028118348548844	99.93456194175022
0.007970802694788812	0.007	0.005	0.0010105992882853533	0.0004051909328485774	3.720822928246637e-5	0.0040514544941807045	99.92472572083074
0.009127291053171172	0.007	0.005	0.0011570161264180105	0.0004063130879029048	4.8773761059187326e-5	0.004774148804678856	99.91380884025735
0.010427577806176157	0.007	0.005	0.0013215745334194695	0.00040685313911904375	6.3638571298239e-5	0.0055882073208291735	99.90153597312799
0.011902506495887645	0.007	0.005	0.0015081528794951304	0.00040706828973380787	8.288224288293048e-5	0.0065122921629199824	99.88761655805789
0.013600109388165704	0.007	0.005	0.0017227917009507974	0.00040711502677342104	0.00010816208325193905	0.0075760408416126225	99.8715980897791
0.015584508013798645	0.007	0.005	0.0019735457733612975	0.0004070786301203628	0.00014195450944062474	0.008819281525869818	99.85287669238029
0.017952670570660453	0.007	0.005	0.002272587205936001	0.0004069993563086502	0.00018825648255456207	0.010302426759093465	99.83053934675465
0.020850604138214913	0.007	0.005	0.0026382208894527026	0.0004068906539545629	0.00025374486273554487	0.012116483721248524	99.80321181245131
0.02451199117518233	0.007	0.005	0.0030997002951272095	0.0004067503819585709	0.00035034659023600094	0.014407035419758872	99.76869560254306
0.029299257411414766	0.007	0.005	0.0037022780674168965	0.0004065665082014508	0.0004999260497031321	0.017399543160235096	99.72358363971938
0.03552994092669871	0.007	0.005	0.004485172284273106	0.00040632718364724894	0.0007339527134690368	0.021290272160956112	99.66490043686632
0.04257289785882594	0.007	0.005	0.00536826987010727	0.0004060563062462609	0.0010518144297585663	0.025682707340839682	99.59860847857448
0.04928785226076526	0.007	0.005	0.006208405140722684	0.00040579633450249926	0.001407290188392758	0.029865139175848723	99.53544491191332
0.05524454844573522	0.007	0.005	0.006952174874454059	0.0004055648708088611	0.0017652277250678338	0.03357084675970012	99.47944735595982
0.06060286794113971	0.007	0.005	0.007620029167598432	0.0004053595579939256	0.002121264267920771	0.03690072832765052	99.42910192022234
0.06567869744372201	0.007	0.005	0.008251627052256823	0.0004051670164367137	0.0024881489821287997	0.0400519439642155	99.38143419010004
0.07072572264245189	0.007	0.005	0.008878631852460446	0.00040497528056107596	0.0028814050614471482	0.043182280195232584	99.33405962313944
0.07587724202998192	0.007	0.005	0.00951758207083152	0.0004047789120101666	0.0033119430722616493	0.04637434926872752	99.28572749700766
0.08116367011805199	0.007	0.005	0.010172178354607491	0.00040457698994007937	0.0037842339519762735	0.04964678241922168	99.2361540907803
0.08654917025941997	0.007	0.005	0.010837911770922994	0.00040437110015139076	0.004296986122890128	0.052977181888876776	99.18567708984483
0.09197398922443403	0.007	0.005	0.011507353600332892	0.00040416368932494904	0.004845596062225327	0.05632846898853821	99.13485752023509
0.09738991623078465	0.007	0.005	0.01217454632433663	0.0004039567338625644	0.005425318095047996	0.05967083491093699	99.08414722461843
0.10277549764407948	0.007	0.005	0.012836861086133166	0.0004037511335256294	0.006033369886820217	0.06299108028675757	99.03374678240705
0.10813223768707522	0.007	0.005	0.013494503129749518	0.00040354683666025953	0.006669265800196006	0.06629019165291478	98.98364168066009
0.11347273690498826	0.007	0.005	0.014149035097731027	0.0004033433196903624	0.007333975457493111	0.06957597514879836	98.93371372499993
0.11881005038236112	0.007	0.005	0.01480206459820925	0.00040314003738978644	0.00802882294519111	0.07285648460259865	98.88384071404609
0.12415216251071674	0.007	0.005	0.015454569519300387	0.00040293665772489625	0.008754728731645773	0.07613662942011905	98.8339480386222
0.12950123341110414	0.007	0.005	0.016106811524510618	0.00040273309184616165	0.009511954030139422	0.07941772836860432	98.78401559469572
0.13485554653686455	0.007	0.005	0.016758578989652145	0.0004025294114497683	0.010300226942875825	0.0826987205060492	98.7340594794431
0.14021207450146714	0.007	0.005	0.017409502565712578	0.0004023257421426685	0.011119032342179366	0.08597774711667841	98.68410797859804
0.14556834507268795	0.007	0.005	0.01805928271121726	0.00040212218640121015	0.011967876427377953	0.0892532963274934	98.63418414766102
0.15092318198903634	0.007	0.005	0.018707778749454528	0.00040191879296743105	0.012846426532216015	0.0925246537286363	98.58429892539023
0.1562765583419619	0.007	0.005	0.01935498981000052	0.0004017155628972056	0.013754522445314266	0.09579180891553414	98.53445252923703
0.16162905217734752	0.007	0.005	0.020000987990326173	0.00040151247213949154	0.01469211159986014	0.09905512018786942	98.48463954759364
0.16698131610580433	0.007	0.005	0.020645853882849834	0.0004013094935638327	0.01565916842559044	0.10231498980286666	98.43485388634801
0.1723337758486827	0.007	0.005	0.02128964027246149	0.00040110660946999566	0.016655639297854546	0.10557168042107855	98.38509157255677
0.1776865671921359	0.007	0.005	0.0219323648080593	0.0004009038141879664	0.01768142393834851	0.10882527750603893	98.33535133479842
0.18303961960312495	0.007	0.005	0.02257402031572281	0.00040070111059725965	0.01873638414747246	0.11207574096598551	98.28563381995137
0.18839278666790193	0.007	0.005	0.023214590605860945	0.00040049850471579357	0.019820364960459316	0.11532298487351676	98.2359403777939
0.19374594146609891	0.007	0.005	0.023854061934084344	0.0004002960017490352	0.020933212705255538	0.1185669354650782	98.18627217453918
0.19909901912067327	0.007	0.005	0.024492428050686122	0.0004000936043300802	0.022074784746783004	0.12180755682633443	98.13662979880385
0.2044520132515624	0.007	0.005	0.02512968971508597	0.00039989131266906114	0.023244950386154963	0.12504484855781317	98.08701329592765
0.20980495009347414	0.007	0.005	0.02576585156267896	0.000399689125626511	0.024443586563831266	0.1282788299665559	98.03742240906362
0.21515786261604183	0.007	0.005	0.02640091900385208	0.00039948704178535525	0.02567057272157187	0.13150952435462585	97.9878568195172
0.2205107727988486	0.007	0.005	0.027034896119734562	0.00039928506018425275	0.02692578676945697	0.13473694831708233	97.93831631090407
0.22586368879561308	0.007	0.005	0.027667785338460264	0.0003990831804343248	0.028209104102023392	0.1379611100684712	97.88880079511755
0.23121660918830045	0.007	0.005	0.028299587950939058	0.00039888140254266204	0.029520398284884675	0.1411820120435513	97.83931027268333
0.23656952653220434	0.007	0.005	0.02893030453792748	0.0003986797267653806	0.0308595416995328	0.14439965305637303	97.78984479978438
0.24192243338264147	0.007	0.005	0.02955993568440138	0.0003984781533583417	0.03222640694151815	0.1476140319357936	97.74040443247067
0.2472753269035729	0.007	0.005	0.030188482520225133	0.00039827668238679164	0.033620868033696544	0.15082515028871502	97.69098918412567
0.25262820709503186	0.007	0.005	0.030815946507880165	0.00039807531379877853	0.035042800069654795	0.15403301142432185	97.64159904192509
0.2579810753750738	0.007	0.005	0.031442329273806136	0.0003978740474838301	0.03649207889819585	0.15723761949694495	97.59223397997728
0.2633339324527351	0.007	0.005	0.03206763235871591	0.0003976728833608192	0.037968580566299356	0.160438978230288	97.54289397895734
0.26868677974605654	0.007	0.005	0.032691857383535396	0.0003974718213194136	0.039472181701870876	0.1636370917663798	97.49357901302984
0.27403961760955975	0.007	0.005	0.03331500584252621	0.000397270861293238	0.04100275901921076	0.1668319636060197	97.44428906618293
0.2793924460432614	0.007	0.005	0.03393707918668424	0.0003970700032305817	0.04256018949922724	0.1700235970345423	97.39502412567971
0.28474526504717806	0.007	0.005	0.034558078865189634	0.0003968692470797637	0.044144350485416525	0.17321199533394843	97.34578417878983
0.29009807533033033	0.007	0.005	0.03517800640745037	0.00039666859275989366	0.045755119898071135	0.17639716220459095	97.2965692062723
0.2954508761837296	0.007	0.005	0.03579686317669712	0.00039646804024858607	0.04739237559504829	0.1795791004992769	97.24737920193346
0.3008036668983911	0.007	0.005	0.03641465053491864	0.0003962675895234593	0.0490559957800592	0.18275781306919955	97.19821415957291
0.306156447828834	0.007	0.005	0.03703136996528708	0.0003960672405183075	0.050745859340278233	0.1859333033945395	97.14907406322278
0.3115092189750762	0.007	0.005	0.03764702290814877	0.0003958669931815696	0.052461845413469654	0.18910557474131834	97.09995890018025
0.31686198069163435	0.007	0.005	0.038261610842714205	0.0003956668474471133	0.05420383361087618	0.19227463058201766	97.05086865449867
0.3222147333330232	0.007	0.005	0.03887513524611156	0.0003954668032488412	0.05597170390694394	0.1954404743849575	97.00180331024448
0.3275674772537558	0.007	0.005	0.039487597593389774	0.00039526686052070295	0.05776533663835517	0.198603109614302	96.9527628514972
0.3329202117448523	0.007	0.005	0.040098999236152504	0.0003950670192404515	0.05958461213906667	0.20176253910265193	96.90374727208541
0.338272936451833	0.007	0.005	0.04070934156515781	0.00039486727937125424	0.06142941120612514	0.20491876588993138	96.85475656258734
0.3436256524382029	0.007	0.005	0.04131862613091732	0.00039466764081795926	0.06329961548142778	0.20807179384846972	96.80579070061286
0.3489783593494811	0.007	0.005	0.041926854320328465	0.0003944681035438025	0.06519510647339266	0.21122162601075506	96.75684967675969
0.354331057185683	0.007	0.005	0.042534027558958375	0.0003942686674974541	0.06711576616274174	0.21436826561512404	96.70793347838665
0.35968374594682384	0.007	0.005	0.043140147270589756	0.00039406933262760936	0.06906147688029335	0.2175117158966279	96.65904209285902
0.36503642598741254	0.007	0.005	0.04374521491726023	0.0003938700988684226	0.07103212143742237	0.22065198029490488	96.61017550431308
0.3703890969529704	0.007	0.005	0.044349231879013906	0.00039367096618322017	0.07302758273446769	0.22378906183015543	96.56133370336575
0.37574175919800507	0.007	0.005	0.044952199614191675	0.00039347193450621433	0.07504774428188656	0.22692296393504321	96.51251667416945
0.3810944130770224	0.007	0.005	0.04555411957908134	0.00039327300377166064	0.0770924899432485	0.23005369003811924	96.46372440088962
0.3864470582355444	0.007	0.005	0.04615499314840145	0.00039307417394296055	0.07916170365860101	0.23318124314977198	96.4149568741625
0.3917996946735853	0.007	0.005	0.046754821735067266	0.0003928754449689783	0.08125526984580518	0.23630562648478384	96.36621408139692
0.39715232274564916	0.007	0.005	0.04735360678984673	0.00039267681678405636	0.08337307340775799	0.2394268434612846	96.31749600678252
0.40250494209725973	0.007	0.005	0.04795134968236051	0.00039247828935166956	0.0855149993115513	0.24254489708051163	96.2688026409699
0.40785755272843116	0.007	0.005	0.04854805182022442	0.000392279862620758	0.0876809330043861	0.24565979054747542	96.22013397138716
0.413210154993666	0.007	0.005	0.049143714648706746	0.00039208153652575364	0.08987076042068635	0.24877152726991625	96.17148998224809
0.4185627485384895	0.007	0.005	0.0497383395323488	0.000391883311030197	0.09208436754694291	0.2518801102399482	96.12287066421764
0.4239153337174031	0.007	0.005	0.05033192791276375	0.0003916851860685763	0.09432164100094999	0.2549855428584031	96.07427600152569
0.42926791053041985	0.007	0.005	0.05092448119032598	0.00039148716158995137	0.0965824675950748	0.25808782831668353	96.02570598163086
0.43462048004101117	0.007	0.005	0.05151600088107841	0.0003912892374998308	0.09886673493581054	0.26118697041839695	95.97716058235557
0.4399730411857301	0.007	0.005	0.052106488264059794	0.00039109141379091845	0.10117433006368753	0.2642829717317888	95.92863980082366
0.44532559396458976	0.007	0.005	0.05269594473439227	0.0003908936904123502	0.10350514080235898	0.267375835438564	95.88014362451295
0.45067813908657217	0.007	0.005	0.053284371763323	0.0003906960672842594	0.10585905562422296	0.27046556512624925	95.83167203448902
0.45603067584272033	0.007	0.005	0.05387177066433888	0.00039049854438487553	0.10823596271572322	0.273552163560223	95.7832250246676
0.46138320423304735	0.007	0.005	0.05445814282732871	0.00039030112166341243	0.11063575090425101	0.27663563391252155	95.73480258254568
0.46673572496653204	0.007	0.005	0.05504348971790494	0.00039010379904010366	0.11305830967250065	0.27971597975977025	95.68640468921772
0.47208823804318534	0.007	0.005	0.05562781272207123	0.00038990657646423337	0.11550352852185414	0.2827932042663359	95.6380313322032
0.47744074275405446	0.007	0.005	0.05621111314690294	0.0003897094539141086	0.11797129695650567	0.2858673101863979	95.58968250543033
0.4827932398081151	0.007	0.005	0.056793392452399144	0.0003895124313100587	0.12046150546176992	0.2889383010857146	95.54135819002245
0.4881457292053783	0.007	0.005	0.057374652019364085	0.0003893155086014471	0.1229740445300912	0.2920061801190382	95.4930583735181
0.49349821023689433	0.007	0.005	0.05795489315008503	0.0003891186857666375	0.12550880464539213	0.29507095003217876	95.44478304985485
0.49885068361163576	0.007	0.005	0.05853411729896826	0.00038892196272605765	0.12806567728802937	0.2981326143800612	95.39653220018482
0.5042031496840929	0.007	0.005	0.05911232587989723	0.0003887253394146706	0.13064455410559817	0.3011911765103131	95.34830580887252
0.5095556084542756	0.007	0.005	0.05968952026657204	0.00038852881578195253	0.1332453269047363	0.30424663956429737	95.30010386348677
0.5149080595677157	0.007	0.005	0.06026570179284753	0.00038833239179188	0.13586788764303764	0.30729900647814246	95.25192635479256
0.520260503024424	0.007	0.005	0.0608408718291871	0.00038813606739397183	0.13851212877274802	0.31034828038746093	95.20377327036651
0.5256129388244114	0.007	0.005	0.061415031744338	0.00038793984253777193	0.14117794306988668	0.31339446442468677	95.15564459779159
0.5309653673221658	0.007	0.005	0.06198818294325834	0.00038774371715839047	0.1438652238121141	0.31643756192051603	95.10754032147207
0.5363177881632207	0.007	0.005	0.06256032675321116	0.000387547691219889	0.1465738642447043	0.31947757579918984	95.0594604321918
0.5416702020565389	0.007	0.005	0.06313146461339139	0.00038735176464298085	0.1493037584731004	0.3225145095856852	95.01140491118916
0.5470226090021294	0.007	0.005	0.06370159788530402	0.0003871559373773359	0.15205480056867432	0.3255483663985331	94.96337374608207
0.5523750086455261	0.007	0.005	0.06427072789109062	0.00038696020938709414	0.15482688473816342	0.328579149152482	94.91536692767332
0.5577274006322648	0.007	0.005	0.06483885595145536	0.00038676458063640755	0.15761990550161756	0.33160686075993656	94.86738444676557
0.5630797853168301	0.007	0.005	0.06540598346071871	0.0003865690510605628	0.16043375806575094	0.3346315045313903	94.81942628781067
0.5684321630537056	0.007	0.005	0.06597211181123717	0.0003863736205948812	0.16326833796008394	0.3376530837733727	94.77149243527322
0.5737845338429003	0.007	0.005	0.06653724235601215	0.000386178289189159	0.16612354084630376	0.3406716015886442	94.72358287680265
0.5791368976844232	0.007	0.005	0.06710137644635074	0.000385983056793218	0.16899926270175133	0.3436870610768209	94.6756976000547
0.5844892542238113	0.007	0.005	0.06766451539460556	0.00038578792337133275	0.17189539962615102	0.3466994651349725	94.6278365958603
0.5898416034610744	0.007	0.005	0.06822666054889857	0.00038559288887336676	0.17481184822174797	0.3497088168570426	94.57999985188293
0.5951939457506937	0.007	0.005	0.0687878132927939	0.00038539795323478787	0.17774850559926186	0.35271511953284085	94.53218735262669
0.6005462814471489	0.007	0.005	0.06934797500790676	0.00038520311639110414	0.18070526918725804	0.3557183764482383	94.48439908260835
0.6058986101959779	0.007	0.005	0.06990714699990694	0.0003850083783066878	0.18368203633568667	0.35871859048797466	94.43663503268236
0.6112509319971897	0.007	0.005	0.0704653306099787	0.00038481373893151376	0.1866787048992386	0.36171576473286815	94.38889519054213
0.6166032468507933	0.007	0.005	0.07102252717762639	0.0003846191982155838	0.18969517304274452	0.3647099022606152	94.34117954388735
0.6219555554657356	0.007	0.005	0.07157873811428402	0.00038442475608011905	0.19273133964384898	0.36770100654178545	94.29348807410861
0.6273078567786182	0.007	0.005	0.0721339646454956	0.0003842304125183893	0.19578710288402487	0.37068908005325224	94.24582077839597
0.6326601518528554	0.007	0.005	0.07268820821595431	0.0003840361674372735	0.19886236246287184	0.37367412645675246	94.19817763499965
0.6380124399795191	0.007	0.005	0.07324147008485864	0.0003838420208156795	0.20195701737447935	0.37665614842153755	94.15055863795973
0.6433647211586182	0.007	0.005	0.07379375158334472	0.00038364797260373614	0.2050709673226468	0.37963514900974416	94.10296377500718
0.6487169960990953	0.007	0.005	0.07434505411383889	0.00038345402272282756	0.20820411273292455	0.3826111316743961	94.05539302757987
0.654069265155424	0.007	0.005	0.07489537904017002	0.00038326017110877197	0.21135635413627446	0.3855840996670259	94.00784638028273
0.6594215269097471	0.007	0.005	0.07544472754249804	0.00038306641776931344	0.21452759131929833	0.3885540552522947	93.96032383346581
0.66477378171654	0.007	0.005	0.07599310098178044	0.0003828727626402984	0.2177177254111767	0.39152100167694376	93.91282537173537
0.6701260306392066	0.007	0.005	0.07654050078949813	0.00038267920562887024	0.2209266582747919	0.39448494257622296	93.86535097342367
0.6754782733232887	0.007	0.005	0.07708692825007725	0.00038248574669970625	0.22415429123200512	0.3974458807959142	93.81790062945518
0.6808305097687936	0.007	0.005	0.077632384682639	0.0003822923858031343	0.22740052611614217	0.4004038193753134	93.77047432761408
0.6861827399757285	0.007	0.005	0.07817687140465207	0.00038209912288950646	0.23066526506058577	0.4033587613506381	93.72307205569076
0.6915349639441009	0.007	0.005	0.0787203897319347	0.0003819059579091978	0.23394841049801854	0.4063107097550304	93.67569380148186
0.696887180964992	0.007	0.005	0.07926294090685715	0.0003817128908413158	0.23724986472116655	0.40925966722814805	93.62833955906089
0.7022393917473359	0.007	0.005	0.07980452631399776	0.00038151992160756975	0.24056953119273766	0.4122056371881944	93.58100930995985
0.7075915966456018	0.007	0.005	0.0803451473000068	0.00038132705014406684	0.24390731346047897	0.4151486228539139	93.53370303886183
0.7129437956597963	0.007	0.005	0.08088480517392893	0.0003811342764012957	0.2472631151503478	0.41808862724558526	93.48642073359301
0.7182959877265419	0.007	0.005	0.08142350113623507	0.00038094160037278294	0.2506368395117322	0.4210256527971797	93.4391623913728
0.7236481739092303	0.007	0.005	0.08196123660000704	0.00038074902196603375	0.2540283914258568	0.4239597031072917	93.39192799064331
0.7290003542078678	0.007	0.005	0.08249801286937483	0.0003805565411316108	0.2574376754030087	0.4268907811870317	93.3447175192493
0.7343525282680008	0.007	0.005	0.08303383121138037	0.00038036415783443146	0.2608645960192068	0.4298188898506347	93.297530968166
0.7397046960896366	0.007	0.005	0.08356869292707761	0.0003801718720250982	0.2643090583670601	0.43274403210370427	93.25036832524583
0.7450568576727825	0.007	0.005	0.08410259931589	0.0003799796836542405	0.2677709678310041	0.43566621094879976	93.20322957834736
0.7504090133719046	0.007	0.005	0.08463555171087692	0.00037978759265819485	0.271250230317558	0.4385854295786768	93.15611471221588
0.7557611635414678	0.007	0.005	0.08516755144321904	0.00037959559897333956	0.27474675202815346	0.4415016911822701	93.10902371160914
0.7611133078270198	0.007	0.005	0.08569859977194426	0.00037940370256470823	0.2782604389918011	0.4444149985590058	93.06195656753007
0.7664654462285669	0.007	0.005	0.08622869798978597	0.0003792119033830404	0.2817911977562086	0.4473253546987125	93.0149132678667
0.7718175787461158	0.007	0.005	0.08675784738785745	0.00037902020137910023	0.28533893515720127	0.450232762588191	92.96789380051321
0.7771697053796728	0.007	0.005	0.08728604925565386	0.00037882859650367854	0.2889035583179928	0.4531372252112176	92.92089815336992
0.7825218264837009	0.007	0.005	0.08781330491594162	0.0003786370886932952	0.2924849748861997	0.45603874574061287	92.8739263112333
0.7878739417037498	0.007	0.005	0.08833961561997304	0.0003784456779130921	0.29608309232209634	0.45893732696165773	92.8269782651292
0.7932260510398258	0.007	0.005	0.08886498265240093	0.0003782543641139331	0.29969781860668554	0.4618329718490732	92.7800540029764
0.7985781544919355	0.007	0.005	0.08938940729626783	0.0003780631472467083	0.30332906200545867	0.4647256833745678	92.73315351269984
0.8039302524145403	0.007	0.005	0.08991289086764576	0.0003778720272480512	0.3069767313097925	0.4676154646981298	92.68627677912689
0.8092823455165554	0.007	0.005	0.09043543471532722	0.0003776810040403625	0.31064073584162444	0.47050231916706164	92.63942378399514
0.8146344323801678	0.007	0.005	0.0909570399789231	0.00037749007763172697	0.31432098374815604	0.47338624897870457	92.59259452766447
0.8199865133598384	0.007	0.005	0.09147770796969291	0.00037729924795885543	0.31801738466770596	0.47626725728403846	92.54578899498064
0.8253385888100274	0.007	0.005	0.09199743999704744	0.0003771085149584965	0.3217298485237741	0.4791453472302722	92.49900717080182
0.830690659439647	0.007	0.005	0.09251623740287918	0.00037691787855317617	0.3254582857717209	0.48202052215117114	92.45224903690269
0.8360427241853429	0.007	0.005	0.09303410135566095	0.00037672733873676573	0.3292026059122399	0.4848927844253212	92.40551459054817
0.8413947834015738	0.007	0.005	0.09355103315982942	0.00037653689544609874	0.33296271971034397	0.48776213719038175	92.35880381661951
0.84674683779725	0.007	0.005	0.09406703415212465	0.0003763465486037988	0.3367385384638378	0.4906285837700023	92.31211669691916
0.8520988859545685	0.007	0.005	0.09458210546271803	0.00037615629821802536	0.34052997224642667	0.49349212634600015	92.26545323180588
0.8574509285824392	0.007	0.005	0.09509624842529413	0.0003759661442114436	0.34433693290777845	0.4963527682364503	92.21881340309119
0.86280296638977	0.007	0.005	0.09560946437145933	0.00037577608650677313	0.3481593325817025	0.49921051275491657	92.17219719260525
0.8681549990221147	0.007	0.005	0.09612175452905447	0.000375586125069495	0.35199708292132115	0.5020653626435275	92.1256045914516
0.8735070257705773	0.007	0.005	0.09663312009074775	0.0003753962598793339	0.3558500955944914	0.5049173204534252	92.07903559381695
0.8788590476985143	0.007	0.005	0.09714356241698945	0.00037520649084486475	0.3597182838182373	0.5077663896772877	92.03249017847266
0.8842110637425811	0.007	0.005	0.09765308266363645	0.0003750168179600828	0.3636015595486353	0.5106125726721178	91.98596834269628
0.889563074966132	0.007	0.005	0.09816168218761742	0.0003748272411336366	0.3674998365542361	0.5134558729235249	91.93947006528072
0.8949150810147223	0.007	0.005	0.09866936220918796	0.0003746377603311114	0.3714130278485694	0.5162962931597859	91.8929953373521
0.900267081888357	0.007	0.005	0.09917612398080584	0.00037444837550389224	0.3753410469728539	0.5191338362948191	91.84654414696088
0.9056190775870412	0.007	0.005	0.09968196875335833	0.0003742590866033851	0.3792838077386282	0.5219685052395934	91.80011648216356
0.9109710681107798	0.007	0.005	0.10018689777616402	0.00037406989358102286	0.38324122422706275	0.5248003029021304	91.75371233102271
0.9163230534595778	0.007	0.005	0.10069091229697479	0.00037388079638826083	0.3872132107882739	0.5276292321875086	91.707331681607
0.9216750339878875	0.007	0.005	0.10119401359526653	0.00037369179496238325	0.3911996823051306	0.5304552961849368	91.66097451892179
0.9270270086323725	0.007	0.005	0.10169620281579686	0.00037350288929749237	0.39520055287011546	0.5332784972324003	91.61464084025586
0.9323789788108255	0.007	0.005	0.10219748133466357	0.0003733140792883306	0.3992157386959419	0.5360988389740708	91.56833062142184
0.937730944168804	0.007	0.005	0.10269785035990127	0.0003731253649006638	0.4032451549400084	0.5389163241156429	91.52204385358658
0.9430829047063122	0.007	0.005	0.10319731113127666	0.0003729367460860814	0.40728871728970995	0.5417309555469547	91.4757805248537
0.9484348604233546	0.007	0.005	0.1036958648870016	0.0003727482227962001	0.4113463416972707	0.5445427361549195	91.42954062333284
0.95378681096549	0.007	0.005	0.10419351283080705	0.0003725597949968364	0.41541794410895655	0.5473516686375915	91.38332414019969
0.9591387563327235	0.007	0.005	0.10469025619798043	0.0003723714626396426	0.41950344100187426	0.5501577558766082	91.33713106357135
0.9644906965250601	0.007	0.005	0.1051860962222595	0.00037218322567629785	0.42360274911597273	0.55296100075069	91.29096138157092
0.9698426318969492	0.007	0.005	0.1056810341685828	0.00037199508404433905	0.427715785726221	0.5557614063210166	91.2448150792722
0.9751945628028391	0.007	0.005	0.10617507130010453	0.00037180703768134094	0.4318424683726953	0.5585589756451055	91.19869214176119
0.9805464892427336	0.007	0.005	0.10666820884556787	0.0003716190865390787	0.43598271458521254	0.5613537115918195	91.15259255718837
0.9858984108621929	0.007	0.005	0.10716044799960478	0.0003714312305835051	0.4401364418781595	0.5641456168423077	91.106516316761
0.9912503273067782	0.007	0.005	0.10765178995554546	0.00037124346978058075	0.44430356802182497	0.5669346940755678	91.06046341168617
0.9966022389309374	0.007	0.005	0.10814223597032194	0.00037105580406798463	0.4484840115963895	0.56972094633732	91.01443382707552
1.0019541460891173	0.007	0.005	0.10863178729909292	0.00037086823338343454	0.45267769144371206	0.5725043766696405	90.96842754805289
1.0073060484268792	0.007	0.005	0.10912044513058054	0.00037068075769296384	0.456884526108534	0.5752849877428414	90.92244456584339
1.0126579459442278	0.007	0.005	0.10960821068448517	0.0003704933769484823	0.46110443466884904	0.5780627824089686	90.87648486862899
1.0180098389956087	0.007	0.005	0.11009508521119173	0.0003703060910877911	0.4653373367395902	0.5808377637008715	90.83054844155616
1.0233617275810258	0.007	0.005	0.11058106992716495	0.0003701189000628607	0.4695831519130078	0.5836099344642678	90.78463527282348
1.0287136113460418	0.007	0.005	0.11106616601524612	0.0003699318038398079	0.4738417997537268	0.5863792973586773	90.73874535367392
1.0340654906451017	0.007	0.005	0.11155037472106406	0.0003697448023565199	0.47811320064379764	0.5891458554077512	90.69287866927658
1.0394173651237688	0.007	0.005	0.11203369722453031	0.0003695578955791523	0.4823972746539028	0.5919096112656294	90.64703521088333
1.0447692347820476	0.007	0.005	0.11251613473619128	0.0003693710834597626	0.4866939423892577	0.594670567767084	90.6012149667121
1.0501210999743822	0.007	0.005	0.11299768849693688	0.0003691843659363205	0.49100312499314697	0.5974287279265953	90.55541792195457
1.0554729610552156	0.007	0.005	0.11347835974590595	0.00036899774294683505	0.4953247438637646	0.6001840947550374	90.50964406181453
1.0608248176701118	0.007	0.005	0.11395814965699683	0.00036881121445755884	0.4996587200786474	0.6029366708952696	90.46389337756624
1.0661766701735134	0.007	0.005	0.11443705946620361	0.0003686247804065582	0.5040049755388571	0.6056864593520762	90.41816585442852
1.0715285182109848	0.007	0.005	0.11491509034451705	0.00036843844076012486	0.5083634318202411	0.6084334627629715	90.3724614836845
1.07688036178253	0.007	0.005	0.11539224349322266	0.0003682521954704717	0.5127340110342927	0.611177683945008	90.32678025359259
1.0822322005337148	0.007	0.005	0.11586852008058462	0.00036806604450392025	0.517116635250247	0.6139191255309178	90.28112215544017
1.087584034818981	0.007	0.005	0.11634392133650413	0.0003678799877986383	0.5215112273648042	0.6166577905138926	90.23548717447146
1.0929358649927696	0.007	0.005	0.11681844848914641	0.00036769402529283	0.5259177105249518	0.6193936818835445	90.18987529594276
1.098287691055084	0.007	0.005	0.11729210273360337	0.00036750815693881595	0.5303360078342791	0.6221268024449906	90.14428650814087
1.1036395130059276	0.007	0.005	0.11776488526346697	0.0003673223826889412	0.5347660426421954	0.6248571550005102	90.09872079935856
1.10899133013643	0.007	0.005	0.11823679720838165	0.0003671367025237084	0.5392077379542077	0.6275847419884412	90.05317816392535
1.1143431424465957	0.007	0.005	0.11870783975929004	0.00036695111639548723	0.5436610176048877	0.6303095662064926	90.00765859013674
1.119694950645301	0.007	0.005	0.11917801416785874	0.00036676562422855255	0.5481258062649418	0.633031630809917	89.96216206026948
1.1250467547325487	0.007	0.005	0.1196473216216971	0.00036658022597534345	0.5526020282608307	0.6357509385896685	89.91668856264009
1.1303985550627778	0.007	0.005	0.12011576333791862	0.0003663949215742741	0.5570896084592726	0.6384674925137005	89.87123808256175
1.1357503516359906	0.007	0.005	0.12058334050098113	0.0003662097109778431	0.5615884716737037	0.6411812953667767	89.8258106083674
1.1411021437433202	0.007	0.005	0.12105005423209433	0.00036602459416666656	0.5660985423608491	0.6438923495719265	89.78040613440848
1.1464539313847701	0.007	0.005	0.12151590571308665	0.0003658395710932674	0.5706197458119302	0.6466006579093733	89.73502464902064
1.1518057145603442	0.007	0.005	0.1219808961243024	0.0003656546417101978	0.5751520075583961	0.649306223156527	89.6896661405455
1.1571574939789142	0.007	0.005	0.12244502670602297	0.0003654698059419636	0.5796952539738046	0.6520090484458153	89.64433059132719
1.1625092699949167	0.007	0.005	0.12290829866594188	0.00036528506372715633	0.5842494113744993	0.6547091367266764	89.5990179867281
1.167861041545053	0.007	0.005	0.12337071308766338	0.00036510041506050825	0.5888144051072663	0.6574064902308143	89.55372832411722
1.1732128086293268	0.007	0.005	0.12383227114561463	0.0003649158598946662	0.5933901616582307	0.6601011117244173	89.5084615918598
1.1785645716021749	0.007	0.005	0.12429297404323049	0.00036473139816828196	0.5979766080547716	0.6627930041490648	89.4632177753314
1.183916330818033	0.007	0.005	0.12475282298224653	0.00036454702982004444	0.6025736715636153	0.6654821704428185	89.41799685991955
1.1892680862769038	0.007	0.005	0.12521181913233162	0.000364362754802697	0.6071812793846803	0.6681686133623971	89.37279883401632
1.1946198372699257	0.007	0.005	0.12566996360105884	0.0003641785730970153	0.6117993583407777	0.6708523353064316	89.32762369200182
1.1999715845059662	0.007	0.005	0.1261272576160134	0.00036399448462775896	0.61642783671139	0.6735333393820855	89.2824714162917
1.2053233279850277	0.007	0.005	0.12658370234246274	0.00036381048934774104	0.6210666424004563	0.6762116283377195	89.23734199529571
1.2106750669982502	0.007	0.005	0.1270392988839211	0.00036362658723778653	0.6257157029289054	0.6788872045646941	89.19223542340254
1.2160268022544998	0.007	0.005	0.12749404846324475	0.0003634427782227533	0.630374947280764	0.681560071160751	89.14715168305459
1.2213785341082097	0.007	0.005	0.1279479522713486	0.0003632590622415343	0.635044304368136	0.6842302310426708	89.10209075969573
1.2267302622049516	0.007	0.005	0.1284010114375119	0.0003630754392610346	0.6397237027169606	0.6868976867706006	89.05705264474575
1.2320819858358674	0.007	0.005	0.12885322705986021	0.00036289190926214453	0.6444130707706812	0.6895624407262413	89.01203733260478
1.2374337050009607	0.007	0.005	0.12930460029524124	0.00036270847219779627	0.649112337821069	0.6922244956423875	88.96704481170875
1.2427854211179548	0.007	0.005	0.1297551324182879	0.00036252512796505917	0.6538214346385971	0.6948838549532164	88.92207505858958
1.2481371338324214	0.007	0.005	0.1302048245525211	0.0003623418765309275	0.6585402906691777	0.6975405212079973	88.87712806468905
1.2534888427899336	0.007	0.005	0.13065367782023551	0.0003621587178624041	0.6632688355847909	0.7001944969539564	88.83220382144869
1.2588405479904936	0.007	0.005	0.1311016933721436	0.0003619756519125402	0.6680069995970538	0.7028457849117808	88.78730231733695
1.2641922487252466	0.007	0.005	0.1315488722983366	0.00036179267866232056	0.6727547125155986	0.7054943874487556	88.74242354677102
1.2695439453486248	0.007	0.005	0.13199521577650147	0.0003616097980508699	0.6775119053180729	0.7081403074562789	88.6975674952521
1.274895638569488	0.007	0.005	0.13244072501213866	0.0003614270100034	0.6822785095269803	0.7107835479972612	88.65273414532477
1.2802473283878386	0.007	0.005	0.13288540115002223	0.0003612443144730701	0.6870544562623135	0.7134241117808652	88.6079234854854
1.2855990148036784	0.007	0.005	0.13332924533348803	0.0003610617114130596	0.6918396768691966	0.7160620015135141	88.56313550423616
1.29095069781701	0.007	0.005	0.1337722587044354	0.00036087920077657563	0.6966341029173023	0.718697219898894	88.51837019008507
1.2963023767189803	0.007	0.005	0.13421444234481453	0.0003606967825447104	0.7014376655634152	0.7213297692894322	88.47362753747086
1.3016540518640198	0.007	0.005	0.13465579742318834	0.00036051445665676474	0.7062502971400012	0.7239596525584936	88.42890753194328
1.307005723252131	0.007	0.005	0.13509632507732097	0.000360332223066002	0.7110719298851456	0.7265868724020977	88.38421016202334
1.3123573908833166	0.007	0.005	0.1355360264435466	0.0003601500817257102	0.7159024962591942	0.7292114315135373	88.33953541623787
1.3177090551120056	0.007	0.005	0.13597490268580942	0.00035996803257528454	0.7207419292649729	0.731833332756938	88.29488328016309
1.3230607159382004	0.007	0.005	0.13641295493742533	0.00035978607556807135	0.7255901618073649	0.7344525788196196	88.25025374234198
1.328412373361903	0.007	0.005	0.13685018433028587	0.0003596042106574402	0.7304471270117646	0.7370691723861842	88.20564679132332
1.339115680695477	0.007	0.005	0.1377221796433937	0.0003592461447534382	0.740186982894926	0.7422944028994793	88.11650057780939
1.3505177517875444	0.007	0.005	0.138647498643998	0.00035885827823295944	0.7506002527591829	0.7478491474810542	88.02163357661503
1.3633969677875937	0.007	0.005	0.1396882345978791	0.0003584221334397677	0.762408371290037	0.7541091132851622	87.91459933255719
1.3762764485508676	0.007	0.005	0.14072427677733035	0.0003579862365040796	0.7742644513482716	0.760353971656471	87.80769304573037
1.39015090881188	0.007	0.005	0.1418350986965023	0.00035751731848523684	0.7870888016742703	0.7670642589281084	87.69267336680053
1.404014731583924	0.007	0.005	0.14293964078630159	0.0003570493618109532	0.7999564662073481	0.7737518288074025	87.5778923645769
1.4185549962820934	0.007	0.005	0.14409226705026645	0.00035655923321526475	0.8135078334469329	0.780746875455211	87.45767238889604
1.4330997318541805	0.007	0.005	0.14523931992266523	0.00035606962653509776	0.8271193428691916	0.7877248455455785	87.33758055223082
1.4481114728760394	0.007	0.005	0.14641700881874686	0.0003555650045780497	0.8412252689259332	0.7949067552000368	87.21380570859746
1.4631502271937944	0.007	0.005	0.14759053231247557	0.00035506019162452975	0.8554136590730117	0.8020811624398639	87.08998402219198
1.4785239915335748	0.007	0.005	0.14878372104472054	0.00035454487406230847	0.8699757508752877	0.8093943176252132	86.96358573955106
1.4939474675030637	0.007	0.005	0.14997421395344443	0.0003540286417344213	0.8846420415541164	0.8167097738980438	86.8369630823061
1.509624504045964	0.007	0.005	0.15117757788234076	0.0003535046928827751	0.8996065806393163	0.824123648748499	86.70844769730763
1.5253712325199011	0.007	0.005	0.15237951829820187	0.00035297919542540135	0.9146941259185639	0.8315483750161485	86.57955246740471
1.5413221858807968	0.007	0.005	0.15359015454297295	0.0003524476790348758	0.9300335193198908	0.8390468737076142	86.44918089920084
1.5573594132800672	0.007	0.005	0.15480037402652122	0.0003519140946885574	0.9455113143998775	0.8465631473180196	86.31830209787344
1.5735717053679448	0.007	0.005	0.15601673551790013	0.0003513755067416738	0.9612129774201698	0.8541383208578716	86.18619600206337
1.5898837618770287	0.007	0.005	0.15723343889520586	0.0003508344364316442	0.9770653747623176	0.8617366911412319	86.05348102584897
1.6063543629377777	0.007	0.005	0.15845472871247707	0.00035028895255679145	0.9931252878032643	0.8693851534660414	85.91968348110387
1.6229357626446976	0.007	0.005	0.15967691750841528	0.0003497406558839464	1.009345824572623	0.877061025765403	85.78519600670802
1.6396671363265671	0.007	0.005	0.16090275134945092	0.0003491882699328129	1.0257648762141747	0.8847819500905707	85.64970550443472
1.656518546735622	0.007	0.005	0.1621298892386388	0.0003486328028233053	1.0423526256382951	0.8925335971610469	85.51345924917217
1.6735164086473546	0.007	0.005	0.16336010944056065	0.0003480734034384888	1.0591345649523536	0.9003276098875566	85.37624847529042
1.690642320411986	0.007	0.005	0.16459192949597384	0.0003475106976799645	1.07609199979317	0.9081550238687343	85.23822670735696
1.7079144247310605	0.007	0.005	0.16582650390030607	0.00034694410984324736	1.0932423106017735	0.9160236038216218	85.0992527330768
1.7253218171476246	0.007	0.005	0.1670628979045623	0.00034637401870985624	1.1105740609980759	0.9239278372929621	84.95941946386827
1.7428773101039303	0.007	0.005	0.16830186493992957	0.00034580002604118283	1.128099348323487	0.9318729917244031	84.81862921600398
1.7605749035541003	0.007	0.005	0.16954282035439486	0.00034522235003410826	1.145811491877778	0.9398557846887733	84.67693551029109
1.7784240071600552	0.007	0.005	0.17078626044390538	0.00034464070596427153	1.163719170035452	0.9478798845093355	84.53426850955768
1.796421858332051	0.007	0.005	0.1720318247185732	0.00034405520695189715	1.1818188349053695	0.9559434567029558	84.39065595949073
1.8145757290934434	0.007	0.005	0.17327984533118385	0.00034346564002274253	1.2001169752779939	0.9640491550182707	84.24604562131121
1.832885029680504	0.007	0.005	0.17453010603159436	0.0003428720486203454	1.2186121299028492	0.9721960949459267	84.10044814994173
1.8513557247767203	0.007	0.005	0.17578283470982517	0.0003422742642394153	1.237309407201733	0.9803862953666708	83.95382221536428
1.8699887179372794	0.007	0.005	0.17703790847666642	0.0003416722832308601	1.256208757457437	0.9886195041847443	83.80616692423128
1.88878922097124	0.007	0.005	0.17829548995942582	0.0003410659634991804	1.2753144494592439	0.9968973555649321	83.65744741994178
1.9077592037371254	0.007	0.005	0.17955551747243217	0.0003404552685583624	1.2946274147166346	1.0052200294724853	83.50765475314967
1.9269034908036073	0.007	0.005	0.180818113246039	0.0003398400708752037	1.3141514373322731	1.0135889373210412	83.356757644452
1.9462248588916997	0.007	0.005	0.18208325681100324	0.0003392203098460115	1.3338881629960135	1.022004567709419	83.2047412279582
1.9657279976697573	0.007	0.005	0.1833510463403342	0.00033859586450069295	1.3538411335928033	1.0304682181699483	83.05157583071974
1.985416330849881	0.007	0.005	0.18462148969628833	0.0003379666555651121	1.374012538633014	1.0389806077579307	82.8972420103464
2.00529459921361	0.007	0.005	0.18589467223531095	0.0003373325628151977	1.3944058535293822	1.0475429975164356	82.74171027537724
2.0253667905808492	0.007	0.005	0.18717062251790353	0.0003366934912959388	1.415023716320288	1.0561562929453818	82.58495733648193
2.04563782381486	0.007	0.005	0.1884494199058231	0.00033604931766831585	1.4358696509439017	1.0648217683484584	82.42695294145244
2.066112218529443	0.007	0.005	0.1897311093078249	0.0003353999326712772	1.4569466973802896	1.073540493507386	82.26767028833905
2.0867951817498014	0.007	0.005	0.19101576932774902	0.0003347452066235937	1.4782585244603517	1.082313796684641	82.10707757116714
2.107691762786471	0.007	0.005	0.19230345865788076	0.00033408501636418607	1.4998085555499587	1.0911429021958938	81.94514457988204
2.1288075560307043	0.007	0.005	0.19359425919378334	0.00033341922307906076	1.521600687489449	1.10002922652186	81.78183726393807
2.1501481658528645	0.007	0.005	0.1948882423106296	0.0003327476892911743	1.5436387334878672	1.1089741494861631	81.61712190625296
2.171719666173981	0.007	0.005	0.1961854962902079	0.0003320702645234463	1.565926891391374	1.1179792051913102	81.45096159402961
2.1935282604280713	0.007	0.005	0.19748610487944504	0.00033138679607741273	1.5884693861786554	1.1270459364723386	81.28331887365906
2.215580600199032	0.007	0.005	0.19879016564417976	0.0003306971191584605	1.6112707921168332	1.1361760249239774	81.11415332664833
2.237883564855499	0.007	0.005	0.20009777588451777	0.0003300010639512673	1.6343357973626493	1.1453711958183044	80.94342329854767
2.260444478720725	0.007	0.005	0.20140904452473968	0.0003292984489576638	1.6576694200990083	1.154633304492746	80.77108426881536
2.2832709908195747	0.007	0.005	0.20272408397357192	0.00032858908489107215	1.6812768750079	1.1639642827532168	80.59708981202813
2.3063712213607857	0.007	0.005	0.2040430174983117	0.0003278727703288176	1.7051637146772578	1.1733661947914784	80.42139052180158
2.3297537040229934	0.007	0.005	0.20536597462852055	0.0003271492936869662	1.72933575882619	1.182841208890704	80.2439344984471
2.353427492847031	0.007	0.005	0.20669309590355592	0.0003264184300880186	1.753799192615416	1.192391635905068	80.06466658711898
2.3774021505181717	0.007	0.005	0.20802453070769342	0.00032567994200056305	1.7785605410369398	1.2020199189436223	79.88352852341622
2.4016878336060605	0.007	0.005	0.20936044042454227	0.0003249335768264202	1.803626742068855	1.2117286617264749	79.7004583494227
2.426295310811073	0.007	0.005	0.21070099766121336	0.0003241790666263849	1.829005148964129	1.2215206292641765	79.51539034370505
2.4512360460473497	0.007	0.005	0.21204638886212515	0.000323416125852488	1.8547035976094317	1.231398773792446	79.32825446942735
2.4765222295806293	0.007	0.005	0.21339681385929285	0.0003226444507708016	1.8807304181685327	1.2413662391678353	79.1389762220073
2.502166876824753	0.007	0.005	0.21475248883874185	0.0003218637167527786	1.9070945140326483	1.2514263911839658	78.94747597816618
2.5281838819203415	0.007	0.005	0.2161136465844064	0.0003210735770869789	1.9338053913929065	1.2615828289192599	78.75366869514687
2.5545881090543943	0.007	0.005	0.21748053843514334	0.00032027366062722126	1.9608732244987606	1.2718394098248935	78.55746333918103
2.581395481799	0.007	0.005	0.21885343577694372	0.00031946356961039035	1.9883089152150633	1.2822002726850832	78.35876234268198
2.6086230905116596	0.007	0.005	0.22023263207591423	0.0003186428769149919	2.0161241669073218	1.2926698661090366	78.15746094260744
2.6362892991704467	0.007	0.005	0.22161844444003617	0.0003178111234863147	2.044331552938144	1.3032529751351236	77.95344654035512
2.6644138668345736	0.007	0.005	0.22301121544426572	0.0003169678153502711	2.0729445946384946	1.3139547516474732	77.74659797245835
2.693018083410496	0.007	0.005	0.22441131512742443	0.000316112420292972	2.101977847551131	1.3247807481950957	77.53678469745596
2.7221249135107333	0.007	0.005	0.22581914278373338	0.00031524436442262007	2.1314469886645186	1.3357369525796638	77.32386594752217
2.751759137413594	0.007	0.005	0.22723512796998416	0.0003143630288705267	2.1613688925385417	1.3468298188796426	77.10768992747914
2.7819475153375355	0.007	0.005	0.22865973194279016	0.00031346774598026096	2.191761721770305	1.358066304557299	76.88809287194724
2.812718915473847	0.007	0.005	0.23009344664185133	0.0003125577966412723	2.222644970556474	1.369453891185092	76.66489839715584
2.844104454309977	0.007	0.005	0.23153679355588047	0.00031163240743817825	2.254039509449806	1.3810006069843719	76.43791679358446
2.876137574753999	0.007	0.005	0.23299031902871045	0.000310690749667301	2.285967555697259	1.3927150236726205	76.20694479960439
2.908854051308353	0.007	0.005	0.2344545857622996	0.00030973194071176705	2.318452558846118	1.4046062245261275	75.9717659259175
2.9422918573082457	0.007	0.005	0.2359301579629844	0.00030875504947156163	2.3515189384375184	1.4166837212820662	75.73215178615041
2.9764908204653597	0.007	0.005	0.23741757754761167	0.0003077591079139625	2.3851916046925634	1.4289572956397958	75.48786493879656
3.0114919207283117	0.007	0.005	0.23891732617332814	0.00030674313290873523	2.4194951261973117	1.4414367169983529	75.23866424348108
3.047336047048445	0.007	0.005	0.2404297671174707	0.00030570616340974357	2.4544523796532656	1.4541312779247975	74.98431396853584
3.0840619664374684	0.007	0.005	0.24195505951796142	0.0003046473195109707	2.4900824664087335	1.4670490707516761	74.72459829149861
3.121703128676232	0.007	0.005	0.24349303372058576	0.0003035658937738637	2.526397571405078	1.4801958890989406	74.45934369048213
3.160282994498075	0.007	0.005	0.2450430213591538	0.00030246148267712544	2.56339852724454	1.4935736691027006	74.18845118215711
3.1998086074547754	0.007	0.005	0.24660363712636835	0.0003013341647961841	2.601068904083294	1.5071784041831457	73.91194005164678
3.240262577410702	0.007	0.005	0.24817252830157452	0.0003001847197903052	2.6393678980425306	1.520997627035217	73.63000152368497
3.281594595845262	0.007	0.005	0.24974614323215372	0.0002990148544182037	2.6782231903005433	1.5350078716870317	73.34305424368452
3.323714845552495	0.007	0.005	0.2513196092099737	0.0002978273691289511	2.717526051776318	1.5491729201073259	73.05178510749168
3.366492805468725	0.007	0.005	0.2528868367966763	0.0002966261679913514	2.7571318728152474	1.5634439613178317	72.75715171498697
3.4097643480156186	0.007	0.005	0.2544409243534912	0.00029541603585206075	2.7968684987629557	1.5777625095804708	72.46032771150468
3.453346902622427	0.007	0.005	0.2559748098593375	0.0002942021961842564	2.836551679182887	1.5920658383504864	72.16259431123895
3.497058455208655	0.007	0.005	0.25748198256665983	0.00029298977341420216	2.8760032950657415	1.6062933941967306	71.86520845586384
3.54073432370474	0.007	0.005	0.25895703290680255	0.0002917833307708634	2.915066649750662	1.6203921667334105	71.5692894167365
3.584237706747626	0.007	0.005	0.2603959236991864	0.0002905865910302224	2.953615346102254	1.6343197875238555	71.27575032984019
3.6274633696343086	0.007	0.005	0.2617959970866398	0.0002894023526758331	2.9915555287279187	1.6480452861652988	70.98527760943192
3.670336322249409	0.007	0.005	0.26315581208216665	0.0002882325447188736	3.0288235086323465	1.6615482238626218	70.69834441246049
3.7128077193918783	0.007	0.005	0.26447490684463426	0.000287078355781781	3.0653810040848035	1.674816996418465	70.41524228268285
3.7548498530897723	0.007	0.005	0.26575355504005393	0.00028594038440689454	3.10120977626336	1.687846934933531	70.13611803436588
3.7964512572243483	0.007	0.005	0.26699254962297436	0.0002848187827154035	3.1363065919556843	1.700638530503715	69.86100898073184
3.8376124330226222	0.007	0.005	0.2681930268999586	0.00028371337984005427	3.1706789432071014	1.7131959316480663	69.58987321173736
3.87834236261036	0.007	0.005	0.26935633153874744	0.0002826237813343257	3.2043416322648284	1.7255257501670505	69.322613971832
3.918655772382718	0.007	0.005	0.2704839169201863	0.00028154944616447534	3.2373141475086014	1.7376361471200568	69.0590985590123
3.9585710689882365	0.007	0.005	0.27157727466977605	0.0002804897441568849	3.2696187249172373	1.7495361607108504	68.7991724047217
3.9981087767442403	0.007	0.005	0.2726378853768331	0.0002794439988569859	3.3012789187871228	1.761235212548645	68.54266957950983
4.037290447162962	0.007	0.005	0.27366718723218175	0.00027841151687453926	3.3323186283266395	1.7727427741586155	68.28942001378329
4.076137857610134	0.007	0.005	0.27466655573869503	0.00027739160918356697	3.3627614087799422	1.7840681321654415	68.03925469938739
4.114672472371011	0.007	0.005	0.2756372924978669	0.00027638360497823846	3.3926300286669973	1.7952202393099954	67.7920090978374
4.152915099707418	0.007	0.005	0.2765806203267733	0.0002753868601604872	3.4219462063453916	1.8062076278991643	67.547525226298
4.190885643647112	0.007	0.005	0.27749768148684867	0.00027440076324341823	3.4507304374536005	1.8170383537678307	67.30565309932396
4.22860300668043	0.007	0.005	0.27838953995633486	0.0002734247372476916	3.479001949113535	1.8277199850977133	67.06625118685372
4.266084988391379	0.007	0.005	0.2792571836496687	0.00027245824154420505	3.5067786574452886	1.8382595904737702	66.8291868912833
4.3033483242300985	0.007	0.005	0.2801015298331755	0.00027150077032392215	3.534077233446364	1.8486637663634282	66.59433613565824
4.3404086520126395	0.007	0.005	0.2809234286106872	0.00027055185264616505	3.5609131158264575	1.8589386434326765	66.36158341617929
4.377280593031383	0.007	0.005	0.2817236687535289	0.0002696110498808941	3.5873006078964353	1.869089924021235	66.13082113976355
4.413977777663629	0.007	0.005	0.28250298194114803	0.00026867795438966034	3.613252932023429	1.879122902942183	65.90194932279522
4.450512913621815	0.007	0.005	0.2832620476331965	0.0002677521873031689	3.6387823130102466	1.8890424989764592	65.67487503308081
4.48689785042322	0.007	0.005	0.28400149752223014	0.0002668333963583162	3.6639000559517187	1.8988532840871164	65.44951186794653
4.523143633324446	0.007	0.005	0.2847219194666574	0.00026592125410780675	3.6886166141526626	1.908559508665613	65.22577950898787
4.5592605686910455	0.007	0.005	0.2854238613766966	0.0002650154558377972	3.7129416623809957	1.9181651288264956	65.00360321651539
4.595258284214178	0.007	0.005	0.28610783472248735	0.00026411571769733596	3.7368841637757497	1.9276738312884931	64.78291336648115
4.631145774867857	0.007	0.005	0.28677431752788807	0.0002632217751959482	3.76045242473469	1.9370890535745047	64.56364508428328
4.666931470531245	0.007	0.005	0.287423757549808	0.0002623333812095797	3.783654161727787	1.946414009079009	64.34573775466308
4.702623254421187	0.007	0.005	0.2880565743492009	0.0002614503052213532	3.806496533690288	1.9556516984949321	64.12913483979334
4.738228541448254	0.007	0.005	0.28867316227438994	0.0002605723311966568	3.8289862113152155	1.964804936191491	63.913783339405434
4.773754282031776	0.007	0.005	0.28927389194621017	0.00025969925710443064	3.8511293964714097	1.9738763566216893	63.6996337104771
4.80920703773906	0.007	0.005	0.2898591128523861	0.00025883089300677035	3.8729318854826196	1.9828684386835564	63.486639357830676
4.844592973656903	0.007	0.005	0.29042915438786043	0.0002579670609355595	3.89439907862248	1.9917835082545499	63.27475663271629
4.87991792730525	0.007	0.005	0.2909843280594682	0.0002571075930956324	3.9155360356189095	2.000623759766169	63.06394437540963
4.915187397183247	0.007	0.005	0.2915249282746527	0.00025625233194567375	3.9363474807698644	2.009391257058315	62.85416394413168
4.950406607798082	0.007	0.005	0.29205123425159646	0.00025540112847334247	3.9568378529295014	2.018087953068886	62.645378790709955
4.985580501739058	0.007	0.005	0.29256351070101366	0.0002545538422765571	3.9770113108345555	2.0267156909519906	62.43755447495178
5.020713777926033	0.007	0.005	0.29306200914572295	0.0002537103404852066	3.9968717648347147	2.0352762164065816	62.23065840720734
5.055810899148655	0.007	0.005	0.2935469687110839	0.0002528704974818261	4.016422889839967	2.0437711821495856	62.024659775904446
5.090876122489868	0.007	0.005	0.29401861718034833	0.0002520341940650426	4.035668150443601	2.052202157733955	61.8195293427883
5.125913496914967	0.007	0.005	0.29447717153953495	0.00025120131741692304	4.054610807003693	2.0605706311985927	61.61523943325562
5.160926902354278	0.007	0.005	0.29492283903018424	0.0002503717600513501	4.073253943835008	2.0688780204994557	61.41176368605637
5.1959200305666515	0.007	0.005	0.29535581739174344	0.0002495454202275082	4.091600465259069	2.07712567084557	61.209077144508434
5.230896437643506	0.007	0.005	0.2957762959783878	0.00024872220060387845	4.109653129333155	2.0853148688884557	61.007155932919545
5.265859515237455	0.007	0.005	0.29618445581714087	0.00024790200884428895	4.127414538107355	2.0934468375404673	60.80597740619117
5.300812528804243	0.007	0.005	0.29658047046143504	0.0002470847567059733	4.14488716256154	2.1015227464557205	60.605519912696884
5.3357586140197935	0.007	0.005	0.29696450630181587	0.00024627035996798195	4.162073345324354	2.1095437125571705	60.405762800425705
5.370700789283278	0.007	0.005	0.2973367230424539	0.0002454587381715582	4.178975311324237	2.1175108042219146	60.20668633142682
5.405641961169316	0.007	0.005	0.29769727407129765	0.00024464981439854914	4.195595174546847	2.1254250437333955	60.00827163782811
5.44058493441437	0.007	0.005	0.29804630685515554	0.00024384351497710186	4.211934946665868	2.1332874106756723	59.810500653019446
5.475532417192899	0.007	0.005	0.29838396326226785	0.00024303976935208184	4.227996543078712	2.1410988441653553	59.61335607064009
5.5104870309514045	0.007	0.005	0.2987103799090227	0.0002422385098114764	4.243781790758712	2.1488602460238764	59.41682127871339
5.545451306287877	0.007	0.005	0.2990256883572605	0.00024143967150215686	4.259292429528986	2.156572480775392	59.220880373079936
5.580427706564746	0.007	0.005	0.2993300155500499	0.00024064319189843496	4.27453012553104	2.164236381719067	59.02551801584203
5.61541860514547	0.007	0.005	0.2996234838152072	0.00023984901125628398	4.289496463939081	2.1718527467175535	58.830719554288784
5.650426327470722	0.007	0.005	0.2999062114197595	0.000239057071652648	4.304192969743487	2.1794223481407555	58.63647077822401
5.6854531142849645	0.007	0.005	0.3001783124407478	0.0002382673177526869	4.318621094390607	2.1869459255522803	58.442758117370936
5.720501165998048	0.007	0.005	0.30043989729247844	0.00023747969581226636	4.332782236646583	2.194424195952464	58.24956838833242
5.755572605802588	0.007	0.005	0.30069107259886274	0.00023669415446506728	4.346677729515609	2.201857846467901	58.056888992100305
5.790669524033709	0.007	0.005	0.30093194167391807	0.00023591064371224373	4.360308860146808	2.2092475443909114	57.86470766348079
5.825793943512611	0.007	0.005	0.30116260441189996	0.0002351291156510137	4.3736768579122804	2.216593930363277	57.67301265594566
5.860947856948408	0.007	0.005	0.301383157677058	0.00023434952366045017	4.386782910706536	2.22389762676173	57.48179253146364
5.896133199170634	0.007	0.005	0.30159369524396645	0.0002335718229595414	4.399628155978178	2.2311592323580207	57.29103630717219
5.931351877571267	0.007	0.005	0.30179430810643837	0.00023279596993269888	4.412213693642982	2.238379329094058	57.10073328508567
5.966605748918782	0.007	0.005	0.3019850844486182	0.00023202192262810294	4.424540579055508	2.2455584777141637	56.91087317347138
6.001896647501574	0.007	0.005	0.30216610990913145	0.0002312496400994956	4.436609834421446	2.252697223928232	56.721445930716726
6.0372263665564425	0.007	0.005	0.30233746757521773	0.00023047908282380412	4.448422443487497	2.2597960949838862	56.53244186175622
6.072596665369694	0.007	0.005	0.3024992381196578	0.00022971021251483922	4.459979355385808	2.2668556014897803	56.34385157588942
6.1080092881402015	0.007	0.005	0.30265149997259916	0.00022894299169739607	4.471281491873135	2.273876241499237	56.15566588299734
6.143465935922253	0.007	0.005	0.30279432927800115	0.00022817738434082	4.482329739282165	2.2808584952292956	55.96787593989085
6.178968297228956	0.007	0.005	0.30292780010649056	0.00022741335510036327	4.4931249593710545	2.2878028314335794	55.7804730845749
6.214518026958294	0.007	0.005	0.3030519844434903	0.00022665086987151846	4.503667983668758	2.294709703521161	55.593448945208905
6.250116770018103	0.007	0.005	0.3031669523478865	0.00022588989517308828	4.513959621534585	2.301579554434259	55.406795312882984
6.285766142548279	0.007	0.005	0.3032727719515536	0.00022513039859126374	4.524000655384218	2.308412813236296	55.22050423812832
6.321467746145483	0.007	0.005	0.30336950957208403	0.00022437234847834617	4.5337918456927815	2.3152098981045683	55.03456795387605
6.357223165581997	0.007	0.005	0.30345722976369055	0.00022361571393565935	4.543333931030411	2.321971216098224	54.8489788854678
6.393033973623797	0.007	0.005	0.3035359953851831	0.0002228604647635878	4.552627630025595	2.328697164269377	54.66372962378251
6.428901719223809	0.007	0.005	0.3036058676292359	0.00022210657166902217	4.561673638994295	2.3353881276436934	54.47881298445124
6.464827956123517	0.007	0.005	0.30366690613191616	0.00022135400567666356	4.570472639844959	2.3420444847491066	54.294221858583704
6.500814204843041	0.007	0.005	0.30371916895012935	0.00022060273889330757	4.579025291155123	2.348666600709233	54.10994940701685
6.5368620004306095	0.007	0.005	0.30376271268740457	0.0002198527435412447	4.587332240363089	2.3552548362412535	53.92598881370053
6.5729728471895	0.007	0.005	0.30379759247034394	0.00021910399285342115	4.595394113468292	2.361809539465614	53.74233351637228
6.609148259398594	0.007	0.005	0.3038238620421508	0.00021835646027237217	4.60321152496895	2.3683310535014135	53.55897699741084
6.645389727855903	0.007	0.005	0.3038415737693987	0.00021761012008710413	4.61078507082365	2.3748197105218396	53.37591295298076
6.681698760788876	0.007	0.005	0.30385077870587945	0.0002168649466276958	4.618115337601869	2.381275839233032	53.193135084996996
6.718076838251921	0.007	0.005	0.3038515266065445	0.00021612091517021425	4.625202893356073	2.387699756825958	53.01063733060188
6.754525455565266	0.007	0.005	0.3038438659755531	0.00021537800106489742	4.632048296842947	2.3940917768221257	52.828413642538315
6.791046096897231	0.007	0.005	0.30382784409227437	0.00021463618025285383	4.63865209253668	2.400452204476891	52.64645812146533
6.827640247433424	0.007	0.005	0.3038035070431208	0.0002138954290486393	4.645014813336383	2.406781339024203	52.46476495429713
6.8643093959319055	0.007	0.005	0.3037708997459699	0.00021315572404091961	4.651136981202942	2.413079474186628	52.28332840129153
6.901055022670887	0.007	0.005	0.30373006598870667	0.00021241704237247915	4.657019105413564	2.419346896183352	52.10214285530838
6.937878623923524	0.007	0.005	0.3036810484307438	0.00021167936122993146	4.6626616867949915	2.425583887988467	51.92120272066533
6.974781682810763	0.007	0.005	0.30362388866094214	0.00021094265843725845	4.668065213295076	2.4317907244272	51.74050255661819
7.0117657012004235	0.007	0.005	0.30355862717898296	0.00021020691178710052	4.673230165073504	2.4379676776378476	51.560036920501204
7.048832170452104	0.007	0.005	0.3034853034627605	0.00020947209969464622	4.678157010385564	2.4441150122015953	51.379800510979365
7.0859826034779365	0.007	0.005	0.3034039559322866	0.00020873820045794764	4.682846210192929	2.450232990539261	51.199788011729645
7.123218507849351	0.007	0.005	0.3033146220204134	0.00020800519288871998	4.687298214646543	2.456321868477396	51.01999422255769
7.1605414056630625	0.007	0.005	0.30321733815051927	0.00020727305587353755	4.691513465782727	2.462381898566606	50.84041396318819
7.197952823838206	0.007	0.005	0.3031121397755157	0.00020654176855757674	4.695492396394111	2.4684133285118732	50.66104212060148
7.235454299233969	0.007	0.005	0.3029990613825883	0.00020581131026800508	4.6992354307279856	2.474416402033614	50.48187362470348
7.273047378837028	0.007	0.005	0.30287813650797957	0.00020508166051512764	4.702742984552064	2.480391358912731	50.30290344794789
7.310733624954959	0.007	0.005	0.3027493977339541	0.0002043527988775203	4.706015465645065	2.4863384358216107	50.124126581273764
7.3485146079330805	0.007	0.005	0.3026128767259545	0.0002036247051484756	4.709053273137684	2.492257865172329	49.94553806944154
7.38639191135292	0.007	0.005	0.30246860422966815	0.00020289735924824363	4.711856798032459	2.498149875948861	49.76713298694839
7.424367137297387	0.007	0.005	0.3023166100617635	0.0002021707411199713	4.714426423542366	2.504014694514729	49.588906414158515
7.462441899044878	0.007	0.005	0.30215692314862463	0.000201444830874931	4.716762524513686	2.5098525434654064	49.41085347264738
7.500617828876956	0.007	0.005	0.30198957150593797	0.00020071960864655568	4.718865467926143	2.515663642822103	49.23296928951273
7.538896570740127	0.007	0.005	0.3018145822802198	0.00019999505474031326	4.7207356124224775	2.5214482088937205	49.05524903266575
7.577279788101739	0.007	0.005	0.30163198172507044	0.0001992711494705727	4.722373308729188	2.527206455458897	48.877687875222385
7.615769169358901	0.007	0.005	0.30144179518117314	0.00019854787308407887	4.723778899720005	2.53293859453377	48.70028097194414
7.654366417945367	0.007	0.005	0.3012440471304719	0.0001978252059383801	4.7249527198810775	2.5386448348513913	48.52302350636837
7.693073257723846	0.007	0.005	0.30103876117898865	0.00019710312843518584	4.725895095482501	2.5443253826413925	48.34591066712935
7.731891443613114	0.007	0.005	0.30082596000489	0.00019638162076823196	4.726606344651187	2.5499804431352184	48.16893760099909
7.7708227387571664	0.007	0.005	0.300605665487903	0.00019566066342575805	4.727086776768689	2.555610217183403	47.99209951869025
7.809868951010284	0.007	0.005	0.3003778985119912	0.00019494023646988865	4.727336692909717	2.5612149065031833	47.81539153042386
7.84903189192825	0.007	0.005	0.3001426792024165	0.00019422032031668685	4.72735638519301	2.5667947076937483	47.638808833919065
7.888313416031642	0.007	0.005	0.2999000267029658	0.00019350089503238286	4.727146136938475	2.572349817823488	47.46234653834313
7.927715871625171	0.007	0.005	0.29964995626687635	0.000192781932124226	4.726706215684718	2.577880497320573	47.28599765366059
7.967240920224933	0.007	0.005	0.29939248666026985	0.0001920634161056411	4.726036882992598	2.583386903610138	47.109758385707465
8.006890773937853	0.007	0.005	0.2991276323962948	0.00019134532194567045	4.7251383833149685	2.588869265239841	46.93362259219682
8.046667240647167	0.007	0.005	0.29885540992080173	0.00019062763241379566	4.724010958716056	2.5943277485545875	46.75758604596644
8.086572503659074	0.007	0.005	0.29857583244564945	0.00018991032395473123	4.722654832338648	2.5997625656558516	46.5816429700539
8.126608490932778	0.007	0.005	0.29828891424431647	0.00018919337810300321	4.7210702252792975	2.6051738876094004	46.40578883395868
8.166777397578883	0.007	0.005	0.2979946670159544	0.00018847677206591758	4.719257339416861	2.6105619156588946	46.23001805011663
8.20708126906032	0.007	0.005	0.2976931028540772	0.0001877604862439433	4.7172163730130015	2.615926824669905	46.05432580923339
8.247522329783587	0.007	0.005	0.29738423185786034	0.0001870444983429445	4.714947506262468	2.621268807214946	45.87870664334792
8.288102742936733	0.007	0.005	0.2970680639126768	0.0001863287876742297	4.712450912629006	2.6265880413888554	45.70315547733298
8.328824782917886	0.007	0.005	0.29674460738435987	0.00018561333210731623	4.709726749316477	2.6318847135448498	45.527666881879874
8.36969072020065	0.007	0.005	0.2964138700058162	0.00018489811009683024	4.706775163743077	2.6371590030181356	45.352235575723725
8.410702911310786	0.007	0.005	0.2960758581626622	0.00018418309916429744	4.703596287294034	2.6424110937108263	45.176856041001706
8.451863720816899	0.007	0.005	0.29573057752104376	0.00018346827721107845	4.7001902405975375	2.6476411638773087	45.001522861739794
8.49317560665554	0.007	0.005	0.29537803231932613	0.000182753621110416	4.6965571264990205	2.6528493968890707	44.826230362884715
8.534641038913591	0.007	0.005	0.2950182260436298	0.00018203910809901967	4.692697036350649	2.6580359707448147	44.650972960346245
8.576262577565878	0.007	0.005	0.2946511607611509	0.00018132471444342826	4.688610042833851	2.663201067712527	44.4757448350785
8.618042812826243	0.007	0.005	0.29427683762891893	0.00018061041651841255	4.684296204976824	2.6683448666677383	44.30054018987708
8.659984413103011	0.007	0.005	0.2938952564674546	0.00017989618996672293	4.679755563106874	2.673467548875913	44.12535305168695
8.702090098315733	0.007	0.005	0.29350641599006355	0.00017918201019770445	4.6749881410413305	2.6785692944891384	43.9501773885838
8.744362660475119	0.007	0.005	0.2931103136092793	0.00017846785205602217	4.669993943422009	2.683650284859763	43.77500702864853
8.78680495082056	0.007	0.005	0.292706945547921	0.0001777536900362746	4.664772956686328	2.6887107007662694	43.59983571863861
8.829419906378691	0.007	0.005	0.2922963065793221	0.0001770394978919088	4.659325145330341	2.6937507253601503	43.42465701966291
8.872210517325293	0.007	0.005	0.2918783903300118	0.00017632524918760668	4.653650455451177	2.6987705400471853	43.24946444737138
8.915179870831743	0.007	0.005	0.2914531888475485	0.00017561091658979466	4.647748808592382	2.703770329422623	43.074251297665775
8.958331109756944	0.007	0.005	0.29102069299490657	0.0001748964725855483	4.641620106697982	2.708750276172198	42.89901082188679
9.001667485582729	0.007	0.005	0.2905808919155797	0.00017418188862384175	4.6352642242448345	2.7137105669548385	42.7237360175153
9.045192319874452	0.007	0.005	0.2901337734058488	0.0001734671357919849	4.628681013013773	2.718651387647988	42.54841979184166
9.088909031791932	0.007	0.005	0.2896793236268952	0.00017275218438350388	4.621870297549228	2.7235729262200117	42.373054857408036
9.132821137018654	0.007	0.005	0.2892175271007222	0.00017203700393267945	4.61483187458168	2.728475372274094	42.19763374413875
9.176932240816678	0.007	0.005	0.28874836677167665	0.00017132156338347068	4.60756551353481	2.733358915955147	42.022148834698086
9.22124606336961	0.007	0.005	0.2882718237257344	0.00017060583071068765	4.600070951759095	2.738223750429628	41.84659227152426
9.265766415379918	0.007	0.005	0.28778787743761897	0.00016988977332725485	4.592347897915286	2.7430700688369427	41.670956062239846
9.310497241565518	0.007	0.005	0.2872965052872877	0.0001691733574339807	4.584396023858198	2.74789806867843	41.49523191647263
9.35544258447065	0.007	0.005	0.28679768293770647	0.00016845654863313996	4.576214970162003	2.752707947480076	41.31941139808881
9.400606625565723	0.007	0.005	0.2862913838688585	0.00016773931131929914	4.567804338103227	2.757499906825013	41.14348577342355
9.445993657912043	0.007	0.005	0.2857775796651705	0.00016702160915770778	4.559163693873348	2.7622741489984466	40.967446128501095
9.491608131032677	0.007	0.005	0.28525623949442636	0.00016630340439827666	4.550292559380398	2.767030881284755	40.79128320529569
9.537454608456619	0.007	0.005	0.2847273305723626	0.0001655846585995018	4.541190419567989	2.771770311038184	40.61498757757962
9.583537825429312	0.007	0.005	0.28419081748592	0.00016486533180762653	4.531856710385767	2.7764926512093737	40.43854943989158
9.629862649481835	0.007	0.005	0.2836466626290596	0.00016414538316444384	4.522290825741017	2.781198115742631	40.26195877180878
9.676434126804422	0.007	0.005	0.28309482564527866	0.00016342477025201819	4.512492107285923	2.7858869237927366	40.085205173376174
9.723257458204698	0.007	0.005	0.28253526368992105	0.00016270344957291564	4.502459848468253	2.7905592967042887	39.90827797071218
9.770338034012942	0.007	0.005	0.2819679309973278	0.00016198137600895401	4.492193286305982	2.7952154609305855	39.73116609799652
9.817681416406472	0.007	0.005	0.28139277907213467	0.00016125850317065703	4.4816916042683905	2.7998556456433707	39.55385817950245
9.865293368843627	0.007	0.005	0.2808097563156658	0.00016053478304027056	4.470953924990867	2.8044800849990534	39.376342434668075
9.913179851308934	0.007	0.005	0.28021880806277766	0.00015981016608193944	4.459979310387708	2.8090890169813	39.19860671280676
9.96134704755777	0.007	0.005	0.27961987622628104	0.00015908460090744225	4.448766754526636	2.8136826853146952	39.02063840945281
10.009801357722584	0.007	0.005	0.2790128993660678	0.00015835803445738046	4.437315184337017	2.818261337985595	38.84242451264899
10.058549410243288	0.007	0.005	0.2783978125223563	0.00015763041192966336	4.425623455989919	2.822825227611388	38.663951577996436
10.107598087299227	0.007	0.005	0.2777745468750874	0.00015690167644625812	4.413690347906811	2.827374613002723	38.48520565592282
10.156954521506268	0.007	0.005	0.27714302976386	0.00015617176922290736	4.401514560582925	2.831909757974665	38.30617232562971
10.206626122376212	0.007	0.005	0.27650318433042964	0.00015544062923912393	4.3890947091998385	2.8364309328810204	38.12683662162738
10.256620567057462	0.007	0.005	0.27585492961793784	0.00015470819349936894	4.376429325039727	2.840938412816529	37.94718309114762
10.306945844526213	0.007	0.005	0.2751981799810871	0.00015397439647126267	4.363516843515393	2.845432480627423	37.76719566005233
10.357610237175752	0.007	0.005	0.27453284530527317	0.00015323917045947358	4.350355607953915	2.849913424195043	37.586857725711475
10.4086223596896	0.007	0.005	0.27385883048230564	0.00015250244516719033	4.336943858844652	2.854381538818081	37.406152045747206
10.459991165112198	0.007	0.005	0.2731760353116693	0.00015176414774579217	4.323279731407107	2.8588371265756236	37.22506074631396
10.511725947789344	0.007	0.005	0.27248435444840696	0.00015102420279885492	4.309361254188603	2.8632804954035276	37.04356534217633
10.563836381276918	0.007	0.005	0.27178367688582733	0.00015028253208207697	4.295186338347647	2.867711961126314	36.861646635548844
10.616332501726335	0.007	0.005	0.27107388616834166	0.0001495390547908523	4.280752781654461	2.8721318447412205	36.67928480803695
10.669224764864007	0.007	0.005	0.2703548596171346	0.00014879368692294646	4.266058252567759	2.876540475901933	36.496459257393056
10.722524009244692	0.007	0.005	0.26962646882409047	0.00014804634198978224	4.251100300123857	2.880938188432932	36.31314876202045
10.77624151856128	0.007	0.005	0.26888857880674283	0.00014729693017972995	4.235876336606944	2.885325324090762	36.12933130388564
10.83038899258229	0.007	0.005	0.26814104841130915	0.00014654535908126173	4.220383645842252	2.8897022286767564	35.94498420856026
10.884978571678365	0.007	0.005	0.2673837299927264	0.0001457915333909445	4.204619376821111	2.894069252573929	35.76008410156893
10.940022855110687	0.007	0.005	0.2666164691823006	0.0001450353548748179	4.188580539174237	2.8984267506826917	35.574606888672626
10.995534868281593	0.007	0.005	0.265839105375443	0.0001442767230023003	4.172264013862997	2.9027750783020085	35.38852790914312
11.05152810342832	0.007	0.005	0.2650514712076405	0.00014351553451637106	4.15566654294719	2.907114592848771	35.2018218417902
11.108016467811497	0.007	0.005	0.26425339333609327	0.00014275168440723625	4.13878474695433	2.9114456483333946	35.014462921764704
11.165014294316649	0.007	0.005	0.2634446923643548	0.00014198506583841576	4.1216151245821155	2.915768594814319	34.826424946998
11.222536283307534	0.007	0.005	0.26262518375568317	0.00014121557114623072	4.104154073643225	2.920083772683658	34.63768151121835
11.280597492110637	0.007	0.005	0.2617946780948529	0.00014044309213550858	4.086397898629918	2.9243915107680003	34.44820607620984
11.339213210199128	0.007	0.005	0.2609529830081888	0.00013966752188828015	4.068342854164813	2.9286921161543957	34.25797241331884
11.39839895469644	0.007	0.005	0.26009990339646233	0.00013888875488781867	4.049985153008901	2.9329858733241077	34.066954644653755
11.458170261480161	0.007	0.005	0.25923524463899544	0.00013810668990300566	4.0313210384739016	2.9372730287427067	33.87512793824533
11.518542618795397	0.007	0.005	0.2583588137961327	0.00013732123084882861	4.012346814724976	2.9415537865360424	33.682468727212054
11.579531201146168	0.007	0.005	0.25747042374821444	0.00013653229024578864	3.993058941340416	2.9458282905857063	33.48895555356255
11.641150671285738	0.007	0.005	0.25656989641445294	0.00013573979165335695	3.973454109204624	2.9500966126290553	33.294569668402055
11.70341484628014	0.007	0.005	0.2556570680168388	0.00013494367377119774	3.953529361990043	2.954358732087199	33.09929603482606
11.766336315954872	0.007	0.005	0.25473179512334715	0.00013414389496655492	3.933282236123145	2.95861451433055	32.90312444095912
11.829925972741949	0.007	0.005	0.2537939620779493	0.00013334043874406	3.9127109326168115	2.9628636849245282	32.706050842913555
11.894192469482304	0.007	0.005	0.252843489583442	0.00013253331992745562	3.891814515820337	2.967105801436144	32.50807887449048
11.959141514938503	0.007	0.005	0.25188034577903984	0.0001317225925403079	3.870593168721132	2.97134021734931	32.30922178874059
12.024775152589747	0.007	0.005	0.25090455766708913	0.0001309083576220836	3.8490484577555835	2.9755660483017743	32.10950436742493
12.091090838728714	0.007	0.005	0.2499162256105068	0.0001300907731087631	3.827183666975548	2.9797821290820554	31.908965349692668
12.158080523108119	0.007	0.005	0.24891553787935872	0.00012927006326369565	3.8050041348551584	2.983986975148996	31.707659743526644
12.225729640006573	0.007	0.005	0.24790278658872147	0.00012844652874604418	3.7825176228743174	2.988178742916794	31.505661293662786
12.294016105323243	0.007	0.005	0.2468783835718109	0.00012762055608420532	3.7597346831058407	2.992355195022726	31.30306481090168
12.362909433506726	0.007	0.005	0.2458428744314466	0.00012679262527397572	3.7366689848413293	2.996513677237898	31.099988029517814
12.43236999470587	0.007	0.005	0.2447969503964307	0.00012596331524583637	3.713337590741168	3.0006511073935305	30.8965729505922
12.502348672209822	0.007	0.005	0.24374145399374247	0.00012513330426565427	3.689761092217912	3.004763990529103	30.69298593845421
12.572786819606018	0.007	0.005	0.24267737996099298	0.0001243033666291982	3.6659636342246285	3.008848452040178	30.489416917500616
12.643616883336618	0.007	0.005	0.24160586580559407	0.00012347436167102632	3.6419727031146203	3.0129003077439136	30.286076668222346
12.714763477082068	0.007	0.005	0.24052817516163258	0.0001226472178718077	3.617818746704415	3.0169151550894733	30.083192924219993
12.786145120011623	0.007	0.005	0.2394456707061692	0.00012182290979676994	3.59353455349296	3.0208884947076062	29.881004737230224
12.857676350648637	0.007	0.005	0.2383597809987773	0.00012100243185807963	3.569154488801614	3.024815863069092	29.67975601072587
12.929270194332044	0.007	0.005	0.23727196162977113	0.00012018676888309652	3.54471359739886	3.02869297329014	29.479688314346287
13.000840657863835	0.007	0.005	0.23618365571599992	0.00011937686788859547	3.5202466872309937	3.0325158453002676	29.281033926536796
13.0723051204303	0.007	0.005	0.2350962558481032	0.00011857361198518005	3.4957874435665834	3.0362809189174773	29.08400946276247
13.143586404733373	0.007	0.005	0.23401107089406004	0.00011777779916510269	3.4713676522185875	3.0399851398365723	28.888810656635272
13.214614319746465	0.007	0.005	0.23292930094685046	0.00011699012781306366	3.447016607820976	3.0436260101750072	28.695608807376626
13.285326796910239	0.007	0.005	0.23185201865164687	0.00011621118733058258	3.422760669046224	3.0472016129042694	28.50454848695575
13.355670397583191	0.007	0.005	0.2307801603540175	0.0001154414561314998	3.398623039255239	3.0507106016256387	28.31574703981776
13.425600467989554	0.007	0.005	0.22971452288957595	0.00011468130352894946	3.374623678987164	3.0541521725378864	28.129295054419522
13.495080849073204	0.007	0.005	0.22865576742447197	0.00011393099645891656	3.3507793820052614	3.057526015964804	27.945258002209318
13.56408337577199	0.007	0.005	0.22760442675245307	0.00011319070813374587	3.3271039335897434	3.0608322606895095	27.763678371950775
13.632587139356186	0.007	0.005	0.22656091641571427	0.0001124605289772179	3.3036083587411778	3.0640714107234572	27.58457834257273
13.700577707358146	0.007	0.005	0.22552554664518082	0.00011174047755398134	3.2803011919236535	3.067244284405113	27.40796246442604
13.768046263049001	0.007	0.005	0.2244985356589623	0.00011103051188934885	3.2571887797565053	3.0703519540459188	27.233820444994997
13.834988785405544	0.007	0.005	0.2234800224385177	0.00011033053999590037	3.234275573639016	3.073395691678061	27.0621297244294
13.901405277687735	0.007	0.005	0.22247007882655842	0.00010964042951358971	3.211564408223475	3.076376920841377	26.892857829177185
13.967299033448608	0.007	0.005	0.2214687210892968	0.00010896001644839449	3.1890567684580846	3.0792971734781465	26.725964541615667
14.032676022658517	0.007	0.005	0.2204759196645331	0.00010828911256186814	3.1667530160712456	3.0821580551586125	26.56140368637111
14.097544308903936	0.007	0.005	0.21949160843378582	0.00010762751199992906	3.1446526053098323	3.0849612141501317	26.39912477214052
14.1619135987895	0.007	0.005	0.21851569197117038	0.00010697499642555449	3.122754252963979	3.087708318333303	26.23907424482062
14.225794800490695	0.007	0.005	0.21754805263022037	0.00010633133984726725	3.1010561043574256	3.090401034175813	26.08119667188485
14.289199728734069	0.007	0.005	0.2165885553825276	0.00010569631179200312	3.0795558484057137	3.0930410132974164	25.92543552495838
14.352140771793216	0.007	0.005	0.21563705320153112	0.00010506968079379962	3.058250844375025	3.095629878469374	25.771734026543676
14.414630710949048	0.007	0.005	0.21469339010697402	0.00010445121618632114	3.03713819566298	3.0981692168036323	25.620035597483515
14.476682498038873	0.007	0.005	0.2137574048133056	0.00010384069027037922	3.0162148365842416	3.1006605717903915	25.470284389400355
14.538309122280209	0.007	0.005	0.2128289329989024	0.00010323787955110441	2.9954775877575757	3.103105439460533	25.322425584926712
14.599523502111813	0.007	0.005	0.21190780917140553	0.0001026425656961727	2.9749232019978895	3.105505265838153	25.17640562803228
14.660338368859968	0.007	0.005	0.2109938686299034	0.00010205453649603299	2.954548411909537	3.1078614443035604	25.032172465797327
14.72076622982233	0.007	0.005	0.21008694820841056	0.0001014735860345705	2.9343499498680536	3.110175316211522	24.8896755952425
14.780819296985698	0.007	0.005	0.20918688751573913	0.00010089951525682809	2.914324578712673	3.112448170223334	24.748866188995148
14.840509449311455	0.007	0.005	0.20829352965103884	0.00010033213210454092	2.89446911039943	3.1146812429824187	24.609697138745776
14.899848223377154	0.007	0.005	0.20740672147802006	9.977125143365806e-5	2.8747804145451203	3.1168757208354605	24.472123031759505
14.958846773063158	0.007	0.005	0.2065263143471697	9.921669520646043e-5	2.8552554366564373	3.1190327403593607	24.336100199401432
15.01751589586188	0.007	0.005	0.2056521638089388	9.866829207145453e-5	2.835891193718449	3.121153391293657	24.201586611775134
15.07586598524059	0.007	0.005	0.2047841304187407	9.812587762929378e-5	2.816684793787928	3.123238716693532	24.068541944013848
15.133907087271405	0.007	0.005	0.20392207897755193	9.758929372781967e-5	2.797633420737761	3.1252897167798195	23.936927404628083
15.191648841436681	0.007	0.005	0.20306587948707863	9.705838884546501e-5	2.7787343567851672	3.1273073485506337	23.80670582996351
15.249100555181375	0.007	0.005	0.2022154061090537	9.653301727072118e-5	2.759984960743136	3.1292925300543453	23.67784147640477
15.30627114076384	0.007	0.005	0.20137053816053202	9.601303949427881e-5	2.7413826911052195	3.1312461397406173	23.550300125643336
15.363169210885657	0.007	0.005	0.20053115875153446	9.549832120361347e-5	2.722925077024129	3.1331690212267653	23.424048835163347
15.419803007611419	0.007	0.005	0.19969715588313894	9.498873381892814e-5	2.704609743402123	3.1350619822467407	23.299056063624825
15.476180473923645	0.007	0.005	0.19886842143299985	9.448415367187493e-5	2.6864343893799734	3.1369257983908563	23.175291479916957
15.532309230961497	0.007	0.005	0.19804485152868834	9.398446212978556e-5	2.668396797276982	3.138761213568359	23.052725983618693
15.588196618206895	0.007	0.005	0.19722634599064423	9.348954508655404e-5	2.650494821034914	3.140568942495037	22.93133158838629
15.643849677586656	0.007	0.005	0.19641280859550073	9.29992930242178e-5	2.6327263925807727	3.142349671264974	22.811081429804922
15.699275188903494	0.007	0.005	0.19560414658371986	9.251360057183888e-5	2.6150895115900132	3.144104059528728	22.691949662888952
15.754479671619185	0.007	0.005	0.19480027065814093	9.203236640552532e-5	2.5975822459499334	3.145832741510658	22.57391143446379
15.80946939733417	0.007	0.005	0.19400109482336242	9.155549303678548e-5	2.580202728695084	3.1475363273155263	22.45694283363922
15.864250405498499	0.007	0.005	0.19320653617656164	9.10828866078486e-5	2.562949153854986	3.1492154042741554	22.341020836918833
15.918828497090164	0.007	0.005	0.19241651501604892	9.061445683990158e-5	2.545819779166437	3.150870537561603	22.226123301188043
15.973209278516338	0.007	0.005	0.19163095422059695	9.015011659077811e-5	2.5288129129333536	3.152502272296425	22.11222885192288
16.0	0.007	0.005	0.19124454218196213	8.992223492379842e-5	2.5204569383122015	3.153299810272996	22.05633351067502
