0.0	0.007	0.005	0.0	0.0	0.0	0.0	100.0
0.00024382420878378105	0.007	0.005	2.6570313422081103e-5	0.00016167212185634638	1.946306988364106e-9	3.709462268310342e-6	99.99764462901824
0.0003558311648529914	0.007	0.005	3.877540425198476e-5	0.0002084285547496147	4.145087642111494e-9	7.268507792354759e-6	99.9965626470396
0.000553782233986183	0.007	0.005	6.0344558293114664e-5	0.00026464659846742275	1.0039282739102046e-8	1.5338277044407903e-5	99.99465047755973
0.0007207776473267616	0.007	0.005	7.853969653226692e-5	0.0002944408398486869	1.70062853847706e-8	2.333365350415675e-5	99.99303736223133
0.0009318399823156463	0.007	0.005	0.00010153484577297166	0.0003178802500442934	2.8422810619878148e-8	3.439595110183918e-5	99.99099861359802
0.00114580748968637	0.007	0.005	0.00012484498419505235	0.00033175921691113233	4.297192812541908e-8	4.627552888689722e-5	99.98893184499211
0.0013923024211858748	0.007	0.005	0.0001516968319426485	0.00034071934587772367	6.344573065835734e-8	6.043365113053799e-5	99.98655093836867
0.0016585874244483155	0.007	0.005	0.00018070221084986223	0.00034578756075314917	9.002924170258064e-8	7.603814439173127e-5	99.98397894217585
0.0019599216086180165	0.007	0.005	0.00021352248581744468	0.0003485936274053767	1.2570487790620506e-7	9.389275866181963e-5	99.98106849240774
0.0022961511875500473	0.007	0.005	0.00025013984518833466	0.0003499929600976546	1.7252015552491197e-7	0.00011393032471880847	99.97782110390523
0.0026803687673643078	0.007	0.005	0.00029197872776325323	0.00035063369250630663	2.350644825328285e-7	0.00013689063804408333	99.97411036454153
0.003121747859040819	0.007	0.005	0.000340036019851785	0.00035088624415186215	3.188206939127311e-7	0.00016329728070980666	99.96984773434329
0.00363947613207144	0.007	0.005	0.00039639786080881013	0.00035096373968037547	4.332847564441713e-7	0.0001942835582563763	99.96484799153937
0.004257375919264556	0.007	0.005	0.0004636529656667091	0.0003509705837916373	5.928076225779931e-7	0.00023126684887439088	99.95888121181477
0.005015259688857481	0.007	0.005	0.0005461270767335803	0.0003509512039263449	8.224998530541106e-7	0.00027662446378645287	99.95156315618505
0.005973833463720114	0.007	0.005	0.0006504129731525906	0.0003509197348749088	1.1666833532900286e-6	0.0003339838612909215	99.94230802375867
0.007229149143933251	0.007	0.005	0.000786935604666973	0.000350877279693042	1.7079978192356245e-6	0.00040908378026403066	99.93018911244845
0.008857631888649683	0.007	0.005	0.0009639634640262406	0.0003508218719018603	2.563153272271181e-6	0.000506481463176054	99.91446980813421
0.010682319655466652	0.007	0.005	0.0011622145606740675	0.0003507583971878998	3.726283755599583e-6	0.0006155775884718442	99.89685952720576
0.012412088222856256	0.007	0.005	0.0013500496835140356	0.00035069346841524134	5.0286345513721576e-6	0.0007189633625525926	99.88016818876875
0.013945127586738076	0.007	0.005	0.001516438217460537	0.000350633962360311	6.3451502424806314e-6	0.0008105621321639068	99.86537751273552
0.015326893756904264	0.007	0.005	0.001666340842638512	0.0003505874404708834	7.662278030070418e-6	0.0008930986075704042	99.85204818856657
0.016639246600455834	0.007	0.005	0.0018086538746995915	0.0003505474730994824	9.027697886806763e-6	0.0009714681346491745	99.83939011321263
0.017946475920434725	0.007	0.005	0.0019503539853446277	0.00035050658544271817	1.0498534903984243e-5	0.0010495119945284717	99.82678305118915
0.019281622624999058	0.007	0.005	0.0020950212292923883	0.0003504629834998939	1.2114769400976274e-5	0.0011292023223897453	99.81390839416125
0.02065152020420919	0.007	0.005	0.002243391848718318	0.0003504170335434739	1.3892679053608843e-5	0.0012109454997445996	99.80070036451346
0.022046358267663154	0.007	0.005	0.0023943992291354356	0.00035036957644462045	1.5827304879898416e-5	0.0012941546892993958	99.78725366402627
0.023450654855036373	0.007	0.005	0.002546364892887981	0.0003503215239226629	1.7901667480752107e-5	0.00137790546584261	99.77371761045653
0.02485223325462562	0.007	0.005	0.002697970688608506	0.000350273609577443	2.009856073919736e-5	0.0014614714445186595	99.76020958840014
0.027639527125533813	0.007	0.005	0.002999271400341597	0.00035018767714902816	2.4842646365062172e-5	0.0016275896570798014	99.73335186123462
0.031247039717660047	0.007	0.005	0.003388850965173181	0.00035006394687340516	3.172264043238811e-5	0.0018424594632977043	99.69860142891052
0.03833530436595189	0.007	0.005	0.004153056944250518	0.00034982466585613704	4.7664081121909865e-5	0.0022642121674784446	99.63035688618248
0.05197454120312182	0.007	0.005	0.005618837549709506	0.0003493639933669733	8.731954161515948e-5	0.0030741232236059894	99.49917214566418
0.06458254367268557	0.007	0.005	0.0069683008317171025	0.0003489387459157942	0.00013440500104350503	0.003820900006874349	99.37805965384982
0.08236479256064283	0.007	0.005	0.008862638774399032	0.00034833985042119584	0.00021765507652643393	0.004871057731641342	99.20749387685697
0.09906630399048459	0.007	0.005	0.010632356861698505	0.0003477782903143852	0.0003135866811018293	0.005854105961503083	99.0475610507184
0.11969304725508662	0.007	0.005	0.01280537014901605	0.0003470860000818588	0.0004554534387632708	0.007063816659123442	98.85039619009773
0.1393869558690177	0.007	0.005	0.014867144700187202	0.0003464263044100648	0.0006146846443011722	0.008214322228002297	98.66251428500874
0.16183244407007025	0.007	0.005	0.017201620878647923	0.00034567596655254084	0.0008240386304036243	0.009520238956833408	98.44881740763691
0.1835653294146364	0.007	0.005	0.019446465126014962	0.00034495099919501303	0.0010545882143330174	0.010779302525556629	98.24234606986786
0.20715803942760472	0.007	0.005	0.02186622885822939	0.0003441657126888375	0.0013353408981050926	0.012140132278671414	98.0186957886752
0.2302519941646271	0.007	0.005	0.024217604862172597	0.000343398758798869	0.0016403480205732296	0.013466190817198138	97.80026664743963
0.25458852241823016	0.007	0.005	0.02667715352838272	0.0003425923882575785	0.0019934951112214492	0.0148572006851629	97.57061161571238
0.27860566196455916	0.007	0.005	0.029086074408057397	0.0003417984568402643	0.002373340805175703	0.016223548319780373	97.34449925402406
0.3034600153533194	0.007	0.005	0.03155988989212339	0.00034097878689482266	0.002798574366916229	0.017630855796489618	97.1110565349166
0.328131135264146	0.007	0.005	0.033996390706561117	0.00034016710376988927	0.0032523871507072633	0.019021110755507598	96.87988847262551
0.3533806085419975	0.007	0.005	0.03647044867256167	0.0003393383933470347	0.0037489084327474646	0.020437101366336086	96.64387101928438
0.378546545445076	0.007	0.005	0.038916751695916005	0.0003385144335523497	0.004275423771692569	0.02184154003396457	96.40920654968785
0.4041277613832234	0.007	0.005	0.04138352267111826	0.0003376789275202484	0.004842338517195902	0.02326216203032765	96.17125370234587
0.4296967958931867	0.007	0.005	0.04382919426781996	0.00033684588003997693	0.005440273414479495	0.024675097666773248	95.9340010502421
0.45557943461159467	0.007	0.005	0.04628470090105093	0.00033600470827162954	0.006076734772484749	0.026098260579760925	95.69443459670053
0.4815004005639422	0.007	0.005	0.048723642062277556	0.00033516439613157166	0.0067449244647161686	0.027516404941625976	95.45511296517567
0.5076722597457646	0.007	0.005	0.051165808993692725	0.0003343180826037151	0.007450165394579809	0.02894107683641588	95.21408213049467
0.5339181616174129	0.007	0.005	0.053594449508841006	0.0003334715208282966	0.008187589647903578	0.030362551475831466	94.97298059965911
0.5603768800144148	0.007	0.005	0.056022201606395955	0.00033262026445899864	0.008960914529990526	0.031788263049189164	94.73054204092985
0.5869351025636447	0.007	0.005	0.058438436639095225	0.0003317679920160175	0.00976668075272828	0.033212013832496515	94.48781410430429
0.6136836364984017	0.007	0.005	0.0608512128119185	0.00033091181963329605	0.01060744600721354	0.034638589620282836	94.24397546121476
0.640550172566536	0.007	0.005	0.06325378441258116	0.0003300540943190154	0.011480761094924843	0.036064044410986956	93.9996945409376
0.6675943778184849	0.007	0.005	0.06565128063837374	0.0003291929421495964	0.012388357134824713	0.0374914600459015	93.75443765150519
0.6947704117661644	0.007	0.005	0.06803941673498934	0.0003283298555410063	0.013328499436287961	0.03891832778339607	93.50862983060502
0.7221177643220055	0.007	0.005	0.07042145132597846	0.0003274636122961158	0.01430233662413009	0.040346634829171175	93.26192299692896
0.7496076840108867	0.007	0.005	0.07279465782485417	0.0003265951564827082	0.015308633530064038	0.041774789300434066	93.01458602152132
0.7772666061052337	0.007	0.005	0.07516110081741204	0.00032572368604938385	0.0163481317858817	0.04320407570623522	92.7663904804104
0.8050768326854884	0.007	0.005	0.0775190403313629	0.00032484979283222765	0.017419942431957554	0.04463348744494633	92.51750493126623
0.8330563640761334	0.007	0.005	0.07986977847279712	0.00032397294552000144	0.018524524486603678	0.04606385797073308	92.26777804885616
0.8611946574063365	0.007	0.005	0.08221219877301619	0.00032309350977011766	0.019661226578323202	0.04749455391516283	92.01731397825941
0.8895042810661918	0.007	0.005	0.08454711657586103	0.000322211128344095	0.020830312582183826	0.048926119536781484	91.76601097615928
0.9179793416931675	0.007	0.005	0.0868738092718009	0.00032132602138630514	0.022031292991449347	0.05035815972004941	91.51393174092519
0.9466289209091203	0.007	0.005	0.08919278087852744	0.0003204379435038238	0.023264297214463936	0.05179103323358927	91.26100638704658
0.9754501590594166	0.007	0.005	0.09150355690924383	0.00031954702111330766	0.024528944957121386	0.05322449698690419	91.00727090995564
1.0044499060399825	0.007	0.005	0.09380644120396375	0.00031865308074946887	0.025825272643309038	0.05465879042556605	90.75267591293023
1.0336272939981128	0.007	0.005	0.09610111488974704	0.00031775618829369117	0.027152972741014744	0.05609376738539353	90.49724015577789
1.0629877562068353	0.007	0.005	0.09838775240796858	0.00031685621647285176	0.028512017006966397	0.05752959044093179	90.24092739480754
1.0925317522556692	0.007	0.005	0.10066613230231075	0.0003159531917701903	0.029902145848965986	0.05896617548290157	89.98374517193992
1.1222638255205672	0.007	0.005	0.1029363443949504	0.00031504701660287787	0.03132328537084112	0.060403635284823703	89.72566569088283
1.1521853208755244	0.007	0.005	0.10519822654841117	0.0003141376920530982	0.03277520611073792	0.061841924791978975	89.46668926608244
1.182300243074335	0.007	0.005	0.10745181307874174	0.0003132251392853451	0.034257801614733074	0.0632811247404096	89.20679343909843
1.2126105415610784	0.007	0.005	0.10969697721894398	0.0003123093429083251	0.035770860394317365	0.06472121459100562	88.9459738286927
1.2431198978352433	0.007	0.005	0.11193371521972202	0.00031139023616529564	0.037314251381255804	0.0661622537626452	88.68421142678997
1.2738306816992144	0.007	0.005	0.11416192015116718	0.0003104677930345534	0.0388877723448227	0.06760423673457097	88.42149881791607
1.3047464035319492	0.007	0.005	0.11638156207954146	0.00030954195428508626	0.04049127323466644	0.06904720900249274	88.15781913026474
1.3358697298492874	0.007	0.005	0.11859254358852261	0.000308612687121973	0.042124554602718786	0.07049117370422199	87.8931630318722
1.367204087473026	0.007	0.005	0.12079481518157634	0.00030767993722514314	0.04378745025091182	0.07193616656139526	87.62751504517605
1.3987523671458295	0.007	0.005	0.12298828283150282	0.0003067436674181695	0.04547975914488525	0.07338219558704216	87.36086458685541
1.4305179652868731	0.007	0.005	0.12517288132876078	0.0003058038267306706	0.0472013002302947	0.07482928915806336	87.09319713590297
1.4625039401933706	0.007	0.005	0.1273485153705038	0.0003048603754135967	0.04895186700272603	0.07627745723273367	86.8245013781522
1.4947136916283514	0.007	0.005	0.12951510636768307	0.00030391326491683863	0.05073126391839731	0.07772672231826716	86.55476348199011
1.527150409735113	0.007	0.005	0.13167255478941198	0.00030296245414084504	0.05253927599667601	0.07917709443932959	86.28397173817827
1.5598175152336125	0.007	0.005	0.13382076981350527	0.0003020078964490216	0.054375692741468445	0.08062859094161004	86.01211287681267
1.592718299074517	0.007	0.005	0.13595964525048562	0.0003010495504040897	0.05624028776497035	0.08208122032077851	85.73917508417317
1.6258562055236705	0.007	0.005	0.13808907819931218	0.0003000873713530594	0.05813283430855074	0.08353499479691494	85.4651456504391
1.6592346023111137	0.007	0.005	0.14020895404623818	0.0002991213182632953	0.06005309188991545	0.08498992012532167	85.19001288356816
1.6928569550264942	0.007	0.005	0.14231915771971118	0.00029815134858366207	0.0620008158709242	0.0864460032459913	84.91376467062328
1.7267266803109846	0.007	0.005	0.14441956436495929	0.00029717742257632	0.0639757486546115	0.08790324586416186	84.63638969318683
1.760847255356608	0.007	0.005	0.14651004628729	0.0002961995001370248	0.06597762563416822	0.08936164919900798	84.35787653052681
1.795222122787143	0.007	0.005	0.14859046709936885	0.00029521754357738565	0.06800616927365871	0.09082120988819885	84.07821444235938
1.8298547513839987	0.007	0.005	0.1506606855544797	0.000294231515811965	0.07006109227196704	0.09228192260545362	83.7973928746416
1.8647485780314335	0.007	0.005	0.15272055214276303	0.0002932413821256182	0.07214209375126328	0.09374377761628527	83.515401933509
1.8999070389345654	0.007	0.005	0.15476991111942906	0.000292247109185283	0.07424886071270552	0.09520676213516296	83.23223213191422
1.9353335358342811	0.007	0.005	0.15680859867924532	0.00029124866608145337	0.07638106563794601	0.09667085895315151	82.94787466219948
1.9710314366491442	0.007	0.005	0.15883644322650314	0.0002902460242420566	0.07853836613714828	0.09813604653196187	82.66232138813601
2.0070040641396734	0.007	0.005	0.16085326497692076	0.0002892391577413965	0.08072040389000336	0.09960229861125589	82.37556493229467
2.0432546841364223	0.007	0.005	0.16285887558772336	0.00028822804368502274	0.08292680356691023	0.10106958381855562	82.0875987648921
2.0797864957573586	0.007	0.005	0.16485307794939164	0.00028721266236156546	0.08515717188303891	0.10253786537983593	81.79841727482996
2.1166026065162136	0.007	0.005	0.16683566521402826	0.00028619299794047857	0.0874110957445322	0.10400710024695357	81.50801595791586
2.1537060461032635	0.007	0.005	0.1688064219747112	0.0002851690380833122	0.08968814278062821	0.10547723979539268	81.21639129730588
2.1910997033719815	0.007	0.005	0.17076512139044642	0.000284140775625906	0.0919878571967814	0.10694822748949818	80.92354124641199
2.2287863690528846	0.007	0.005	0.1727115280109017	0.00028310820726352276	0.0943097621433284	0.10842000077037503	80.62946487737526
2.266768658527426	0.007	0.005	0.1746453943501343	0.00028207133576993394	0.09665335475308795	0.10989248823905685	80.33416296734329
2.3050490491598628	0.007	0.005	0.17656646350600827	0.0002810301687246564	0.0990181082711363	0.11136561136501254	80.0376376855076
2.3436298136207636	0.007	0.005	0.1784744665086871	0.0002799847204008176	0.10140346782522205	0.11283928217375161	79.73989308740576
2.38251303374023	0.007	0.005	0.18036912385348794	0.0002789350111712184	0.10380885122182329	0.114313404091097	79.44093497937364
2.4217005548909585	0.007	0.005	0.1822501441371221	0.0002778810686773198	0.10623364613485199	0.11578787053545375	79.14077123965761
2.4611939809156618	0.007	0.005	0.1841172247908294	0.0002768229279123364	0.10867720987428146	0.11726256509715383	78.83941182238556
2.5009946398316556	0.007	0.005	0.18597005148053572	0.00027576063186622086	0.1111388674296388	0.11873736064844498	78.53686898190014
2.541103569837081	0.007	0.005	0.18780829857253206	0.0002746942318963023	0.11361791086010373	0.12021211925623909	78.23315733716633
2.5815214888516205	0.007	0.005	0.1896316289150127	0.00027362378826724794	0.11611359776532834	0.1216866915206781	77.92829405715354
2.622248779488056	0.007	0.005	0.1914396944212357	0.00027254937045302044	0.11862515081740678	0.12316091652214818	77.62229892459186
2.663285454618729	0.007	0.005	0.1932321358656559	0.00027147105782462027	0.12115175621036849	0.12463462109949891	77.31519454143934
2.7046311523652498	0.007	0.005	0.19500858406859997	0.000270388939516599	0.12369256404625845	0.12610762023045413	77.00700630876733
2.7462850951961637	0.007	0.005	0.19676865958364417	0.00026930311548959844	0.12624668663958838	0.12757971615592778	76.69776267110258
2.788246095566589	0.007	0.005	0.19851197445956334	0.0002682136958639515	0.12881319981602113	0.12905069919747886	76.38749500941829
2.83051251434847	0.007	0.005	0.20023813204773244	0.00026712080198679184	0.1313911414501035	0.13052034692786738	76.0762378815173
2.873082269425233	0.007	0.005	0.20194672895988294	0.0002660245659174179	0.13397951321342322	0.1319884251324651	75.76402888721732
2.915952808026048	0.007	0.005	0.2036373555484429	0.00026492513076835687	0.1365772802420505	0.13345468751719505	75.45090879885886
2.9591211046338484	0.007	0.005	0.20530959745877403	0.0002638226506561065	0.13918337250124188	0.13491887632293606	75.13692150069103
3.00258365949882	0.007	0.005	0.20696303718432837	0.00026271729037628046	0.14179668631023973	0.13638072295849177	74.82211392306388
3.046336494881002	0.007	0.005	0.20859725551323868	0.00026160922519853755	0.14441608585020382	0.13783994855460618	74.50653599232395
3.0903751636264873	0.007	0.005	0.21021183340561794	0.0002604986404768901	0.14704040552334788	0.13929626492361796	74.1902404913279
3.1346947587436866	0.007	0.005	0.21180635383642046	0.00025938573104647964	0.14966845246259636	0.1407493755296123	73.87328291416952
3.179289923997331	0.007	0.005	0.21338040359841176	0.0002582707007738318	0.15229900918158085	0.14219897646697097	73.55572131530081
3.2241548864570517	0.007	0.005	0.21493357577705663	0.00025715376138599986	0.15493083757767295	0.14364475811645527	73.23761600523291
3.2692834606189685	0.007	0.005	0.21646547109982214	0.0002560351322600629	0.15756268129481846	0.14508640583282872	72.91902945253665
3.3146690986249197	0.007	0.005	0.217975700748923	0.0002549150388331014	0.1601932708073376	0.14652360206886497	72.60002586345574
3.3603049120746675	0.007	0.005	0.21946388801739866	0.0002537937118896193	0.16282132681751138	0.14795602751728684	72.28067096939812
3.4061837193697815	0.007	0.005	0.22092967064843022	0.00025267138622556964	0.16544556509763442	0.14938336299667934	71.96103164131333
3.452298079373475	0.007	0.005	0.22237270252765923	0.0002515482996627522	0.16806470047092567	0.15080529082824254	71.64117560795846
3.498640341681424	0.007	0.005	0.22379265571304066	0.00025042469165817535	0.17067745165318202	0.15222149665196502	71.32117106644417
3.5452026890643844	0.007	0.005	0.2251892220050212	0.00024930080216450137	0.1732825455268853	0.15363167091407703	71.00108635634159
3.5919771966096454	0.007	0.005	0.22656211480917468	0.00024817687012718706	0.1758787222089425	0.1550355107745243	70.68098952823343
3.638955867226575	0.007	0.005	0.22791107007627845	0.0002470531325518752	0.1784647386309008	0.1564327212096442	70.36094808450964
3.686130689825731	0.007	0.005	0.22923584771670133	0.0002459298231021684	0.18103937320745245	0.15782301671482316	70.04102857396684
3.733493679651125	0.007	0.005	0.23053623229470302	0.00024480717116901634	0.18360142932189946	0.15920612238783435	69.72129631802505
3.7810369381385094	0.007	0.005	0.23181203407869747	0.00024368540037220338	0.18614973966850157	0.16058177550450586	69.40181501411512
3.828752685030466	0.007	0.005	0.2330630891444601	0.0002425647279745533	0.18868316887366943	0.16194972620308684	69.08264653586733
3.876633293866783	0.007	0.005	0.23428925944488732	0.00024144536406838583	0.19120061611158196	0.16330973821060912	68.76385071734194
3.924671356383618	0.007	0.005	0.23549043346801954	0.00024032751017571215	0.193701019017764	0.1646615903217248	68.44548495313984
3.9728596834328953	0.007	0.005	0.23666652514094572	0.0002392113593766331	0.19618335405097523	0.16600507601518077	68.12760422857187
4.021191366413789	0.007	0.005	0.2378174741671551	0.0002380970949874808	0.19864663982316744	0.1673400047343416	67.81026075392413
4.069659777904932	0.007	0.005	0.23894324476908807	0.00023698489070494633	0.2010899370820524	0.16866620141960315	67.49350400668287
4.118258597591516	0.007	0.005	0.24004382501566418	0.00023587491026156514	0.2035123498478784	0.16998350672680942	67.17738060988374
4.166981854188613	0.007	0.005	0.2411192264322537	0.00023476730659625214	0.20591302715122523	0.1712917776387853	66.86193411198343
4.215823899263695	0.007	0.005	0.24216948204947517	0.00023366222253844268	0.2082911612367068	0.17259088621694735	66.54720521219534
4.264779458249406	0.007	0.005	0.24319464616585448	0.0002325597900906103	0.21064598945932797	0.17388072042412492	66.23323148709613
4.31384359362859	0.007	0.005	0.24419479220453968	0.00023146013125455503	0.21297679176940065	0.17516118259770053	65.92004768567996
4.363011752125956	0.007	0.005	0.24517001236909655	0.00023036335722412433	0.2152828921642902	0.176432190147758	65.60768548511123
4.412279720428185	0.007	0.005	0.24612041543832913	0.00022926956966780608	0.2175636556880274	0.17769367386364227	65.29617383176418
4.46164365543336	0.007	0.005	0.24704612611779897	0.00022817886014457096	0.21981848890543693	0.17894557817634804	64.98553880609384
4.511100061948793	0.007	0.005	0.24794728338475636	0.0002270913108712502	0.2220468378501961	0.18018786007265844	64.67580382097088
4.560645789605391	0.007	0.005	0.2488240392740546	0.00022600699494171493	0.22424818684621292	0.18142048852732753	64.36698969616003
4.610278016310503	0.007	0.005	0.24967655747990053	0.00022492597690652118	0.22642205670383608	0.18264344361932136	64.05911481517433
4.659994251119981	0.007	0.005	0.25050501236064576	0.00022384831287033867	0.22856800376506253	0.18385671615285332	63.75219515919024
4.709792313811899	0.007	0.005	0.2513095875964288	0.0002227740511605547	0.23068561791389064	0.18506030672340143	63.44624448386957
4.759670317434745	0.007	0.005	0.2520904749858609	0.00022170323279083233	0.23277452075315505	0.18625422489250734	63.14127447400463
4.809626660520011	0.007	0.005	0.2528478734684689	0.0002206358918151432	0.234834364213778	0.1874384886235998	62.837294836012944
4.8596600158013565	0.007	0.005	0.2535819881476734	0.00021957205582320396	0.2368648290276815	0.18861312365532057	62.53431340977018
4.909769308783353	0.007	0.005	0.25429302923186764	0.00021851174630552057	0.23886562282077406	0.1897781626635429	62.23233633909411
4.959953712718621	0.007	0.005	0.25498121128345974	0.00021745497920430654	0.24083647891095836	0.1909336448360408	61.931368139934484
5.010212626823964	0.007	0.005	0.2556467522876002	0.00021640176518168726	0.24277715446959167	0.19207961508079507	61.63141186711778
5.060545664308878	0.007	0.005	0.2562898729272582	0.0002153521102251364	0.24468742912672362	0.1932161234906116	61.33246921882072
5.1109526402871746	0.007	0.005	0.2569107959102205	0.00021430601589355003	0.24656710361087608	0.1943432248272208	61.03454063933566
5.161433562929497	0.007	0.005	0.2575097453856637	0.0002132634796344985	0.24841599854836258	0.1954609780984676	60.73762540042593
5.211988607775861	0.007	0.005	0.2580869462135825	0.00021222449539709385	0.25023395269391124	0.19656944578504798	60.441721779193266
5.262618125436297	0.007	0.005	0.2586426236777399	0.0002111890535476095	0.25202082242918517	0.1976686938267233	60.146827037275145
5.313322605632778	0.007	0.005	0.2591770027420816	0.00021015714173540327	0.2537764797330283	0.19875879066920848	59.85293765354215
5.36410268813331	0.007	0.005	0.25969030787804376	0.00020912874471677145	0.2555008118736082	0.19983980735428686	59.5600492806355
5.414959143420617	0.007	0.005	0.26018276258870765	0.00020810384475003672	0.2571937200617795	0.20091181696501825	59.268156876437864
5.465892856606478	0.007	0.005	0.26065458902263	0.0002070824221067629	0.2588551182902668	0.20197489416609063	58.977254813579286
5.516904841689656	0.007	0.005	0.26110600789978045	0.0002060644547298077	0.2604849332011435	0.20302911539115306	58.68733681402812
5.567996191552596	0.007	0.005	0.26153723788189265	0.00020504991933750937	0.2620831019125441	0.20407455770710986	58.39839624843698
5.619168112438889	0.007	0.005	0.26194849573469936	0.00020403879077437393	0.26364957260970145	0.20511129944498357	58.11042595272362
5.67042189412581	0.007	0.005	0.2623399959351223	0.00020303104266998953	0.2651843030998231	0.20613941950769807	57.823418409484
5.721758907117008	0.007	0.005	0.262711950546763	0.00020202664745950987	0.2666872602752201	0.2071589972498385	57.537365774125426
5.773180589594784	0.007	0.005	0.2630645690390351	0.00020102557673297525	0.26815841930499923	0.20817011216213757	57.25225995706636
5.824688458197002	0.007	0.005	0.26339805829087093	0.00020002780105271182	0.26959776354383447	0.20917284403437675	56.96809257257369
5.876284088095449	0.007	0.005	0.26371262239268384	0.0001990332903608246	0.27100528357773274	0.21016727251840375	56.68485505739084
5.927969116919187	0.007	0.005	0.264008462629338	0.00019804201389710005	0.27238097698335484	0.21115347716831062	56.40253865608977
5.979745217810478	0.007	0.005	0.264285777297866	0.00019705394080739885	0.27372484728813234	0.21213153689701233	56.12113457434384
6.031614134193613	0.007	0.005	0.264544761883812	0.00019606903940427641	0.2750369045852208	0.21310153061269563	55.84063379484992
6.083577632127711	0.007	0.005	0.2647856087971969	0.0001950872781878098	0.2763171640147684	0.2140635362986283	55.56102734120746
6.13563754203735	0.007	0.005	0.26500850757958233	0.00019410862499327522	0.27756564655456384	0.2150176317769831	55.28230605670886
6.18779570394292	0.007	0.005	0.2652136446617509	0.00019313304809316295	0.27878237743402157	0.21596389368487087	55.004460902597344
6.2400540127333075	0.007	0.005	0.26540120357883307	0.00019216051531605077	0.27996738700586454	0.21690239829895003	54.72748271855986
6.2924143804991175	0.007	0.005	0.2655713648375259	0.00019119099479703602	0.2811207096476126	0.2178332208437583	54.451362426742314
6.344878757684768	0.007	0.005	0.26572430602255104	0.00019022445455840645	0.28224238405504354	0.21875643587120822	54.176090921870475
6.39744910910653	0.007	0.005	0.26586020175194774	0.00018926086298320498	0.28333245253867156	0.21967211683532678	53.90165919974466
6.450127428183939	0.007	0.005	0.26597922376027466	0.00018830018855557802	0.2843909611747495	0.22058033634831659	53.62805828393148
6.502915730302347	0.007	0.005	0.2660815409169897	0.00018734239998994826	0.2854179595081596	0.2214811660672762	53.35527926226728
6.555816042598032	0.007	0.005	0.26616731925261305	0.00018638746639920847	0.28641350022054995	0.22237467652795073	53.083313340641666
6.608830418264476	0.007	0.005	0.26623672203227033	0.00018543535706384693	0.28737763928117593	0.22326093739694522	52.81215177006288
6.661960922805644	0.007	0.005	0.26628990977854444	0.0001844860416838238	0.28831043556529046	0.2241400172473635	52.54178591835435
6.715209623672494	0.007	0.005	0.2663270403213673	0.0001835394905212189	0.2892119505860423	0.22501198340371686	52.2722073226039
6.768578622290211	0.007	0.005	0.2663482688764258	0.00018259567391815533	0.2900822489481191	0.22587690248061082	52.003407527042064
6.8220700083376915	0.007	0.005	0.2663537480693753	0.00018165456299653135	0.29092139749122425	0.2267348396485297	51.73537831447361
6.875685895353688	0.007	0.005	0.2663436280131222	0.00018071612911849664	0.29172946580871806	0.22758585922949856	51.46811152624987
6.929428453193045	0.007	0.005	0.26631805632412536	0.00017978034328168906	0.2925065265944828	0.22843002520784117	51.20159890334808
6.983299808555391	0.007	0.005	0.2662771782027008	0.0001788471778923652	0.29325265408938195	0.22926739966937193	50.935832581591654
7.0373020984630985	0.007	0.005	0.2662211365009519	0.00017791660574749166	0.2939679248743459	0.23009804367809725	50.67080482286644
7.0914374561013975	0.007	0.005	0.2661500717972233	0.00017698860037997126	0.29465241763721195	0.23092201707618784	50.406508083943834
7.145708021700363	0.007	0.005	0.26606412244977656	0.00017606313580080708	0.29530621328831724	0.23173937867249897	50.14293496184078
7.2001159391008995	0.007	0.005	0.2659634246601049	0.00017514018655283729	0.2959293948807038	0.23255018620816287	49.880078209835496
7.2546633450300515	0.007	0.005	0.26584811255720653	0.00017421972792404887	0.29652204746881783	0.23335449621828258	49.61793078791135
7.309352383651346	0.007	0.005	0.2657183182342404	0.00017330173567861544	0.29708425826033014	0.23415236427015576	49.35648579107196
7.364185195815118	0.007	0.005	0.2655741718311801	0.00017238618619377268	0.2976161164816819	0.2349438448243536	49.095736499865346
7.419163919114182	0.007	0.005	0.2654158016004107	0.00017147305655278267	0.2981177133792629	0.23572899125897492	48.835676378314076
7.474290687934983	0.007	0.005	0.2652433339709572	0.00017056232441393655	0.298589142222662	0.2365078558934328	48.57629907188775
7.529567644516676	0.007	0.005	0.26505689357291745	0.0001696539679428381	0.29903049839469764	0.23728049016487168	48.317598354114544
7.584996902305145	0.007	0.005	0.2648566034228438	0.00016874796630510602	0.29944187910557324	0.23804694413824842	48.05956829633773
7.640580597383455	0.007	0.005	0.2646425848107838	0.00016784429888496794	0.29982338381204543	0.23880726724711207	47.80220302528488
7.696320829564191	0.007	0.005	0.26441495757656897	0.00016694294621490306	0.3001751138005817	0.23956150750332572	47.545496995109914
7.75221972143943	0.007	0.005	0.2641738399447149	0.00016604388898392648	0.3004971726146064	0.24030971232872309	47.28944471181377
7.80827935912727	0.007	0.005	0.26391934882713736	0.00016514710905660238	0.30078966570373517	0.24105192777685613	47.03404100397252
7.864501836711336	0.007	0.005	0.2636515996994395	0.00016425258866700827	0.3010527007245001	0.24178819915640445	46.7792808161118
7.920889226418848	0.007	0.005	0.26337070679431557	0.00016336031094705072	0.30128638741008784	0.24251857065913324	46.52515934243107
7.977443600942828	0.007	0.005	0.2630767830561842	0.0001624702595426233	0.3014908377111679	0.24324308567735878	46.27167192306137
8.034166999574262	0.007	0.005	0.2627699403754161	0.0001615824191128059	0.301666165707458	0.24396178639402688	46.018814193414634
8.091061461844118	0.007	0.005	0.26245028947755517	0.0001606967748364978	0.301812487781766	0.2446747142420757	45.76658193011245
8.148129001016196	0.007	0.005	0.2621179401252204	0.00015981331279088284	0.301929922580896	0.24538190959394054	45.514971166323065
8.205371607588274	0.007	0.005	0.2617730011672384	0.00015893201987046828	0.30201859109700385	0.24608341183830068	45.263978172030384
8.262791264283585	0.007	0.005	0.2614155805088425	0.0001580528835666773	0.3020786167464244	0.24677925959179933	45.01359938487248
8.320389923005614	0.007	0.005	0.2610457853103654	0.0001571758923105761	0.30211012539149734	0.24746949044482172	44.763831507655304
8.378169508294553	0.007	0.005	0.2606637220333644	0.00015630103538012295	0.3021132454252387	0.24815414103767594	44.51467148858384
8.43613192853315	0.007	0.005	0.2602694964271607	0.00015542830272812538	0.30208810783885987	0.2488332472236161	44.2661164688819
8.494279214811815	0.007	0.005	0.2598632125972786	0.00015455768293180428	0.30203484610790615	0.24950684569287782	44.018163189205396
8.55261312330727	0.007	0.005	0.2594449758162604	0.00015368916908380055	0.30195359655637183	0.2501749693779358	43.77080968444769
8.61113555553468	0.007	0.005	0.2590148896809493	0.00015282275249226237	0.30184449813373443	0.2508376523775339	43.52405348278716
8.669848224735393	0.007	0.005	0.25857305855409046	0.00015195842767539819	0.3017076929322343	0.25149492616166574	43.27789301666118
8.728752927356005	0.007	0.005	0.2581195856456981	0.00015109618822319203	0.3015433258059135	0.2521468226914986	43.03232647074186
8.787851312436944	0.007	0.005	0.2576545748032557	0.00015023603031200284	0.3013515449801514	0.2527933718692419	42.787352743948695
8.847145068740453	0.007	0.005	0.2571781291430189	0.0001493779497866275	0.3011325016496486	0.2534346036539436	42.542970661912264
8.906635771077731	0.007	0.005	0.2566903523134425	0.00014852194450087392	0.30088635055397883	0.25407054641346405	42.29917960859114
8.966324993767449	0.007	0.005	0.2561913476523983	0.00014766801257948517	0.3006132496772607	0.2547012281966158	42.055979050911205
9.02621421507772	0.007	0.005	0.2556812190288706	0.00014681615379542702	0.3003133607369239	0.25532667575016427	41.813368923733165
9.086304891754624	0.007	0.005	0.2551600702839797	0.0001459663684643952	0.2999868489547976	0.25594691535047437	41.57134931836283
9.146598398587017	0.007	0.005	0.25462800580105743	0.0001451186582845916	0.2996338834508763	0.2565619722111754	41.329920720425164
9.207096051367737	0.007	0.005	0.2540851303733175	0.00014427302601734571	0.2992546372441451	0.25717187076939835	41.08908390829215
9.267799102008766	0.007	0.005	0.25353154930351607	0.00014342947542356034	0.29884928738134076	0.2577766346786271	40.84883996466035
9.328708725478625	0.007	0.005	0.2529673685811134	0.000142588011551345	0.29841801513116883	0.25837628672397406	40.609190319580144
9.389826034948609	0.007	0.005	0.25239269479998666	0.00014174864040881647	0.29796100598664066	0.25897084901832196	40.3701366817182
9.451152044222273	0.007	0.005	0.2518076355666224	0.00014091136942753773	0.29747845004959067	0.2595603426830661	40.131681176152426
9.512687699043376	0.007	0.005	0.251212299264442	0.00014007620708311375	0.2969705419134789	0.2601447882038925	39.8938262115926
9.574433855605097	0.007	0.005	0.2506067953103427	0.00013924316309532186	0.2964374809315369	0.2607242052712809	39.65657455426071
9.636391271049574	0.007	0.005	0.24999123430469083	0.00013841224851756753	0.29587947141551535	0.2612986127449322	39.41992935322282
9.698560618603139	0.007	0.005	0.24936572793509104	0.00013758347548755264	0.29529672261088313	0.2618680288474647	39.18389407124745
9.760942457382017	0.007	0.005	0.24873038932921454	0.0001367568576458688	0.29468944907901923	0.2624324709389496	38.94847258837139
9.823537255770052	0.007	0.005	0.2480853328704101	0.00013593240971927696	0.294057870584779	0.2629919557859498	38.713669101081074
9.886345360953117	0.007	0.005	0.24743067455655376	0.000135110147944354	0.29340221249559073	0.263546499341185	38.47948822491948
9.949367022395258	0.007	0.005	0.24676653180448302	0.00013429008960183633	0.29272270564280795	0.26409611700908303	38.245934893757145
10.012602352703455	0.007	0.005	0.24609302390421395	0.0001334722536314463	0.2920195868306536	0.2646408233585586	38.01301449226606
10.076051355312712	0.007	0.005	0.24541027177215965	0.0001326566600892024	0.2912930986363438	0.2651806324241929	37.78073273934348
10.139713906131998	0.007	0.005	0.2447183981841942	0.00013184333042847416	0.2905434896928518	0.26571555760362703	37.549095742385596
10.203589747642889	0.007	0.005	0.24401752787867168	0.00013103228749105034	0.2897710148430544	0.2662456116675517	37.3181100043209
10.267678487191114	0.007	0.005	0.24330778761158758	0.00013022355545910387	0.28897593523969617	0.266770806805705	37.08778241496252
10.331979595285933	0.007	0.005	0.2425893062077455	0.00012941715986193508	0.28815851843540036	0.2672911546721311	36.858120242242585
10.39649239962367	0.007	0.005	0.24186221465641194	0.00012861312755385883	0.2873190385189179	0.2678066663956621	36.62913113849288
10.461216087656268	0.007	0.005	0.24112664610795664	0.00012781148667918073	0.28645777613373546	0.26831735265911666	36.40082311603357
10.526149687674897	0.007	0.005	0.240382736111235	0.0001270122668010919	0.28557501877382246	0.26882322360872024	36.17320459833439
10.59129207993446	0.007	0.005	0.2396306225080416	0.00012621549875736952	0.2846710606767474	0.26932428900238886	35.94628436452739
10.656641994984767	0.007	0.005	0.23887044546585762	0.00012542121458831954	0.28374620286652796	0.2698205582528538	35.72007153970362
10.722197998963408	0.007	0.005	0.23810234765990548	0.000124629447673182	0.28280075337522925	0.2703120403726653	35.4945756298708
10.787958504930032	0.007	0.005	0.2373264741492558	0.0001238402325406903	0.2818350270880708	0.2707987441171522	35.269806466446
10.853921766910815	0.007	0.005	0.23654297244846834	0.00012305360482904766	0.28084934581694615	0.2712806779932878	35.045774210953034
10.920085878310488	0.007	0.005	0.23575199254491697	0.0001222696013900494	0.279844038302321	0.2717578503012126	34.822489344447284
10.98644876155133	0.007	0.005	0.2349536870179304	0.00012148826019239329	0.27881944034003003	0.27223026911255355	34.59996268626043
11.053008188578207	0.007	0.005	0.2341482107830779	0.0001207096200974251	0.2777758944213843	0.27269794246786	34.37820530911408
11.119761761832319	0.007	0.005	0.2333357213056097	0.00011993372107354794	0.2767137499640073	0.27316087828832236	34.15722858752452
11.186706930594486	0.007	0.005	0.23251637838339356	0.00011916060385298274	0.2756333629811486	0.27361908453639655	33.93704412802899
11.253840976426245	0.007	0.005	0.2316903443002151	0.00011839031012266706	0.2745350962247403	0.2740725691582021	33.71766380237763
11.321161038722712	0.007	0.005	0.2308577834833292	0.00011762288216410172	0.27341931866595154	0.2745213402973883	33.49909964929308
11.388664086898899	0.007	0.005	0.2300188628124719	0.00011685836309899058	0.27228640583233465	0.2749654061448197	33.28136395127212
11.45634696419204	0.007	0.005	0.2291737510389838	0.00011609679637612402	0.2711367389444532	0.275404775262817	33.06446907935445
11.52420633749103	0.007	0.005	0.22832261936766177	0.00011533822622970603	0.26997070561288145	0.27583945628694645	32.84842764182799
11.59223876404484	0.007	0.005	0.22746564057681584	0.00011458269701678382	0.2687886985420943	0.2762694583856643	32.633252258422345
11.66044063682436	0.007	0.005	0.22660298965196238	0.00011383025361849137	0.2675911162909368	0.2766947909326917	32.4189557230861
11.728808251835256	0.007	0.005	0.22573484288237697	0.00011308094082248345	0.26637836191106984	0.27711546395072434	32.20555078078617
11.797337748923074	0.007	0.005	0.22486137855094615	0.0001123348037831225	0.2651508437829155	0.2775314877573759	31.993050303847543
11.866025184182632	0.007	0.005	0.22398277595257152	0.00011159188737025041	0.26390897411592973	0.2779428734218559	31.781467057161567
11.934866484444303	0.007	0.005	0.2230992159074061	0.00011085223645998445	0.26265316953140205	0.2783496324930824	31.57081383213924
12.003857488317726	0.007	0.005	0.22221088016853358	0.00011011589560053403	0.2613838500859077	0.2787517772498417	31.36110331306344
12.072993941845233	0.007	0.005	0.22131795140565638	0.00010938290899308195	0.2601014390979559	0.27914932067113696	31.15234808523235
12.142271507947614	0.007	0.005	0.2204206130105486	0.00010865332034870662	0.2588063627177439	0.2795422764855378	30.944560601521427
12.211685785219823	0.007	0.005	0.21951904877864473	0.00010792717271932818	0.25749904931063494	0.2799306592673901	30.73775312249325
12.281232303867975	0.007	0.005	0.21861344288502355	0.00010720450851919802	0.2561799292602362	0.2803144843985887	30.531937726336807
12.350906544751856	0.007	0.005	0.21770397955985907	0.00010648536930763831	0.25484943433310364	0.2806937681567561	30.327126250771652
12.420703944729498	0.007	0.005	0.21679084294060286	0.00010576979574812155	0.2535079972949639	0.28106852772155755	30.123330277206772
12.490619920616338	0.007	0.005	0.2158742166802272	0.00010505782737977733	0.2521560511652773	0.2814387812764719	29.92056106183948
12.56064985618376	0.007	0.005	0.21495428403924963	0.00010434950270495458	0.2507940291805913	0.28180454790845366	29.718829575773373
12.630789135581495	0.007	0.005	0.21403122737017824	0.00010364485892852105	0.24942236386160813	0.2821658477509635	29.518146411313072
12.701033130417738	0.007	0.005	0.21310522821080913	0.00010294393204240211	0.24804148697862055	0.2825227018792228	29.318521823465193
12.771377238054225	0.007	0.005	0.21217646670502258	0.0001022467565222971	0.2466518285178768	0.2828751324662865	29.119965625913583
12.841816864088925	0.007	0.005	0.21124512176019755	0.00010155336547131716	0.24525381674450777	0.2832231626499103	28.922487247366902
12.912347451470007	0.007	0.005	0.2103113705918992	0.0001008637903704106	0.2438478773527228	0.28356681663313604	28.72609565649614
12.982964476984565	0.007	0.005	0.2093753887014871	0.00010017806116347068	0.24243443326505698	0.2839061196182109	28.53079938009882
13.053663480504508	0.007	0.005	0.208437349422659	9.949620599714412e-5	0.24101390378459345	0.28424109789712837	28.336606431160064
13.124440038042092	0.007	0.005	0.2074974242158882	9.88182514900009e-5	0.23958670488044934	0.2845717786710373	28.143524392917058
13.195289809774733	0.007	0.005	0.20655578197168586	9.814422231212498e-5	0.2381532479771105	0.28489819022449403	27.951560297405962
13.266208522440389	0.007	0.005	0.20561258918788916	9.747414146557825e-5	0.23671394007077987	0.28522036178634025	27.760720685276063
13.337191984533469	0.007	0.005	0.20466800971538893	9.680803006106918e-5	0.23526918319687368	0.2855383235447962	27.571011576176453
13.40823609209558	0.007	0.005	0.20372220463243254	9.61459074132388e-5	0.2338193740973434	0.2858521066170589	27.38243846557795
13.479336839185056	0.007	0.005	0.20277533206053763	9.548779089953932e-5	0.2323649038037146	0.28616174303860326	27.19500630979939
13.55049031417866	0.007	0.005	0.20182754717306595	9.483369613971242e-5	0.23090615752152355	0.2864672656899174	27.008719548984015
13.621692710157118	0.007	0.005	0.20087900202036493	9.418363684021499e-5	0.2294435142397575	0.28676870828553286	26.823582093017897
13.692940339986492	0.007	0.005	0.19992984529636176	9.353762479467216e-5	0.2279773462546516	0.2870661053805226	26.63959729630782
13.764229599416133	0.007	0.005	0.19898022280178324	9.289567019600146e-5	0.22650801977647717	0.28735949216109236	26.456768066833096
13.835557043452877	0.007	0.005	0.19803027640246693	9.225778106091544e-5	0.22503589321690223	0.28764890470621285	26.275096683576745
13.906919306823648	0.007	0.005	0.1970801450685677	9.162396394598854e-5	0.2235613187010229	0.28793437960543106	26.09458501481968
13.978313180299306	0.007	0.005	0.19612996384181822	9.099422333243168e-5	0.2220846403787214	0.28821595421609264	25.915234337688215
14.049735545157596	0.007	0.005	0.19517986469564738	9.036856226057057e-5	0.2206061956775272	0.2884936663489507	25.73704551813927
14.12118343527443	0.007	0.005	0.19422997570011713	8.974698183459705e-5	0.21912631393019416	0.2887675544632083	25.5600188688051
14.192653980892864	0.007	0.005	0.19328042176481236	8.91294817453248e-5	0.21764531746237892	0.28903765739896986	25.384154303144626
14.264144475394456	0.007	0.005	0.19233132374980097	8.85160597573818e-5	0.21616352014541176	0.2893040145847159	25.20945118407658
14.335652285784315	0.007	0.005	0.19138279965626712	8.790671250912007e-5	0.21468122919875143	0.289566665655276	25.03590855713235
14.407174957283004	0.007	0.005	0.19043496324296302	8.730143470345923e-5	0.2131987429808809	0.28982565079753403	24.86352490814752
14.478710114216476	0.007	0.005	0.18948792534893913	8.6700219939749e-5	0.2117163530130256	0.29008101034330575	24.69229841709011
14.550255545607444	0.007	0.005	0.18854179276995817	8.610306006868052e-5	0.2102343421850048	0.290332785039653	24.522226764257347
14.621809115423286	0.007	0.005	0.18759666945983083	8.550994599143135e-5	0.20875298660442368	0.29058101569089817	24.35330735721315
14.693368852852414	0.007	0.005	0.18665265535240622	8.492086694065501e-5	0.20727255372560371	0.2908257434402317	24.185537128086178
14.76493286720399	0.007	0.005	0.18570984750398975	8.433581121387557e-5	0.20579330411912747	0.29106700943917047	24.018912746368112
14.836499400213121	0.007	0.005	0.18476833942265242	8.375476580725843e-5	0.20431549040477223	0.2913048549965897	23.85343050663161
14.908066807227003	0.007	0.005	0.18382822133895335	8.317771658667076e-5	0.2028393576646713	0.2915393214826964	23.689086383831086
14.979633543102533	0.007	0.005	0.18288958041480835	8.260464844031831e-5	0.20136514376461898	0.29177045025481385	23.525876075880312
15.051198171779435	0.007	0.005	0.18195250064263957	8.203554525526823e-5	0.19989307919324348	0.29199828266312294	23.363794991266047
15.122759371090924	0.007	0.005	0.18101706280962268	8.147038988591468e-5	0.1984233870070132	0.2922228600400715	23.202838248050988
15.194315894903715	0.007	0.005	0.1800833450205238	8.090916450640776e-5	0.19695628365661913	0.29244422355859223	23.043000768115753
15.265866625282593	0.007	0.005	0.17915142204514778	8.03518502069421e-5	0.1954919779700417	0.2926624143739892	22.88427716870302
15.33741050143387	0.007	0.005	0.17822136627499888	7.979842760571845e-5	0.19403067266713928	0.2928774733853464	22.72666192911877
15.408946604998306	0.007	0.005	0.177293246643979	7.924887620354403e-5	0.19257256267822456	0.293089441476276	22.570149209874753
15.480474051083425	0.007	0.005	0.17636713007607313	7.870317524523436e-5	0.19111783743571137	0.29329835917141006	22.414733100049926
15.551992082996355	0.007	0.005	0.17544308028750538	7.816130302152753e-5	0.18966667901176046	0.29350426690352255	22.260407416627434
15.62349998696729	0.007	0.005	0.17452115892347295	7.762323753988457e-5	0.18821926392560623	0.2937072047505542	22.107165896615218
15.694997158427286	0.007	0.005	0.1736014247339327	7.708895604368807e-5	0.1867757618729169	0.2939072126152644	21.95500206000252
15.766483040420914	0.007	0.005	0.1726839344006654	7.655843550947384e-5	0.18533633704994984	0.29410433003939956	21.80390934777209
15.8379571661839	0.007	0.005	0.17176874202185188	7.603165232364874e-5	0.18390114737174762	0.29429859631430766	21.65388103648676
15.909419125969075	0.007	0.005	0.17085589957128225	7.550858257402026e-5	0.18247034522147387	0.2944900503805595	21.504910313843656
15.980868585938795	0.007	0.005	0.16994545668926048	7.49892018943505e-5	0.1810440771525966	0.2946787308723444	21.356990243821745
16.0	0.007	0.005	0.16970206067525156	7.485073938347983e-5	0.18066292325580524	0.2947287920466089	21.31755599837581
