0.0	0.007	0.005	0.0	0.0	0.0	0.0	100.0
0.0063483095789566716	0.007	0.005	0.018264346222257206	9.096523453311093e-5	1.4371817012455753e-5	5.261706571679787e-5	99.95201744492806
0.011168250901548746	0.007	0.005	0.03147867040118076	0.000148530775640332	4.38628582408588e-5	0.00015489473754761918	99.91560216290816
0.018084431409805802	0.007	0.005	0.049505045872268186	0.00021686370490129757	0.00011274565702609247	0.0003788330541682818	99.86337269744187
0.02499181792589907	0.007	0.005	0.06646543017241921	0.0002713688093521238	0.0002111271365853142	0.0006766316106785868	99.81123689242801
0.03313244216023369	0.007	0.005	0.08519682644032943	0.00032168544509454417	0.00036265604564742024	0.0011024425821156891	99.7498277548632
0.04177374684701065	0.007	0.005	0.10368914035021756	0.00036231592622582086	0.0005627903278988786	0.001622817102824033	99.68468305218147
0.05134159523064479	0.007	0.005	0.12261371751663341	0.0003957230378528727	0.0008280526004016443	0.0022604439417447217	99.6126029918288
0.061603530757296854	0.007	0.005	0.14124108507698507	0.00042156395484792275	0.0011594498342166323	0.002996639514640274	99.53535190430519
0.07271966879723157	0.007	0.005	0.15963308683192381	0.0004411342938090913	0.0015684006121088998	0.003837167368088925	99.45173803955186
0.08463188205333379	0.007	0.005	0.17746703017376825	0.0004552141105757088	0.002058892965830392	0.004771573825471167	99.36221418349737
0.09740714517852049	0.007	0.005	0.19464597859170618	0.0004647851806412487	0.002638927589054911	0.005798493923099339	99.26629380327063
0.11102610053322175	0.007	0.005	0.21096948453374598	0.00047065431190320664	0.003312165769660133	0.006909772403750012	99.16414070753946
0.12549053458244006	0.007	0.005	0.22630447771963066	0.00047359477658411015	0.004082078758534436	0.008099102914491008	99.05576095628706
0.1407627197026492	0.007	0.005	0.24051753769965264	0.0004743344671866816	0.004948820230796932	0.009357462987742706	98.94145740818166
0.15681919013521234	0.007	0.005	0.2535370307412253	0.0004735698465923767	0.005911959977153714	0.010677906043582668	98.82142616404253
0.1736389190863033	0.007	0.005	0.26533180529117023	0.00047191593576923223	0.006970107242705886	0.012054875929430213	98.69584528951967
0.19120927821489087	0.007	0.005	0.2759078793099901	0.0004698555174272922	0.008121501479095027	0.013484737342343157	98.56483042197654
0.20951634871198066	0.007	0.005	0.2852947768866209	0.0004677173109052785	0.00936360007291854	0.014964807812749184	98.42850720872126
0.22855336627258505	0.007	0.005	0.29354460308979863	0.00046568835336052716	0.01069380369656295	0.016493750019207817	98.28694842912103
0.2483239173105773	0.007	0.005	0.300726027846639	0.0004638490242688916	0.012109883851628155	0.018071508632606845	98.1401506155812
0.2688430411051177	0.007	0.005	0.3069178229155555	0.0004622123435387707	0.013610245483470838	0.01969913132170252	97.98802645056047
0.29013469482904053	0.007	0.005	0.3122027909429632	0.00046075610733434973	0.015193878826074078	0.021378382785722426	97.83042420473383
0.31223034608419364	0.007	0.005	0.3166640106875949	0.0004594441876973618	0.016860338906324265	0.023111525678496305	97.66713873320737
0.33516807787192804	0.007	0.005	0.32038244639667157	0.00045823861695607116	0.018609728513606056	0.02490119490193438	97.497918645364
0.3589926062870067	0.007	0.005	0.3234355092394883	0.00045710529226816954	0.02044272782719324	0.02675037423006362	97.32246674165059
0.3837555886980158	0.007	0.005	0.3258961175676853	0.00045601590239245697	0.022360631947649465	0.02866240979505196	97.14043837046542
0.40951620644287634	0.007	0.005	0.32783210606316904	0.0004549478882908977	0.024365398631288417	0.0306410489126568	96.95143785638966
0.43634190288851243	0.007	0.005	0.32930587614934703	0.0004538835619006834	0.02645969904350362	0.03269048894804699	96.75501390913821
0.46430930854966496	0.007	0.005	0.3303742308817621	0.0004528089944035364	0.02864697503694057	0.034815435335922656	96.55065381271442
0.493505378972435	0.007	0.005	0.3310883475079586	0.0004517129649061268	0.030931505512279793	0.037021168768492145	96.3377762468192
0.5240288048100419	0.007	0.005	0.3314938511456441	0.0004505860761794101	0.033318486565863704	0.039313624667314584	96.11572235734795
0.5559917444393137	0.007	0.005	0.33163095915129137	0.00044942005169146504	0.035814128901449686	0.04169948732117876	95.8837447750998
0.5895219666683409	0.007	0.005	0.33153467243536583	0.00044820718691992696	0.03842577830144615	0.044186303463376105	95.64099403135265
0.6247658319479137	0.007	0.005	0.33123499056854755	0.0004469399039243509	0.04116209066866676	0.04678264435450137	95.38649938908063
0.6618912322427087	0.007	0.005	0.33075714078942525	0.00044561040646987836	0.04403319047119873	0.04949824770378433	95.1191506060376
0.7010912922306611	0.007	0.005	0.330121816492663	0.00044421037800705654	0.047050872130788415	0.052344195381490724	94.83767497055888
0.7425900433629707	0.007	0.005	0.3293453866425923	0.00044273065814291263	0.050228932425423777	0.0553332079131982	94.54060119130766
0.7866485182858927	0.007	0.005	0.3284400887965041	0.00044116093765693957	0.053583506497296166	0.05847993288434697	94.22622169339698
0.8335729652772993	0.007	0.005	0.32741417829168745	0.0004394894003794019	0.057133528841409494	0.06180133886630558	93.89254158815477
0.8837246567961727	0.007	0.005	0.3262720382227757	0.000437702323454486	0.060901265478178514	0.06531715989569821	93.53721876315619
0.9375314499969037	0.007	0.005	0.3250142490598075	0.0004357836257755799	0.06491291312446218	0.06905038145017163	93.1574947846396
0.9954981885046357	0.007	0.005	0.32363768888643807	0.00043371446647948034	0.06919903068042117	0.07302754362762218	92.7501380668593
1.0582041821101391	0.007	0.005	0.32213595102187437	0.0004314733158049624	0.07379393373192854	0.07727805438899472	92.31148204922938
1.1262420170733032	0.007	0.005	0.32050117787668986	0.00042903814698702083	0.07873079771737579	0.08182953203073264	91.83787383821316
1.1999581381885946	0.007	0.005	0.318730621712261	0.0004263957911810653	0.08402282956570133	0.08669044178159674	91.32748146654453
1.2788601076022488	0.007	0.005	0.3168409684389016	0.000423563404447156	0.08962223417016194	0.09181288422387118	90.78432600395041
1.3615489727002696	0.007	0.005	0.31486957945168365	0.00042059123291638773	0.09541912161402694	0.09709279819217086	90.21856810375655
1.446919292873822	0.007	0.005	0.3128454976230643	0.00041751958181554744	0.1013283773169954	0.10245000827854847	89.63816251116883
1.5343627965238067	0.007	0.005	0.3107849181566859	0.0004143713364935765	0.10730248916472507	0.10783946141073614	89.04753285916713
1.6234929494140469	0.007	0.005	0.30869814839362564	0.0004111617523830242	0.11331098452970219	0.113232107980178	88.4495157140098
1.7140451943692785	0.007	0.005	0.30659223283298287	0.00040790196263895424	0.1193328734334913	0.1186078490454856	87.8460696568241
1.805841740001411	0.007	0.005	0.30447194810519346	0.00040460018308030257	0.12535381199002926	0.12395284130907162	87.23853362073997
1.898769808295354	0.007	0.005	0.3023404184369917	0.000401262449558684	0.131364312727176	0.12925778563799742	86.62778839390427
1.9927651352672315	0.007	0.005	0.30019956799386127	0.00039789317956842986	0.1373584034144679	0.13451664804108782	86.01437846011439
2.0877989484809927	0.007	0.005	0.2980504663752092	0.00039449561848118534	0.1433325928550729	0.1397256796842887	85.398607082898
2.1838676432363235	0.007	0.005	0.29589359462805437	0.00039107219517317353	0.14928507451302903	0.14488266890324336	84.78061061181205
2.2809848751764137	0.007	0.005	0.2937290443440176	0.0003876247945772422	0.15521513373529439	0.1499863896740863	84.16041461148825
2.379175512382757	0.007	0.005	0.2915566665119695	0.00038415496523637335	0.16112270970691012	0.15503619902266894	83.53797607893324
2.478470939613618	0.007	0.005	0.2893761841500794	0.0003806640786013414	0.16700807019790356	0.16003174317107696	82.91321551391663
2.5789053269423228	0.007	0.005	0.28718727905585756	0.0003771534528352382	0.17287156780825114	0.16497274258672184	82.2860416821961
2.6805124368567634	0.007	0.005	0.28498966311820667	0.00037362445532022957	0.17871344710165057	0.16985882779624284	81.65637200584058
2.7833227289264397	0.007	0.005	0.28278314001640453	0.00037007859146051276	0.18453368551472282	0.17468941024626672	81.02415022235962
2.88736055270647	0.007	0.005	0.2805676620937931	0.0003665175861929506	0.1903318544221701	0.17946357606517543	80.38936267182267
2.9926411291052784	0.007	0.005	0.27834338879554155	0.00036294346750147293	0.19610698330510412	0.18417998839282285	79.75205503688129
3.0991673448491133	0.007	0.005	0.27611074587539924	0.00035935864981833304	0.2018574294172629	0.18883680048894955	79.11234930525376
3.2069261874709944	0.007	0.005	0.27387048869038083	0.0003557660219318111	0.20758074471638902	0.1934315731799269	78.47046190444135
3.3158849982980874	0.007	0.005	0.271623765487279	0.00035216903219683276	0.21327355105754398	0.19796120586738394	77.82672183451857
3.4259877818087556	0.007	0.005	0.2693721756029568	0.0003485717625126293	0.21893143636280077	0.20242189099771993	77.18158734377815
3.537152105307591	0.007	0.005	0.2671178118885992	0.0003449789739713567	0.22454889746749185	0.20680911113500158	76.53565808423969
3.649267641439978	0.007	0.005	0.2648632670601106	0.0003413960925166753	0.23011937706669489	0.2111177127821355	75.8896769311672
3.7621975747491345	0.007	0.005	0.26261158181896843	0.00033782910128177864	0.23563544317487337	0.21534208867543753	75.2445151184397
3.8757843580380595	0.007	0.005	0.26036610908292335	0.0003342843022780576	0.24108916418661688	0.21947650041456135	74.60113333738774
3.9898606614019534	0.007	0.005	0.2581302832089856	0.00033076793471763634	0.2464726935359386	0.2235155403681955	73.96051561364335
4.104265008622667	0.007	0.005	0.2559073101830855	0.0003272856806001981	0.25177901204561703	0.22745468190166937	73.32358053904883
4.218859113338695	0.007	0.005	0.25369984142966784	0.000323842160223526	0.25700266933787513	0.23129079222516383	72.69108781028369
4.333542046378344	0.007	0.005	0.2515097253784393	0.00032044056551512194	0.26214030313699427	0.23502244735697878	72.06356704678053
4.448255887856402	0.007	0.005	0.24933793332094387	0.0003170825770262751	0.26719072545485695	0.23864991066227995	71.44129654685644
4.562979852733744	0.007	0.005	0.2471847055549951	0.0003137686264866419	0.2721544959138303	0.2421747433119439	70.8243451615971
4.677714299067689	0.007	0.005	0.24504987841171455	0.0003104984326035819	0.27703310314724355	0.24559916074929936	70.21266599594418
4.792460101816827	0.007	0.005	0.24293328027205469	0.0003072716290863531	0.2818280312432105	0.24892534935072036	69.60620987692543
4.907200945467828	0.007	0.005	0.2408350543670056	0.0003040882644756077	0.28654003749047363	0.2521549730725258	69.0050178436541
5.021895593732784	0.007	0.005	0.23875578477265108	0.00030094899026225733	0.29116890398845796	0.2552890353433499	68.40925724793303
5.136483356114326	0.007	0.005	0.23669637939479457	0.00029785487773009874	0.2957137369387065	0.25832811807258843	67.81918822654488
5.250900724869691	0.007	0.005	0.23465776040631203	0.0002948069512238063	0.3001736707390016	0.2612728718276108	67.23507500413052
5.365101523843865	0.007	0.005	0.23264050862282315	0.0002918056652902637	0.30454863553693534	0.26412451176059065	66.65708399829184
5.4790706437660335	0.007	0.005	0.23064463804712765	0.00028885058873518067	0.3088398062274067	0.26688507077895635	66.0852192211668
5.592824493516303	0.007	0.005	0.22866961195599222	0.00028594045330364797	0.3130495148641711	0.26955729098610326	65.51932688867937
5.706398119204523	0.007	0.005	0.22671458715686302	0.0002830735357616152	0.3171806864285679	0.2721442225731628	64.9591654059447
5.819825849411303	0.007	0.005	0.22477875623365687	0.0002802481724905727	0.3212360982470686	0.2746487431325594	64.40450342889471
5.933124845138728	0.007	0.005	0.22286162363543707	0.00027746316358207154	0.3252178137886055	0.2770732206060559	63.855198970303675
6.046288874377677	0.007	0.005	0.22096309683296317	0.00027471789796948957	0.32912702486744916	0.27941944936650576	63.311225518325536
6.159294102753808	0.007	0.005	0.21908337351541443	0.0002720121809224446	0.3329643172058311	0.2816888436954655	62.77263971565028
6.272112788526221	0.007	0.005	0.21722270436329813	0.00026934588712113663	0.3367301739113784	0.28388275540575053	62.23951338825422
6.384727481241141	0.007	0.005	0.21538115943841188	0.0002667186273571021	0.34042544644738143	0.28600274655930313	61.711866610522236
6.4971385943359214	0.007	0.005	0.21355851337574938	0.00026412959226257936	0.344051566225897	0.28805069165794545	61.18963480997618
6.609362743170599	0.007	0.005	0.21175428438391553	0.00026157761757322295	0.3476104429618432	0.29002869544285503	60.67267994182887
6.721424088877495	0.007	0.005	0.20996788254785637	0.0002590614018996752	0.3511041548428121	0.29193890286662116	60.160832981272435
6.833344102299257	0.007	0.005	0.20819877573114573	0.00025657974389567726	0.35453462006491876	0.2937833156577249	59.65394145846108
6.945134822092871	0.007	0.005	0.20644659267122728	0.00025413168575656796	0.35790340515886715	0.2955636984655112	59.15189899777029
7.056797926651226	0.007	0.005	0.20471113085326936	0.00025171652043005634	0.36121172394763473	0.29728159387010483	58.65464757384482
7.168328714334241	0.007	0.005	0.20299228851988102	0.00024933369309187585	0.3644605796602237	0.29893841010735434	58.16215803075221
7.279722021842993	0.007	0.005	0.20128997045663558	0.00024698266835536614	0.36765094909011786	0.3005355219709112	57.67440308727613
7.390976855917186	0.007	0.005	0.1996040178390954	0.0002446628334402096	0.3707839130773509	0.3020743353468183	57.19133723640698
7.5020978869590085	0.007	0.005	0.19793418855412256	0.00024237347271580548	0.37386068778762066	0.30355629698335884	56.71289110692525
7.613093983667849	0.007	0.005	0.19628018247371945	0.00024011380432488336	0.3768825725232479	0.3049828633225966	56.238978704963216
7.723975262272597	0.007	0.005	0.19464168739719956	0.00023788304425689352	0.37985086275518787	0.30635545627763017	55.76951057753816
7.834750394205713	0.007	0.005	0.19301841897832106	0.0002356804609163069	0.3827667782219848	0.3076754307316682	55.30440525263367
7.945425317268382	0.007	0.005	0.19141013836064338	0.00023350539832251298	0.3856314341919764	0.3089440651658803	54.843594292152254
8.056003465832298	0.007	0.005	0.18981664711025054	0.00023135726809877797	0.38844585416706134	0.3101625718015533	54.38702084001892
8.166487000738389	0.007	0.005	0.18823776813463833	0.00022923552265753528	0.3912110064770395	0.31133211606771105	53.93463415498483
8.276878099377559	0.007	0.005	0.18667332666781622	0.00022713962893267139	0.39392783899543926	0.3124538331747135	53.486384162403226
8.387179758638194	0.007	0.005	0.18512313900191923	0.0002250690529502628	0.3965972988689254	0.3135288366518099	53.042218225565684
8.497395909200115	0.007	0.005	0.18358701133685917	0.00022302325819363456	0.3992203340616219	0.3145582186263593	52.6020808161001
8.60753097575694	0.007	0.005	0.18206474632311284	0.00022100171425891573	0.40179788184397486	0.3155430450637307	52.165915388635945
8.717589380787883	0.007	0.005	0.18055615006053083	0.00021900390596523776	0.40433085709030137	0.316484351637123	51.733666386131105
8.827575122871336	0.007	0.005	0.17906103774509005	0.00021702934051893397	0.4068201434097021	0.31738314134111356	51.30528085780162
8.937491632705632	0.007	0.005	0.17757923530519212	0.0002150775492460781	0.4092665913310951	0.31824038511834846	50.88070892796078
9.047341862075616	0.007	0.005	0.17611057784807832	0.0002131480850777615	0.4116710218038275	0.31905702440496675	50.4599033508793
9.157128517753849	0.007	0.005	0.17465490626066763	0.0002112405176347204	0.4140342325321794	0.31983397439192035	50.0428185368443
9.266854214769653	0.007	0.005	0.1732120650272259	0.00020935442998584115	0.41635700206405934	0.32057212619103953	49.629409926868945
9.376521578415177	0.007	0.005	0.17178190081649708	0.00020748941646300904	0.4186400924681633	0.32127234831918555	49.219633587871776
9.486133237147532	0.007	0.005	0.17036426254165588	0.00020564508243896818	0.42088424956807713	0.32193548730428323	48.81344622985456
9.595691764744968	0.007	0.005	0.16895900206445125	0.00020382104495384373	0.42309020216814097	0.32256236800187443	48.41080540765633
9.705199658838186	0.007	0.005	0.16756597440259163	0.00020201693268730975	0.42525866209859575	0.32315379419154155	48.01166958037413
9.814659239769139	0.007	0.005	0.16618503892605332	0.0002002323872262381	0.42739032274967553	0.3237105487943166	47.615998454134164
9.924072701743944	0.007	0.005	0.16481605859458986	0.00019846706177100823	0.4294858606764895	0.3242333949523827	47.22375276361982
10.033442105929774	0.007	0.005	0.16345889994712612	0.0001967206208396819	0.4315459360000184	0.3247230767301173	46.83489426903294
10.142769380779045	0.007	0.005	0.16211343300056597	0.0001949927398635449	0.433571192935448	0.3251803198269123	46.449385727099674
10.252056372975954	0.007	0.005	0.16077953053571348	0.00019328310399852866	0.4355622612164188	0.3256058324504539	46.06719068647007
10.361304869344169	0.007	0.005	0.15945706776600901	0.00019159140744967514	0.43751975689463973	0.3260003059760002	45.68827339280253
10.470516575323982	0.007	0.005	0.15814592254002646	0.00018991735349721948	0.4394442823289418	0.3263644154087316	45.31259884678448
10.57969314407076	0.007	0.005	0.15684597493218938	0.00018826065373918962	0.44133642707064585	0.3266988200097724	44.94013268686277
10.68883614046421	0.007	0.005	0.15555710761737893	0.00018662102835597785	0.4431967675869886	0.3270041636824361	44.570841296577605
10.797947034057193	0.007	0.005	0.1542792058881511	0.00018499820591885496	0.44502586751617884	0.3272810754666073	44.20469180949582
10.907027220910603	0.007	0.005	0.1530121573351858	0.0001833919227737477	0.44682427839443906	0.3275301700867562	43.84165201765177
11.016078045388012	0.007	0.005	0.15175585154212926	0.0001818019224544181	0.4485925403350591	0.3277520484484517	43.48169028411256
11.125100785822342	0.007	0.005	0.15051018020503765	0.00018022795564948084	0.4503311820912535	0.3279472980262702	43.124775577201426
11.234096669060502	0.007	0.005	0.1492750369187981	0.0001786697797493784	0.4520407215822663	0.3281164932990726	42.77087740930199
11.343066848908716	0.007	0.005	0.14805031737673688	0.00017712715892967285	0.45372166583580725	0.3282601961067488	42.419965894051295
11.45201243509073	0.007	0.005	0.14683591899847825	0.00017559986350995448	0.4553745117152844	0.3283789560723522	42.072011639712024
11.560934478896241	0.007	0.005	0.14563174105155394	0.00017408766995126958	0.45699974595411913	0.32847331093869864	41.72698578401656
11.669833994892599	0.007	0.005	0.1444376843721796	0.00017259036034866055	0.4585978457290471	0.32854378693137704	41.384859914162895
11.77871192493629	0.007	0.005	0.1432536517234838	0.00017110772274181278	0.4601692783687441	0.3285908990629611	41.045606169455866
11.887569195917669	0.007	0.005	0.14207954712836982	0.00016963955012712234	0.46171450242692175	0.32861515148295684	40.7091970501559
11.996406683761862	0.007	0.005	0.14091527623257508	0.0001681856407865262	0.463233967369163	0.3286170377528147	40.375605521504404
12.10522521348622	0.007	0.005	0.13976074626825782	0.00016674579811274312	0.46472811379568213	0.32859704114560734	40.04480500329019
12.214025732158731	0.007	0.005	0.13861586420642996	0.00016531982814873425	0.46619737597324734	0.3285556348530205	39.71676884047765
12.32280894147427	0.007	0.005	0.1374805406157694	0.00016390754435654964	0.4676421770142467	0.32849328234565117	39.39147140884854
12.431575485180426	0.007	0.005	0.13635468761292235	0.00016250876490379962	0.4690629317257567	0.3284104376716499	39.06888752771467
12.540325977928735	0.007	0.005	0.13523821853181323	0.00016112331213764206	0.47046004718165907	0.32830754569356907	38.74899236516735
12.649061055703449	0.007	0.005	0.1341310473893935	0.00015975101180871497	0.4718339235228514	0.3281850422589968	38.43176128500145
12.757781354222724	0.007	0.005	0.13303308910136055	0.00015839169324670572	0.4731849538030515	0.32804335441134885	38.11716990852418
12.866487494552995	0.007	0.005	0.1319442596151659	0.00015704518943419934	0.4745135239468313	0.3278829006075644	37.805194152664875
12.97518008312704	0.007	0.005	0.13086447589360511	0.00015571133689555112	0.475820012893995	0.3277040909202701	37.49581022527347
13.083859675777692	0.007	0.005	0.12979365625179554	0.00015438997603325192	0.47710479231880193	0.3275073273022918	37.18899472167245
13.192526784966143	0.007	0.005	0.12873172025671828	0.00015308095091688377	0.4783682268857942	0.3272930037915736	36.884724595873124
13.301181887003992	0.007	0.005	0.12767858863089876	0.00015178410908122224	0.4796106744924845	0.32706150670210826	36.582977132978236
13.409825458047337	0.007	0.005	0.12663418288459946	0.00015049930098784162	0.48083248682048507	0.3268132147337132	36.283729843795925
13.518457966909313	0.007	0.005	0.1255984253754098	0.00014922638002684143	0.48203400936935853	0.32654849915190703	35.986960481913854
13.627079831910827	0.007	0.005	0.12457123970327061	0.0001479652029409113	0.48321558110819846	0.32626772406566584	35.692647156883126
13.735691464059252	0.007	0.005	0.12355255027936385	0.00014671562921711017	0.48437753508679815	0.32597124649625714	35.400768210694885
13.844293259864022	0.007	0.005	0.122542282381952	0.00014547752109195263	0.4855201984716793	0.32565941655174274	35.111302233779696
13.952885594154969	0.007	0.005	0.12154036220908836	0.00014425074355486276	0.48664389258731133	0.32533257760345746	34.824228080110146
14.061468834474814	0.007	0.005	0.120546716731699	0.00014303516410463297	0.4877489331798492	0.324991066394846	34.53952482510543
14.170043319515212	0.007	0.005	0.11956127387839699	0.000141830652922738	0.4888356303068238	0.3246352132548553	34.2571718185851
14.27860938788706	0.007	0.005	0.11858396225963579	0.00014063708247368607	0.489904288737299	0.3242653421496637	33.97714860573229
14.387167363745718	0.007	0.005	0.11761471128849552	0.00013945432760294232	0.4909552079070532	0.32388177086357073	33.69943496170193
14.495717535232714	0.007	0.005	0.11665345135863228	0.0001382822657076826	0.4919886818179227	0.32348481121412276	33.424010942607445
14.604260190428286	0.007	0.005	0.11570011351005885	0.00013712077627115322	0.4930049994891214	0.32307476905850785	33.15085678975893
14.712795610166127	0.007	0.005	0.11475462948498577	0.00013596974088554231	0.4940044449785048	0.32265194444102985	32.8799529456631
14.821324060850369	0.007	0.005	0.11381693178065835	0.00013482904327273416	0.4949872974088008	0.3222166317427803	32.611280069162056
14.929845794461208	0.007	0.005	0.11288695363794313	0.0001336985692267328	0.49595383106193464	0.3217691198031537	32.34481903216335
15.038361055746437	0.007	0.005	0.11196462896928447	0.0001325782064824105	0.4969043155337419	0.3213096920074393	32.08055089899761
15.146870060667235	0.007	0.005	0.11104989253116866	0.00013146784488991833	0.49783901563494676	0.3208386264931149	31.818456975833783
15.255373039518837	0.007	0.005	0.11014267954930028	0.00013036737591030093	0.4987581918520814	0.3203561960760251	31.55851870328304
15.36387020818844	0.007	0.005	0.10924292595518986	0.00012927669287278527	0.4996621001763113	0.31986266847746103	31.30071772418692
15.472361775344273	0.007	0.005	0.10835056831671752	0.00012819569085298262	0.500550992246944	0.31935830639778856	31.0450358637221
15.580847935253892	0.007	0.005	0.10746554388851715	0.0001271242667013109	0.5014251153724935	0.31884336765211746	30.791455143836657
15.689328867788051	0.007	0.005	0.10658779060171458	0.0001260623189973579	0.5022847126123812	0.31831810527254106	30.539957780309855
15.797804759975563	0.007	0.005	0.10571724688159741	0.0001250097477920876	0.5031300230234422	0.31778276750049766	30.290526130510116
15.906275777269228	0.007	0.005	0.10485385187254152	0.000123966454856598	0.5039612815059955	0.3172375980200326	30.043142757841977
16.0	0.007	0.005	0.10411351735785157	0.0001230749238289512	0.5046684190975441	0.31675878776706756	29.831019167566783
