0.0	0.007	0.005	0.0	0.0	0.0	0.0	100.0
0.006207294180442479	0.007	0.005	0.019581167193443504	4.508349659640987e-5	1.5211453340999513e-5	6.535916869423954e-5	99.91642047271259
0.010814157998646755	0.007	0.005	0.033438432145816516	7.30664595045431e-5	4.55368047327137e-5	0.00018894405847755876	99.85443546902894
0.0174653197092307	0.007	0.005	0.05247974661647436	0.0001066626400166759	0.00011645327047881288	0.00046033935693679803	99.765012421086
0.024056548296091808	0.007	0.005	0.07028083570614255	0.0001334207042729733	0.000216691879771033	0.0008182256617273842	99.67647416001805
0.03182399698986081	0.007	0.005	0.08997327013485934	0.00015830566516788824	0.00037073137841847094	0.0013298958576006678	99.57223689333617
0.040040417582394794	0.007	0.005	0.10938575679571276	0.00017849307418394742	0.0005731509297948206	0.0019533665786113158	99.46209317091028
0.0491260968651689	0.007	0.005	0.1292726920815572	0.0001951999561428886	0.0008407523623144421	0.0027168744779858776	99.34043860885366
0.05885210612293735	0.007	0.005	0.14886076396327025	0.0002081636928379359	0.0011741017707333078	0.0035972717881360633	99.21037511137939
0.0693771251882266	0.007	0.005	0.1682376456188619	0.0002179385188814149	0.0015847441574513338	0.004601646105034496	99.06981849520443
0.08064806062845847	0.007	0.005	0.18707178755354148	0.00022478282467771848	0.002076672378071478	0.005716761471704548	98.91952131706219
0.09273751766679383	0.007	0.005	0.20527590818934	0.00022902896958577505	0.0026583234319847355	0.0069401083143784004	98.75856265118993
0.10563641477719327	0.007	0.005	0.22264491005264914	0.00023089419682599478	0.0033339452951925866	0.008259856321842677	98.5871159116104
0.11935586748380235	0.007	0.005	0.23903726142803305	0.0002305712151783565	0.0041077398249411675	0.009664780169983537	98.40508931640223
0.1338601332933889	0.007	0.005	0.25429466695133546	0.00022827681997914415	0.004980094112990034	0.011137721829428807	98.2130154591358
0.1491183291785999	0.007	0.005	0.2683166437772842	0.0002243245203305428	0.005950178097959528	0.012661753672842127	98.01136225171277
0.1651077792931397	0.007	0.005	0.2810545189612458	0.00021914357207983748	0.007016420355876663	0.014221783439407243	97.80048901003408
0.1818365638522134	0.007	0.005	0.2925152450323127	0.0002132325964634065	0.008178397467127084	0.015807919625554334	97.58035085772673
0.19932083841127837	0.007	0.005	0.3027288106456452	0.00020708818037607223	0.009435702341470904	0.01741392943891533	97.35080058898517
0.2175467166821158	0.007	0.005	0.3117249084654221	0.0002011397381238773	0.010785243690303616	0.019034095328958056	97.11208866031026
0.2364544369374807	0.007	0.005	0.31953635829792726	0.0001956988557699238	0.012219836551335139	0.020661998220420284	96.8650649411454
0.25599123387746275	0.007	0.005	0.3262258220198156	0.00019092758462383583	0.013732154434262978	0.02229465840779653	96.61048256437748
0.2761525303965953	0.007	0.005	0.33188567774555155	0.00018685699825097388	0.015318285856578379	0.023934713748694873	96.34846388719056
0.2969720624603701	0.007	0.005	0.336617255127309	0.0001834374857945065	0.016977361478003574	0.025588287082660515	96.07863648283974
0.3185050938775367	0.007	0.005	0.3405177486466081	0.00018058192211153334	0.01871039356330109	0.027262849887287863	95.80035683741586
0.34081645343473577	0.007	0.005	0.3436753853541436	0.00017819313284171283	0.02051933608736301	0.028965931456265838	95.51286875719177
0.36397466570169223	0.007	0.005	0.34616900287722463	0.00017617857557219668	0.022406567973585274	0.030704563861305986	95.21538117470057
0.38804961314845443	0.007	0.005	0.3480690903474732	0.00017445696603325531	0.02437464790535543	0.03248511739565438	94.90709959193086
0.4131125607989883	0.007	0.005	0.3494390539008788	0.00017296025986688712	0.02642626602306581	0.03431335895051031	94.58722695783604
0.43923699425587304	0.007	0.005	0.35033619481940254	0.000171633230539181	0.028564269960278867	0.03619457855258283	94.2549543182867
0.4665011894005174	0.007	0.005	0.350812380006723	0.00017043187101440022	0.030791837377939644	0.038133830963402345	93.90942988970471
0.4949902621100309	0.007	0.005	0.35091435798101245	0.0001693214806778862	0.03311260518527953	0.04013611896526235	93.54973555273548
0.52479870956711	0.007	0.005	0.3506839086688831	0.00016827475665686856	0.03553083282078637	0.0422065893312609	93.17485799960879
0.5560333871926423	0.007	0.005	0.350157889318361	0.00016727009039905168	0.038051589833275466	0.044350734034793865	92.78365552467692
0.5888147372272031	0.007	0.005	0.34936829079981563	0.00016629020147763748	0.0406807878695556	0.04657444678430663	92.37484795207558
0.6232801617239332	0.007	0.005	0.3483422957960074	0.00016532097741798644	0.04342536961351569	0.04888420395281561	91.94698098035252
0.6595869234138434	0.007	0.005	0.347102358661255	0.0001643505845333381	0.046293437984373326	0.05128718503724592	91.49839823320409
0.6979158295375705	0.007	0.005	0.34566629552889344	0.00016336876455986518	0.04929442204559245	0.05379141572731713	91.02720570533188
0.7384754253463569	0.007	0.005	0.344047385129284	0.00016236628455238615	0.05243925107583955	0.05640590938556312	90.53123261138717
0.7815070405270638	0.007	0.005	0.34225446429424616	0.00016133449496504108	0.055740555593484425	0.0591408222180363	90.00798515189237
0.8272905921769829	0.007	0.005	0.3402920172587503	0.0001602649701548983	0.05921287721191088	0.06200760598057661	89.45459534924298
0.8761509699536123	0.007	0.005	0.33816026493776835	0.0001591492135523283	0.0628728620168169	0.06501913596201639	88.86776819057077
0.9284641854542831	0.007	0.005	0.3358552901675617	0.0001579784296994351	0.06673936403220995	0.06818975242579674	88.24373809494459
0.9846611082952205	0.007	0.005	0.333369295826286	0.00015674339788250067	0.0708332917877277	0.07153507830694296	87.57826145210139
1.0452234049733118	0.007	0.005	0.33069123065717365	0.00015543454965293477	0.07517682206714074	0.0750713097077611	86.86670801912797
1.1106604029248888	0.007	0.005	0.32780826109562444	0.00015404246753407058	0.07979125006964302	0.07881339889403882	86.10437767506774
1.181447365155935	0.007	0.005	0.32470888441105766	0.0001525591697169587	0.08469231684097311	0.08277122887407043	85.28725223077745
1.2579088858401704	0.007	0.005	0.3213882517220935	0.00015098043496635975	0.08988233750408219	0.0869433135240433	84.41333244709445
1.3400830893967428	0.007	0.005	0.31785394489173097	0.00014930833276462576	0.09534215336177115	0.09131055880122671	83.48410021644675
1.4276873455292844	0.007	0.005	0.3141269530218975	0.000147551510267568	0.10103104600769047	0.09583660889041719	82.50472713327046
1.5202326532152213	0.007	0.005	0.31023618675581666	0.00014572250546718193	0.10689657303396491	0.10047612312962678	81.48259230493592
1.6171318075034589	0.007	0.005	0.306213503594818	0.0001438353674694025	0.11288312138660095	0.10518185812012776	80.42593856797008
1.7177119616601404	0.007	0.005	0.30209292842007657	0.00014190526913757402	0.11893375099910457	0.10990631407154607	79.34363554457734
1.8212008217667897	0.007	0.005	0.29791095150130237	0.00013994862815082132	0.12499031468560458	0.11460200551352381	78.24523370866504
1.9267655695914905	0.007	0.005	0.2937046826131597	0.00013798223169741048	0.13099655492073178	0.11922401583498339	77.14046394630462
2.033598010972375	0.007	0.005	0.28950834272913245	0.00013602159322035316	0.1369031996494674	0.12373395794493375	76.03830715807639
2.1410285431321556	0.007	0.005	0.28534896083977346	0.00013407894388546852	0.1426736371734267	0.12810416262253954	74.94585935821641
2.248608562377795	0.007	0.005	0.2812436706470533	0.0001321619719504461	0.14828684237982584	0.13231955967437672	73.86761938779632
2.356122293984309	0.007	0.005	0.27719991684541984	0.00013027391593324844	0.1537360764753089	0.13637626937845668	72.80554205900516
2.4635348935977106	0.007	0.005	0.2732180261028842	0.00012841475491565308	0.1590245172433979	0.14027795114788055	71.75971296763184
2.5709085700167535	0.007	0.005	0.26929474572998624	0.00012658284605408562	0.16415996346893272	0.14403162517734552	70.72927772691023
2.6783249113587733	0.007	0.005	0.2654262762747015	0.00012477632611940714	0.16915061527708683	0.14764446961719724	69.71323839326396
2.785837115500626	0.007	0.005	0.26160999987016953	0.00012299390788760345	0.1740028510761134	0.15112221281491908	68.71090738116074
2.8934557758797737	0.007	0.005	0.25784489601960875	0.00012123506789259937	0.17872082797991742	0.15446890968075866	67.72201665596111
3.0011582429966586	0.007	0.005	0.2541311108028411	0.0001194998416912883	0.18330716029140626	0.15768749321521683	66.74660458305566
3.108907574792777	0.007	0.005	0.25046923470625654	0.00011778848435360789	0.18776389813996133	0.16078050713921016	65.78482625076288
3.2166695201544346	0.007	0.005	0.2468597045980317	0.00011610118928368523	0.19209327808192445	0.16375063994462166	64.83679640060456
3.324421698988284	0.007	0.005	0.24330251177206597	0.00011443794999620439	0.19629805095224764	0.16660093840286008	63.90251274583562
3.43215467359802	0.007	0.005	0.2397971976198467	0.00011279855625605841	0.20038144788261822	0.16933476296422806	62.981854834564515
3.539867983806879	0.007	0.005	0.2363430113589739	0.0001111826660851894	0.20434696286699397	0.17195562270741416	62.07462547652777
3.647564863629012	0.007	0.005	0.2329390968682757	0.00010958989166628719	0.208198119925183	0.17446701019639807	61.180599814630774
3.755248267598593	0.007	0.005	0.2295846237815608	0.00010801985954759712	0.21193832125385514	0.17687229970916193	60.299559756234814
3.8629191599341626	0.007	0.005	0.22627883863011938	0.00010647223379229224	0.2155707955543399	0.1791747166718609	59.431307405544395
3.970576608184848	0.007	0.005	0.22302105730695418	0.00010494671192270074	0.21909861416875245	0.18137735225510127	58.575663084364194
4.078218860547575	0.007	0.005	0.21981062884651154	0.0001034430075971093	0.22252473660492908	0.1834831953194501	57.7324558189779
4.185844351282574	0.007	0.005	0.21664690424039754	0.00010196083571741254	0.2258520472041602	0.18549515664952845	56.901515149710065
4.293452299196763	0.007	0.005	0.21352921956804333	0.00010049990428246655	0.22908337411460253	0.18741608069545745	56.0826667002573
4.401042764143787	0.007	0.005	0.2104568959604732	9.905991415335249e-5	0.23222148965927453	0.18924874542505798	55.27573216817194
4.508616432787936	0.007	0.005	0.2074292471957636	9.764056243056656e-5	0.23526910310292415	0.19099585785319803	54.480531319781505
4.616174262120982	0.007	0.005	0.20444559062141768	9.624154742623057e-5	0.23822885082998704	0.19266004863345026	53.6968848589104
4.723717187357282	0.007	0.005	0.20150525542963307	9.486257243576491e-5	0.24110329002905134	0.1942438692890541	52.9246166003485
4.831246022283858	0.007	0.005	0.19860758507983614	9.35033468056262e-5	0.2438948986406577	0.19574979333185383	52.16355410612112
4.938761466461116	0.007	0.005	0.19575193667943608	9.216358560246507e-5	0.24660607831561707	0.19718021909444097	51.41352852284624
5.046264140886505	0.007	0.005	0.19293767965511294	9.084300896749053e-5	0.24923915791738072	0.1985374727713032	50.674374232753
5.153754630750108	0.007	0.005	0.19016419433524437	8.954134144225361e-5	0.25179639693750094	0.19982381129951154	49.94592848136167
5.261233556632934	0.007	0.005	0.18743086991825067	8.825831101810001e-5	0.25427998929647294	0.20104142530275065	49.228030843876596
5.368701560269358	0.007	0.005	0.1847371047278683	8.699364926080012e-5	0.25669206490189345	0.20219244081353677	48.520523292232944
5.476159283202174	0.007	0.005	0.18208230661230634	8.574709150848324e-5	0.2590346910571105	0.20327892092636127	47.82325029993368
5.583607352563352	0.007	0.005	0.17946589312725914	8.451837697332924e-5	0.26130987404387945	0.2043028675376625	47.13605889011728
5.691046338401222	0.007	0.005	0.1768872923701472	8.330724915045266e-5	0.2635195601215756	0.20526622282936213	46.458798854667855
5.798476803508423	0.007	0.005	0.1743459415582292	8.21134551765274e-5	0.2656656384367992	0.20617087158581163	45.79132238076161
5.905899267864062	0.007	0.005	0.1718412876910374	8.093674616255035e-5	0.2677499420629752	0.20701864263641226	45.1334842248531
6.0133142157671005	0.007	0.005	0.16937278717100462	7.977687704150244e-5	0.2697742498964366	0.20781131065786826	44.485141613034166
6.120722095852712	0.007	0.005	0.16693990560379113	7.863360650037036e-5	0.2717402883411033	0.20855059784928065	43.8461541885906
6.228123328219591	0.007	0.005	0.16454211744600436	7.750669684112435e-5	0.2736497330613805	0.20923817559585417	43.216383919476996
6.335518311553896	0.007	0.005	0.16217890567144277	7.639591385021381e-5	0.275504210659197	0.209875666059756	42.59569501065703
6.442907430250291	0.007	0.005	0.1598497614550332	7.530102667596336e-5	0.27730530027931255	0.21046464370217632	41.98395382109071
6.550291033085019	0.007	0.005	0.15755418447736316	7.422180799473997e-5	0.2790545346901416	0.21100663660292457	41.381028943718476
6.657669461670691	0.007	0.005	0.15529168215192668	7.315803367413021e-5	0.28075340215537176	0.21150312800958096	40.78679100250038
6.765043007796407	0.007	0.005	0.15306177037429256	7.2109483144784e-5	0.28240334710492754	0.21195555748596548	40.201112849182444
6.872411977433201	0.007	0.005	0.15086397203028973	7.107593872686964e-5	0.2840057724461805	0.21236532250757745	39.62386917147673
6.979776626742492	0.007	0.005	0.14869781818515748	7.005718620513731e-5	0.28556203983753786	0.21273377945048683	39.054936805387534
7.087137197635524	0.007	0.005	0.1465628471978289	6.905301443603392e-5	0.28707347146758555	0.21306224497442647	38.49419450258099
7.1944939177771285	0.007	0.005	0.14445860459248197	6.806321530688234e-5	0.2885413512261988	0.21335199719729578	37.94152289664863
7.301847000589183	0.007	0.005	0.14238464293270514	6.708758369535009e-5	0.28996692583960215	0.21360427683405464	37.39680447005731
7.409196652363047	0.007	0.005	0.1403405215638197	6.61259173666382e-5	0.29135140606089915	0.2138202883142453	36.85992348647116
7.5165430580435295	0.007	0.005	0.13832580676668185	6.517801706133483e-5	0.2926959675479648	0.21400120081984925	36.330766031147114
7.623886388341257	0.007	0.005	0.1363400714989759	6.42436863903162e-5	0.2940017519958021	0.2141481493443045	35.809219942986516
7.731226799735095	0.007	0.005	0.13438289527925465	6.332273179528623e-5	0.2952698681386394	0.21426223569969371	35.29517478407879
7.83856444869138	0.007	0.005	0.13245386381964924	6.241496239165255e-5	0.2965013928821621	0.21434452950236474	34.788521743234
7.945899470339561	0.007	0.005	0.1305525693077651	6.152019011258454e-5	0.29769737198802243	0.214396069092988	34.28915371002183
8.053231999799339	0.007	0.005	0.1286786099184173	6.0638229494142966e-5	0.298858821227003	0.2144178624677726	33.79696514653052
8.160562150857059	0.007	0.005	0.126831590088448	5.976889781450133e-5	0.2999867270223191	0.2144108881556479	33.311852159546895
8.267890108370624	0.007	0.005	0.1250111188464127	5.8912014328872366e-5	0.3010820482498555	0.2143760960517401	32.8337120618544
8.375216185127181	0.007	0.005	0.12321680886874767	5.806739984250338e-5	0.3021457175031498	0.2143144081120633	32.362443124338924
8.482540331405978	0.007	0.005	0.12144828456828625	5.7234880475705916e-5	0.30317863705695486	0.2142267194644596	31.897946700408163
8.589862490381437	0.007	0.005	0.11970517584769082	5.641428477011021e-5	0.30418168341980145	0.21411389920273094	31.440125585353147
8.697182654982951	0.007	0.005	0.11798711711102472	5.5605443238646694e-5	0.3051557085830534	0.21397679105574965	30.988883756741487
8.804500889213047	0.007	0.005	0.11629374691134685	5.4808188210826516e-5	0.30610154085145785	0.2138162140186385	30.544126281859164
8.911817292606642	0.007	0.005	0.1146247085035965	5.402235409741445e-5	0.3070199851474088	0.21363296304563376	30.105759462923807
9.019131957586595	0.007	0.005	0.11297965045598106	5.324777768113463e-5	0.30791182329698175	0.21342780978772263	29.673690997663503
9.126444983678306	0.007	0.005	0.11135822635201915	5.248429798516574e-5	0.30877781481301136	0.21320150323851814	29.247829901059433
9.23375644197529	0.007	0.005	0.10976009524797865	5.1731756491088864e-5	0.30961869725458596	0.21295477046332553	28.82808662549026
9.34106636803421	0.007	0.005	0.10818492167157946	5.098999714359588e-5	0.3104351868296294	0.2126883172756383	28.41437306039151
9.44837479741022	0.007	0.005	0.10663237500172806	5.025886606851467e-5	0.3112279792964545	0.21240282878312167	28.006602369345067
9.555681765656997	0.007	0.005	0.10510212939797793	4.953821154523769e-5	0.3119977505484063	0.2120989699806081	27.604688971552207
9.662987322539722	0.007	0.005	0.10359386353268879	4.882788388769951e-5	0.31274515727930907	0.2117773862824799	27.20854847148621
9.7702914893961	0.007	0.005	0.1021072611232341	4.8127735694713776e-5	0.3134708372368062	0.2114387042092032	26.81809779867473
9.877594294669306	0.007	0.005	0.10064201035433847	4.7437621587037253e-5	0.3141754100164518	0.21108353183308837	26.433255055978897
9.984895788120065	0.007	0.005	0.09919780362899532	4.675739809643816e-5	0.31485947766399536	0.2107124592504729	26.05393945417257
10.092195983976664	0.007	0.005	0.09777433827232437	4.608692399406105e-5	0.31552362481440727	0.21032605928839437	25.68007149680807
10.199494917785001	0.007	0.005	0.09637131569503274	4.542605990775433e-5	0.31616841955193814	0.20992488781161	25.311572760502298
10.306792596665883	0.007	0.005	0.09498844198670293	4.4774668598686407e-5	0.31679441358176946	0.20950948438793132	24.948366050761603
10.414089034845745	0.007	0.005	0.0936254273789003	4.413261471667078e-5	0.3174021429155725	0.20908037263239523	24.590375260968905
10.521384267867933	0.007	0.005	0.09228198601391631	4.3499764696618234e-5	0.3179921283915295	0.20863806059946527	24.237525311645104
10.62867830285171	0.007	0.005	0.09095783651289262	4.2875987022479575e-5	0.3185648758321987	0.20818304142778246	23.88974229966458
10.73597116112739	0.007	0.005	0.08965270137594633	4.2261151953516096e-5	0.3191208767088886	0.20771579359962386	23.546953340700444
10.843262849813447	0.007	0.005	0.08836630727439938	4.165513166079646e-5	0.3196606084016117	0.20723678147978875	23.20908664597747
10.95055336892263	0.007	0.005	0.08709838489735197	4.105780015851418e-5	0.32018453464388974	0.20674645569690478	22.876071481975117
11.057842739783942	0.007	0.005	0.08584866856029828	4.0469033126284364e-5	0.32069310604877144	0.2062452534074107	22.547838067631957
11.165130962409668	0.007	0.005	0.08461689665301354	3.988870811632082e-5	0.32118676027788856	0.2057335988738683	22.224317691981554
11.272418043917366	0.007	0.005	0.08340281124737046	3.9316704375063784e-5	0.3216659225476953	0.20521190370827705	21.905442611146853
11.379703991424362	0.007	0.005	0.0822061581276128	3.875290285854911e-5	0.32213100595023403	0.2046805672660815	21.591146056291475
11.486988804942646	0.007	0.005	0.08102668681438462	3.819718624464596e-5	0.32258241176950897	0.20413997703387388	21.281362239930864
11.5942724844842	0.007	0.005	0.07986415042998053	3.764943887253917e-5	0.3230205298503646	0.20359050893718392	20.976026320540786
11.701555037165981	0.007	0.005	0.0787183055711819	3.710954668575895e-5	0.3234457389523525	0.20303252763487256	20.675074369158185
11.808836462999823	0.007	0.005	0.07758891241209877	3.6577397280123694e-5	0.3238584070086216	0.20246638691419358	20.3784433963923
11.916116754892744	0.007	0.005	0.07647573464834106	3.60528798789954e-5	0.3242588914379232	0.2018924300065672	20.08607133776139
12.023395905751988	0.007	0.005	0.07537853937000889	3.55358852760801e-5	0.3246475394728416	0.201310989855353	19.79789702033411
12.130673922694356	0.007	0.005	0.07429709687073309	3.502630574928205e-5	0.32502468849927113	0.20072238933265144	19.51386011257473
12.237950798627244	0.007	0.005	0.07323118089016384	3.452403517167294e-5	0.325390666235625	0.20012694168033202	19.2339011880319
12.34522652645827	0.007	0.005	0.07218056841810179	3.4028968922803495e-5	0.32574579106063295	0.19952495071317036	18.957961673894296
12.452501099095283	0.007	0.005	0.07114503964782005	3.354100386794924e-5	0.32609037227949034	0.19891671108957257	18.685983838730916
12.559774516550725	0.007	0.005	0.0701243778629488	3.3060038307228875e-5	0.3264247104042343	0.19830250853372194	18.417910762781773
12.66704677173275	0.007	0.005	0.0691183695292338	3.258597201751215e-5	0.32674909735937674	0.1976826201717484	18.153686362057826
12.774317864653952	0.007	0.005	0.06812680411456494	3.21187061711466e-5	0.3270638167703458	0.19705731469873036	17.893255341072173
12.881587781118665	0.007	0.005	0.06714947424237903	3.165814340546106e-5	0.32736914413775914	0.1964268527439737	17.636563233130758
12.988856499827644	0.007	0.005	0.06618617557554515	3.120418777016163e-5	0.32766534709320533	0.19579148706641408	17.383556369835247
13.096124027898234	0.007	0.005	0.06523670645702136	3.075674456540469e-5	0.32795268571943925	0.1951514625708959	17.134181786702904
13.203390351135871	0.007	0.005	0.06430086831657048	3.0315720525292534e-5	0.3282314126289474	0.19450701682307767	16.888387329988873
13.310655448242668	0.007	0.005	0.06337846549437835	2.9881023738044788e-5	0.3285017732189352	0.19385838018245485	16.64612161036032
13.41791931923264	0.007	0.005	0.06246930495674164	2.9452563518154454e-5	0.3287640059474178	0.19320577583882045	16.407333928222712
13.525181964119803	0.007	0.005	0.06157319644554969	2.9030250473662425e-5	0.3290183424747649	0.1925494201419156	16.1719743129808
13.63244336160749	0.007	0.005	0.06068995261256223	2.861399656597016e-5	0.32926500780925716	0.19188952293003375	15.939993558306098
13.73970350460673	0.007	0.005	0.05981938868134533	2.8203714957986444e-5	0.3295042205806733	0.19122628750459603	15.711343133345652
13.846962386028807	0.007	0.005	0.05896132252988247	2.779932005099995e-5	0.3297361931878137	0.1905599109022764	15.485975204419521
13.954219977475333	0.007	0.005	0.05811557481926974	2.7400727541626284e-5	0.3299611319320766	0.18989058420891022	15.263842668822043
14.06147628606504	0.007	0.005	0.057281968505691165	2.7007854203756493e-5	0.3301792373104495	0.18921849238082794	15.044899026644025
14.168731283400744	0.007	0.005	0.05646032936361226	2.662061812139767e-5	0.3303907040340094	0.1885438148585123	14.829098518187559
14.275984962395428	0.007	0.005	0.0556504855036824	2.6238938473448064e-5	0.33059572130847903	0.1878667253769425	14.616395997344865
14.383237308859389	0.007	0.005	0.05485226755847628	2.586273561597043e-5	0.33079447293408915	0.18718739230426806	14.4067469803826
14.490488322809183	0.007	0.005	0.05406550848806703	2.5491930995483556e-5	0.3309871374989458	0.18650597866319915	14.20010759487637
14.597737997158587	0.007	0.005	0.05329004370555359	2.5126447204141614e-5	0.33117388848784524	0.18582264241749158	13.996434612679996
14.704986310616274	0.007	0.005	0.052525711089085485	2.4766207984208716e-5	0.331354894417521	0.18513753666556443	13.795685453083799
14.81223323478914	0.007	0.005	0.05177235089114943	2.4411138187111504e-5	0.3315303189926498	0.1844508097393053	13.597818158989071
14.919478769695182	0.007	0.005	0.051029805457632936	2.406116364920059e-5	0.33170032129973676	0.18376260511543907	13.402791323121141
15.02672290824999	0.007	0.005	0.050297919449748166	2.3716211289078245e-5	0.3318650558792565	0.1830730617773767	13.210564146316859
15.133965636267119	0.007	0.005	0.0495765398079454	2.3376209090862423e-5	0.3320246728566536	0.18238231434708072	13.021096428046658
15.241206939560687	0.007	0.005	0.04886551566969673	2.3041086067310463e-5	0.3321793180795909	0.18169049316719274	12.834348544820626
15.348446803945377	0.007	0.005	0.048164698337990114	2.27107722452859e-5	0.3323291332398253	0.1809977244249517	12.650281441913712
15.455685222338474	0.007	0.005	0.04747394120485852	2.2385198631666995e-5	0.33247425600107083	0.18030413022661385	12.468856613280838
15.562922187657545	0.007	0.005	0.04679309976879396	2.206429722025364e-5	0.33261482010338206	0.17960982876018863	12.290036106130685
15.67015767861679	0.007	0.005	0.046122031692726904	2.174800101600714e-5	0.3327509554572515	0.17891493450120347	12.11378253615377
15.777391688134752	0.007	0.005	0.04546059659390795	2.1436243942907083e-5	0.33288278828943524	0.17821955813914742	11.940059032335624
15.884624202028633	0.007	0.005	0.044808656149523104	2.112896088899888e-5	0.33301044122066653	0.177523806822668	11.768829264696247
15.991855213217763	0.007	0.005	0.0441660739801369	2.0826087655072515e-5	0.33313403338563957	0.17682778417165393	11.6000574136769
16.0	0.007	0.005	0.04411764454161767	2.080229069308127e-5	0.33314325832386665	0.17677491032828033	11.587337599196948
