0.0	0.007	0.005	0.0	0.0	0.0	0.0	100.0
0.00622568571491975	0.007	0.005	0.021117474775448033	6.645357398404467e-5	1.925425817071846e-5	3.73007052665572e-5	99.95685614463558
0.011158878752569714	0.007	0.005	0.037110022774499485	0.0001101118652294416	6.1030259457992245e-5	0.00011368224032738542	99.92268245197639
0.018154461537272203	0.007	0.005	0.05871877491662232	0.00016087040839369535	0.0001585051132902052	0.0002799089458827874	99.87424200343538
0.02524422364963754	0.007	0.005	0.07940183907935822	0.0002014954027917327	0.0003007047174054964	0.0005043994207123556	99.82517337561053
0.03359949899423645	0.007	0.005	0.10229628410802796	0.00023846044782805848	0.0005210109613463441	0.0008252176074594665	99.76737700765659
0.042528398086290935	0.007	0.005	0.1251037481561945	0.0002679715894975429	0.0008153818395308682	0.0012191539765436224	99.70564967029621
0.052442079353901175	0.007	0.005	0.1485598437929551	0.00029173298612262725	0.0012083792643160173	0.0017018636967094701	99.63715906988979
0.06312259833102415	0.007	0.005	0.17179906628340202	0.00030960310035555545	0.0017035492634946102	0.0022597399840111852	99.5634232684055
0.0747233767172048	0.007	0.005	0.19485068033870412	0.0003225749890799993	0.0023185043038627135	0.0028958119343829663	99.48339603294251
0.08716811319390373	0.007	0.005	0.21726898045677495	0.0003313945896857376	0.0030592411477701645	0.0036005744464981428	99.39761831865749
0.10049512038016184	0.007	0.005	0.23887726024867634	0.0003370328307256641	0.003936285245331965	0.004370748859127695	99.30584139518518
0.11467901010868266	0.007	0.005	0.2594253332327494	0.0003403690742803309	0.004954826563612143	0.005200081069289734	99.20825660529574
0.12972045570895904	0.007	0.005	0.2787532134353543	0.0003421542827431647	0.006119997390707834	0.0060847165189060765	99.1048766167869
0.14557343669991057	0.007	0.005	0.29669208173856393	0.0003429499186483209	0.007431440477140838	0.0070190003274875935	98.99603553846896
0.16219880117387772	0.007	0.005	0.3131441035157629	0.00034314867491370705	0.008887099085395162	0.007998499652810246	98.88201995178504
0.17956104918607926	0.007	0.005	0.32806747860223867	0.00034300454652425147	0.01048336378000331	0.009019642465627213	98.7630910401295
0.1976418179595973	0.007	0.005	0.34147547470340794	0.00034267154548596235	0.012216763067403923	0.010080319195702098	98.63939240354527
0.21643231952860806	0.007	0.005	0.3534153839694945	0.0003422375739250982	0.014083777772201898	0.011179270171148148	98.51100233589452
0.23593422724179897	0.007	0.005	0.36395878431962037	0.00034174976075953655	0.01608128774544308	0.012316012760523264	98.37792815671233
0.2561565636057336	0.007	0.005	0.3731915043499152	0.0003412314980530307	0.018206539215713025	0.013490573675669882	98.24012786973239
0.27711570134817803	0.007	0.005	0.3812078111011678	0.00034069302794812085	0.020457341124267267	0.014703433538669871	98.09751051933486
0.29883436981042516	0.007	0.005	0.3881055485273645	0.00034013770204786446	0.02283210549970927	0.015955433449638286	97.94994333679267
0.32134177390636853	0.007	0.005	0.39398294014490204	0.0003395654626867843	0.025329962394506675	0.017247758423087723	97.79725131968871
0.34467302815797435	0.007	0.005	0.39893604581599235	0.00033897469965767665	0.027950767591919966	0.0185818882015654	97.63922148960893
0.3688696655017108	0.007	0.005	0.4030572042052792	0.0003383631481231251	0.030695203196176146	0.019959613230134655	97.47559988792712
0.3939796594022041	0.007	0.005	0.40643382598522393	0.00033772829728688866	0.03356480513783567	0.021383023594101287	97.30609192816705
0.420058108774663	0.007	0.005	0.40914768528842455	0.0003370675274291055	0.036562049790259205	0.02285453523304277	97.13035833236577
0.44716742980277474	0.007	0.005	0.4112744215783365	0.0003363781393561563	0.039690371414428015	0.024376886695838415	96.94801448227909
0.47537834045180377	0.007	0.005	0.41288334925431014	0.0003356573133068004	0.04295425933357893	0.02595317851898981	96.75862452843892
0.504770664312235	0.007	0.005	0.41403738452753625	0.00033490205536602653	0.04635932480467467	0.027586899294550136	96.56169685597523
0.5354345618567056	0.007	0.005	0.4147931080559406	0.0003341091304204392	0.04991240784518107	0.02928197186987593	96.35667684651472
0.5674719290759104	0.007	0.005	0.4152009034141044	0.00033327499337952024	0.05362169383599375	0.031042804014445518	96.14293873261313
0.6009981650237434	0.007	0.005	0.41530515450621697	0.0003323957143996669	0.0574968622604861	0.03287435350769551	95.91977525088264
0.6361443142290317	0.007	0.005	0.4151444779426606	0.0003314668971707711	0.06154926656618763	0.034782206278863574	95.68638513100103
0.6730602671185777	0.007	0.005	0.4147519671680476	0.0003304835708440377	0.06579222102626962	0.036772702295059245	95.44185399234796
0.7119169617611045	0.007	0.005	0.4141554554167374	0.0003294401090559688	0.07024115412840419	0.038852995231700514	95.1851424108195
0.7529106943155772	0.007	0.005	0.41337777210619053	0.0003283300931589023	0.07491398215860288	0.041031211224563525	94.9150606742204
0.7962678907025202	0.007	0.005	0.41243698018625535	0.0003271461622501337	0.07983150557351888	0.043316611832687875	94.63024141344299
0.8422506905560002	0.007	0.005	0.4113465943983291	0.00032587984096863067	0.08501786023151324	0.04571977459290954	94.32910803652535
0.8911631031964344	0.007	0.005	0.41011578569004886	0.00032452135293096064	0.09050098625181563	0.0482527716829968	94.00984085602684
0.9433564489423036	0.007	0.005	0.40874960637964436	0.00032305945900199385	0.09631296044430919	0.05092927329537775	93.67034962227063
0.9992298686173073	0.007	0.005	0.4072493533064421	0.0003214814471049858	0.10248972181850136	0.05376435854624072	93.3082799510542
1.0592134637160378	0.007	0.005	0.4056134142442406	0.00031977364546157327	0.10906885148504163	0.056773426411340686	92.9211332115892
1.123702294309557	0.007	0.005	0.40383947276662047	0.00031792341153722515	0.11608207803784744	0.059968715637100975	92.50670036553467
1.1928870847914077	0.007	0.005	0.40192953647835034	0.0003159242440031611	0.12353707489327445	0.06335105234758069	92.06414423346747
1.266512351088883	0.007	0.005	0.3998968281564796	0.00031378322793953735	0.1313926919142262	0.06689888203663648	91.59550875855935
1.3439103928540916	0.007	0.005	0.39776479372251816	0.00031152054188277793	0.13956500087788254	0.07057151964573534	91.10543079219964
1.4244431319154576	0.007	0.005	0.3955548106912048	0.0003091566821368965	0.14797576820013653	0.0743313464849261	90.59828757322921
1.5077095858566303	0.007	0.005	0.39328065461696904	0.0003067061284199514	0.15657385396142115	0.07815334751702775	90.07689740481791
1.5934895882372326	0.007	0.005	0.39095039380683383	0.0003041787247738523	0.1653282554062345	0.0820217920162942	89.54290576712319
1.6816907311426779	0.007	0.005	0.388568157791481	0.0003015810660109423	0.17422177362009736	0.08592724836940162	88.99714291173841
1.7723110580767598	0.007	0.005	0.386135387005672	0.0002989174970999537	0.18324657217943358	0.08986449349821718	88.43987518478096
1.865437028698555	0.007	0.005	0.3836510585251598	0.00029619012835843596	0.19240342854877734	0.09383207181678432	87.8708343107088
1.961246447027026	0.007	0.005	0.38111174364978084	0.00029339876069989196	0.20170145608489642	0.09783205290325561	87.28921725023487
2.0600291772447723	0.007	0.005	0.37851118175117043	0.0002905403565630238	0.2111594707025885	0.10187047852652485	86.69358102110986
2.1622379267940244	0.007	0.005	0.37583908471843386	0.00028760774104450316	0.2208099815726558	0.10595887314190476	86.0815647169722
2.2686156416341374	0.007	0.005	0.3730780186999304	0.00028458630383591886	0.23070979669968772	0.11011841644596113	85.44917309146538
2.380586154992324	0.007	0.005	0.3701936943786836	0.00028144375382009145	0.24097340227572833	0.11439328663834333	84.78855150502623
2.502012270952278	0.007	0.005	0.3670909926090206	0.0002780836793702344	0.25192493104970487	0.1189118138964648	84.07791352063049
2.6458690174691086	0.007	0.005	0.363448774934533	0.00027417744963518825	0.26466286874270534	0.12411071364493563	83.24370588597907
2.7290186585337626	0.007	0.005	0.36136006516582736	0.0002719458693416207	0.2719102647716984	0.1270411182728583	82.76531122927562
2.818713115802202	0.007	0.005	0.35912040629996617	0.0002695728825839391	0.2796348914128885	0.13014213885587195	82.25234345432786
2.9140436284594444	0.007	0.005	0.35675523069976345	0.0002670862725730773	0.2877401465424022	0.13337093140850106	81.71062754190523
3.010725955132558	0.007	0.005	0.35437242571783983	0.0002646011866379286	0.2958515047846568	0.1365762315553269	81.16487382921959
3.107384931799774	0.007	0.005	0.35200610544881794	0.0002621537569417131	0.3038527953010405	0.1397123675129397	80.62289574987136
3.203898305178431	0.007	0.005	0.34965911516844617	0.00025974700652736237	0.311735614204242	0.14277688491706686	80.08534498003932
3.3003044368714596	0.007	0.005	0.34733035521977684	0.0002573797213322222	0.31950492164089517	0.1457725723622172	79.55196965562348
3.3966563761221717	0.007	0.005	0.34501840101482695	0.0002550502592241529	0.32716664273237817	0.14870252500869505	79.02244349112433
3.493006269623865	0.007	0.005	0.3427218845959577	0.0002527569649963549	0.3347263817719431	0.15156964259159791	78.49645317168469
3.589400457418789	0.007	0.005	0.3404396090472659	0.0002504983001883291	0.3421890577620887	0.15437649714372267	77.9737245576197
3.6858784970216867	0.007	0.005	0.3381705662655159	0.00024827286988633816	0.34955886745076087	0.15712532934579507	77.4540267546109
3.7824737560176183	0.007	0.005	0.3359139174176294	0.0002460794099761421	0.35683937018863315	0.15981809050751106	76.93716763770837
3.879214261330648	0.007	0.005	0.3336689681336295	0.00024391676818544532	0.3640335866329267	0.16245648807849047	76.42298816955717
3.9761233967527585	0.007	0.005	0.33143514807168134	0.00024178388877867335	0.3711440800315594	0.16504202307300594	75.9113577200054
4.073220497879521	0.007	0.005	0.3292119935460727	0.00023967979975753336	0.37817302495780547	0.16757602154106424	75.40217008724387
4.170521347363534	0.007	0.005	0.3269991330238935	0.0002376036024571779	0.3851222646281519	0.17005966076357695	74.89534017598952
4.268038546320463	0.007	0.005	0.32479627591386423	0.000235554463947536	0.39199335596552276	0.17249399012372008	74.3908014296965
4.3657818726484265	0.007	0.005	0.32260320202799	0.00023353160980423183	0.398787611021908	0.17487994993030984	73.88850341687065
4.463758601634716	0.007	0.005	0.3204197522413467	0.00023153431779173315	0.405506133278566	0.1772183877554744	73.38840969180292
4.561973782950768	0.007	0.005	0.3182458204336739	0.00022956191255044082	0.41214984876995747	0.17951007237547914	72.89049594888435
4.660430513447913	0.007	0.005	0.3160813457979667	0.00022761376047008346	0.41871953500636244	0.18175570643503458	72.39474826097918
4.759130160407226	0.007	0.005	0.3139263064939751	0.0002256892656446906	0.4252158448278545	0.18395593691129708	71.90116162583276
4.858072554605149	0.007	0.005	0.31178071417254083	0.00022378786646935309	0.4316393268136221	0.18611136402538397	71.40973871193444
4.957256225430624	0.007	0.005	0.3096446077859209	0.00022190903149336234	0.43799044707989176	0.1882225502704462	70.92048844084484
5.056678553389266	0.007	0.005	0.30751804938215543	0.0002200522569203304	0.44426960443542235	0.19029002688837837	70.4334250239444
5.156335938090052	0.007	0.005	0.30540111971891404	0.00021821706383601985	0.45047714551381	0.19231430008389477	69.94856695783587
5.2562239487768165	0.007	0.005	0.30329391440312076	0.00021640299579504335	0.45661337781492556	0.19429585630660948	69.46593614017118
5.356337457110962	0.007	0.005	0.30119654054254663	0.00021460961675204588	0.4626785807774798	0.19623516668087032	68.98555710273669
5.45667075188984	0.007	0.005	0.2991091138959512	0.00021283650932311688	0.4686730150000395	0.1981326906589551	68.5074563587271
5.557217702108502	0.007	0.005	0.2970317551345771	0.00021108327221635507	0.4745969336283707	0.19998888018662428	68.03166154648419
5.65797179499859	0.007	0.005	0.29496458880648746	0.00020934951985720883	0.4804505856563301	0.2018041811644684	67.55820119229016
5.758926268502265	0.007	0.005	0.2929077404210478	0.0002076348803474736	0.48623422436267644	0.20357903641928324	67.0871040426024
5.860074157983639	0.007	0.005	0.29086133537979325	0.00020593899489031338	0.49194811025913876	0.20531388685680535	66.61839881918084
5.9614084040279085	0.007	0.005	0.288825496727081	0.0002042615161652997	0.4975925171705144	0.20700917349213274	66.15211370390143
6.062921880469048	0.007	0.005	0.2868003445800758	0.0002026021080197475	0.5031677334436397	0.20866533791867692	65.68827620820075
6.164607469910448	0.007	0.005	0.28478599464624077	0.0002009604443461514	0.508674065577689	0.21028282345485388	65.22691283352472
6.266458112833501	0.007	0.005	0.2827825573226602	0.00019933620838135052	0.5141118401124792	0.21186207570791044	64.76804886503866
6.368466809675638	0.007	0.005	0.28079013775171785	0.0001977290927179586	0.5194814028504777	0.21340354232922656	64.3117083843802
6.470626710940715	0.007	0.005	0.27880883417692565	0.0001961387979035633	0.524783122624694	0.21490767405598077	63.857913893080685
6.572931085725733	0.007	0.005	0.27683873870528547	0.00019456503292355855	0.5300173885157288	0.21637492383866275	63.40668648717533
6.675373391821871	0.007	0.005	0.2748799361072199	0.00019300751407919849	0.5351846123234113	0.2178057474572853	62.95804558234145
6.777947257721533	0.007	0.005	0.272932504338698	0.00019146596519978548	0.5402852264179349	0.21920060281660533	62.51200903348523
6.880646525666631	0.007	0.005	0.27099651390021956	0.00018994011690627336	0.5453196846744041	0.22055995009727544	62.06859298792429
6.983465226638826	0.007	0.005	0.26907202849767736	0.00018842970687092545	0.5502884599973832	0.2218842509686759	61.62781203675096
7.086397609668637	0.007	0.005	0.2671591046749736	0.00018693447924970894	0.5551920445565399	0.22317396854548693	61.189679130687026
7.189438150674295	0.007	0.005	0.26525779184395676	0.00018545418441124202	0.5600309489851519	0.2244295670556171	60.75420558694038
7.292581547533449	0.007	0.005	0.26336813256999897	0.00018398857884910285	0.5648057009497792	0.22565151134865488	60.3214011546136
7.395822701312997	0.007	0.005	0.2614901631018355	0.00018253742526738316	0.5695168431519793	0.22684026627605067	59.891274136056786
7.499156731543949	0.007	0.005	0.25962391327140466	0.0001811004921739039	0.5741649329617883	0.2279962965010734	59.463831363927774
7.602578991450907	0.007	0.005	0.25776940640372087	0.00017967755348089384	0.5787505420261747	0.22912006629474005	59.03907818054933
7.706085021387161	0.007	0.005	0.25592666033184114	0.0001782683889414276	0.5832742531754811	0.2302120386772143	58.6170186703753
7.809670598105875	0.007	0.005	0.2540956866854648	0.00017687278327467706	0.5877366616403804	0.23127267562874662	58.19765549705274
7.913331667324625	0.007	0.005	0.25227649225516197	0.00017549052686194284	0.5921383711992123	0.23230243708215817	57.78099021588258
8.017064385963357	0.007	0.005	0.2504690783987958	0.00017412141496626416	0.596479995164123	0.23330178109207583	57.367023137867605
8.120865088777135	0.007	0.005	0.24867344178043535	0.00017276524796004905	0.6007621541475621	0.23427116324548525	56.955753498951644
8.224730282342058	0.007	0.005	0.24688957461365157	0.00017142183118288795	0.6049854750832444	0.2352110363867009	56.547179515743906
8.328656666507229	0.007	0.005	0.2451174644313679	0.00017009097445478725	0.6091505913886589	0.2361218505997702	56.14129833280584
8.432641107611861	0.007	0.005	0.24335709468276637	0.0001687724922124531	0.6132581411888169	0.23700405276228376	55.73810615936541
8.536680618466812	0.007	0.005	0.24160844519488345	0.00016746620354866754	0.6173087659204998	0.23785808620856264	55.33759837504051
8.64077237962059	0.007	0.005	0.2398714919311091	0.00016617193174050884	0.6213031106006738	0.2386843907559601	54.939769474525754
8.744913705428914	0.007	0.005	0.2381462076741054	0.0001648895044679858	0.6252418219741076	0.23948340228841908	54.5446132240071
8.849102044521972	0.007	0.005	0.2364325621186067	0.00016361875360483146	0.6291255480676295	0.2402555526515891	54.15212268241666
8.953334987143972	0.007	0.005	0.23473052185093654	0.0001623595149367157	0.6329549380126869	0.24100126960138268	53.762290196741304
9.057610251748063	0.007	0.005	0.23304005066697786	0.0001611116281364607	0.6367306411177509	0.24172097660669004	53.37510747485002
9.161925671534169	0.007	0.005	0.23136110987982453	0.00015987493673921618	0.6404533059994505	0.24241509267759057	52.99056565595776
9.26627918784908	0.007	0.005	0.22969365850713713	0.0001586492880381744	0.6441235800116888	0.24308403226132883	52.608655353537394
9.370668871215356	0.007	0.005	0.22803765301571302	0.00015743453266930872	0.6477421096606527	0.2437282053190336	52.22936659681631
9.475092880110157	0.007	0.005	0.2263930480558491	0.00015623052492151211	0.6513095388599197	0.24434801701442846	51.852688998973505
9.579549468099493	0.007	0.005	0.22475979641268826	0.0001550371224872056	0.6548265089389316	0.2449438677343703	51.478611745996226
9.6840369771232	0.007	0.005	0.22313784917540208	0.0001538541863793463	0.6582936581856997	0.2455161530277268	51.107123635429346
9.788553851526716	0.007	0.005	0.22152715558205446	0.00015268158062423128	0.661711622093798	0.24606526366253906	50.73821304084302
9.893098603617965	0.007	0.005	0.2199276636115973	0.00015151917249835213	0.6650810320293785	0.246591585428349	50.371868047422474
9.997669841512751	0.007	0.005	0.21833931960911704	0.00015036683207991246	0.668402515969595	0.24709549927918506	50.00807636613518
10.102266227714521	0.007	0.005	0.21676206896914668	0.0001492244325647374	0.6716766970201765	0.24757738113066155	49.6468254902353
10.206886506939549	0.007	0.005	0.21519585575790046	0.00014809184983132403	0.6749041941758656	0.2480376020083548	49.28810260874119
10.311529471578497	0.007	0.005	0.21364062327628816	0.0001469689626836652	0.6780856211306132	0.2484765279073561	48.931894735387026
10.416194010311367	0.007	0.005	0.2120963133772381	0.00014585565221575175	0.6812215876602338	0.24889452001865536	48.57818855226375
10.520879052746963	0.007	0.005	0.21056286733092403	0.00014475180228188167	0.6843126978364856	0.24929193451387577	48.22697060798919
10.62558358335912	0.007	0.005	0.20904022564968253	0.00014365729923394624	0.6873595503934898	0.24966912263928762	47.87822727760736
10.730306641557052	0.007	0.005	0.20752832812061006	0.00014257203181283794	0.6903627386683645	0.250026430747653	47.531944770054494
10.835047307874854	0.007	0.005	0.206027114035744	0.000141495891184903	0.6933228501573594	0.25036420028687284	47.188109180879415
10.939804731779036	0.007	0.005	0.20453652182296836	0.00014042877056225428	0.6962404672613334	0.25068276792686217	46.8467064077064
11.044578083153661	0.007	0.005	0.20305648976773413	0.0001393705655957845	0.6991161658882967	0.2509824654448104	46.50772231553746
11.149366580096055	0.007	0.005	0.20158695563803358	0.0001383211740016169	0.7019505162259756	0.25126361986070345	46.171142650856524
11.254169502845624	0.007	0.005	0.20012785651831813	0.00013728049534117206	0.7047440830839146	0.2515265535092381	45.836953003590395
11.358986138291536	0.007	0.005	0.19867912960725667	0.00013624843147978409	0.7074974243969707	0.2517715839412985	45.505138989826264
11.463815835538538	0.007	0.005	0.19724071146323122	0.00013522488596379468	0.7102110927136849	0.2519990241133395	45.17568607900089
11.56865795734015	0.007	0.005	0.19581253869607715	0.0001342097644129307	0.7128856339231743	0.25220918232030276	44.84857975233584
11.673511914841717	0.007	0.005	0.19439454750692886	0.00013320297411267544	0.7155215881729122	0.2524023623229206	44.523805397444626
11.778377125937844	0.007	0.005	0.19298667427002397	0.0001322044243364187	0.7181194888328527	0.25257886331827384	44.20134844158794
11.883253070855977	0.007	0.005	0.1915888547985986	0.00013121402575641777	0.7206798639084147	0.25273898009015916	43.88119418353558
11.988139236613312	0.007	0.005	0.19020102510782597	0.00013023169089858245	0.7232032346817829	0.25288300296305366	43.56332796830876
12.093035130922248	0.007	0.005	0.1888231212362941	0.00012925733394604527	0.7256901161075703	0.253011217886382	43.24773514629156
12.197940296101365	0.007	0.005	0.1874550790752272	0.0001282908705524236	0.7281410171797954	0.2531239065050841	42.93440103411608
12.302854288247273	0.007	0.005	0.18609683465343893	0.0001273322179734288	0.7305564404775153	0.253221346187553	42.623310979927645
12.407776698092736	0.007	0.005	0.18474832387640577	0.00012638129482418667	0.732936882692641	0.2533038101007885	42.314450303622706
12.512707137122888	0.007	0.005	0.18340948271847032	0.00012543802115246077	0.7352828343458265	0.2533715672470893	42.007804340870734
12.617645216735013	0.007	0.005	0.1820802474948029	0.0001245023185685468	0.7375947793787765	0.2534248825088172	41.7033585054036
12.722590576045812	0.007	0.005	0.18076055451217957	0.0001235741099502393	0.7398731958354128	0.25346401672403557	41.401098209030806
12.82754287495157	0.007	0.005	0.17945034016710773	0.00012265331945861515	0.7421185557518015	0.2534892267326771	41.1010088841137
12.932501801088515	0.007	0.005	0.17814954086826748	0.00012173987243545542	0.7443313253508709	0.2535007654282872	40.803075965801604
13.037467048986567	0.007	0.005	0.17685809330335694	0.0001208336955388671	0.7465119646514184	0.2534988818060851	40.507284953149735
13.142438327026037	0.007	0.005	0.17557593435618588	0.00011993471664093013	0.7486609276806473	0.253483821020459	40.213621390130314
13.247415454781594	0.007	0.005	0.17430299993534212	0.00011904286398488672	0.750778664483871	0.2534558244066177	39.92207059735235
13.352398112735973	0.007	0.005	0.17303922802341998	0.00011815806822684943	0.7528656161036199	0.2534151295870998	39.63261837045192
13.457385995229187	0.007	0.005	0.17178455679318858	0.00011728026110672595	0.7549222178382932	0.25336197052932424	39.345250548622445
13.562378838278844	0.007	0.005	0.17053892428344022	0.00011640937519004056	0.7569488998329608	0.25329657757655294	39.059952940371396
13.667376398727848	0.007	0.005	0.16930226866019069	0.0001155453440106138	0.7589460867043933	0.2532191774978765	38.776711383345436
13.772378468158411	0.007	0.005	0.1680745280618154	0.00011468810193125923	0.7609141978490565	0.25312999352081733	38.49551170886045
13.877384852035462	0.007	0.005	0.16685564085318716	0.00011383758428405147	0.7628536470912155	0.2530292453896113	38.216339800108955
13.982395362755135	0.007	0.005	0.16564554570934917	0.00011299372739552248	0.7647648426168491	0.2529171494212434	37.93918161132429
14.087409812691767	0.007	0.005	0.1644441816956093	0.00011215646861050407	0.7666481869183578	0.2527939185651815	37.66402318612544
14.19242801419891	0.007	0.005	0.16325148826544053	0.00011132574626140439	0.7685040768715172	0.25265976245729116	37.39085065703612
14.297449793521432	0.007	0.005	0.16206740510211623	0.00011050149953317821	0.7703329040519034	0.25251488745279926	37.11965020921303
14.402474990798263	0.007	0.005	0.16089187212227218	0.00010968366843941057	0.7721350547923226	0.252359496671235	36.85040808126195
14.507503432241009	0.007	0.005	0.159724829787405	0.00010887219400720494	0.7739109097730271	0.252193790086029	36.58311063658257
14.612534971870126	0.007	0.005	0.1585662186373433	0.00010806701793779142	0.775660844803073	0.252017964509669	36.317744256515674
14.717569484562416	0.007	0.005	0.15741597937507038	0.00010726808264103474	0.7773852307459156	0.25183221364249003	36.05429535977068
14.822606817358054	0.007	0.005	0.1562740534001476	0.00010647533157232797	0.7790844327851869	0.25163672820473215	35.792750524600194
14.927646838155221	0.007	0.005	0.1551403822717548	0.0001056887088492754	0.7807588113002291	0.2514316959000183	35.53309636581538
15.032689428755848	0.007	0.005	0.15401490778884855	0.00010490815928550013	0.7824087218039162	0.25121730146748206	35.275319553145685
15.137734477910344	0.007	0.005	0.15289757206693635	0.00010413362842274346	0.7840345148900997	0.2509937267371834	35.019406828822724
15.24278186740425	0.007	0.005	0.15178831768474127	0.00010336506261035551	0.7856365360848588	0.2507611507042674	34.76534504117224
15.347831485972648	0.007	0.005	0.1506870875337931	0.00010260240888614848	0.7872151261307531	0.2505197495442881	34.51312111016477
15.452883215386208	0.007	0.005	0.14959382496297077	0.000101845615055835	0.78877062084254	0.2502696966881197	34.262722060521305
15.557936958281305	0.007	0.005	0.14850847348701268	0.00010109462948124062	0.7903033515848485	0.2500111627985002	34.01413495495104
15.662992631204183	0.007	0.005	0.14743097686305073	0.00010034940111595895	0.7918136452167643	0.24974431582228623	33.76734691168055
15.76805013678094	0.007	0.005	0.14636127937566065	9.960987968052069e-5	0.7933018237517028	0.24946932110108955	33.52234516974128
15.873109391548493	0.007	0.005	0.14529932554893993	9.887601545524106e-5	0.7947682048226168	0.24918634134200815	33.279117023024384
15.97817031899768	0.007	0.005	0.14424506021873518	9.814775931451482e-5	0.7962131016368391	0.2488955366725833	33.03764983682336
16.0	0.007	0.005	0.1440269654383765	9.799502721908643e-5	0.7965106540166589	0.24883414990521158	32.987697769322395
