0.0	0.007	0.005	0.0	0.0	0.0	0.0	100.0
0.00022899110923444284	0.007	0.005	2.9154265610785854e-5	0.00021335837757169914	1.5354457109224396e-9	1.999104768527935e-6	99.99829688484128
0.00033413482926667327	0.007	0.005	4.25399916225355e-5	0.0002767878867279888	3.2691046711925944e-9	3.9333174818514344e-6	99.99751489099467
0.0005188673344180708	0.007	0.005	6.605690487638727e-5	0.00035443071383161294	7.882738073081468e-9	8.325854147811242e-6	99.99614097988507
0.0006746903956419033	0.007	0.005	8.589241428320676e-5	0.00039684466094927137	1.3327720178055102e-8	1.2709654107924837e-5	99.99498209166727
0.0008704015793461217	0.007	0.005	0.00011080398323390138	0.00043108352732585905	2.218012624030734e-8	1.8775160665755103e-5	99.9935265662904
0.001068306241388125	0.007	0.005	0.00013599305346083485	0.00045210512740211133	3.3411334239386156e-8	2.530837775341888e-5	99.99205474932049
0.0012947999815750753	0.007	0.005	0.00016481880887294243	0.0004661940580999079	4.907745547547463e-8	3.307824469151435e-5	99.99037034196084
0.001538236441326284	0.007	0.005	0.00019579835895742193	0.00047455330523704577	6.926204731627196e-8	4.162846740304159e-5	99.98855996522227
0.0018115583469175728	0.007	0.005	0.00023057802616988709	0.00047944294686933214	9.605564010180132e-8	5.136015208992508e-5	99.98652737687569
0.002114116180664675	0.007	0.005	0.0002690741035251377	0.00048205705912908616	1.308102258314225e-7	6.221459212803023e-5	99.98427742052563
0.0024562749213580806	0.007	0.005	0.0003126040045495534	0.0004833644736821918	1.7656281390279035e-7	7.453761597312619e-5	99.9817330349955
0.0028446812733039285	0.007	0.005	0.00036201139674933415	0.0004839491205473885	2.3679285201919484e-7	8.855194886921039e-5	99.97884481810785
0.0032934977751279152	0.007	0.005	0.0004190950873376097	0.00048417547835910763	3.173696143245125e-7	0.00010475817117741406	99.97550749101387
0.0038194377098504225	0.007	0.005	0.00048597670128495534	0.0004842407844666894	4.2676615480392604e-7	0.00012375372400819665	99.97159682827608
0.004449717555327772	0.007	0.005	0.0005661108932844066	0.00048424216416396656	5.791415267286792e-7	0.00014651805402919377	99.96691054042098
0.0052242932373869535	0.007	0.005	0.0006645672170534271	0.0004842195555296633	7.981551073101404e-7	0.00017449181767738992	99.96115167790042
0.006208404199543133	0.007	0.005	0.0007896198299098117	0.00048418494137248845	1.1268882830007601e-6	0.0002100284499853714	99.95383542820889
0.007500066980279655	0.007	0.005	0.0009536894780903701	0.00048413849307592005	1.6440123799810437e-6	0.00025666301358343675	99.94423353569015
0.009161269394679605	0.007	0.005	0.0011645919059989568	0.0004840784042895828	2.4518743884703913e-6	0.00031662634662229974	99.93188593550788
0.010983840328291538	0.007	0.005	0.0013958430000378748	0.00048401080230118387	3.522809760800641e-6	0.0003823974528162738	99.91834064947348
0.012689846614729189	0.007	0.005	0.0016121730973291913	0.00048394249441220753	4.700029253794166e-6	0.0004439460408445435	99.9056633316093
0.014199746214452557	0.007	0.005	0.0018035302211283535	0.00048388113549394665	5.882720428623233e-6	0.0004984065369852725	99.89444462257768
0.015567301575095659	0.007	0.005	0.0019767617509544636	0.00048383303050319353	7.067878116435656e-6	0.0005477220226511998	99.88428463309315
0.016873937818269027	0.007	0.005	0.0021422005329110243	0.0004837905332504378	8.301326276708819e-6	0.0005948312032484624	99.87457819579753
0.018180599105180047	0.007	0.005	0.0023075682658641643	0.00048374669253669196	9.633479898456966e-6	0.0006419321459608353	99.86487251573062
0.01951697788448853	0.007	0.005	0.002476620226136569	0.00048370006013855716	1.1097900193241674e-5	0.0006900948674924025	99.85494707428299
0.02088759914262593	0.007	0.005	0.0026499232776903484	0.00048365108547618584	1.2706844410403782e-5	0.0007394817412153772	99.84476833465645
0.022281501228268327	0.007	0.005	0.002826086324866247	0.00048360065436092877	1.445412871566725e-5	0.0007896971453638001	99.83441776716454
0.023683231114184772	0.007	0.005	0.003003153615045383	0.0004835497037141912	1.632399305333039e-5	0.0008401840265743168	99.82401015557652
0.025081325130241566	0.007	0.005	0.0031796767034206206	0.00048349895781855067	1.8301527459822177e-5	0.0008905294374259856	99.81363062048098
0.027861342932738026	0.007	0.005	0.003530429401359399	0.0004834074328520832	2.256709329142017e-5	0.0009906065065849495	99.79299480552011
0.03145723943588245	0.007	0.005	0.003983624158499293	0.0004832764380956971	2.8741234763207912e-5	0.0011199929953306694	99.76630912645102
0.03851646436120728	0.007	0.005	0.0048716785437305996	0.00048302311242049177	4.300859302312025e-5	0.0013737940898628528	99.71394232863679
0.051370624690322025	0.007	0.005	0.006483213352941734	0.00048256149314082153	7.624782877898066e-5	0.0018352553914249186	99.61865807770462
0.0632879488954019	0.007	0.005	0.007970941911704036	0.00048213396779475106	0.00011536947698283643	0.0022622948503780676	99.53039966921514
0.07983389812273789	0.007	0.005	0.010026399931343077	0.00048154101261937374	0.000182788095945794	0.002853936995421248	99.40799179455638
0.09541354798338868	0.007	0.005	0.011951130711571301	0.00048098335396752227	0.0002600352742035914	0.003409693535175435	99.2928702744398
0.11446820992721886	0.007	0.005	0.014291148161181214	0.0004803021883531665	0.0003724146007940694	0.004087657181239617	99.1522523328574
0.13269664393549255	0.007	0.005	0.016515332393389974	0.00047965146156128365	0.0004981011068245441	0.004734422800654813	99.0179180982447
0.15334496962288496	0.007	0.005	0.019017908797784075	0.0004789154132608008	0.0006616122577092911	0.005464927869904427	98.86597032858798
0.17336502427562617	0.007	0.005	0.02142731613395494	0.00047820283936951806	0.0008412529029508089	0.006171060673520695	98.71886854760896
0.195013443535261	0.007	0.005	0.024013949224582574	0.00047743350010107837	0.001058492785032508	0.006932258755435793	98.56004828386097
0.2162227582511748	0.007	0.005	0.026529336896614682	0.00047668096603657565	0.0012940979529633709	0.0076756371394349245	98.40469723647955
0.23851566933225263	0.007	0.005	0.029153325878177636	0.0004758912631213274	0.0015656026588406157	0.008454464156172403	98.2416731543772
0.2605267063808799	0.007	0.005	0.0317242388309399	0.00047511282886370806	0.0018572396825812607	0.009220906788722134	98.0809753454158
0.2832648561026177	0.007	0.005	0.03435945003434302	0.0004743100168911521	0.0021826434363816315	0.010010029922670456	97.91524506648608
0.30583992820931427	0.007	0.005	0.0369551542031196	0.00047351430464334855	0.0025295226447251302	0.010790850053511799	97.75098043745379
0.3289148151290542	0.007	0.005	0.03958724559917354	0.000472702354784845	0.002908130023659858	0.011586244814916378	97.58336375849956
0.35191318558363494	0.007	0.005	0.04218954007955607	0.00047189448271213084	0.003309206206487567	0.012376282413497915	97.41658888769533
0.3752682577806039	0.007	0.005	0.04481081226483368	0.00047107549361554297	0.003740264827904953	0.013175804330997866	97.2475190490795
0.3986084325735522	0.007	0.005	0.047409027370333943	0.0004702584469535871	0.004194495166140382	0.013972038171336847	97.07885020030807
0.4222160174012112	0.007	0.005	0.05001540887552497	0.00046943348086374276	0.004677291455826824	0.014774579231389374	96.9085464889179
0.44585204217136476	0.007	0.005	0.0526033124061499	0.00046860897079092564	0.005183726206857459	0.015575260571471348	96.73833691409548
0.46970025427425843	0.007	0.005	0.05519267361065104	0.0004677785265588939	0.005717604859796441	0.016380273499566594	96.56690231021932
0.49360729613573145	0.007	0.005	0.05776661844677938	0.00046694751088225604	0.006275401404928507	0.017184402691702703	96.39534973630037
0.517692794225413	0.007	0.005	0.060337851928711946	0.00046611178488476006	0.006859757450235874	0.017991639342493124	96.22282477800864
0.5418585531688327	0.007	0.005	0.06289568907774008	0.0004652747772025383	0.007468165689335557	0.018798656057031977	96.05003523283163
0.5661825837301571	0.007	0.005	0.06544821450352768	0.0004644338054408979	0.008102429737668605	0.01960802537382295	95.87642735252312
0.5906022153369725	0.007	0.005	0.06798866003974693	0.0004635910573896235	0.008760770112635322	0.020417626611183588	95.70245278202593
0.6151684920267962	0.007	0.005	0.07052216225686564	0.0004627447914879408	0.009444394974048791	0.021229118880026463	95.52775199433022
0.6398416239491402	0.007	0.005	0.0730444305574296	0.000461896399508965	0.010152037922876677	0.022041152642938416	95.35261230720246
0.6646552028011803	0.007	0.005	0.07555872233520947	0.0004610447469725186	0.010884488393184953	0.022854799477398612	95.176799516961
0.6895841825901472	0.007	0.005	0.07806231355596141	0.00046019071488962533	0.011640837748307173	0.023669202643728647	95.0004955015697
0.7146508750986224	0.007	0.005	0.08055726459098124	0.0004593335600829619	0.012421583437465373	0.02448505613434737	94.82354683974029
0.7398397433807975	0.007	0.005	0.0830418415489708	0.00045847383570351245	0.013226063974848339	0.02530181818373718	94.64606772332691
0.7651658188453306	0.007	0.005	0.08551734247843117	0.00045761105059654764	0.014054574509083805	0.026119940272224	94.46795675548108
0.7906197047418779	0.007	0.005	0.08798265883795596	0.00045674554729545135	0.014906622824103658	0.026939081967696097	94.28928465453794
0.8162117403946739	0.007	0.005	0.09043860293060738	0.0004558769968360413	0.015782364489070798	0.027759539016268937	94.10998350567327
0.8419365090541724	0.007	0.005	0.0928844614559995	0.00045500560615228974	0.01668142250100058	0.028581099940867973	93.93009602806143
0.8678013316818881	0.007	0.005	0.09532073672775941	0.0004541311505786885	0.017603856296159463	0.02940396044760297	93.74957584415132
0.8938033711497714	0.007	0.005	0.09774696407211811	0.00045325374986440124	0.01854936629757199	0.030227991422869926	93.56844767118956
0.9199480221709206	0.007	0.005	0.10016344836927314	0.0004523732460578375	0.019517946001001332	0.031053324578435456	93.3866789073587
0.9462341257145981	0.007	0.005	0.10256988074020021	0.0004514897027899568	0.020509347213959212	0.03187988336600989	93.20428268380775
0.9726658526444638	0.007	0.005	0.10496643969172043	0.00045060300478093064	0.021523517939841925	0.03270775849519006	93.02123520401598
0.9992431477658078	0.007	0.005	0.10735291389802495	0.00044971317925112314	0.02256024371548476	0.033536907109234425	92.83754208930063
1.0259694112178501	0.007	0.005	0.10972940042994617	0.0004488201381351569	0.023619440837506524	0.034367393613209125	92.65318515748702
1.0528453168918324	0.007	0.005	0.11209574813413484	0.0004479238851367212	0.02470091626432265	0.03519919659780546	92.46816517330369
1.0798737889000303	0.007	0.005	0.11445200124353119	0.00044702434938274476	0.025804563872065676	0.03603236362394015	92.28246750531996
1.1070559956561574	0.007	0.005	0.11679804563846151	0.00044612151908376556	0.026930203856529257	0.036866887086913464	92.09608972124789
1.1343945687155534	0.007	0.005	0.11913389015517006	0.00044521533438788	0.028077713518358003	0.037702803529218135	91.90901946375536
1.1618910192979692	0.007	0.005	0.12145944292087096	0.000444305773211358	0.029246920605432474	0.03854011421802617	91.72125217691395
1.1895478121171497	0.007	0.005	0.12377468897038103	0.00044339278253274246	0.030437689915914747	0.039378848607032266	91.53277691055266
1.2173666994135317	0.007	0.005	0.12607954888194298	0.0004424763334629931	0.031649852608232526	0.04021901352953091	91.34358770593137
1.2453500609963573	0.007	0.005	0.12837399120545695	0.0004415563770776471	0.0328832635776692	0.04106063386331541	91.15367446147677
1.2734998238224238	0.007	0.005	0.13065794263313588	0.0004406328800276395	0.034137754417530065	0.04190371984553224	90.96303028738059
1.3018183319740522	0.007	0.005	0.13293135947561766	0.00043970579584205917	0.03541317151515116	0.04274829324868334	90.77164560094913
1.3303076485426408	0.007	0.005	0.13519417079355497	0.00043877508803698067	0.03670934491342669	0.04359436642886343	90.57951286024813
1.358970115748221	0.007	0.005	0.1374463234374448	0.00043784071160606134	0.038026113330928216	0.04444195903098303	90.38662277946419
1.387807902322726	0.007	0.005	0.13968774594111627	0.0004369026279279883	0.03936330349322101	0.045291084513313574	90.19296738601106
1.4168233682659988	0.007	0.005	0.14191837721627823	0.0004359607928656165	0.040720746705167475	0.04614176092787553	89.9985375673772
1.4460187755899545	0.007	0.005	0.14413814394380065	0.00043501516619749784	0.04209826533820491	0.04699400237346474	89.80332501784982
1.4753965087874683	0.007	0.005	0.14634697754515877	0.0004340657044240992	0.0434956829655951	0.04784782545126422	89.60732076300722
1.5049589121683131	0.007	0.005	0.14854480171588483	0.00043311236615896815	0.04491281656770615	0.0487032444900792	89.4105162513018
1.534708407524191	0.007	0.005	0.15073154127088856	0.0004321551081828089	0.04634948196059104	0.049560274953959434	89.21290257135792
1.5646474020436842	0.007	0.005	0.1529071152441853	0.0004311938886267983	0.04780548923742345	0.050418930757331316	89.01447106830295
1.5947783599404501	0.007	0.005	0.1550714421448534	0.0004302286644634808	0.04928064606191623	0.05127922631473238	88.8152128705478
1.6251037470314178	0.007	0.005	0.15722443588817284	0.00042925939351126175	0.05077475482106213	0.052141174932382885	88.61511926031092
1.6556260670869554	0.007	0.005	0.15936600840701867	0.0004282860331066578	0.052287614235409445	0.05300478983327323	88.41418143575002
1.6863478358815405	0.007	0.005	0.1614960677898232	0.0004273085410440685	0.05381901791947767	0.053870083403509274	88.21239068510648
1.7172715997308714	0.007	0.005	0.163614519578825	0.000426326875000359	0.05536875513315613	0.054737067703145334	88.00973826734308
1.7483999152087437	0.007	0.005	0.16572126536668816	0.00042534099313272023	0.05693660960259612	0.05560575388185174	87.80621554799804
1.779735359513349	0.007	0.005	0.1678162035319004	0.0004243508538150838	0.05852235986577619	0.05647615245976401	87.60181393352552
1.8112805285556726	0.007	0.005	0.169899229118895	0.0004233564157094204	0.06012577900898057	0.05734827326169055	87.39652488640438
1.8430380222708362	0.007	0.005	0.17197023290141042	0.0004223576381769521	0.061746633748308	0.0582221250021379	87.19034002294822
1.8750104613988277	0.007	0.005	0.17402910253333867	0.00042135448086032376	0.06338468511112844	0.059097715741690746	86.98325100618781
1.9072004661974764	0.007	0.005	0.17607572121406648	0.0004203469042589519	0.06503968717920115	0.05997505229530694	86.77524968600136
1.939610668994171	0.007	0.005	0.1781099685697579	0.00041933486941953294	0.06671138756070552	0.06085414057307038	86.56632801941232
1.9722437010526568	0.007	0.005	0.18013171989397306	0.0004183183383243852	0.06839952654857497	0.06173498521960271	86.35647815702933
2.0051021877422524	0.007	0.005	0.18214084595798666	0.0004172972740287469	0.07010383670314005	0.06261758948644983	86.14569247506597
2.038188756772929	0.007	0.005	0.18413721362887026	0.0004162716404656514	0.07182404311784898	0.0635019554568536	85.93396352339117
2.0715060200525506	0.007	0.005	0.18612068488920994	0.0004152414029259218	0.07355986232202147	0.06438808356438182	85.72128414252437
2.105056577277798	0.007	0.005	0.18809111721322264	0.0004142065280444846	0.07531100231536651	0.06527597269989611	85.50764744068006
2.1388430128918783	0.007	0.005	0.19004836354481944	0.0004131669838238979	0.07707716226711862	0.06616562014170224	85.29304681321321
2.17286787704974	0.007	0.005	0.19199227138377625	0.0004121227402393109	0.07885803138600661	0.06705702107046577	85.077476062948
2.2071337047609485	0.007	0.005	0.1939226840990796	0.00041107376866253567	0.08065328979629927	0.06795016909219939	84.86092927768286
2.2416429758780874	0.007	0.005	0.195839438889081	0.0004100200430524823	0.08246260632947654	0.0688450552162228	84.64340108190915
2.2763981501584447	0.007	0.005	0.19774236901280992	0.0004089615388510394	0.08428564026069718	0.06974166879726573	84.42488641320742
2.3114016172123444	0.007	0.005	0.19963130129520973	0.0004078982346302798	0.08612203859951945	0.07063999627114287	84.20538083505676
2.346655724614257	0.007	0.005	0.2015060579944006	0.0004068301110010282	0.08797143749548206	0.07154002192133066	83.98488035644964
2.3821627478404146	0.007	0.005	0.2033664555101524	0.00040575715173954576	0.08983346061186537	0.07244172714990853	83.76338161661329
2.417924897309976	0.007	0.005	0.20521230513301164	0.0004046793433264974	0.09170771946669133	0.07334509070798548	83.54088183614834
2.4539442968804037	0.007	0.005	0.2070434123186077	0.0004035966757531417	0.09359381230025755	0.0742500882056145	83.3173789456677
2.4902229809592273	0.007	0.005	0.2088595769848488	0.00040250914251674445	0.09549132394553414	0.07515669210361979	83.09287159714356
2.5267628866812823	0.007	0.005	0.2106605935783696	0.0004014167407508356	0.09739982546803566	0.07606487158600576	82.86735920526507
2.56356584339807	0.007	0.005	0.21244625104454556	0.0004003194716076786	0.09931887369616524	0.07697459237302243	82.64084200441063
2.600633564317557	0.007	0.005	0.21421633294398737	0.00039921734038620636	0.10124801089766487	0.07788581659609113	82.41332109124674
2.6379676254573856	0.007	0.005	0.2159706170116111	0.00039811035716521187	0.1031867638335658	0.07879850237086033	82.1847985438848
2.6755694740154294	0.007	0.005	0.21770887615537388	0.00039699853644385507	0.10513464438183057	0.07971260410121621	81.95527735942352
2.7134404068181115	0.007	0.005	0.21943087806146078	0.00039588189781289055	0.10709114864478025	0.08062807205576322	81.72476157406017
2.7515815480907895	0.007	0.005	0.22113638486056236	0.00039476046642084414	0.10905575607506347	0.08154485194633103	81.49325638492519
2.7899938701035887	0.007	0.005	0.22282515475551626	0.0003936342723876505	0.11102793085874059	0.08246288554711864	81.26076801029825
2.8286781450140595	0.007	0.005	0.22449694059953063	0.0003925033521267457	0.11300711980186581	0.083382109667238	81.02730396640972
2.8676349730836614	0.007	0.005	0.2261514918959994	0.0003913677474079916	0.11499275419512928	0.08430245696255485	80.79287288009475
2.9068647387867457	0.007	0.005	0.22778855367913448	0.0003902275066434231	0.11698424803383878	0.08522385503613611	80.55748473621595
2.9463676182304996	0.007	0.005	0.229407867662421	0.00038908268445384106	0.11898099892238731	0.08614622676997133	80.32115081373672
2.9861435737573947	0.007	0.005	0.23100917282969471	0.000387933341775849	0.1209823883696884	0.08706949035436626	80.08388369869049
3.0261923351987416	0.007	0.005	0.23259220551335602	0.00038677954637734475	0.12298778146821834	0.08799355901506808	79.84569737562946
3.066513394135574	0.007	0.005	0.23415670003953173	0.00038562137283891155	0.12499652729070981	0.08891834105363321	79.60660723984113
3.1071060117225664	0.007	0.005	0.23570238989333772	0.0003844589022236474	0.12700796001040596	0.08984374020101235	79.36663002865924
3.147969188864189	0.007	0.005	0.23722900744009445	0.0003832922228501227	0.12902139820169642	0.09076965511427554	79.12578397494798
3.189101693228749	0.007	0.005	0.23873628581913775	0.0003821214294312803	0.1310361470095988	0.09169598017416038	78.88408862369171
3.2305020239294886	0.007	0.005	0.24022395848479644	0.00038094662384117973	0.13305149728820406	0.09262260486921745	78.64156501586979
3.27216843919695	0.007	0.005	0.24169176107440044	0.00037976791437665006	0.13506672788019247	0.09354941460580739	78.39823550101354
3.3140989321097023	0.007	0.005	0.2431394313627502	0.00037858541618304844	0.13708110539553883	0.09447629035011963	78.15412385449677
3.3562912592536254	0.007	0.005	0.24456671106894823	0.00037739925044852227	0.13909388658964655	0.09540310944879099	77.90925508531194
3.3987429167942147	0.007	0.005	0.24597334579672478	0.00037620954480345746	0.14110431823528907	0.09632974528077567	77.66365555057311
3.4414511815352014	0.007	0.005	0.24735908713760288	0.00037501643220048546	0.14311164011759203	0.09725606833326762	77.41735269306935
3.484413079050346	0.007	0.005	0.248723692290262	0.0003738200516155103	0.1451150845796978	0.09818194567590868	77.17037520177915
3.5276254346069087	0.007	0.005	0.25006692633290645	0.0003726205465207342	0.14711387997608513	0.09910724222739974	76.92275269511241
3.5710848476424624	0.007	0.005	0.2513885619664835	0.00037141806549170856	0.14910725053765092	0.10003182035749245	76.67451584565362
3.6147877385037495	0.007	0.005	0.2526883814637267	0.0003702127608255008	0.1510944195825931	0.10095554103113612	76.42569609127887
3.6587303352350564	0.007	0.005	0.25396617668554705	0.0003690047887952357	0.15307460993696254	0.10187826365767225	76.17632569109091
3.7029087131348226	0.007	0.005	0.25522175061144897	0.000367794308431903	0.15504704673866712	0.10279984704653192	75.92643748189846
3.747318800039393	0.007	0.005	0.256454917753381	0.0003665814814005594	0.15701095863617165	0.10372014962070204	75.6760648320273
3.79195640266733	0.007	0.005	0.2576655050949489	0.0003653664711080102	0.15896557988835053	0.10463903005624947	75.42524147762194
3.836817224771454	0.007	0.005	0.25885335269709997	0.0003641494422359152	0.1609101520353917	0.10555634773146147	75.1740014077633
3.881896882804683	0.007	0.005	0.26001831415539906	0.00036293056013587054	0.16284392540396772	0.10647196310903344	74.92237876555947
3.927190940087851	0.007	0.005	0.26116025744471744	0.00036170998998441345	0.1647661613360419	0.10738573847571249	74.67040764834151
3.972694917562822	0.007	0.005	0.26227906505526166	0.0003604878964141845	0.16667613332719772	0.10829753818474375	74.41812204141306
4.018404323011428	0.007	0.005	0.2633746345163228	0.000359264442722004	0.16857312887435272	0.1092072292542542	74.1655556512785
4.064314668656865	0.007	0.005	0.264446878537112	0.00035803979033500566	0.1704564507413148	0.11011468171153134	73.91274180616422
4.110421495198814	0.007	0.005	0.2654957252230646	0.0003568140982176194	0.17232541840465254	0.11101976904755544	73.65971332342026
4.156720393171217	0.007	0.005	0.26652111814428003	0.00035558752232050633	0.17417936929242123	0.11192236859887005	73.40650239439779
4.203207015335307	0.007	0.005	0.2675230161370713	0.0003543602152255329	0.17601765957506396	0.1128223617382459	73.15314052066088
4.249877107794024	0.007	0.005	0.26850139345095714	0.0003531323254021248	0.17783966561190656	0.11371963441322883	72.89965835023621
4.296726513514725	0.007	0.005	0.2694562392367035	0.00035190399712699727	0.17964478421265664	0.11461407713411018	72.64608566660148
4.343751207002554	0.007	0.005	0.27038755763731176	0.00035067536962196417	0.1814324340291757	0.11550558554717326	72.39245121048316
4.3909472855043585	0.007	0.005	0.27129536694502726	0.00034944657735581046	0.18320205518595611	0.11639406016457259	72.13878273893188
4.43831100708178	0.007	0.005	0.27217969966150735	0.00034821774904901195	0.18495311062355513	0.11727940697424949	71.88510683293144
4.4858387786162615	0.007	0.005	0.27304060154941584	0.0003469890082047584	0.18668508547625495	0.11816153709379702	71.63144897616506
4.533527190946219	0.007	0.005	0.2738781315535126	0.0003457604720584996	0.18839748813406007	0.1190403672997245	71.37783338230257
4.581373003525723	0.007	0.005	0.27469236077649706	0.0003445322522792186	0.19008984938772722	0.11991581960923473	71.12428309337002
4.629373163722196	0.007	0.005	0.27548337208373436	0.0003433044543492565	0.19176172278923576	0.12078782150185031	70.8708198938665
4.677524823040381	0.007	0.005	0.27625125961533786	0.0003420771774133139	0.19341268481574625	0.12165630607153609	70.61746424326239
4.725825311703191	0.007	0.005	0.27699612763484976	0.0003408505148705475	0.19504233355879333	0.12252121142425419	70.36423542830764
4.774272173825284	0.007	0.005	0.27771809036459677	0.00033962455367691146	0.19665028946551416	0.1233824811697037	70.11115139653421
4.822863148087038	0.007	0.005	0.2784172709612813	0.00033839937485007673	0.19823619417606583	0.12424006392872113	69.85822887691657
4.871596183581222	0.007	0.005	0.2790938010510515	0.00033717505321935226	0.19979971052154993	0.12509391347097926	69.60548331627177
4.920469423293148	0.007	0.005	0.27974781981195257	0.00033595165794110716	0.20134052143761394	0.1259439882810576	69.35292898439756
4.969481223028648	0.007	0.005	0.2803794735744817	0.00033472925201504834	0.2028583300029177	0.1267902517484533	69.10057889515849
5.018630121534537	0.007	0.005	0.2809889147932596	0.0003335078932702824	0.20435285792738705	0.12763267151125166	68.84844497961159
5.067914872292884	0.007	0.005	0.28157630184613314	0.0003322876335271446	0.20582384595004838	0.1284712198694637	68.59653794109184
5.11733440018037	0.007	0.005	0.2821417979194096	0.00033106851985506693	0.20727105193804615	0.1293058729117175	68.3448674957666
5.1668878430191025	0.007	0.005	0.2826855709473197	0.00032985059362568617	0.20869425153546223	0.13013661109395505	68.09344217835523
5.21657449463725	0.007	0.005	0.28320779244107575	0.0003286338918952032	0.2100932359171457	0.13096341815586926	67.84226964943419
5.266393866205881	0.007	0.005	0.283708637655924	0.00032741844617763873	0.2114678129578454	0.13178628202751766	67.59135640172558
5.316345599081461	0.007	0.005	0.2841882842156406	0.000326204284421761	0.21281780421606633	0.13260519326682219	67.34070821694276
5.366429552714931	0.007	0.005	0.2846469125532344	0.00032499142916644295	0.2141430467917493	0.13342014640072072	67.09032973927859
5.4166457036281495	0.007	0.005	0.28508470452780643	0.0003237798999084377	0.2154433900432322	0.13423113816359394	66.84022499790608
5.466994223565283	0.007	0.005	0.28550184376822674	0.0003225697113744489	0.21671869713251768	0.13503816867200039	66.59039703075392
5.517475417872452	0.007	0.005	0.28589851475976336	0.00032136087502387115	0.21796884288233428	0.13584124032890213	66.34084820660277
5.568089753793568	0.007	0.005	0.28627490275273143	0.00032015339849158727	0.21919371399248852	0.13664035818809558	66.09158009827559
5.618837828476625	0.007	0.005	0.2866311932018687	0.00031894728638169725	0.2203932077530012	0.13743552935849734	65.84259365417259
5.66972038723273	0.007	0.005	0.28696757161980235	0.00031774253984027994	0.22156723201225922	0.13822676321105073	65.59388912104224
5.720738297997342	0.007	0.005	0.2872842231343702	0.0003165391573886306	0.2227157041120034	0.13901407090052345	65.34546618159634
5.771892573009039	0.007	0.005	0.28758133238377415	0.00031533713425238466	0.2238385509344102	0.13979746562690515	65.09732386063934
5.823184326071317	0.007	0.005	0.28785908303451074	0.00031413646362614444	0.22493570751972866	0.14057696190744506	64.84946074425257
5.874614804380765	0.007	0.005	0.2881176577700183	0.00031293713581717457	0.22600711736377466	0.14135257599990947	64.60187483593464
5.92618536257939	0.007	0.005	0.288357237957079	0.00031173913900980167	0.22705273145769306	0.14212432544332365	64.35456369276064
5.9778974605018735	0.007	0.005	0.2885780034772774	0.0003105424592677681	0.2280725078797991	0.14289222896823664	64.10752444566134
6.029752678122538	0.007	0.005	0.28878013263512664	0.000309347080367041	0.2290664117246759	0.1436563066618568	63.86075373772848
6.081752682377839	0.007	0.005	0.2889638018797593	0.00030815298446763335	0.23003441410543582	0.14441657942295147	63.61424789182593
6.133899242021357	0.007	0.005	0.2891291857501101	0.00030696015192773797	0.2309764921257413	0.14517306913435862	63.36800284814173
6.18619423228489	0.007	0.005	0.2892764567673808	0.00030576856114620165	0.23189262863261334	0.14592579867996705	63.122014151203636
6.2386396013074625	0.007	0.005	0.28940578523678157	0.0003045781894247538	0.23278281132147538	0.1466747914154791	62.8762771161686
6.291237409455512	0.007	0.005	0.2895173392673084	0.0003033890121532989	0.23364703313470456	0.14742007169125013	62.630786651864604
6.343989781639742	0.007	0.005	0.2896112845757044	0.00030220100374468256	0.23448529117933345	0.148161664131176	62.385537491809316
6.396898943285844	0.007	0.005	0.2896877844996783	0.0003010141371134136	0.23529758706728898	0.1488995941061718	62.140524033361444
6.449967189883911	0.007	0.005	0.28974699988041	0.0002998283841813899	0.236083926179364	0.14963388726894344	61.89574048655931
6.50319690913051	0.007	0.005	0.28978908904301015	0.0002986437155594016	0.236844317770609	0.1503645698285559	61.65118077845834
6.556590553769339	0.007	0.005	0.2898142077228346	0.0002974601010734737	0.23757877434628996	0.1510916681423119	61.40683868503642
6.610150660280054	0.007	0.005	0.28982250904778173	0.00029627750945909184	0.23828731172491455	0.15181520894282635	61.16270775155811
6.663879839319751	0.007	0.005	0.28981414349767365	0.000295095908588179	0.2389699486970512	0.15253521917640617	60.91878134294687
6.717780841230908	0.007	0.005	0.2897892588392452	0.0002939152640354242	0.2396267076159411	0.15325172684198748	60.675052354347514
6.771856453769769	0.007	0.005	0.2897480000999565	0.0002927355413919573	0.24025761287743425	0.1539647595851666	60.43151368290248
6.826109495504877	0.007	0.005	0.2896905096149177	0.00029155670643109824	0.24086269076671807	0.1546743446047089	60.18815826012751
6.880542892297536	0.007	0.005	0.28961692696167907	0.0002903787234188775	0.24144197019307975	0.15538050963686484	59.94497871315322
6.9351596026527185	0.007	0.005	0.28952738903346226	0.00028920155681770197	0.24199548170345395	0.15608328195476243	59.701967705330006
6.989962691123801	0.007	0.005	0.2894220299382042	0.0002880251697275287	0.2425232581180446	0.15678268929722783	59.45911761398987
7.044955253160596	0.007	0.005	0.28930098112346125	0.0002868495254646207	0.24302533363137616	0.1574787588791422	59.21642087043912
7.10014048535459	0.007	0.005	0.2891643712494599	0.00028567458614162344	0.24350174436432004	0.15817151826701367	58.973869654061716
7.155521631796524	0.007	0.005	0.28901232630591156	0.000284500313846408	0.24395252773525977	0.15886099467511203	58.73145613518626
7.2111020255301135	0.007	0.005	0.28884496951938454	0.00028332666973437725	0.24437772270080874	0.15954721546458236	58.4891722984603
7.26688504920047	0.007	0.005	0.28866242147204146	0.0002821536149430692	0.24477736932195032	0.16023020763207876	58.24701012076447
7.32287417686319	0.007	0.005	0.28846479998744756	0.00028098110974175065	0.2451515089740181	0.1609099983042898	58.00496139473102
7.379072938135192	0.007	0.005	0.2882522202579161	0.0002798091142261885	0.2455001839791353	0.16158661427619167	57.763017890408484
7.435484941679138	0.007	0.005	0.28802479478207477	0.00027863758796915517	0.24582343767397635	0.16226008227692787	57.52117125921391
7.4921138652653125	0.007	0.005	0.2877826334165091	0.00027746649020569177	0.24612131424915373	0.16293042882783207	57.279413082805505
7.5489634569892745	0.007	0.005	0.2875258433926416	0.0002762957798112743	0.2463938586741736	0.16359768023724175	57.037734873556865
7.606037551701294	0.007	0.005	0.28725452925986744	0.00027512541501898926	0.24664111668782138	0.164261862771215	56.79612801090452
7.663340049674387	0.007	0.005	0.28696879300064043	0.00027395535391462405	0.24686313461232748	0.16492300238102647	56.554583838302065
7.7208749254556714	0.007	0.005	0.2866687340167749	0.00027278555421335473	0.24705995932923172	0.16558112478756035	56.313093631458415
7.778646236906679	0.007	0.005	0.28635444910453695	0.00027161597319364124	0.24723163823810243	0.16623625556294283	56.07164856674414
7.836658122867783	0.007	0.005	0.2860260324856423	0.00027044656768225887	0.24737821917162303	0.16688842007992483	55.83023973781127
7.894914789160003	0.007	0.005	0.28568357591369037	0.00026927729448918754	0.2474997503022269	0.16753764333367116	55.588858220182836
7.953420533205899	0.007	0.005	0.2853271685614762	0.00026810810981040044	0.24759628014757243	0.1681839501968841	55.34749497536263
8.012179734017323	0.007	0.005	0.2849568971010017	0.0002669389695460522	0.24766785748384082	0.1688273652834178	55.106140899546766
8.071196845898367	0.007	0.005	0.2845728457741093	0.000265769829437556	0.24771453129440013	0.16946791285831111	54.86478685610122
8.130476427504231	0.007	0.005	0.284175096232243	0.0002646006445085086	0.24773635074694414	0.17010561713051628	54.62342356372797
8.19002310422153	0.007	0.005	0.2837637278109511	0.00026343136992551	0.24773336512178434	0.1707405018216281	54.38204175746142
8.24984162122822	0.007	0.005	0.28333881719860604	0.0002622619598272394	0.24770562378084768	0.17137259071050842	54.14063198047616
8.309936953769014	0.007	0.005	0.28290043762334427	0.0002610923654248062	0.247653175951552	0.17200190874458146	53.89918415225389
8.370313909856623	0.007	0.005	0.28244866176583444	0.0002599225426130376	0.24757607100399373	0.17262847784592705	53.65768917428113
8.43097759138752	0.007	0.005	0.2819835584579826	0.00025875244314428066	0.2474743580834463	0.17325232172965463	53.41613708258292
8.49193301859109	0.007	0.005	0.2815051955153131	0.000257582021865362	0.24734808654268867	0.1738734619761706	53.174518558887094
8.55318544237512	0.007	0.005	0.28101363739774926	0.00025641123077463953	0.24719730544378948	0.17449192122831925	52.9328236931241
8.614740107237818	0.007	0.005	0.28050894709284835	0.00025524002362016404	0.24702206400616172	0.17510772074325945	52.69104293281147
8.67660242411327	0.007	0.005	0.2799911847833947	0.00025406835255969913	0.24682241120968754	0.17572088212106154	52.44916640774831
8.73877784962171	0.007	0.005	0.2794604088711412	0.00025289617059595166	0.24659839612336218	0.17633142606842425	52.20718441338728
8.801271978543626	0.007	0.005	0.27891667525173797	0.00025172342981696276	0.24635006762713554	0.1769393732940666	51.96508705708636
8.864090475603835	0.007	0.005	0.2783600379379731	0.0002505500827134982	0.24607747466234722	0.17754474381257024	51.722864532523666
8.927239127379462	0.007	0.005	0.27779054865857156	0.0002493760812590914	0.2457806660534165	0.17814755742733426	51.480506926812346
8.990723815280223	0.007	0.005	0.2772082571404923	0.0002482013774718978	0.24545969063790224	0.17874783344301787	51.23800433402419
9.054550513297597	0.007	0.005	0.2766132111861758	0.00024702592348418214	0.24511459732411878	0.17934559062406724	50.995346871861564
9.118725307051738	0.007	0.005	0.27600545655168074	0.00024584967123261324	0.24474543503444668	0.17994084735154492	50.752524617705575
9.183254366091063	0.007	0.005	0.27538503726328056	0.0002446725730102127	0.244352252909672	0.18053362134290446	50.509527722357205
9.248143988871966	0.007	0.005	0.27475199524604593	0.00024349458066556166	0.24393510009774094	0.18112393004508326	50.266346249068334
9.313400531659493	0.007	0.005	0.27410637107340313	0.0002423156469897331	0.24349402626368985	0.18171178996359508	50.022970449339475
9.379030479628858	0.007	0.005	0.2734482033416734	0.00024113572442074663	0.24302908121654954	0.18229721729210893	49.7793905045298
9.445040392504968	0.007	0.005	0.27277752927207904	0.00023995476607347634	0.24254031535350967	0.18288022740229107	49.53559673743876
9.511436932628174	0.007	0.005	0.27209438450440837	0.00023877272528810802	0.24202777956623472	0.18346083508004746	49.29157951580683
9.578226835990886	0.007	0.005	0.27139880346811907	0.00023758955620645125	0.2414915255670759	0.18403905425628028	49.04732936692014
9.64541693162339	0.007	0.005	0.27069081926427185	0.00023640521336044286	0.24093160586467013	0.184614898165568	48.80283691357314
9.713014102994247	0.007	0.005	0.2699704641558422	0.00023521965252874536	0.24034807421885127	0.18518837900578364	48.55809302156942
9.78102532976797	0.007	0.005	0.269237769216031	0.00023403282992693922	0.23974098544017788	0.18575950828953564	48.313088654261975
9.849457616827959	0.007	0.005	0.2684927651819237	0.00023284470351205719	0.23911039617557034	0.18632829624228178	48.067815134694925
9.918318049527503	0.007	0.005	0.2677354819613436	0.00023165523210616807	0.2384563646029649	0.1868947522703584	47.82226395100535
9.987613721346195	0.007	0.005	0.2669659495266602	0.0002304643764780376	0.23777895129973772	0.18745888436771105	47.57642701936635
10.057351784685771	0.007	0.005	0.266184197467729	0.0002292720987342517	0.23707821897885825	0.18802069954670184	47.330296505504535
10.12753937227701	0.007	0.005	0.26539025598200805	0.0002280783634681826	0.23635423349455018	0.18858020321737692	47.08386510488203
10.198183624282334	0.007	0.005	0.26458415569947535	0.0002268831373842983	0.23560706384085653	0.18913739943599223	46.83712594601599
10.269291649882911	0.007	0.005	0.2637659282456355	0.00022568638995402944	0.23483678282264084	0.18969229063144538	46.590072723764884
10.34087050185829	0.007	0.005	0.2629356066721099	0.00022448809377940138	0.23404346763577105	0.19024487745085492	46.34269978355468
10.412927174287246	0.007	0.005	0.26209322562557114	0.00022328822463428774	0.23322720021378385	0.1907951587934035	46.095002123473314
10.485468542089361	0.007	0.005	0.2612388222003694	0.00022208676242237992	0.23238806824924965	0.19134313140826142	45.84697559436018
10.55850136664186	0.007	0.005	0.2603724360297959	0.00022088369101391228	0.23152616550295718	0.1918887900132062	45.598616869033556
10.632032223108807	0.007	0.005	0.25949411030532715	0.00021967899943341887	0.23064159304201445	0.1924321268347598	45.34992367610154
10.706067494355603	0.007	0.005	0.25860389201934414	0.00021847268176725205	0.22973445973681395	0.19297313166738297	45.10089480224274
10.780613295049148	0.007	0.005	0.2577018330477426	0.00021726473843250278	0.22880488362340656	0.19351179143321964	44.85153032657007
10.85567546820728	0.007	0.005	0.2567879903704583	0.00021605517596697872	0.2278529924133225	0.19404809029261008	44.601831606065915
10.93125948589109	0.007	0.005	0.25586242745708515	0.00021484400861294828	0.22687892522438619	0.19458200908177614	44.35180157666955
11.007370427691342	0.007	0.005	0.25492521471838264	0.00021363125842151448	0.22588283337445167	0.19511352533723827	44.1014447879311
11.084012917677128	0.007	0.005	0.25397643046418633	0.00021241695604186457	0.22486488171765692	0.19564261304363684	43.850767570528184
11.161191023249765	0.007	0.005	0.2530161623416127	0.0002112011421497717	0.22382525052750335	0.1961692421512465	43.599778320045225
11.238908249138602	0.007	0.005	0.2520445075962506	0.00020998386723963857	0.22276413613568402	0.19669337877707543	43.34848746244282
11.317167395783253	0.007	0.005	0.25106157501809195	0.00020876519359458058	0.2216817534093229	0.19721498450724195	43.09690785329689
11.39597052875371	0.007	0.005	0.2500674855050228	0.0002075451953966555	0.22057833675121893	0.1977340164898775	42.845054807051646
11.47531887352339	0.007	0.005	0.24906237355344568	0.00020632395999591833	0.21945414212470687	0.1982504270553723	42.59294635904951
11.555212749830375	0.007	0.005	0.24804638824455721	0.00020510158858330852	0.2183094485354588	0.1987641636342914	42.34060339080908
11.635651461635156	0.007	0.005	0.2470196947821664	0.00020387819729954376	0.21714456013788047	0.1992751684201442	42.0880498866773
11.716633243655355	0.007	0.005	0.24598247529687894	0.00020265391770497404	0.21595980751847857	0.1997833784299614	41.83531300183632
11.798155131123542	0.007	0.005	0.24493493061141355	0.00020142889815358785	0.21475555006662775	0.20028872510961096	41.58242336156994
11.880212935952546	0.007	0.005	0.2438772806207803	0.00020020330360627226	0.21353217675500313	0.2007911346385537	41.32941501864577
11.96280111356368	0.007	0.005	0.24280976604712617	0.00019897731699277535	0.21229010847724653	0.20129052757974242	41.07632574201744
12.045912732467494	0.007	0.005	0.24173264884202678	0.00019775113910732096	0.21102979880497255	0.20178681919006908	40.82319697858156
12.129539394769813	0.007	0.005	0.2406462131830859	0.0001965249890629557	0.20975173539441974	0.2022799194463059	40.570073959773914
12.213671201352826	0.007	0.005	0.23955076585210472	0.00019529910409066628	0.20845644062978155	0.2027697333535533	40.31700566556248
12.298296701613234	0.007	0.005	0.23844663676922076	0.00019407373966000662	0.2071444723978011	0.20325616116842452	40.06404483102642
12.38340289549751	0.007	0.005	0.23733417879904953	0.00019284916868510517	0.20581642394198	0.20373909892584216	39.811247793093656
12.468975221415695	0.007	0.005	0.2362137676907505	0.0001916256809675326	0.20447292380497634	0.2042184388720256	39.55867437993771
12.554997586984019	0.007	0.005	0.23508580140857052	0.00019040358208701028	0.2031146349697079	0.20469407012302246	39.30638767489391
12.641452426737583	0.007	0.005	0.23395069905792243	0.00018918319191243592	0.2017422534296275	0.20516587944056977	39.054453706799734
12.7283207528581	0.007	0.005	0.23280889985471465	0.00018796484315408956	0.20035650672496225	0.20563375192994432	38.80294116849084
12.815582274066198	0.007	0.005	0.231660861154543	0.00018674887923268688	0.19895815125327668	0.20609757206017354	38.55192094724442
12.903215502608319	0.007	0.005	0.23050705659687304	0.00018553565211378543	0.19754796962603915	0.20655722455623088	38.301465704331314
12.991197895432267	0.007	0.005	0.22934797376547597	0.0001843255199269811	0.19612676734975448	0.2070125954070514	38.051649371774104
13.079506018117488	0.007	0.005	0.22818411152211052	0.0001831188443212579	0.19469536902279028	0.207463572916053	37.80254660296896
13.168115725531107	0.007	0.005	0.22701597710133498	0.00018191598760187457	0.19325461416049186	0.20791004875487432	37.55423219695303
13.257002341094987	0.007	0.005	0.2258440832147508	0.00018071731015400046	0.1918053529636014	0.20835191892519808	37.30678054866002
13.346140869394102	0.007	0.005	0.2246689447166721	0.00017952316739772855	0.1903484414875876	0.20878908480108674	37.060265029102254
13.435506182492942	0.007	0.005	0.22349107562731163	0.0001783339072645657	0.18888473720761279	0.20922145395267086	36.81475746281463
13.525073250090923	0.007	0.005	0.22231098559878754	0.000177149867173315	0.18741509385956504	0.20964894109902799	36.57032750813985
13.614817282204337	0.007	0.005	0.22112917756350747	0.0001759713723355261	0.1859403577326799	0.21007146855966655	36.32704230035462
13.704714003355425	0.007	0.005	0.2199461436879503	0.00017479873237780309	0.1844613618459297	0.21048896725756266	36.08496575842693
13.794739700473441	0.007	0.005	0.21876236435053423	0.00017363224106199267	0.1829789239064753	0.2109013765907846	35.844158525388146
13.884871526296271	0.007	0.005	0.21757830380652737	0.00017247217275339624	0.18149384014965192	0.21130864543793954	35.60467723760198
13.975087485201314	0.007	0.005	0.21639441008343813	0.0001713187830262579	0.18000688450475613	0.2117107316525054	35.36657466178018
14.065366691890338	0.007	0.005	0.21521111134573281	0.00017017230598440834	0.1785188033789305	0.21210760276364846	35.129899117132474
14.155689335056353	0.007	0.005	0.21402881618933223	0.00016903295513431412	0.17703031542196546	0.21249923532434603	34.89469468974216
14.246036871896443	0.007	0.005	0.2128479109636153	0.00016790092171836362	0.17554210761175276	0.21288561526659677	34.66100084686795
14.336391956929951	0.007	0.005	0.21166876062629356	0.00016677637601468585	0.17405483584432174	0.2132667370894423	34.42885275047757
14.426738607731451	0.007	0.005	0.21049170655025498	0.0001656594660800001	0.17256912174593633	0.21364260406654725	34.198280959098604
14.517062081112524	0.007	0.005	0.20931706815762358	0.00016455031981018006	0.17108555437256528	0.2140132272330924	33.96931187638
14.607348986474575	0.007	0.005	0.20814514150156738	0.00016344904417781633	0.16960468812023904	0.2143786253849193	33.7419675897003
14.69758718787167	0.007	0.005	0.20697620063726	0.00016235572711803648	0.16812704421493088	0.21473882421873045	33.51626624482345
14.787765835923263	0.007	0.005	0.20581049733608509	0.00016127043760878683	0.16665311016624296	0.2150938560292098	33.29222208686928
14.877875260909608	0.007	0.005	0.2046482626257582	0.00016019322762394122	0.16518334158100328	0.2154437588766086	33.06984584362702
14.967906978170959	0.007	0.005	0.20348970689756596	0.00015912413255412272	0.16371816221345167	0.21578857623155204	32.84914482158899
15.057853603075964	0.007	0.005	0.2023350211999127	0.00015806317274590214	0.16225796555857727	0.21612835629366112	32.63012321976502
15.147708813013262	0.007	0.005	0.20118437793765434	0.0001570103544010764	0.1608031157327323	0.21646315152488818	32.412782319640655
15.23746725535419	0.007	0.005	0.20003793227335992	0.00015596567111887116	0.15935394927566576	0.21679301801049425	32.19712079875493
15.327124514605703	0.007	0.005	0.19889582277455717	0.0001549291046595091	0.15791077602834058	0.21711801507320924	31.98313489265072
15.416677002241448	0.007	0.005	0.1977581730498967	0.00015390062660671275	0.15647388128541606	0.2174382046337837	31.770818734559132
15.506121953305396	0.007	0.005	0.19662509202378609	0.00015288019872563454	0.1550435262478906	0.2177536509881257	31.560164432305392
15.595457298654745	0.007	0.005	0.19549667578908556	0.00015186777476305683	0.15361995048599147	0.21806442016492114	31.3511624333025
15.684681655823525	0.007	0.005	0.19437300794825335	0.00015086330073051945	0.15220337250642896	0.2183705797323722	31.143801601404068
15.773794225497635	0.007	0.005	0.19325416114221142	0.0001498667164792572	0.15079399182876718	0.21867219829744214	30.93806950881147
15.86279477097264	0.007	0.005	0.19214019752335065	0.00014887795595304706	0.14939198973729392	0.21896934531555037	30.733952527601723
15.951683538905609	0.007	0.005	0.1910311699586324	0.00014789694842568923	0.1479975309581329	0.21926209071945185	30.531436051653312
16.0	0.007	0.005	0.19042985149652525	0.0001473664262310044	0.14724204995380466	0.21941954563542232	30.421916521813795
