0.0	0.007	0.005	0.0	0.0	0.0	0.0	100.0
0.00016498026351820211	0.007	0.005	2.2658080451664796e-5	0.00017933842921441626	9.186096855306977e-10	1.9305728102370443e-6	99.99878170595598
0.00023996026774841464	0.007	0.005	3.2955250262170544e-5	0.00023086308290472143	1.9432891561151936e-9	3.762430899244917e-6	99.9982280222529
0.00037280340501088497	0.007	0.005	5.1198211510910254e-5	0.0002933170763374892	4.690334513619003e-9	7.92540646057613e-6	99.99724706050817
0.00048444213583040895	0.007	0.005	6.652856053637679e-5	0.00032652825570472327	7.919824630774963e-9	1.203699204322209e-5	99.99642268720702
0.0006254299986658886	0.007	0.005	8.588828554426635e-5	0.0003528581760366877	1.3199989536957709e-8	1.772596807867788e-5	99.9953816009734
0.0007680508340714583	0.007	0.005	0.00010547124487613073	0.00036857903998041244	1.9905832529578626e-8	2.382781038228555e-5	99.99432846752941
0.0009320653835220517	0.007	0.005	0.0001279904893143736	0.0003788374160698151	2.9313998101882655e-8	3.1093490282043597e-5	99.99311737343335
0.00110888443081302	0.007	0.005	0.00015226630957720515	0.0003847173919992616	4.148922640745269e-8	3.909088764153e-5	99.99181174652352
0.001308511045797461	0.007	0.005	0.00017967157169681183	0.00038802714084972846	5.776908648123878e-8	4.822544266087335e-5	99.9903377296585
0.0015306807285740292	0.007	0.005	0.00021016929550099082	0.0003897140145425129	7.904700155779975e-8	5.845469404482913e-5	99.988697283272
0.0017837698418325955	0.007	0.005	0.0002449084338312126	0.0003905104745210251	1.0734105233565048e-7	7.014291840671364e-5	99.98682856819485
0.0020734533327810183	0.007	0.005	0.00028466666042691914	0.00039084122727425357	1.4502562481415603e-7	8.353908417174766e-5	99.98468969682428
0.002411723249135895	0.007	0.005	0.00033108800059421706	0.00039095680105214706	1.9618860917372248e-7	9.918996596831051e-5	99.98219214661101
0.002813218954871337	0.007	0.005	0.0003861786031929871	0.0003909838263258013	2.6692027744202796e-7	0.00011776862843660594	99.97922786203229
0.0033022477711772786	0.007	0.005	0.00045326919656270184	0.00039097911692994274	3.6773908366946635e-7	0.00014039747113745972	99.9756174301035
0.003915519045577876	0.007	0.005	0.0005373881485809586	0.00039096308534218165	5.16929617933856e-7	0.00016877339657868297	99.97108991761003
0.00471251436447827	0.007	0.005	0.0006466798111090105	0.00039094027362422164	7.486349031162203e-7	0.00020564640923456998	99.96520635754977
0.005759405338111426	0.007	0.005	0.0007901920464995243	0.0003909099411615385	1.117903576667517e-6	0.00025407425868274495	99.95747854981167
0.006988675699236353	0.007	0.005	0.0009586367563747131	0.00039087341773151737	1.645519554410722e-6	0.0003109292038484543	99.948405239485
0.008193997384441608	0.007	0.005	0.0011237276271327456	0.00039083367176608453	2.2613707749275914e-6	0.00036666658708663406	99.93950949530553
0.009269908838065123	0.007	0.005	0.001271033034396509	0.00039079428913822717	2.893424917263654e-6	0.0004164114160710487	99.93156951791863
0.010230629489710878	0.007	0.005	0.0014025193097390995	0.00039076473017345733	3.5233832551422286e-6	0.0004608235228509873	99.92448015510163
0.011130542385501964	0.007	0.005	0.001525642151459993	0.00039074290541381176	4.169542719885373e-6	0.0005024187032733326	99.91783996189233
0.012018025540097588	0.007	0.005	0.0016470254228529205	0.0003907211411895861	4.859862597956983e-6	0.0005434339494272888	99.9112919162513
0.0129208047012284	0.007	0.005	0.0017704610644045135	0.00039069709348886765	5.616130027212497e-6	0.0005851506406074095	99.90463145359364
0.013847400528972391	0.007	0.005	0.001897111494135116	0.0003906710264906674	6.4489972662767465e-6	0.0006279621315415924	99.89779573969012
0.014793276868630467	0.007	0.005	0.0020263537689572506	0.0003906436241616844	7.358342211258956e-6	0.0006716584127417501	99.89081827136089
0.016703101316710413	0.007	0.005	0.0022871737543702928	0.00039059558257795526	9.376356313314235e-6	0.0007598669652728668	99.87673150962564
0.01923629527883118	0.007	0.005	0.0026328496950481354	0.00039052107963880413	1.2428031737799558e-5	0.000876828819815888	99.85804987301573
0.02430625290852884	0.007	0.005	0.0033237441095867095	0.0003903751840516446	1.981674998081971e-5	0.0011107856467021838	99.8206707686889
0.03508968601541526	0.007	0.005	0.004789045466067296	0.00039006440667950276	4.118608453609139e-5	0.0016078118081169722	99.74121463783396
0.04543729437656885	0.007	0.005	0.006189790470268878	0.0003897664678446734	6.88767545658802e-5	0.0020840052397323294	99.66502928149785
0.06014991158228518	0.007	0.005	0.008172460287662203	0.0003893432327066488	0.00012025072650779335	0.0027598211326863515	99.5568062665224
0.0742725003804182	0.007	0.005	0.010065757212020627	0.000388937403532096	0.0001826902015022515	0.0034071522907258445	99.45303392345582
0.09177288613604698	0.007	0.005	0.012398549790880493	0.00038843509616619433	0.00027768642970204833	0.004207436124832799	99.32459168453502
0.10869493034717558	0.007	0.005	0.014640278370542686	0.0003879500056766919	0.0003878625772561075	0.00497930493234534	99.20055187435584
0.12800161744648897	0.007	0.005	0.017181224459946357	0.00038739729636661044	0.0005352539342518676	0.005857588337989033	99.05922163194579
0.14683201959188982	0.007	0.005	0.01964244901678604	0.00038685898063109105	0.0007009613600929286	0.006711791976088215	98.92157189128184
0.1672711287883769	0.007	0.005	0.02229500930165662	0.0003862755224241313	0.0009049832684860184	0.007636282224385781	98.77237901724007
0.18736001366814248	0.007	0.005	0.024883029058572564	0.00038570291926690975	0.0011296342127597365	0.008542211476881648	98.62596182815328
0.20851612769407035	0.007	0.005	0.02758820656133553	0.0003851008139801048	0.0013916539029881743	0.009493362359840767	98.4720008127641
0.2294398002032221	0.007	0.005	0.030243273985091874	0.00038450624849623727	0.00167603677494387	0.010431139508412948	98.3199677594727
0.25107404001514816	0.007	0.005	0.03296732352282299	0.0003838924568188202	0.0019960237344346723	0.011397716010257117	98.16301848226709
0.272570070528364	0.007	0.005	0.03565277526292523	0.00038328355675569775	0.0023396460122056977	0.012355058453881877	98.00732001318231
0.29454915549628147	0.007	0.005	0.038376871725670295	0.0003826619721954248	0.002716991286429487	0.013330771302449466	97.84837805916314
0.31646148456774426	0.007	0.005	0.04107099368300455	0.0003820432789996355	0.0031188971803055086	0.014300367571918602	97.6901754402188
0.3387137608146495	0.007	0.005	0.04378488468703449	0.00038141601110584176	0.003552831539360094	0.015281794648094031	97.5297802354802
0.3609515546184109	0.007	0.005	0.04647498136523018	0.0003807901803535714	0.0040119766603042735	0.016259360486845984	97.36975251290964
0.383440127340329	0.007	0.005	0.0491731703330828	0.00038015833632039895	0.004501737022044638	0.017244685114306525	97.20818716502934
0.4059516691636461	0.007	0.005	0.051851862659706593	0.00037952689695091516	0.00501713766568423	0.018227738272881662	97.04672529510839
0.4286588775834282	0.007	0.005	0.05453143597680372	0.00037889103174223207	0.005562016307191465	0.019216024612987707	96.88413171701072
0.45141563469867013	0.007	0.005	0.05719443770465834	0.00037825484785611476	0.0061327896624610734	0.020203142025871205	96.72145665215872
0.47433434050820317	0.007	0.005	0.059853863183987305	0.0003776152161839007	0.006732136526099758	0.02119393088862336	96.55789997235826
0.49732146254624504	0.007	0.005	0.06249867516004479	0.00037697476157671583	0.007357495954769374	0.022184308468876826	96.3941328627083
0.5204502360631109	0.007	0.005	0.0651371478495086	0.00037633145664606817	0.008010705938751137	0.023177395282201713	96.22963691450451
0.5436609560028688	0.007	0.005	0.06776230009479596	0.000375686976089464	0.00868994191384548	0.02417059008610661	96.06484035293641
0.567001461847739	0.007	0.005	0.07037939189626005	0.0003750400047943783	0.009396440653442042	0.02516590495678137	95.89940689909163
0.5904338044459787	0.007	0.005	0.07298400476593359	0.00037439160862306234	0.010128899943571568	0.026161684510712158	95.73360909839691
0.6139893849198472	0.007	0.005	0.07557947729933982	0.0003737409321936368	0.010888131790733788	0.027159227572930645	95.56722822359382
0.6376442508535894	0.007	0.005	0.07816300952682145	0.000373088651198712	0.011673200078974093	0.02815748262070999	95.40043705533124
0.6614191737763246	0.007	0.005	0.0807367159546493	0.00037243420672736043	0.012484619393542028	0.02915728982962298	95.2330926770317
0.6852992173239293	0.007	0.005	0.08329881903925188	0.00037177802423895857	0.01332170782678508	0.030157983457581184	95.065303878826
0.7092982881693686	0.007	0.005	0.08585065374458858	0.00037111973584944984	0.014184773227089328	0.031160108941624614	94.89697659259531
0.7334072603308703	0.007	0.005	0.08839108771758164	0.0003704596065009731	0.015073308544259948	0.032163246897999515	94.72817856657771
0.7576356139200293	0.007	0.005	0.09092095950824113	0.00036979739131061406	0.01598747871651764	0.03316775346370499	94.55884717841685
0.7819779748242524	0.007	0.005	0.093439543743702	0.00036913325214014834	0.01692689603876261	0.03417336667269996	94.38902382297213
0.8064409770382975	0.007	0.005	0.09594736292758389	0.00036846702312265525	0.017891627111341544	0.035180321223266954	94.21866608392534
0.8310216749235293	0.007	0.005	0.09844394807478488	0.0003677987999000548	0.018881365010926267	0.0361884557593684	94.0477984157922
0.8557248759947679	0.007	0.005	0.10092961999703956	0.0003671284673493763	0.019896108684761143	0.03719792700822619	93.87639138345337
0.8805492130364468	0.007	0.005	0.10340407096510792	0.0003664560784293209	0.020935605398607903	0.03820863796451497	93.7044585289117
0.9054983285831855	0.007	0.005	0.10586749292963248	0.00036578155053397754	0.021999807557629484	0.039220695367206466	93.5319787297367
0.9305718868720327	0.007	0.005	0.10831967920174693	0.00036510490908497385	0.023088498327747613	0.040234043370345675	93.3589584830888
0.9557727931089045	0.007	0.005	0.11076073906386284	0.0003644260922172021	0.024201597922218404	0.041248756667182494	93.18538197409264
0.981101392302692	0.007	0.005	0.11319052885613776	0.00036374510747603475	0.025338912918597127	0.04226480578110017	93.01125112888771
1.0065601243692146	0.007	0.005	0.11560910403532124	0.00036306190632307055	0.02650034080665642	0.04328224467748299	92.83655353723618
1.032149787364783	0.007	0.005	0.11801635968865444	0.00036237648467456413	0.027685702908796274	0.0443010606943309	92.66128815725352
1.0578725426490867	0.007	0.005	0.12041231672894194	0.0003616888022517428	0.0288948807950546	0.04532129474590647	92.48544468553737
1.0837294921174634	0.007	0.005	0.1227968933222898	0.00036099884746962574	0.030127704453988696	0.046342944749247064	92.30902016112918
1.1097226336823796	0.007	0.005	0.12517008746712502	0.00036030658516046117	0.03138404376128262	0.04736604324534345	92.13200559284827
1.1358532813963538	0.007	0.005	0.12753183085491843	0.00035961199877895274	0.032663733363850034	0.04839059489547367	91.95439674632324
1.1621233432555411	0.007	0.005	0.1298821057986463	0.00035891505631251516	0.033966634122137934	0.049416626809845286	91.77618543967772
1.1885342910749523	0.007	0.005	0.13222085181855006	0.0003582157377255907	0.03529258276143707	0.05044414809781985	91.597366550913
1.2150879854320316	0.007	0.005	0.13454803961300743	0.0003575140130900357	0.03664143254246709	0.05147318210567289	91.41793242062641
1.2417860173652076	0.007	0.005	0.13686361254789856	0.0003568098599522378	0.038013020234654575	0.052503740759949735	91.23787731359435
1.2686302332149888	0.007	0.005	0.13916753274585605	0.00035610324953752555	0.03940719258607176	0.053535844911926436	91.05719387229934
1.2956223177274142	0.007	0.005	0.14145974477339257	0.00035539415776509985	0.04082378487843065	0.05456950820942028	90.87587593220864
1.3227641283107512	0.007	0.005	0.1437402043646192	0.0003546825563755744	0.04226263813245983	0.055604749943966275	90.69391627290928
1.3500574242895274	0.007	0.005	0.14600885532129126	0.0003539684201281251	0.04372358483466405	0.056641584654042315	90.51130843991263
1.377504083886593	0.007	0.005	0.14826564775968787	0.000353251721093915	0.04520646029697461	0.05768003039317545	90.32804529130694
1.4051059357967444	0.007	0.005	0.15051052401811785	0.00035253243307246945	0.04671109356212789	0.05872010230504252	90.14412012757907
1.432864887307927	0.007	0.005	0.15274342919148726	0.00035181052826280224	0.048237314190386	0.05976181745976541	89.95952583775761
1.460782825522557	0.007	0.005	0.15496430303264985	0.0003510859798193256	0.04978494677520909	0.06080519110935945	89.7742555602501
1.4888616971349722	0.007	0.005	0.15717308634901336	0.00035035875983161077	0.05135381520308544	0.061850239666398237	89.5883021543327
1.5171034400304344	0.007	0.005	0.15936971551640736	0.0003496288410496999	0.052943738747524734	0.06289697812813505	89.4016586564817
1.545510045333379	0.007	0.005	0.16155412733111038	0.0003488961953405735	0.054554535411126294	0.06394542236873427	89.21431787166712
1.5740834975566051	0.007	0.005	0.16372625432210725	0.0003481607952221505	0.056186018432885745	0.06499558690305032	89.026272771196
1.6028258297701832	0.007	0.005	0.16588602897299085	0.0003474226124363388	0.05783799928558321	0.06604748690669991	88.83751613103689
1.6317390783228283	0.007	0.005	0.16803338023901815	0.0003466816191377671	0.05951028496822705	0.06710113653197185	88.64804083232563
1.660825309834708	0.007	0.005	0.17016823557626404	0.0003459377872343483	0.0612026794158587	0.06815654988286142	88.45783968600404
1.6900866139090107	0.007	0.005	0.17229052035955927	0.0003451910885102739	0.0629149829531928	0.06921374072897492	88.26690548319411
1.7195250975777667	0.007	0.005	0.17440015746366744	0.0003444414948705547	0.06464699183379483	0.0702727222885197	88.07523103369934
1.7491428874659665	0.007	0.005	0.17649706741795007	0.0003436889781864166	0.06639849822553752	0.07133350729238146	87.88280915396233
1.778942135987927	0.007	0.005	0.1785811688315774	0.00034293351028438356	0.06816929043975417	0.07239610818966352	87.689632629112
1.8089250057525976	0.007	0.005	0.18065237729239544	0.000342175063194196	0.06995915186607626	0.07346053657552107	87.49569431635537
1.8390936856434645	0.007	0.005	0.18271060649501072	0.0003414136088774496	0.07176786178504109	0.07452680375076663	87.30098704284713
1.8694503750286908	0.007	0.005	0.18475576715433156	0.000340649119584477	0.07359519428312158	0.07559492014747415	87.10550370995763
1.8999972980039173	0.007	0.005	0.1867877679864836	0.000339881567480415	0.07544091896320537	0.07666489581919654	86.90923720344553
1.930736687350999	0.007	0.005	0.18880651464257367	0.00033911092510022125	0.07730479983530587	0.07773673986414811	86.71218049880012
1.9616707906584563	0.007	0.005	0.19081191015286406	0.0003383371651631802	0.0791865955381761	0.07881046063119763	86.51432662361455
1.9928018704077606	0.007	0.005	0.19280385495769573	0.000337560260634704	0.08108605920134943	0.07988606571211568	86.31566865896625
2.024132195703902	0.007	0.005	0.19478224641529854	0.00033678018486440353	0.08300293779683249	0.08096356164713234	86.11619979395337
2.0556640505469113	0.007	0.005	0.19674697937630248	0.00033599691143105587	0.0849369725008592	0.08204295420342006	85.91591327456538
2.087399723328793	0.007	0.005	0.19869794557169224	0.000335210414427853	0.08688789791032207	0.08312424800758256	85.71480247213114
2.1193415108866516	0.007	0.005	0.2006350339312877	0.00033442066830991954	0.08885544215115618	0.08420744668081362	85.51286085892026
2.151491711968767	0.007	0.005	0.20255813025427558	0.000333627648138665	0.09083932633966299	0.0852925526138239	85.31008205080597
2.183852622638468	0.007	0.005	0.2044671170268112	0.000332831329588201	0.09283926416378646	0.08637956681315918	85.10645983716475
2.2164265423802436	0.007	0.005	0.2063618738813842	0.00033203168892886946	0.09485496213011141	0.08746848910903926	84.90198814325898
2.249215767290589	0.007	0.005	0.20824227729157493	0.0003312287030983602	0.0968861190188101	0.08855931792886412	84.69666107394677
2.282222585239558	0.007	0.005	0.21010820041175685	0.00033042234986363776	0.09893242546405533	0.08965205014258881	84.49047294447278
2.3154492686539583	0.007	0.005	0.21195951280955264	0.00032961260798933137	0.10099356339266202	0.09074668083485711	84.28341832560987
2.3488980893588196	0.007	0.005	0.2137960814360826	0.0003287994568892758	0.10306920683884256	0.09184320380573142	84.07549195117204
2.382571284528943	0.007	0.005	0.21561776889930723	0.00032798287742135513	0.10515901973435082	0.09294161046641695	83.86668892966279
2.416471087036743	0.007	0.005	0.21742443530844027	0.00032716285119987934	0.10726265770344094	0.09404189085334073	83.65700455493354
2.450599695396193	0.007	0.005	0.2192159368251961	0.0003263393612476525	0.1093797661203763	0.0951440326671351	83.44643449184912
2.4849592816343025	0.007	0.005	0.220992126304899	0.0003255123918810762	0.11150998053259212	0.09624802155686699	83.23497472600329
2.5195519856009434	0.007	0.005	0.22275285321431185	0.0003246819287921049	0.11365292625538138	0.09735384096449003	83.02262159727692
2.5543799067711714	0.007	0.005	0.22449796345123046	0.0003238479592176717	0.11580821782623067	0.09846147189569002	82.8093718481571
2.589445100455317	0.007	0.005	0.22622729941754938	0.00032301047210317436	0.11797545874913724	0.09957089283826312	82.59522264435276
2.6247495786028825	0.007	0.005	0.22794070032992383	0.00032216945795880556	0.12015424153978395	0.10068207982884213	82.38017156705301
2.6602952916901548	0.007	0.005	0.22963800162911985	0.0003213249093860924	0.12234414662201616	0.10179500592852164	82.16421671998106
2.696084133870536	0.007	0.005	0.23131903555577957	0.00032047682087926467	0.12454474268294087	0.10290964143941875	81.94735669388054
2.732117931509303	0.007	0.005	0.23298363093837346	0.0003196251890749655	0.12675558602514586	0.10402595360321576	81.72959063170612
2.7683984410292775	0.007	0.005	0.23463161345089625	0.0003187700128113565	0.12897622051726154	0.10514390659766566	81.51091823659034
2.8049273394088736	0.007	0.005	0.2362628055518304	0.0003179112933300039	0.13120617711961602	0.10626346131112663	81.29133982362785
2.8417062168437246	0.007	0.005	0.23787702655714238	0.0003170490344018512	0.1334449735728756	0.10738457519280017	81.07085635769546
2.8787365741387387	0.007	0.005	0.23947409294465558	0.00031618324236891703	0.13569211440475934	0.10850720225379032	80.84946946221724
2.9160198126017796	0.007	0.005	0.24105381835047607	0.00031531392635871495	0.137947090511442	0.10963129284580612	80.62718147221737
2.953557228651331	0.007	0.005	0.2426160138002031	0.0003144410984073715	0.1402093790603686	0.11075679359139902	80.40399545828191
2.9913500007414173	0.007	0.005	0.24416048764721612	0.0003135647736382886	0.1424784429664	0.11188364709165499	80.17991529536171
3.029399196205581	0.007	0.005	0.2456870463545625	0.0003126849701723367	0.1447537316028012	0.11301179223639332	79.95494561254709
3.0677057477592222	0.007	0.005	0.2471954940552277	0.00031180170955438433	0.14703467972772963	0.11414116361596648	79.72909192203866
3.106270462712918	0.007	0.005	0.24868563346070463	0.0003109150165513537	0.14932070841081585	0.11527169191327336	79.50236055359461
3.1450940067029807	0.007	0.005	0.25015726576325675	0.000310024919435433	0.1516112244751533	0.1164033035463203	79.27475873894313
3.184176897392198	0.007	0.005	0.2516101909673539	0.000309131450110953	0.15390562058078208	0.11753592061562156	79.04629463621906
3.223519500688961	0.007	0.005	0.2530442083290862	0.00030823464414868914	0.15620327549748916	0.11866946093064604	78.81697733895894
3.263122026953668	0.007	0.005	0.2544591168004332	0.00030733454077993584	0.15850355441541605	0.11980383804001601	78.58681688463747
3.3029845192265137	0.007	0.005	0.2558547152016923	0.0003064311832040503	0.16080580883482914	0.12093896103924599	78.35582430883504
3.3431068518946483	0.007	0.005	0.25723080278621446	0.0003055246184138763	0.16310937710862805	0.12207473468518926	78.12401163782413
3.383488740219058	0.007	0.005	0.2585871801583152	0.0003046148970685366	0.16541358563711114	0.12321105981661784	77.89139181840198
3.4241297069634267	0.007	0.005	0.2599236487414602	0.00030370207406064145	0.167717747648135	0.12434783256892472	77.657978894567
3.465029113522734	0.007	0.005	0.2612400124259461	0.00030278620786606126	0.1700211657017685	0.1254849454103313	77.42378781182819
3.506186129105395	0.007	0.005	0.26253607714151184	0.0003018673610809135	0.1723231307011368	0.12662228643988	77.188834577696
3.5475997487763773	0.007	0.005	0.2638116520307392	0.0003009455999838297	0.17462292370692686	0.12775974005423188	76.95313614117245
3.5892687844562516	0.007	0.005	0.2650665497261132	0.0003000209946706361	0.17691981625088968	0.12889718685994334	76.71671042719944
3.6311918697683025	0.007	0.005	0.26630058705038456	0.0002990936188871912	0.17921307145137302	0.13003450396891966	76.47957629183344
3.6733674539540546	0.007	0.005	0.26751358536934916	0.00029816355008827506	0.1815019445495629	0.13117156499462818	76.24175353935922
3.7157938268605415	0.007	0.005	0.26870537181422494	0.00029723086881971344	0.18378568514939084	0.1323082408836603	76.00326276426586
3.75846909364817	0.007	0.005	0.26987577902429033	0.00029629565916901394	0.18606353673766302	0.1334443993869111	75.76412547707444
3.8013912089539694	0.007	0.005	0.2710246465447609	0.0002953580080778933	0.18833473942254897	0.13457990612334036	75.52436389581548
3.8445579489323114	0.007	0.005	0.272151820470416	0.00029441800570153404	0.1905985293487141	0.13571462398049988	75.28400108642523
3.8879669635961136	0.007	0.005	0.27325715520033	0.0002934757444070857	0.19285414235753318	0.13684841463281344	75.04306065511605
3.9316157377306853	0.007	0.005	0.27434051273269067	0.0002925313193742961	0.19510081282139477	0.13798113764100778	74.80156695131089
3.975501644368524	0.007	0.005	0.27540176430311736	0.00029158482754810535	0.19733777729461563	0.13911265196844724	74.55954475674032
4.0196219175637316	0.007	0.005	0.2764407899279658	0.0002906363680619621	0.1995642739555507	0.1402428153819536	74.31701942313549
4.063973698358015	0.007	0.005	0.27745747969117696	0.0002896860412624615	0.20177954576918394	0.14137148573513764	74.07401660663693
4.108554007832462	0.007	0.005	0.27845173324120054	0.0002887339491831812	0.20398283992023397	0.142498520366967	73.83056240469344
4.153359803048284	0.007	0.005	0.27942346114753386	0.0002877801943967954	0.2061734113568529	0.1436237776007319	73.58668303965729
4.198387950526679	0.007	0.005	0.2803725843264799	0.00028682488046824245	0.2083505221826743	0.14474711613530158	73.34240499506579
4.243635280413516	0.007	0.005	0.281299035181358	0.00028586811081003877	0.2105134449591792	0.14586839645427788	73.09775471357078
4.289098551206514	0.007	0.005	0.2822027567869894	0.0002849099893985465	0.21266146161576313	0.14698747998568287	72.85275878195455
4.33477452002641	0.007	0.005	0.28308370419723794	0.00028395061925908866	0.21479386736019387	0.14810423086722369	72.60744354648561
4.380659901545582	0.007	0.005	0.2839418434479462	0.00028299010334980506	0.21690996923126665	0.14921851494584615	72.36183533095176
4.426751433274684	0.007	0.005	0.2847771525963553	0.00028202854314269833	0.21900908958565315	0.15033020137337552	72.11596008390276
4.4730458437141465	0.007	0.005	0.2855896208541839	0.00028106603930144394	0.2210905649993923	0.15143916181766634	71.8698435486076
4.519539903251123	0.007	0.005	0.2863792492108397	0.00028010269066602346	0.22315374890570372	0.15254527166601417	71.62351099198115
4.566230417074704	0.007	0.005	0.28714604994796966	0.00027913859432748	0.22519801150882904	0.15364840981245248	71.37698724476598
4.6131142396820275	0.007	0.005	0.2878900465168773	0.0002781738453869308	0.2272227406243476	0.15474845895618036	71.13029662762159
4.660188295855269	0.007	0.005	0.2886112734682979	0.0002772085365874716	0.2292273427164611	0.15584530603545624	70.88346284501492
4.707449576819737	0.007	0.005	0.28930977595827706	0.00027624275827293614	0.23121124279975844	0.15693884206836112	70.6365090109507
4.7548951677675175	0.007	0.005	0.2899856097111007	0.0002752765980040868	0.2331738856175997	0.15802896271514594	70.38945751132823
4.802522250471906	0.007	0.005	0.2906388405664823	0.0002743101404875604	0.2351147356868482	0.15911556824745235	70.14232999841113
4.850328105834097	0.007	0.005	0.29126954402679145	0.00027334346747201916	0.2370332773050656	0.16019856351353234	69.8951473860075
4.898310132310909	0.007	0.005	0.29187780500325083	0.0002723766575474493	0.23892901514648293	0.16127785825711163	69.64792976331822
4.946465848558742	0.007	0.005	0.29246371732802884	0.0002714097860439186	0.24080147415659436	0.1623533670675959	69.40069639175681
4.994792902431349	0.007	0.005	0.2930273833428226	0.0002704429248858018	0.2426501996548991	0.16342500946859465	69.1534656696682
5.043289070352182	0.007	0.005	0.2935689133679495	0.0002694761427275265	0.2444747570226307	0.16449270978728414	68.90625514706082
5.091952275968608	0.007	0.005	0.2940884253877028	0.0002685095045490259	0.2462747320791844	0.16555639744500295	68.65908144255084
5.140780566833183	0.007	0.005	0.29458604427740254	0.0002675430722345603	0.24804972985535542	0.1666160063234549	68.41196037442856
5.1897721557001555	0.007	0.005	0.29506190172433927	0.0002665769037121902	0.24979937572442573	0.16767147554080464	68.16490676395006
5.238925387289141	0.007	0.005	0.2955161353740838	0.0002656110537863171	0.2515233137676248	0.16872274860168088	67.91793461698629
5.288238756834419	0.007	0.005	0.29594888852834145	0.0002646455737186892	0.2532212070179558	0.1697697736749113	67.67105704326875
5.3377109157028855	0.007	0.005	0.2963603097010381	0.00026368051120007036	0.2548927371855787	0.1708125035834868	67.42428624206092
5.387340657235191	0.007	0.005	0.2967505520234509	0.00026271591073460867	0.25653760369932066	0.17185089537829207	67.17763358655718
5.437126932056809	0.007	0.005	0.297119772914816	0.0002617518132973659	0.25815552373950634	0.17288491053599506	66.93110956107809
5.48706883038294	0.007	0.005	0.2974681335039798	0.00026078825683378804	0.25974623116054063	0.1739145144661854	66.68472386246849
5.5371656039231425	0.007	0.005	0.29779579836296627	0.0002598252758052441	0.2613094766959739	0.17493967684341546	66.43848530527235
5.5874166413331	0.007	0.005	0.2981029349243328	0.00025886290175344617	0.2628450266663187	0.17596037098056794	66.19240195634735
5.637821476723075	0.007	0.005	0.29838971315714624	0.00025790116319984805	0.264352662753632	0.17697657388989502	65.94648110580594
5.688379788178261	0.007	0.005	0.29865630518447717	0.0002569400856845063	0.2658321814485935	0.17798826613856436	65.70072928732574
5.739091389480774	0.007	0.005	0.29890288488666394	0.00025597969203003694	0.26728339330663914	0.17899543157240572	65.45515233113834
5.789956241946396	0.007	0.005	0.2991296276236808	0.00025502000208288975	0.26870612278902506	0.17999805744343694	65.2097553192337
5.840974432521934	0.007	0.005	0.2993367098116585	0.00025406103327050634	0.2701002071446304	0.18099613387063568	64.9645427036862
5.892146185520102	0.007	0.005	0.2995243086808581	0.0002531028003559857	0.27146549626178035	0.18198965397214475	64.71951826181345
5.943471847237325	0.007	0.005	0.2996926019341404	0.0002521453158261092	0.27280185177674354	0.18297861346786465	64.47468518169183
5.994951904520675	0.007	0.005	0.2998417675444465	0.0002511885895045061	0.27410914709301215	0.18396301094358405	64.2300459849526
6.046586948723811	0.007	0.005	0.2999719833937119	0.0002502326294093571	0.2753872659956926	0.18494284706777228	63.985602709601714
6.098377711356105	0.007	0.005	0.3000834271443122	0.00024927744096714014	0.2766361031118895	0.18591812518595185	63.74135675144776
6.150325020899339	0.007	0.005	0.30017627591511464	0.0002483230279676296	0.2778555624110132	0.18688885041783407	63.49730907900471
6.202429831650974	0.007	0.005	0.300250706151409	0.0002473693920500073	0.27904555749516646	0.18785503012342814	63.25346010726239
6.254693207873084	0.007	0.005	0.30030689340157934	0.00024641653297325343	0.28020601080432045	0.18881667352621304	63.00980978250986
6.307116318147397	0.007	0.005	0.3003450121421544	0.0002454644488724327	0.2813368531025408	0.18977379153666613	62.76635761811411
6.359700443619335	0.007	0.005	0.3003652356257422	0.00024451313601577896	0.2824380232760976	0.19072639683228568	62.523102665538254
6.4124469618460544	0.007	0.005	0.30036773572306713	0.00024356258922656626	0.28350946761697765	0.19167450349485815	62.280043598422445
6.46535735500428	0.007	0.005	0.30035268279422367	0.00024261280171789142	0.28455113964396	0.19261812709512435	62.03717868330423
6.51843333459439	0.007	0.005	0.3003202454607895	0.00024166376293062903	0.2855630020827254	0.19355728682474171	61.794505219598506
6.571676511821839	0.007	0.005	0.30027059064228084	0.00024071546444999326	0.2865450201490547	0.1944919995810137	61.552021058000186
6.625088722779682	0.007	0.005	0.3002038833099291	0.00023976789425505417	0.28749716753334686	0.1954222856865397	61.30972311887704
6.678671782123168	0.007	0.005	0.30012028660864576	0.00023882104106852026	0.28841942152424105	0.19634816450359924	61.067608522816805
6.732427686370225	0.007	0.005	0.3000199615367175	0.00023787489082530033	0.2893117663728409	0.19726965792972462	60.82567367513929
6.7863584371083805	0.007	0.005	0.2999030671385289	0.0002369294298418178	0.29017418995424216	0.19818678728899844	60.583915072668304
6.840466188469406	0.007	0.005	0.29976976017489987	0.00023598464221022525	0.29100668597170265	0.1990995758172075	60.34232864660488
6.894753122913116	0.007	0.005	0.29962019532428663	0.00023504051198609737	0.29180925169653854	0.20000804649927498	60.100910326985854
6.949221552964291	0.007	0.005	0.29945452488625907	0.00023409702152529717	0.2925818893006769	0.200912223743824	59.85965559504147
7.003873832200006	0.007	0.005	0.2992728989753927	0.0002331541529587601	0.2933246042947584	0.2018121318481978	59.61855988620159
7.058712436007395	0.007	0.005	0.299075465235185	0.00023221188691162085	0.29403740644716025	0.20270779629720692	59.37761823917325
7.113739882843272	0.007	0.005	0.2988623690615099	0.00023127020377403394	0.2947203084906719	0.20359924242470417	59.13682565015329
7.168958800923477	0.007	0.005	0.29863375333702075	0.00023032908271716538	0.2953733267909628	0.20448649646565242	58.89617678612089
7.224371874566022	0.007	0.005	0.2983897586079849	0.00022938850253296554	0.29599648046963084	0.20536958464601598	58.65566622650465
7.279981874600077	0.007	0.005	0.29813052294679737	0.00022844844119406036	0.29658979159368637	0.2062485336388338	58.41528833648406
7.335791659656456	0.007	0.005	0.2978561819173503	0.00022750887583232327	0.29715328498081106	0.2071233705424542	58.17503726861289
7.391804147711273	0.007	0.005	0.2975668686997714	0.0002265697832381882	0.2976869877326584	0.20799412239794826	57.93490709183269
7.448022354380109	0.007	0.005	0.29726271389140585	0.00022563113927369128	0.29819092945142545	0.20886081675398008	57.694891633059136
7.504449360668962	0.007	0.005	0.2969438456619813	0.00022469291943500523	0.2986651417609176	0.20972348112870545	57.45498462213282
7.561088332842925	0.007	0.005	0.29661038964561426	0.0002237550984975693	0.2991096583377791	0.2105821432839271	57.215179613132136
7.6179425086668	0.007	0.005	0.296262469017263	0.0002228176508230264	0.29952451464745156	0.21143683098119048	56.97547004927684
7.675015217540717	0.007	0.005	0.2959002043723084	0.00022188055002728057	0.2999097479523994	0.2122875722520745	56.73584918435443
7.732309847710445	0.007	0.005	0.2955237139354378	0.00022094376955802107	0.3002653969476181	0.21313439487488273	56.4963102270828
7.789829885504705	0.007	0.005	0.2951331133190877	0.0002200072820503893	0.3005915018988806	0.21397732692769164	56.256846182765145
7.847578882408965	0.007	0.005	0.2947285157464255	0.00021907105992269006	0.3008881043104241	0.21481639626843047	56.01744999761806
7.905560483172948	0.007	0.005	0.29431003187272475	0.00021813507493019044	0.30115524697055923	0.2156516309156382	55.778114448207575
7.963778408045664	0.007	0.005	0.293877769919181	0.00021719929847583458	0.3013929737403702	0.2164830587565396	55.53883222199932
8.0222364618669	0.007	0.005	0.29343183562406966	0.00021626370148211733	0.30160132949476254	0.21731070764749957	55.29959588635075
8.080938531646218	0.007	0.005	0.29297233227666325	0.00021532825449264024	0.3017803600106081	0.21813460534744677	55.06039790527457
8.139888588021094	0.007	0.005	0.29249936072521915	0.00021439292762699357	0.30193011187898816	0.2189547795074022	54.821230640240486
8.199090698568027	0.007	0.005	0.29201301928735895	0.0002134576904101937	0.3020506324418948	0.21977125782226886	54.58208630335569
8.258548997910276	0.007	0.005	0.29151340401516806	0.00021252251233347817	0.3021419696413538	0.220584067585557	54.34295708532991
8.318267728679366	0.007	0.005	0.291000608381395	0.00021158736214273735	0.3022041720220297	0.22139323622216348	54.10383499719028
8.378251207582101	0.007	0.005	0.29047472358651144	0.0002106522084470079	0.3022372885974906	0.22219879079082552	53.86471201424251
8.438503850838222	0.007	0.005	0.2899358383689217	0.00020971701936367226	0.30224136881398683	0.22300075829831342	53.62557998133045
8.499030163963727	0.007	0.005	0.28938403911887806	0.00020878176266644753	0.3022164624716405	0.22379916552778714	53.38643066135527
8.559834945736918	0.007	0.005	0.2888194079990746	0.0002078464027326492	0.3021626194435857	0.22459404166236857	53.14725494211558
8.620922810060858	0.007	0.005	0.2882420273695301	0.00020691090790761875	0.3020798899148732	0.22538541196895545	52.90804472976111
8.68229863991033	0.007	0.005	0.2876519756508199	0.00020597524354271348	0.3019683240596587	0.2261733037312138	52.668791166370355
8.743967288843958	0.007	0.005	0.28704933015940043	0.00020503937662085802	0.30182797234718245	0.22695774233593347	52.42948580883855
8.805933790768163	0.007	0.005	0.286434165145024	0.0002041032725744554	0.3016588851756573	0.22773875394584506	52.190119817320884
8.868203214301719	0.007	0.005	0.2858065532439569	0.00020316689753455263	0.3014611131524167	0.22851636360888747	51.95068452935373
8.93078078425172	0.007	0.005	0.2851665643158251	0.0002022302164941986	0.30123470674851505	0.22929059675885446	51.711170998533284
8.993671775913906	0.007	0.005	0.2845142665477855	0.00020129319499486207	0.3009797166108538	0.23006147786104333	51.4715704095739
9.056881612855749	0.007	0.005	0.28384972549933046	0.00020035579764464927	0.3006961932032935	0.23082903159070786	51.23187371233022
9.120415785357082	0.007	0.005	0.2831730049893976	0.00019941798936751033	0.3003841871229465	0.23159328179796668	50.99207194153228
9.184279924036659	0.007	0.005	0.2824841663693472	0.00019847973439273542	0.3000437487739047	0.23235425236949317	50.75215594625745
9.248479730099188	0.007	0.005	0.2817832693138287	0.00019754099725072304	0.29967492871820534	0.2331119663566586	50.512116662057096
9.313021041230213	0.007	0.005	0.2810703711620542	0.00019660174192106736	0.2992777773466009	0.23386644672973844	50.27194487210305
9.377909786933577	0.007	0.005	0.2803455274528086	0.00019566193244683786	0.29885234514414294	0.23461771581452512	50.03163138382284
9.443152007814259	0.007	0.005	0.27960879176966896	0.00019472153271222274	0.29839868261591607	0.23536579548936926	49.791166965674954
9.508753853545645	0.007	0.005	0.27886021581882964	0.00019378050652852396	0.2979168403362992	0.2361107071291473	49.550542363984675
9.574721576382412	0.007	0.005	0.27809984956245454	0.0001928388177758287	0.2974068690475584	0.23685247150149008	49.309748335795476
9.641061546574061	0.007	0.005	0.2773277411026188	0.00019189643014433532	0.29686881960052075	0.23759110891067825	49.068775601683036
9.707780214886569	0.007	0.005	0.27654393718149356	0.0001909533077639018	0.29630274332794726	0.23832663875190027	48.82761499093953
9.77488415895138	0.007	0.005	0.27574848270969105	0.00019000941457730382	0.29570869175247755	0.23905908000126752	48.58625728200202
9.842380027547737	0.007	0.005	0.2749414214927949	0.00018906471515629466	0.29508671715979146	0.23978845057876416	48.344693412229205
9.910274587247466	0.007	0.005	0.2741227957545901	0.00018811917403272328	0.2944368723025537	0.24051476783776657	48.102914318114735
9.97857469763351	0.007	0.005	0.27329264650542423	0.00018717275615886037	0.2937592107334319	0.24123804827237152	47.86091103294681
10.047287272015826	0.007	0.005	0.2724510141050489	0.00018622542739288198	0.29305378734959425	0.24195830709027208	47.61867483281805
10.116419347468733	0.007	0.005	0.27159793749402306	0.0001852771536686137	0.2923206578457275	0.24267555893988527	47.376196995957166
10.185977999419157	0.007	0.005	0.2707334553266998	0.00018432790204007347	0.29155987975756426	0.24338981700521722	47.13346911064202
10.255970379469343	0.007	0.005	0.269857605602545	0.00018337764036211455	0.29077151227276726	0.24410109340175692	46.89048294721066
10.326403683970701	0.007	0.005	0.26897042615283095	0.0001824263375963889	0.2899556167844815	0.24480939885601458	46.64723057267557
10.397285159351789	0.007	0.005	0.26807195467514017	0.00018147396380359968	0.289112257065412	0.2455147427692983	46.40370433599609
10.468622074296164	0.007	0.005	0.2671622291884234	0.00018052049058007305	0.28824149984357716	0.24621713295388714	46.15989696690852
10.540421705330967	0.007	0.005	0.2662412883268803	0.00017956589115864993	0.287343415260257	0.24691657551701543	45.91580162625803
10.612691317080088	0.007	0.005	0.26530917170687884	0.00017861014075748675	0.2864180774215712	0.24761307470298052	45.67141197273533
10.685438151516225	0.007	0.005	0.26436592018224503	0.00017765321665384813	0.28546556486252933	0.2483066328330465	45.42672219724797
10.758669387514944	0.007	0.005	0.2634115764882504	0.0001766950987160558	0.2844859614260597	0.24899724997353764	45.181727155164616
10.832392138321607	0.007	0.005	0.2624461853990971	0.000175735769446394	0.28347935667991253	0.2496849239805654	44.93642236830086
10.906613394454329	0.007	0.005	0.26146979460020714	0.00017477521463146026	0.28244584709473997	0.2503696500454963	44.69080420663063
10.981340014441528	0.007	0.005	0.26048245494088657	0.00017381342348004772	0.2813855366162516	0.2510514207090335	44.444869906703865
11.05657867005741	0.007	0.005	0.2594842212870918	0.00017285038922529143	0.2802985378983714	0.25173022547212015	44.19861773746632
11.132335809847564	0.007	0.005	0.258475153138751	0.0001718861095072786	0.2791849733293806	0.25240605060157645	43.95204710062608
11.208617621381	0.007	0.005	0.2574553152645359	0.00017092058681007386	0.2780449761069868	0.2530788789455334	43.70515863101105
11.285429961463779	0.007	0.005	0.2564247787660276	0.00016995382924587648	0.2768786918297694	0.25374868949246954	43.45795439546404
11.362778320056272	0.007	0.005	0.2553836216926685	0.00016898585079263716	0.2756862796298831	0.2544154572592558	43.21043797638037
11.440667757029427	0.007	0.005	0.25433193001735865	0.00016801667204297392	0.27446791374326074	0.25507915296852324	42.96261463727059
11.519102821122136	0.007	0.005	0.25326979885117934	0.00016704632101638092	0.2732237854035023	0.25573974261211285	42.71449153731935
11.598087503096682	0.007	0.005	0.2521973331915725	0.0001660748334842543	0.2719541042351719	0.2563971873424295	42.46607782957085
11.677625139754795	0.007	0.005	0.2511146493278168	0.0001651022540191072	0.270659100451443	0.25705144298598603	42.21738490691966
11.757718341619182	0.007	0.005	0.25002187591765335	0.00016412863654167648	0.269339026709758	0.25770245980026435	41.96842656393968
11.838368918521311	0.007	0.005	0.24891915507836032	0.00016315404504304153	0.26799416001221715	0.25835018225112555	41.71921915693728
11.919577770656344	0.007	0.005	0.2478066439341	0.00016217855449738525	0.2666248041928536	0.25899454855543513	41.46978186129669
12.001344809279193	0.007	0.005	0.24668451574035913	0.00016120225153029748	0.26523129192456785	0.2596354905110381	41.22013682632668
12.083668870057906	0.007	0.005	0.24555296108496052	0.00016022523506486634	0.26381398683475793	0.2602729333082898	40.970309343339174
12.166547613478617	0.007	0.005	0.24441218924047134	0.00015924761703994068	0.26237328582474256	0.2609067952842292	40.720328042899965
12.249977439852474	0.007	0.005	0.24326242928599887	0.0001582695230742919	0.2609096211096689	0.26153698783340995	40.47022503728956
12.333953403002658	0.007	0.005	0.242103931212736	0.00015729109285406067	0.2594234622328039	0.2621634153462276	40.22003605741591
12.418469111615298	0.007	0.005	0.2409369671624349	0.00015631248095215706	0.25791531824153363	0.26278597509347157	39.96980061661244
12.503516680473778	0.007	0.005	0.2397618319366052	0.00015533385670405138	0.25638573890245586	0.26340455751317315	39.71956201734012
12.589086648242974	0.007	0.005	0.23857884392320713	0.00015435540465695392	0.25483531641275264	0.26401904627118356	39.46936745026936
12.675167952661278	0.007	0.005	0.2373883451843474	0.0001533773242531158	0.253264685968404	0.26462931875554646	39.219267918437765
12.761747861668594	0.007	0.005	0.23619070210589208	0.0001523998300841331	0.2516745270024801	0.2652352462608349	38.96931828609656
12.848812015805228	0.007	0.005	0.2349863044609576	0.00015142315071275432	0.2500655622479179	0.2658366949551836	38.71957700261276
12.936344370096116	0.007	0.005	0.23377556581740153	0.00015044752880890043	0.24843855848512988	0.2664335261240175	38.47010611766269
13.0243273076721	0.007	0.005	0.23255892152626145	0.0001494732192566379	0.24679432395203796	0.26702559757267036	38.22097080656052
13.112741606707916	0.007	0.005	0.23133682869943814	0.0001485004889790731	0.24513370829898706	0.26761276397977957	37.97223932094767
13.201566634660699	0.007	0.005	0.2301097630105201	0.00014752961423520087	0.24345759812361148	0.2681948787265547	37.72398230435825
13.290780354399894	0.007	0.005	0.22887821806959488	0.0001465608800823702	0.24176691585148102	0.2687717943947087	37.4762726516576
13.380359548130208	0.007	0.005	0.22764270177032436	0.000145594577553074	0.24006261435258738	0.269343364620879	37.22918477247648
13.470279893207698	0.007	0.005	0.22640373467366132	0.00014463100236372097	0.23834567420004735	0.26990944488975316	36.98279428586597
13.560516251813512	0.007	0.005	0.22516184544403844	0.00014367045155436268	0.23661709672448458	0.27046989458936965	36.7371771453458
13.65104275698399	0.007	0.005	0.22391756910583838	0.00014271322231426472	0.23487790083370133	0.2710245776643112	36.49240934655777
13.741833100511851	0.007	0.005	0.22267144254270801	0.00014175960879468023	0.23312911588812554	0.2715733644237295	36.24856610610911
13.83286071092954	0.007	0.005	0.22142400154531383	0.0001408099001852015	0.2313717766169946	0.27211613254436257	36.0057213659093
13.924099000633557	0.007	0.005	0.22017577695352397	0.00013986437809656883	0.22960691667703156	0.2726527683820879	35.7639471359592
14.015521542595948	0.007	0.005	0.21892729181653642	0.00013892331482581865	0.22783556357183868	0.27318316775316	35.52331304997387
14.107102332971875	0.007	0.005	0.21767905743817711	0.00013798697089571128	0.22605873194242684	0.2737072371175433	35.2838857173671
14.19881592664866	0.007	0.005	0.2164315712238343	0.0001370555938176381	0.22427741937913503	0.2742248939279544	35.04572843287914
14.290637669284374	0.007	0.005	0.21518531327935736	0.00013612941611643414	0.22249260045077918	0.2747360674547149	34.80890065302979
14.382543800398965	0.007	0.005	0.21394074483548756	0.0001352086546655558	0.22070522334588843	0.27524069880933527	34.57345782628126
14.474511664116068	0.007	0.005	0.212698305281086	0.00013429350888626972	0.21891620454913002	0.2757387415121995	34.3394509606816
14.56651973487839	0.007	0.005	0.211458411770975	0.0001333841611552151	0.21712642725568998	0.2762301609990051	34.106926678677205
14.658547786757781	0.007	0.005	0.21022145695477362	0.00013248077544673767	0.21533673714199356	0.276714934884366	33.87592691426153
14.750576901578565	0.007	0.005	0.2089878089416702	0.00013158349789335998	0.21354794142450706	0.27719305233880376	33.64648902652988
14.842589565690375	0.007	0.005	0.207757810124968	0.00013069245625844424	0.21176080634771755	0.27766451393428965	33.41864569352785
14.934569648269541	0.007	0.005	0.20653177764458436	0.00012980776079440925	0.2099760571249382	0.2781293308759	33.1924251042629
15.026502407637311	0.007	0.005	0.2053100035097791	0.0001289295046433688	0.20819437747515532	0.2785875244039539	32.96785107811313
15.118374513565245	0.007	0.005	0.2040927545458443	0.0001280577641780488	0.2064164089846476	0.27903912529414315	32.744943143885045
15.210173982403166	0.007	0.005	0.2028802735271617	0.0001271926001363382	0.20464275228133824	0.27948417295150396	32.523716828005604
15.30189015923057	0.007	0.005	0.2016727797042131	0.00012633405823188562	0.20287396740739075	0.2799227147760705	32.30418382167536
15.393513650029192	0.007	0.005	0.2004704700058297	0.00012548217028024797	0.20111057525556184	0.2803548053229096	32.08635226222486
15.485036277091085	0.007	0.005	0.19927351994246045	0.00012463695506339747	0.19935305864056177	0.2807805056165049	31.87022695078244
15.576451003314949	0.007	0.005	0.1980820849215042	0.00012379841942109857	0.19760186404090957	0.28119988235988846	31.655809636021083
15.667751874145258	0.007	0.005	0.19689630132979966	0.00012296655916304932	0.19585740305997984	0.28161300726990324	31.44309924745809
15.758933947060875	0.007	0.005	0.19571628777476632	0.00012214136007349834	0.1941200541741591	0.28201995639574706	31.23209214983117
15.84999320285886	0.007	0.005	0.19454214655161645	0.00012132279903989436	0.1923901648627473	0.2824208093993729	31.022782430541497
15.940926511205424	0.007	0.005	0.19337396439882054	0.00012051084462117442	0.1906680527319501	0.2828156491161083	30.81516205349005
16.0	0.007	0.005	0.19261742138165056	0.00011998628489722925	0.1895523213272539	0.2830692624484773	30.68102978584503
