0.0	0.007	0.005	0.0	0.0	0.0	0.0	100.0
0.006420914156971921	0.007	0.005	0.018277837016185385	8.238201016207513e-5	1.4769457431322648e-5	6.375680613077759e-5	99.92355851922024
0.010982544669663	0.007	0.005	0.030689430151207897	0.00013053223983713186	4.2661906383140434e-5	0.00017716963694875055	99.86928745936115
0.017674149480823884	0.007	0.005	0.04807438565310111	0.00018848720829571045	0.0001084549757473446	0.00042651725693465195	99.78972879855444
0.02421352864487956	0.007	0.005	0.0641635674024898	0.00023328431717625528	0.0001999301845410192	0.0007473987038488189	99.71204123059911
0.0319550459453116	0.007	0.005	0.08212331322241878	0.00027447053393374245	0.00034094280231687125	0.0012040698715134399	99.62015048502087
0.040113322155684396	0.007	0.005	0.09984924408938985	0.0003071548158044553	0.0005255665109205105	0.0017541747696796545	99.52340451090778
0.04915797357552942	0.007	0.005	0.11815449982106652	0.0003337257854597112	0.0007704909464814195	0.002425039817602121	99.41625715896727
0.058846790832712784	0.007	0.005	0.13630250629572696	0.0003538331283698555	0.0010763314791448577	0.0031946055846152977	99.30160667248761
0.06936795887471509	0.007	0.005	0.15442784728149278	0.0003684794052440593	0.001455279236188071	0.004070953109258972	99.17725648642231
0.08067689836987946	0.007	0.005	0.172223435794358	0.00037803877569478025	0.0019122643668183206	0.0050426833365637665	99.04376922928057
0.09287398636887298	0.007	0.005	0.18962924081955532	0.0003828664583977885	0.0024574171222225254	0.0061089148860702614	98.89999991814925
0.10596870246438718	0.007	0.005	0.20644527254127604	0.0003829706915466054	0.0030969926292065543	0.007258766733151061	98.74588238633369
0.119984192258919	0.007	0.005	0.22251326760750426	0.0003782062974045565	0.0038370840621085246	0.008479416618625755	98.5811939389044
0.13486513899938776	0.007	0.005	0.2376225268212785	0.00036853989773354254	0.004678428479149387	0.009747927573916687	98.40663659647493
0.15054130881626157	0.007	0.005	0.2516119763466772	0.000354396821797623	0.0056189455654740575	0.011038246089007692	98.22308537714615
0.1669680074220412	0.007	0.005	0.26440198700735895	0.00033680213829119954	0.006656321029059689	0.012327189484332013	98.03111360090807
0.1842033639859591	0.007	0.005	0.27602132229877147	0.000317163211858721	0.007793838782804031	0.013602587795071844	97.83009473203418
0.20237708450916536	0.007	0.005	0.28653689842033336	0.0002969818747354567	0.009039659743500919	0.01486111153638037	97.61857802499826
0.22142201279015797	0.007	0.005	0.2959051863602073	0.0002778170005455842	0.010388222086135997	0.016090934713881712	97.39741238638892
0.2408722583441852	0.007	0.005	0.30397580335338953	0.0002610646002709467	0.011803319268110806	0.017264130654646544	97.17205704076257
0.26059984702306643	0.007	0.005	0.31084095094035813	0.00024709525998732466	0.01327075734024696	0.018382192959770692	96.94402094962713
0.2806930042149726	0.007	0.005	0.31666842088568825	0.0002357100451146101	0.01479250620216497	0.019460328477679097	96.71230925807842
0.3012571023775763	0.007	0.005	0.32159840588280497	0.00022654953897885408	0.016372681050129918	0.020513054188642275	96.47574017630588
0.32241536749939415	0.007	0.005	0.3257469189266382	0.0002192170440044371	0.01801745038440984	0.021553842720700496	96.23293978805296
0.34428357876195176	0.007	0.005	0.3292053255836753	0.0002133489344860531	0.01973289784085063	0.02259393311947678	95.98263459239139
0.3669756750557133	0.007	0.005	0.3320478394268078	0.00020863302108916555	0.02152525970568827	0.02364291449383939	95.72358743112895
0.390596256150139	0.007	0.005	0.33433530797355465	0.0002048139045979768	0.023400183563801823	0.02470866671817418	95.45468353417422
0.4152431799640426	0.007	0.005	0.3361196138890893	0.00020168742693807136	0.025362813384942777	0.025797748914504814	95.17490075039314
0.4410053449795369	0.007	0.005	0.33744637080452367	0.00019909347551791203	0.027417529256057043	0.02691551373580932	94.88333467893948
0.46796660187211925	0.007	0.005	0.3383571513975365	0.0001969076109424834	0.0295682028441184	0.02806644676477825	94.57915424509929
0.4962086042620679	0.007	0.005	0.3388906179639313	0.00019503379754422082	0.03181839006591009	0.029254409616511993	94.26156995676145
0.5258153578109398	0.007	0.005	0.3390830033206942	0.00019339812448041394	0.03417166930163747	0.03048291706875928	93.92978378585008
0.556877021334365	0.007	0.005	0.3389680863813111	0.00019194373925277182	0.036631919766326716	0.031755349882530294	93.58294851724563
0.5894938906856092	0.007	0.005	0.33857693071695166	0.0001906267889918371	0.039203605829666734	0.033075149314208366	93.22012617422708
0.6237791440485969	0.007	0.005	0.33793755772481326	0.00018941328783486706	0.0418919491023104	0.034445939676375124	92.84026145742327
0.659860909904774	0.007	0.005	0.33707468272903807	0.00018827670877134253	0.04470303105728581	0.03587160726000639	92.44216380382791
0.6978850766811866	0.007	0.005	0.33600952022222447	0.00018719611821258074	0.04764393545223657	0.03735639400248533	92.02448244664636
0.7380166449978119	0.007	0.005	0.33475971422246165	0.0001861548026285254	0.05072275743428913	0.03890491973841615	91.5856988939016
0.7804407790221114	0.007	0.005	0.33333937672823255	0.0001851392316878977	0.05394857146546588	0.04052218176737667	91.12412394092247
0.8253617311307111	0.007	0.005	0.3317592780102344	0.00018413831553646716	0.05733122182252379	0.04221346429165415	90.63791897805507
0.8729984802531335	0.007	0.005	0.33002722328821776	0.0001831428979141152	0.06088086079666026	0.04398412182103471	90.12515330845456
0.9235739551176333	0.007	0.005	0.32814871533947004	0.00018214547825323247	0.0646070263154867	0.045839134099268965	89.58392941774456
0.977294584266905	0.007	0.005	0.3261280062901384	0.00018114015486906716	0.06851706887089169	0.04778233975720192	89.01260745755312
1.0343190592813625	0.007	0.005	0.32396954903641717	0.00018012274643316444	0.072613925126855	0.04981534889258587	88.41013501080631
1.0947243576307442	0.007	0.005	0.3216795004722651	0.00017909091493058122	0.07689390245172953	0.05193646400088395	87.77639062141199
1.1584910431242268	0.007	0.005	0.3192664103785011	0.00017804395187550657	0.0813460510585324	0.054140386690977725	87.11230851406151
1.2255276642869728	0.007	0.005	0.3167403714677376	0.0001769820235438893	0.08595435472986493	0.05641931181748045	86.41958903379023
1.2957228461978592	0.007	0.005	0.31411114956341396	0.00017590517888751815	0.09070166873294298	0.058764872698475114	85.70013394571933
1.3689924022552507	0.007	0.005	0.31138659229179316	0.00017481263297266996	0.0955729987339515	0.06116974906832878	84.95555653874469
1.44530681531821	0.007	0.005	0.30857185338684184	0.00017370245506537934	0.10055717615012769	0.06362847731184255	84.18691380950091
1.5247063145660078	0.007	0.005	0.3056691121999238	0.000172571468612961	0.10564753035740893	0.06613776408191363	83.39457877967442
1.6073154583011178	0.007	0.005	0.30267731662193315	0.00017141515338966158	0.11084239652616316	0.06869671810551455	82.57812882015469
1.6933677813272943	0.007	0.005	0.2995915699418341	0.0001702273938212994	0.11614610322439342	0.07130731587718458	81.73614766413066
1.7832559602095484	0.007	0.005	0.29640165135761115	0.00016899986285539765	0.12157126473233978	0.07397550290468445	80.86580062833461
1.8776478087489379	0.007	0.005	0.29308834977431514	0.00016772049424415656	0.12714447703247583	0.07671395265363937	79.96182060886619
1.97781502396539	0.007	0.005	0.28961276200975117	0.00016636904358905717	0.13292311223004402	0.07955023483299223	79.01357977707893
2.087016682041097	0.007	0.005	0.2858706101035358	0.0001648982520963474	0.13906767437788464	0.082562091180703	77.99262103696105
2.2335435477539685	0.007	0.005	0.280925224655993	0.0001629153335638158	0.1470650554132591	0.08647470443421508	76.64339360503612
2.329214728651064	0.007	0.005	0.2777425083908416	0.00016162304280858682	0.15213797263989698	0.08895130651026202	75.77506864055304
2.416012142645327	0.007	0.005	0.27488620418981313	0.0001604491492212832	0.15664129283286934	0.09114583894355928	74.99579744448197
2.5033413829166076	0.007	0.005	0.27204204234823837	0.00015926164591614992	0.161079099896462	0.09330431207876712	74.2198391521182
2.593063346843252	0.007	0.005	0.26915059857066653	0.0001580356587841063	0.16554324847248858	0.09547094527851195	73.43098125270147
2.6841260666592928	0.007	0.005	0.2662473693066944	0.00015678583319882203	0.16997747226398716	0.09761788768401135	72.63890802150691
2.7754944536138293	0.007	0.005	0.2633658683437165	0.00015552656127390457	0.1743308275662113	0.09972009692707588	71.85276283252601
2.86689236974214	0.007	0.005	0.2605146366259	0.0001542619014908926	0.17859169181325796	0.10177171226725945	71.07487585699366
2.9583388837497946	0.007	0.005	0.25769278119536027	0.00015299193398293282	0.182762855645199	0.1037738713762271	70.30500346849585
3.0498920116099244	0.007	0.005	0.254898255126979	0.00015171628377120956	0.18684871502925648	0.10572848938628235	69.5425872123991
3.141601679145002	0.007	0.005	0.2521293334743769	0.00015043475677663362	0.19085305855328394	0.10763719119784049	68.78715647920116
3.233507681517286	0.007	0.005	0.24938465883404307	0.00014914735316786526	0.19477903096429677	0.10950129703990658	68.03834093486965
3.3256415208083228	0.007	0.005	0.2466631694824406	0.00014785422892091198	0.19862926533350392	0.11132188868643296	67.29585091452752
3.4180277015167815	0.007	0.005	0.24396404730350807	0.00014655566692423408	0.20240598017741948	0.11309985832503086	66.55946321562261
3.510684716088454	0.007	0.005	0.24128667748075486	0.00014525205399049535	0.20611105496509194	0.1148359466576246	65.82901010085375
3.6036258470540874	0.007	0.005	0.23863061557241172	0.0001439438617094611	0.20974609140582628	0.11653077384774496	65.10437031541629
3.6968598376424384	0.007	0.005	0.2359955600389993	0.0001426316302032536	0.21331246402523624	0.11818486504212455	64.38546159182211
3.7903915191895323	0.007	0.005	0.23338132742885986	0.00014131595338015234	0.21681136441908194	0.11979867256368626	63.67223387988695
3.884222347161029	0.007	0.005	0.2307878314113585	0.0001399974662615484	0.22024383797303618	0.12137259424406162	62.96466362646203
3.9783509018760155	0.007	0.005	0.2282150639014338	0.00013867683350260934	0.2236108157968533	0.12290698920605685	62.26274862573987
4.072773341579979	0.007	0.005	0.22566307850322007	0.00013735473921912912	0.22691314184753467	0.12440219110956088	61.56650350226153
4.167483838793885	0.007	0.005	0.22313197532412965	0.000136031877633262	0.23015159673056773	0.12585851956619365	60.875955567820014
4.262474917595409	0.007	0.005	0.22062188926481852	0.00013470894565626162	0.23332691570936123	0.1272762886413653	60.19114162667113
4.3577378100877535	0.007	0.005	0.21813297848514754	0.0001333866356957618	0.236439805410443	0.12865581450983035	59.512104828760656
4.453262749548199	0.007	0.005	0.2156654151877555	0.00013206562981647561	0.23949095663731754	0.12999742112433116	58.83889215525376
4.549039262371637	0.007	0.005	0.21321937699445168	0.00013074659434485079	0.24248105564515968	0.13130144498023824	58.171552065800206
4.645056343555105	0.007	0.005	0.21079504179116254	0.00012943017648465	0.24541079050174472	0.13256823753484487	57.51013309210738
4.741302737218771	0.007	0.005	0.20839258029538069	0.0001281169998233655	0.24828085971579938	0.13379816845274606	56.85468181015572
4.837767035056524	0.007	0.005	0.20601215358932792	0.0001268076626799661	0.25109197442427555	0.1349916259189986	56.20524216718378
4.934437878668028	0.007	0.005	0.2036539083097463	0.00012550273529162164	0.2538448631109488	0.1361490179404497	55.56185416934397
5.031304035368108	0.007	0.005	0.2013179752151827	0.00012420275898403904	0.256540272080506	0.13727077174859445	54.924553490821836
5.128354513165189	0.007	0.005	0.19900446694814786	0.00012290824500699798	0.2591789667576915	0.13835733349999033	54.29337086329742
5.225578624874543	0.007	0.005	0.1967134771716727	0.00012161967423678941	0.26176173129890684	0.1394091672289016	53.66833184037638
5.322966045923309	0.007	0.005	0.19444507994540036	0.00012033749710368051	0.264289367905001	0.14042675365973184	53.04945662737243
5.4205068592358865	0.007	0.005	0.19219932947676643	0.00011906213380802008	0.26676269571110706	0.1414105888406458	52.436760013422884
5.518191587025731	0.007	0.005	0.18997626022366268	0.00011779397480139075	0.2691825493145252	0.14236118263788486	51.83025139949813
5.616011189890591	0.007	0.005	0.1877758877601341	0.00011653338176275507	0.27154977653244394	0.14327905694847848	51.229935034585225
5.713957091413571	0.007	0.005	0.18559820905721042	0.00011528068828325756	0.27386523688086284	0.1441647442292263	50.63581009230568
5.812021169953042	0.007	0.005	0.18344320349865367	0.00011403620101010649	0.27612979934309023	0.14501878578345614	50.04787094803672
5.9101957694853695	0.007	0.005	0.18131083345186522	0.00011280020055795606	0.2783443407080107	0.1458417303083529	49.46610733466901
6.008473644949978	0.007	0.005	0.17920104623236469	0.00011157294325587304	0.2805097425618605	0.14663413198923714	48.89050487856519
6.106847998265769	0.007	0.005	0.17711377405308112	0.00011035466172554199	0.2826268904858668	0.14739654946846786	48.321045085725395
6.205312448918593	0.007	0.005	0.17504893537197866	0.0001091455662820647	0.28469667188561865	0.14812954434831258	47.75770570945306
6.303861004116117	0.007	0.005	0.17300643618544595	0.00010794584630659743	0.2867199739973107	0.1488336798209295	47.20046110322371
6.4024880547047	0.007	0.005	0.17098617073504946	0.00010675567126722524	0.28869768258073253	0.14950951959551878	46.64928241350484
6.5011883512095485	0.007	0.005	0.16898802259087337	0.00010557519195436204	0.2906306803219149	0.15015762677181577	46.104137875317996
6.599956992669936	0.007	0.005	0.16701186542921717	0.00010440454152264244	0.29251984562156796	0.15077856289631794	45.56499302441414
6.698789395601033	0.007	0.005	0.16505756416917333	0.00010324383673413559	0.2943660511181574	0.15137288697935594	45.03181100736015
6.79768126269658	0.007	0.005	0.16312497605579643	0.00010209317915626582	0.29617016235382504	0.15194115461603935	44.5045528770544
6.8966286037569375	0.007	0.005	0.16121395068362038	0.00010095265570282357	0.29793303749857053	0.15248391748642143	43.98317759914287
6.9956276909470025	0.007	0.005	0.1593243312817231	9.982233991636537e-5	0.29965552594581873	0.1530017225347174	43.46764240261677
7.09467505977049	0.007	0.005	0.15745595506835602	9.870229267012859e-5	0.30133846783660007	0.1534951114824776	42.95790287656417
7.19376746399031	0.007	0.005	0.155608654448835	9.759256336258382e-5	0.30298269287039953	0.15396462016739249	42.453913296984595
7.292901882914972	0.007	0.005	0.1537822571841569	9.649319046741007e-5	0.3045890201006591	0.15441077821309449	41.95562667279175
7.392075489205044	0.007	0.005	0.15197658727409946	9.540420249860086e-5	0.3061582571305649	0.15483410855721702	41.46299498674527
7.491285682285674	0.007	0.005	0.15019146461614608	9.432561820668502e-5	0.30769120041473896	0.1552351273118406	40.97596910239668
7.590530016560459	0.007	0.005	0.14842670655789839	9.325744791546521e-5	0.3091886339479398	0.15561434321663412	40.49449918762641
7.68980620838273	0.007	0.005	0.14668212797486505	9.219969393845222e-5	0.3106513292815279	0.15597225748766358	40.018534735866275
7.78911213642074	0.007	0.005	0.14495754146433842	9.115235104636136e-5	0.31208004545146667	0.15630936365693812	39.54802461899407
7.888445822246055	0.007	0.005	0.14325275787046243	9.011540712082705e-5	0.3134755286505359	0.15662614737093056	39.08291723058508
7.987805424028905	0.007	0.005	0.14156758655840032	8.908884363668668e-5	0.31483851213468406	0.1569230862693977	38.62316056071185
8.087189217031879	0.007	0.005	0.13990183589523394	8.807263625613975e-5	0.3161697159818425	0.15720064985270743	38.168702327145496
8.186595600398137	0.007	0.005	0.13825531326956933	8.706675512124144e-5	0.3174698472405533	0.1574592994525283	37.71948998070445
8.286023097340633	0.007	0.005	0.13662782522180864	8.607116519890966e-5	0.31873959999342577	0.15769948819271498	37.27547074079622
8.385470302613037	0.007	0.005	0.13501917841763758	8.50858271377722e-5	0.31997965478122	0.15792166084954487	36.83659186100869
8.48493592215717	0.007	0.005	0.13342917909243163	8.411069715911827e-5	0.32119067923731137	0.15812625396054156	36.4028004775304
8.584418733697378	0.007	0.005	0.13185763377882864	8.31457277346097e-5	0.32237332772980765	0.15831369575807222	35.974043807650474
8.683917626378534	0.007	0.005	0.1303043487598878	8.219086745494136e-5	0.3235282419831627	0.1584844062809604	35.55026900056674
8.783431528367577	0.007	0.005	0.12876913128126818	8.124606198861192e-5	0.3246560503837128	0.15863879728915425	35.13142346809818
8.882959446465998	0.007	0.005	0.12725178898350756	8.031125391497883e-5	0.32575736863121874	0.15877727240251183	34.71745472979671
8.9825004595902	0.007	0.005	0.12575213006618932	7.93863830044435e-5	0.3268327998356672	0.1589002271529179	34.308310457735566
9.082053712240663	0.007	0.005	0.124269963442698	7.84713864830679e-5	0.32788293462641843	0.15900804904765511	33.9039385187309
9.18161840796123	0.007	0.005	0.12280509888588592	7.756619928236209e-5	0.3289083512725993	0.15910111764306994	33.504287014082884
9.281193796194419	0.007	0.005	0.12135734726028082	7.667075433529224e-5	0.3299096157481758	0.1591798046228816	33.10930434292807
9.380779159126027	0.007	0.005	0.11992652073912316	7.578498285506709e-5	0.330887281815524	0.15924447389052443	32.7189392614523
9.480373844696185	0.007	0.005	0.11851243235505411	7.490881418374786e-5	0.33184189156313376	0.15929548169478397	32.33314076030739
9.579977227054183	0.007	0.005	0.11711489659476686	7.404217629446284e-5	0.3327739752256062	0.15933317670766411	31.95185822684663
9.679588739567057	0.007	0.005	0.1157337289526329	7.318499562668693e-5	0.33368405171072035	0.15935790014872456	31.575041323343115
9.77920783526024	0.007	0.005	0.11436874650420885	7.233719756244687e-5	0.3345726284414721	0.15936998588061166	31.20264014345661
9.878834019824735	0.007	0.005	0.11301976746316914	7.149870625020173e-5	0.33544020187145107	0.15936976053075488	30.834605091353648
9.978466805447258	0.007	0.005	0.11168661182233827	7.06694451131517e-5	0.3362872572910155	0.15935754360352244	30.470887056597245
10.078105862601625	0.007	0.005	0.11036909934772426	6.984933566182952e-5	0.33711427031081925	0.1593336475666765	30.111436866869212
10.17775072970821	0.007	0.005	0.10906705345674055	6.903830006028739e-5	0.3379217046236318	0.15929837801509308	29.75620634604561
10.277400958308602	0.007	0.005	0.10778029923484272	6.823625994673015e-5	0.33871001350713237	0.15925203380480144	29.405147773085957
10.37705614607558	0.007	0.005	0.1065086630105794	6.744313624079977e-5	0.3394796402950704	0.15919490715662776	29.058213766096436
10.476715936827016	0.007	0.005	0.10525197237363466	6.66588492292478e-5	0.34023101856271104	0.15912728376216864	28.71535728725241
10.57638001393732	0.007	0.005	0.10401005627354765	6.588331869946361e-5	0.3409645722623884	0.1590494428953788	28.376531669731516
10.676048093746122	0.007	0.005	0.10278274511159749	6.511646406514713e-5	0.34168071586394816	0.1589616575280582	28.04169064278219
10.775719899160928	0.007	0.005	0.10156987106567428	6.435820463896607e-5	0.34237985436222074	0.158864194469052	27.7107884203565
10.875395166261844	0.007	0.005	0.10037126799734562	6.360845963343338e-5	0.3430623835310782	0.15875731448057168	27.383779675755754
10.975073631102175	0.007	0.005	0.09918677159845153	6.286714831295346e-5	0.34372869003597134	0.15864127241305562	27.060619581625048
11.074755062719683	0.007	0.005	0.09801621898705708	6.21341897871458e-5	0.34437915185295614	0.1585163172854964	26.741263699719163
11.17443923013204	0.007	0.005	0.0968594490923914	6.140950331066843e-5	0.3450141382372678	0.15838269243798406	26.425668085923487
11.274125935349202	0.007	0.005	0.09571630225963078	6.069300807605352e-5	0.3456340101244899	0.15824063560306115	26.11378918242908
11.373814960559509	0.007	0.005	0.09458662084833397	5.9984623647432125e-5	0.3462391199835856	0.15809037909169885	25.805583981000673
11.47350613415353	0.007	0.005	0.09347024846523894	5.9284269506824325e-5	0.346829812408303	0.15793214981003684	25.501009813664446
11.573199277908492	0.007	0.005	0.09236703055706112	5.859186547983858e-5	0.34740642396887933	0.15776616944533486	25.20002451443828
11.672894213591372	0.007	0.005	0.09127681431532576	5.790733171364391e-5	0.3479692834365128	0.1575926545693376	24.902586393367592
11.77259078937085	0.007	0.005	0.09019944837383245	5.723058851732514e-5	0.34851871210595325	0.1574118166998153	24.60865415398613
11.872288866614031	0.007	0.005	0.0891347829469422	5.6561556486869426e-5	0.3490550238829001	0.1572238624249263	24.31818693104411
11.971988306681947	0.007	0.005	0.08808266995754478	5.5900156622231545e-5	0.34957852537871803	0.1570289935317229	24.031144325420946
12.071688970930133	0.007	0.005	0.08704296301822737	5.524631034724094e-5	0.35008951607853633	0.15682740711110577	23.747486398987515
12.17139074051839	0.007	0.005	0.08601551720971207	5.4599939395085066e-5	0.3505882886034213	0.15661929561874774	23.467173614158444
12.27109350320583	0.007	0.005	0.0850001892080759	5.396096592007877e-5	0.3510751287954786	0.15640484699857204	23.190166868600897
12.370797133541991	0.007	0.005	0.08399683746833621	5.332931264559056e-5	0.3515503157781808	0.1561842448243941	22.91642754532119
12.470501532486143	0.007	0.005	0.08300532180657413	5.270490261619892e-5	0.3520141222998791	0.15595766830999122	22.645917398657765
12.570206600995359	0.007	0.005	0.08202550365532656	5.208765938976121e-5	0.3524668147508894	0.15572529245899122	22.37859862395843
12.669912253231383	0.007	0.005	0.08105724591788548	5.147750696525593e-5	0.3529086533686646	0.15548728812665968	22.11443381782953
12.76961840335452	0.007	0.005	0.08010041308379569	5.087436988112538e-5	0.35333989231839574	0.15524382214068524	21.853386009646652
12.869324965523873	0.007	0.005	0.07915487121086279	5.027817322497477e-5	0.3537607798339935	0.1549950573912514	21.595418656645982
12.969031860500891	0.007	0.005	0.07822048784584446	4.968884260170894e-5	0.3541715583826937	0.15474115290225707	21.34049562228688
13.068739015649662	0.007	0.005	0.07729713201048347	4.9106304143635435e-5	0.3545724647963801	0.15448226391605058	21.088581172441348
13.168446358333753	0.007	0.005	0.0763846742476785	4.853048455947594e-5	0.3549637303744322	0.15421854199412233	20.83963998799058
13.268153829123124	0.007	0.005	0.07548298648538022	4.796131106190868e-5	0.3553455810623977	0.1539501350642154	20.593637127692407
13.367861361984163	0.007	0.005	0.07459194220239947	4.739871149415622e-5	0.35571823749856524	0.15367718755323287	20.350538073417926
13.467568884279812	0.007	0.005	0.07371141640778707	4.6842614332695855e-5	0.35608191514000626	0.15339984046833324	20.110308724525748
13.567276349786527	0.007	0.005	0.07284128533410429	4.6292948498841104e-5	0.3564368245016499	0.15311823138225708	19.872915314178602
13.666983718884213	0.007	0.005	0.07198142660416251	4.574964348367257e-5	0.35678317119429254	0.1528324945612214	19.638324454834027
13.766690938746228	0.007	0.005	0.07113171938544033	4.5212629464900587e-5	0.35712115597053384	0.15254276109638207	19.40650318037325
13.866397956546196	0.007	0.005	0.07029204425628642	4.468183723143582e-5	0.35745097488573374	0.15224915894050198	19.177418909597968
13.966104726061392	0.007	0.005	0.06946228313500612	4.415719814884622e-5	0.3577728194286569	0.1519518129596647	18.951039426883366
14.065811214276017	0.007	0.005	0.0686423192130025	4.363864412668816e-5	0.35808687664651256	0.1516508449820176	18.7273328639374
14.165517381571306	0.007	0.005	0.06783203710519008	4.312610773062613e-5	0.3583933291845095	0.15134637392483838	18.506267740837327
14.26522317512243	0.007	0.005	0.06703132288359777	4.26195222164488e-5	0.3586923553711966	0.1510385158833081	18.287812975197557
14.36492856851798	0.007	0.005	0.06624006374288771	4.2118821316600693e-5	0.3589841294376989	0.15072738407401218	18.071937790914678
14.464633535346874	0.007	0.005	0.06545814820318878	4.162393938603635e-5	0.35926882153136996	0.15041308897851513	17.858611773505693
14.564338042595232	0.007	0.005	0.06468546614547492	4.1134811435924484e-5	0.3595465977932065	0.15009573842738155	17.647804879759875
14.66404206385275	0.007	0.005	0.06392190869271157	4.0651373063200673e-5	0.3598176204888693	0.14977543762003787	17.439487405312864
14.763745566106449	0.007	0.005	0.06316736829711117	4.017356051831962e-5	0.3600820480629986	0.1494522892269076	17.2336300084518
14.863448522946902	0.007	0.005	0.06242173862406346	3.97013106357168e-5	0.3603400352641178	0.1491263934057763	17.030203678448828
14.963150927774102	0.007	0.005	0.06168491444330011	3.923456076828676e-5	0.3605917332623688	0.148797847814682	16.829179705868086
15.06285273437043	0.007	0.005	0.06095679205429292	3.877324908298557e-5	0.3608372895838567	0.14846674786371372	16.630529798624853
15.162553942739478	0.007	0.005	0.06023726863881987	3.8317314130541816e-5	0.3610768484093641	0.14813318648677082	16.434225905349518
15.262254533076225	0.007	0.005	0.059526242734569475	3.786669517307582e-5	0.36131055048879956	0.14779725441293823	16.240240344598565
15.361954472370378	0.007	0.005	0.058823614166215496	3.742133214493674e-5	0.3615385332412012	0.14745904019899667	16.04854578605015
15.461653740817852	0.007	0.005	0.05812928384310104	3.698116552212866e-5	0.3617609308939267	0.14711863019179297	15.85911519530715
15.561352325217696	0.007	0.005	0.05744315379608971	3.65461363535618e-5	0.3619778745402607	0.14677610859974666	15.671921843951148
15.661050225574606	0.007	0.005	0.05676512712190842	3.611618622912936e-5	0.3621894922252881	0.14643155751841705	15.486939294357798
15.760747415482717	0.007	0.005	0.05609510823949118	3.569125746063711e-5	0.36239590893361506	0.14608505711533937	15.304141469633743
15.860443901549685	0.007	0.005	0.055433002473701434	3.52712928034249e-5	0.36259724678513233	0.14573668547135132	15.12350254004571
15.960139657370307	0.007	0.005	0.054778716485798205	3.485623575609257e-5	0.36279362496709194	0.14538651885594042	14.944997040462399
16.0	0.007	0.005	0.05451928617681878	3.469562539815396e-5	0.3628707795120807	0.14524602506521628	14.874217996179592
