0.0	0.007	0.005	0.0	0.0	0.0	0.0	100.0
0.006429874397237745	0.007	0.005	0.019639001204081658	8.124372787640396e-5	1.6173551686761835e-5	4.543015932066406e-5	99.95374942777174
0.011154131683858759	0.007	0.005	0.03346508378624531	0.000129972010349684	4.808147965439983e-5	0.0001294828667722703	99.91978112109554
0.018025594893579928	0.007	0.005	0.05270342430806668	0.00018749873513462806	0.00012337888638114247	0.00031331016567836417	99.87039460140869
0.024820399965601998	0.007	0.005	0.0707571986906832	0.00023189723205788705	0.00022992397126845134	0.0005525381677967002	99.82158304136453
0.03287192447702512	0.007	0.005	0.09096808217573615	0.0002721147524275497	0.0003952010237487484	0.0008928077745165536	99.76377452011954
0.041407799458055485	0.007	0.005	0.11107492674280134	0.00030364307953176413	0.0006139039043285674	0.001304138466986294	99.70252500721298
0.050902464906710375	0.007	0.005	0.13194607799469793	0.00032885509492937363	0.0009062760703391875	0.0018060582908673729	99.63443983072594
0.0611200175865386	0.007	0.005	0.15276927516492994	0.0003476591841205151	0.0012745528510186336	0.0023829039151819814	99.56122284924157
0.07225983441704532	0.007	0.005	0.17368312190683896	0.0003612748206483935	0.0017345039315851871	0.003040996966028182	99.48145840998149
0.08428137339932244	0.007	0.005	0.19432781713283437	0.00037046814648068787	0.002293489463946905	0.003772916043615981	99.39545226466991
0.0972794756291156	0.007	0.005	0.21459776071816727	0.0003761834138945067	0.00296437247167557	0.004579149762684898	99.30254311638434
0.11124433193884789	0.007	0.005	0.2342221767314473	0.0003792806658267403	0.003754582997482111	0.005454126716239096	99.20282047868307
0.12620584294335202	0.007	0.005	0.2530207460766613	0.00038058883499890206	0.004672573215852779	0.006395396092933597	99.09609187612386
0.14214837447066422	0.007	0.005	0.27078857331336853	0.00038079398098931017	0.005722840877145263	0.007398591105134931	98.98249148289287
0.15903022387348922	0.007	0.005	0.28734673192050997	0.0003804011537263074	0.0069062969074880805	0.008458676774528447	98.86233982888217
0.17677993558096125	0.007	0.005	0.3025528217503349	0.0003797351929090549	0.008219578929964581	0.009569593248476607	98.7361687016038
0.19534887148722188	0.007	0.005	0.3163471296512828	0.00037897632026989177	0.00965893670268552	0.010727324031430199	98.60434658307365
0.21470870406270837	0.007	0.005	0.3287293128736057	0.0003782087580229373	0.011220737497778308	0.011929482133408472	98.46709723132925
0.23484906498060007	0.007	0.005	0.33973957470234517	0.0003774625449548669	0.012901834904905807	0.013174967245802574	98.32451715663301
0.2557699872599662	0.007	0.005	0.3494418632694696	0.00037674149944255783	0.014699341950895933	0.014463374153351671	98.17662984631433
0.277480769052065	0.007	0.005	0.35791529835728914	0.00037603887745986945	0.016610788345530023	0.015794856295563438	98.02339430490821
0.29999822840618373	0.007	0.005	0.3652474699788633	0.00037534515424141675	0.01863415383158191	0.01716998451609606	97.8647178643364
0.32334660931105275	0.007	0.005	0.37153004939642237	0.0003746512812467715	0.02076799148001785	0.018589724453311033	97.70045731705166
0.34755716565397576	0.007	0.005	0.3768553668706344	0.0003739497125163876	0.023011485171715904	0.020055401260959903	97.53042234781738
0.3726682064662322	0.007	0.005	0.3813140126151627	0.0003732344349854516	0.025364518262756274	0.021568694448012862	97.35437575032088
0.3987251447756512	0.007	0.005	0.3849931016823358	0.00037250065681029365	0.02782771896433043	0.0231316322100245	97.17203367025586
0.4257808006280453	0.007	0.005	0.38797510380526595	0.0003717444335793674	0.03040251042633865	0.02474659917507436	96.9830641313187
0.45389582201619316	0.007	0.005	0.3903370739729935	0.0003709623434639936	0.03309115681173765	0.026416348624792786	96.7870848233599
0.4831393046837717	0.007	0.005	0.3921501942015469	0.0003701512336372131	0.035896815735437466	0.028144023585626184	96.58365961108235
0.5135896398819769	0.007	0.005	0.3934795431420966	0.00036930802973798643	0.03882360180401863	0.029933187953098458	96.3722935944851
0.5453355641647611	0.007	0.005	0.3943840282001483	0.00036842959288669165	0.041876659821889615	0.03178786542732602	96.15242694139866
0.5784774847368839	0.007	0.005	0.39491643698043777	0.0003675126065829289	0.04506225500999627	0.03371258970886397	95.92342702931126
0.6131291207002391	0.007	0.005	0.3951235711229674	0.0003665534801596467	0.04838788372220378	0.03571246710236679	95.68457867931244
0.6494195287016795	0.007	0.005	0.39504643497589653	0.0003655482582578483	0.05186241010107082	0.037793253930099434	95.43507208756814
0.6874958765690466	0.007	0.005	0.39472045433943315	0.00036449252047344804	0.05549626140452924	0.039961467398531215	95.17398606258634
0.7275265430017513	0.007	0.005	0.3941757077631917	0.00036338127914451325	0.059301638348015634	0.04222450273016489	94.90026961487057
0.7697037885963168	0.007	0.005	0.39343718536749367	0.00036220889407457315	0.06329266569684931	0.0445907116228543	94.61272717272004
0.8142495540238724	0.007	0.005	0.3925250087307775	0.0003609689042284744	0.06748581558330784	0.04706963825565964	94.30998334442766
0.861420529624547	0.007	0.005	0.3914546497330035	0.0003596538828681872	0.07190022865627653	0.04967218795315333	93.99045392765727
0.9115153998487895	0.007	0.005	0.3902371063180793	0.0003582552356843399	0.07655819883339321	0.052410884535222524	93.65230371176594
0.964882611049114	0.007	0.005	0.3888790624184536	0.0003567629887952563	0.08148565316986463	0.05530011402652748	93.29340281217075
1.0219283950900233	0.007	0.005	0.38738304535087253	0.0003551655762186513	0.08671259007549252	0.05835633081506904	92.91128381618677
1.0831200110239028	0.007	0.005	0.38574771696944526	0.00035344977162226455	0.09227300679851275	0.061597950384148704	92.50313381835808
1.1489690518174418	0.007	0.005	0.38396871424183165	0.0003516011962134553	0.09820297185354467	0.06504415122034524	92.06592128203089
1.2199458612198386	0.007	0.005	0.382041365508761	0.00034960678933931394	0.10453261461666762	0.0687101645799305	91.59697614470348
1.2962123282575515	0.007	0.005	0.37996829493889633	0.0003474624266558558	0.11126262217100909	0.07259373053251195	91.09574406622593
1.3771568961111298	0.007	0.005	0.37777214984706764	0.0003451861328689743	0.11832525582442219	0.07665301876646034	90.56676696693863
1.4614561413778853	0.007	0.005	0.37549357748078244	0.0003428163926715599	0.12559370159085037	0.08081282137468754	90.0191318785165
1.5480008817414577	0.007	0.005	0.3731658463862269	0.00034038594457799835	0.13296455813022096	0.0850123218666589	89.46035404485552
1.6361748477573845	0.007	0.005	0.37080763688458473	0.0003379137960671975	0.14038027764200642	0.08921762888841893	88.8946240168579
1.7256265611347577	0.007	0.005	0.3684296881586066	0.00033541158039605585	0.14780781377052588	0.093409222700263	88.32435147315795
1.8161340855308885	0.007	0.005	0.3660387786493666	0.0003328873206140732	0.15522621059311487	0.09757470643840795	87.7510712397985
1.9075638241585346	0.007	0.005	0.36363904751402104	0.00033034656076612616	0.16262259771253593	0.1017064256226615	87.17572757252101
1.999842385302104	0.007	0.005	0.3612328807898336	0.0003277931418576706	0.16998948299705208	0.10579986304418446	86.59886736714633
2.09293470786435	0.007	0.005	0.35882157244783563	0.00032522980722659	0.17732271676689154	0.10985244371827131	86.02078787388626
2.1868261880927	0.007	0.005	0.3564058399246601	0.00032265869512171906	0.18461990664588654	0.11386261888807372	85.44165446851152
2.281509190801173	0.007	0.005	0.35398619811119625	0.00032008170460875746	0.1918792814188969	0.11782922127999094	84.86158723475475
2.3769735186970258	0.007	0.005	0.35156321306305743	0.00031750074585842756	0.19909893812030724	0.12175104805036957	84.28072018769099
2.473200052537403	0.007	0.005	0.3491376628725667	0.0003149178972916465	0.20627638379877367	0.12562661642625242	83.69923901758624
2.5701570980607933	0.007	0.005	0.34671062267391645	0.0003123354841028441	0.21340831400077234	0.12945405507405003	83.11740104913414
2.6677987860534844	0.007	0.005	0.3442834940971011	0.0003097560983310424	0.22049056057912572	0.13323109027377358	82.5355420903123
2.766065434412303	0.007	0.005	0.3418579843726942	0.00030718256578106737	0.22751818706306942	0.13695511154456974	81.9540713164306
2.8648857002908596	0.007	0.005	0.33943604194593474	0.00030461786768082387	0.2344857052325313	0.1406232993103501	81.37345578147585
2.9641802311410124	0.007	0.005	0.3370197580041221	0.0003020650281010912	0.24138738009267965	0.14423279439075115	80.7941967846555
3.063866518451383	0.007	0.005	0.33461124295994243	0.0002995269778692305	0.24821759290699402	0.14778089119622895	80.21680024651214
3.163864155850808	0.007	0.005	0.33221249845396755	0.00029700641769505557	0.25497120114467714	0.15126522149703484	79.64174601750733
3.264099674040003	0.007	0.005	0.3298253049628583	0.0002945057021068587	0.2616438389772342	0.1546838998476523	79.06946093106929
3.364509954526888	0.007	0.005	0.32745114792938884	0.00029202676799176087	0.2682320974773505	0.15803560117503626	78.5003010931376
3.465043638583749	0.007	0.005	0.3250911942561021	0.0002895711190677203	0.2747335577732976	0.16131956006156675	77.93454624623233
3.56566036020343	0.007	0.005	0.32274632066262887	0.0002871398662670691	0.281146680389746	0.1645354971094126	77.37240656724649
3.6663284402638237	0.007	0.005	0.32041717659801255	0.00028473380431288714	0.2874706049448488	0.16768350301871918	76.81403774933784
3.767021923940163	0.007	0.005	0.3181042597205	0.0002823535004090491	0.293704924002614	0.17076391420427264	76.25955909672224
3.8677179711169427	0.007	0.005	0.3158079802818771	0.00027999936996901307	0.299849495753833	0.17377721232617976	75.70906895958012
3.968395358348664	0.007	0.005	0.31352869777558845	0.00027767172233996064	0.3059043378747057	0.17672396734818904	75.16265351974202
4.069034317539834	0.007	0.005	0.3112667261344888	0.0002753707732969925	0.3118696084167611	0.17960482487880985	74.6203880367444
4.169617284115526	0.007	0.005	0.30902231852473544	0.00027309663628420096	0.31774564061432653	0.1824205197303691	74.08233320244538
4.270129865564203	0.007	0.005	0.30679564796955167	0.0002708493093343761	0.32353298685887943	0.18517189307993426	73.54853049593208
4.37056146317809	0.007	0.005	0.30458679645575354	0.0002686286705076042	0.32923243881531994	0.1878598974577161	73.01899957201294
4.470905170052427	0.007	0.005	0.30239576031386856	0.00026643448943691403	0.3348450049646951	0.19048558145752154	72.49373955099983
4.571156937002735	0.007	0.005	0.30022247124232676	0.0002642664539279631	0.3403718493066548	0.19305005701951403	71.97273405886631
4.671314489023179	0.007	0.005	0.2980668218337595	0.00026212420011364053	0.3458142212372829	0.19555446408293595	71.4559573467003
4.7713763455714835	0.007	0.005	0.295928687835592	0.00026000733836885174	0.35117339650691737	0.19799994190347245	70.94337962726601
4.871341301717803	0.007	0.005	0.293807939737761	0.0002579154677767749	0.356450647131116	0.20038761480305722	70.4349698529428
4.971208354451225	0.007	0.005	0.29170444453151784	0.0002558481802886603	0.36164723677346694	0.2027185900223243	69.93069613736593
5.0709769527638136	0.007	0.005	0.2896180606499936	0.00025380505781211345	0.36676443298791717	0.20499396317058016	69.43052454252076
5.170647272850104	0.007	0.005	0.28754863260878377	0.000251785668809455	0.37180351966143466	0.20721482349632453	68.93441779392317
5.270220399715964	0.007	0.005	0.2854959878045429	0.00024978956683850733	0.37676580371449286	0.20938225637937738	68.44233451314271
5.369698231533658	0.007	0.005	0.283459939114549	0.0002478162945633405	0.3816526076239	0.21149733956059089	67.95422984099919
5.46908323991091	0.007	0.005	0.28144029031452333	0.00024586539023813353	0.38646525555525574	0.213561136822754	67.47005673638427
5.568378145994063	0.007	0.005	0.2794368429674071	0.0002439363953313654	0.39120505660848415	0.21557469078360667	66.98976762771676
5.667585709704418	0.007	0.005	0.27744940076659086	0.00024202885941120977	0.39587329473449795	0.21753901888886723	66.51331545415091
5.766708670775819	0.007	0.005	0.2754777706875437	0.0002401423417480534	0.4004712265058955	0.21945511291185577	66.04065394165815
5.865749703149068	0.007	0.005	0.273521763826937	0.0002382764124836038	0.40500007971599805	0.22132393885347715	65.57173780419113
5.964711493966516	0.007	0.005	0.2715811937700462	0.00023643065132003985	0.4094610577129182	0.22314643921326355	65.10652235229892
6.063596815710412	0.007	0.005	0.2696558751586681	0.00023460464634072255	0.4138553431062638	0.22492353490517256	64.64496314981184
6.162408486919705	0.007	0.005	0.26774562446541667	0.00023279799488134303	0.41818409634470577	0.22665612504095162	64.18701619946454
6.261149365741553	0.007	0.005	0.2658502601071863	0.0002310103036983537	0.4224484558449906	0.22834508736114692	63.73263797009658
6.359822323927714	0.007	0.005	0.26396960292476146	0.0002292411894300178	0.4266495373105802	0.22999127834776578	63.28178551162983
6.458430168716618	0.007	0.005	0.2621034776243305	0.00022749027991706997	0.43078843096378355	0.23159553255050283	62.834416800644775
6.5569756367040295	0.007	0.005	0.2602517128091174	0.00022575721413761247	0.4348662020005467	0.23315866321329412	62.390490747963234
6.655461374678621	0.007	0.005	0.25841414125019224	0.00022404164233801564	0.43888389051752336	0.2346814626921421	61.949967263570535
6.7538899335236415	0.007	0.005	0.2565905999027305	0.00022234322589796256	0.44284251200550706	0.23616470308771334	61.51280726051307
6.852263775136132	0.007	0.005	0.25478092968087346	0.0002206616369504223	0.44674305835306627	0.23760913705492706	61.07897260092547
6.95058525978166	0.007	0.005	0.2529849755960909	0.0002189965583299625	0.4505864980448322	0.2390154982952221	60.648426129200324
7.048856692004463	0.007	0.005	0.2512025858294005	0.00021734768251246162	0.4543737786206735	0.24038450285777863	60.221131449570215
7.147080307890388	0.007	0.005	0.2494336118931544	0.00021571471157223157	0.4581058267515514	0.24171684953125916	59.79705296489295
7.245258262346551	0.007	0.005	0.24767790878418702	0.00021409735712333278	0.46178354834059476	0.24301322024366628	59.37615591336599
7.343392622890273	0.007	0.005	0.24593533501368176	0.00021249534014106323	0.4654078288858548	0.24427428055155137	58.95840637568633
7.441485356940681	0.007	0.005	0.24420575274816636	0.00021090839088438532	0.46897953360947703	0.2455006800415341	58.5437713088515
7.539538345082826	0.007	0.005	0.24248902748961967	0.0002093362483901269	0.4724995085334201	0.24669305304886616	58.132218469471304
7.637553394288646	0.007	0.005	0.24078502776788008	0.00020777865998243244	0.475968581494845	0.24785201932831666	57.723716340028254
7.735532238126088	0.007	0.005	0.23909362506811155	0.00020623538100366198	0.47938756265459065	0.24897818453285234	57.31823411148902
7.833476523986717	0.007	0.005	0.23741469398152518	0.0002047061747542515	0.48275724454667024	0.2500721405319948	56.91574171943717
7.931387826250883	0.007	0.005	0.235748111908303	0.00020319081202280356	0.48607840302375194	0.2511344660153987	56.51620977285453
8.029267652938856	0.007	0.005	0.2340937588811029	0.00020168907073325927	0.4893517979336161	0.2521657269874105	56.119609511809976
8.127117458819594	0.007	0.005	0.23245151728654684	0.00020020073550412298	0.49257817397491255	0.25316647729932273	55.725912740691236
8.224938600202654	0.007	0.005	0.23082127256555246	0.00019872559811103953	0.49575825962185854	0.2541372585738575	55.335091996096516
8.322732373956082	0.007	0.005	0.22920291249411032	0.0001972634566506345	0.4988927688418127	0.2550786009956496	54.947120374414105
8.420500043515148	0.007	0.005	0.22759632670566032	0.0001958141149352223	0.5019824022851238	0.2559910238986323	54.561971417321104
8.518242787192667	0.007	0.005	0.22600140749576061	0.0001943773830659475	0.5050278459917233	0.25687503560506303	54.17961930468779
8.615961737127046	0.007	0.005	0.224418049128611	0.00019295307664039625	0.5080297729893676	0.2577311341233712	53.80003868832958
8.71365795995923	0.007	0.005	0.22284614810555226	0.00019154101684566905	0.510988843026821	0.2585598072821068	53.42320475637467
8.811332482796326	0.007	0.005	0.22128560270031464	0.0001901410298882027	0.5139057036903464	0.2593615332511296	53.04909312184851
8.908986299744068	0.007	0.005	0.2197363128198182	0.00018875294672718586	0.5167809908772243	0.2601367808586727	52.67767978930332
9.006620333175835	0.007	0.005	0.21819818058055215	0.00018737660346316695	0.5196153279410187	0.2608860095479823	52.30894129299432
9.104235472597052	0.007	0.005	0.21667110965036313	0.00018601184060929534	0.522409327129558	0.26160966995131707	51.94285453908578
9.201832542382224	0.007	0.005	0.2151550057177384	0.00018465850339213885	0.52516358892697	0.2623082038944468	51.579396918152646
9.299412347072334	0.007	0.005	0.21364977574844135	0.00018331644095764674	0.5278787036085082	0.26298204496813493	51.218546126973195
9.39697565848776	0.007	0.005	0.21215532816040955	0.00018198550641552376	0.5305552510962572	0.26363161864351514	50.8602802104572
9.494523202849637	0.007	0.005	0.21067157299063569	0.00018066555687998244	0.5331938008398583	0.2642573424002184	50.50457760165277
9.59205566728331	0.007	0.005	0.20919842176264328	0.00017935645324391973	0.5357949122339309	0.26485962598370283	50.151417089976036
9.68957371277138	0.007	0.005	0.20773578726231803	0.00017805805987529099	0.538359135182818	0.2654388716839629	49.800777767470876
9.787077967725718	0.007	0.005	0.2062835836100654	0.00017677024458551425	0.5408870101320497	0.26599547448153293	49.45263904610738
9.884569021561967	0.007	0.005	0.20484172632933648	0.0001754928785982443	0.5433790681090891	0.266529822196733	49.10698067420962
9.982047444095704	0.007	0.005	0.20341013203375802	0.000174225836178556	0.5458358314189263	0.2670422957747287	48.763782661450975
10.079513792016504	0.007	0.005	0.20198871831448809	0.00017296899444697416	0.5482578139745213	0.2675332694757074	48.423025251849666
10.17696857663674	0.007	0.005	0.200577404190673	0.00017172223370331196	0.550645520667839	0.2680031108696045	48.08468903175748
10.274412276826265	0.007	0.005	0.19917610989310894	0.00017048543715365082	0.5529994478875195	0.2684521810710986	47.74875487799664
10.371845358390107	0.007	0.005	0.19778475656456737	0.00016925849056655625	0.5553200841572712	0.26888083498058535	47.41520388601836
10.469268267629324	0.007	0.005	0.19640326633691663	0.0001680412822712735	0.557607910129217	0.2692894213910468	47.0840173883915
10.566681437805908	0.007	0.005	0.19503156222358195	0.00016683370299313633	0.5598633988835664	0.2696782831493009	46.75517692902162
10.6640852762533	0.007	0.005	0.19366956828577286	0.00016563564593738184	0.5620870157736819	0.2700477572342897	46.42866430300103
10.761480164391283	0.007	0.005	0.19231720961284293	0.0001644470067088259	0.5642792185813155	0.2703981748921828	46.10446155190043
10.85886646418893	0.007	0.005	0.19097441221440326	0.00016326768315529295	0.5664404578102639	0.27072986178894487	45.782550937905
10.956244524623939	0.007	0.005	0.1896411029165387	0.00016209757521752182	0.5685711769644004	0.2710431381518884	45.46291491893439
11.053614688138754	0.007	0.005	0.18831720926202494	0.00016093658478531433	0.570671812810775	0.27133831890077287	45.14553612472135
11.150977271303544	0.007	0.005	0.1870026597614319	0.0001597846158697417	0.572742795083737	0.2716157136978179	44.83039741700942
11.248332571274345	0.007	0.005	0.18569738378882578	0.00015864157445955612	0.5747845467585412	0.2718756270824241	44.51748186454907
11.34568089158816	0.007	0.005	0.18440131122485218	0.00015750736815443406	0.5767974847073942	0.27211835864234624	44.206772657533804
11.443022490594066	0.007	0.005	0.183114373133639	0.0001563819067235656	0.5787820187419881	0.2723442029824493	43.89825326987494
11.540357645925853	0.007	0.005	0.18183650089311157	0.00015526510128515585	0.5807385530589466	0.27255344998377656	43.59190725071089
11.637686602935858	0.007	0.005	0.18056762686861969	0.00015415686486569042	0.5826674852891122	0.2727463847740438	43.28771838589651
11.735009594040106	0.007	0.005	0.17930768414357245	0.00015305711211909846	0.5845692070079018	0.2729232878707777	42.98567063342822
11.832326858057174	0.007	0.005	0.17805660626096453	0.0001519657590578032	0.5864441042106011	0.2730844353026841	42.685748061479224
11.929638620875423	0.007	0.005	0.17681432746739348	0.00015088272323343904	0.5882925570249684	0.2732300986556127	42.387934906898664
12.02694508901346	0.007	0.005	0.17558078278389727	0.00014980792376448573	0.5901149396933622	0.27336054515139685	42.09221559219307
12.124246456069292	0.007	0.005	0.17435590791186778	0.0001487412812184436	0.591911620799233	0.27347603774477536	41.79857470297128
12.221542915610899	0.007	0.005	0.17313963906233676	0.00014768271742735296	0.5936829635977375	0.2735768352184005	41.506996947018685
12.318834648291247	0.007	0.005	0.17193191311098632	0.00014663215559474287	0.5954293258653568	0.2736631922434708	41.217467191458276
12.41612182829456	0.007	0.005	0.1707326675090703	0.0001455895201865037	0.5971510601073621	0.27373535946304656	40.9299704413955
12.513404623338447	0.007	0.005	0.16954184027641034	0.00014455473689610156	0.598848513642205	0.273793583564575	40.64449183823955
12.61068319467592	0.007	0.005	0.16835936999449436	0.00014352773261106422	0.6005220286844021	0.273838107350814	40.361016658048435
12.707957690655334	0.007	0.005	0.16718519587715724	0.00014250843544957962	0.602171942317451	0.27386916980757947	40.079530328473496
12.805228266048363	0.007	0.005	0.16601925753032362	0.0001414967745216879	0.6037985869023293	0.2738870061781944	39.80001837116252
12.902495056283795	0.007	0.005	0.16486149525644075	0.00014049268017583903	0.605402289718931	0.2738918480215942	39.52246647474136
12.999758183892327	0.007	0.005	0.16371184996669677	0.0001394960838976374	0.6069833731622692	0.27388392328486943	39.24686047377019
13.097017835801157	0.007	0.005	0.16257026226792376	0.00013850691747625346	0.6085421560553997	0.2738634563496373	38.9731861298456
13.194274153832119	0.007	0.005	0.16143667375710025	0.00013752511413362418	0.6100789519260542	0.27383066809318973	38.701429441933236
13.29152720894603	0.007	0.005	0.16031102729619706	0.00013655060874791583	0.6115940687258475	0.2737857759879658	38.431576712256984
13.388777091417811	0.007	0.005	0.15919326594719704	0.00013558333688765362	0.6130878103481044	0.2737289941425286	38.16361429098997
13.48602387863324	0.007	0.005	0.1580833333428456	0.00013462323512233382	0.6145604761851698	0.2736605333681577	37.89752866513495
13.583267673730788	0.007	0.005	0.15698117324179117	0.0001336702406092866	0.6160123617768524	0.2735806012053346	37.6333063518776
13.680508586279338	0.007	0.005	0.15588672975222165	0.00013272429127503832	0.6174437585617835	0.2734894019798796	37.370933952199145
13.777746712958871	0.007	0.005	0.15479994754621587	0.00013178532598902038	0.6188549536529269	0.2733871368720142	37.110398202263134
13.874982156880634	0.007	0.005	0.1537207716377245	0.0001308532843504191	0.6202462301849614	0.2732740039504528	36.85168592019052
13.97221502114745	0.007	0.005	0.15264914745253483	0.00012992810673494537	0.6216178672762136	0.2731501982267658	36.594784022832364
14.06944537665831	0.007	0.005	0.1515850211761473	0.00012900973458894295	0.622970139641956	0.27301591175010376	36.339679609166836
14.166673300745762	0.007	0.005	0.15052833931986587	0.00012809811002995888	0.6243033182088312	0.27287133361231813	36.08635985627738
14.263898870736616	0.007	0.005	0.14947904878945603	0.0001271931758940811	0.6256176700775732	0.27271665000143963	35.83481203581221
14.361122151074747	0.007	0.005	0.1484370970196342	0.00012629487584226522	0.6269134584073025	0.2725520442696531	35.58502354622566
14.458343206199519	0.007	0.005	0.14740243182968552	0.0001254031542195695	0.6281909426494794	0.27237769696069575	35.33698187816532
14.555562113422738	0.007	0.005	0.14637500128493489	0.00012451795592006987	0.6294503787663314	0.27219378582859133	35.09067458126218
14.652778937174595	0.007	0.005	0.14535475396791137	0.00012363922661596779	0.6306920189446045	0.27200048592686804	34.84608932913712
14.749993741881182	0.007	0.005	0.14434163883698178	0.00012276691262090374	0.6319161118196925	0.2717979696296264	34.60321388551135
14.847206591964621	0.007	0.005	0.14333560522350175	0.00012190096087666449	0.6331229025261764	0.27158640667302436	34.362036103523
14.944417551843191	0.007	0.005	0.14233660282898655	0.00012104131894031685	0.6343126327476345	0.27136596419605313	34.12254392504921
15.041626660180325	0.007	0.005	0.14134458198417912	0.00012018793520432088	0.6354855404572312	0.2711368068424511	33.88472544281262
15.138833968512593	0.007	0.005	0.14035949324705774	0.00011934075853001323	0.6366418604441239	0.27089909671521006	33.648568804011276
15.236039541248838	0.007	0.005	0.13938128740474268	0.00011849973824002497	0.63778182434979	0.27065299340938226	33.41406221077579
15.33324341704471	0.007	0.005	0.13840991585996115	0.00011766482445264758	0.6389056602607391	0.2703986541472209	33.1811940128171
15.430445640991188	0.007	0.005	0.1374453303010879	0.00011683596778026844	0.6400135931400267	0.2701362337380319	32.949952628324674
15.527646264614212	0.007	0.005	0.13648748270179428	0.00011601311932079926	0.6411058448671859	0.26986588461199734	32.72032654388266
15.624845339437204	0.007	0.005	0.13553632538344418	0.00011519623070515839	0.6421826342069287	0.26958775687221614	32.49230432942788
15.72204289767003	0.007	0.005	0.1345918111994978	0.00011438525425352029	0.643244176643833	0.26930199838764485	32.26587468245742
15.819238971521061	0.007	0.005	0.1336538933407171	0.00011358014279493848	0.6442906846470757	0.2690087547763173	32.041026381330106
15.916433599634049	0.007	0.005	0.13272252527123674	0.00011278084960343622	0.6453223677807004	0.268708169419188	31.817748269940747
16.0	0.007	0.005	0.13192694045668374	0.00011210094634401917	0.6461977092884854	0.26844396122321335	31.62702165963023
