0.0	0.007	0.005	0.0	0.0	0.0	0.0	100.0
0.006543863241585179	0.007	0.005	0.017760088210118374	7.572615299683533e-5	1.4056979790053102e-5	6.15155223158102e-5	99.91743756707965
0.011441623235135461	0.007	0.005	0.030468807771093363	0.00012310096379861292	4.241372880549561e-5	0.00017905214886862377	99.85568824894861
0.0184972916869375	0.007	0.005	0.04793898126643174	0.0001797845080274895	0.00010879473112862042	0.0004369668156669635	99.76679982290355
0.025509750521242738	0.007	0.005	0.06436866115708617	0.0002249905959157392	0.00020313506623774962	0.0007782305254245665	99.67853415892363
0.033775450428497486	0.007	0.005	0.08260624744405431	0.0002669503487790418	0.00034850754308684174	0.0012663581459581568	99.57459424354828
0.042532279566525194	0.007	0.005	0.10067532290252772	0.00030094034336780964	0.0005402976780997308	0.0018620202226207884	99.46459668522718
0.05222555928295492	0.007	0.005	0.11927404369137229	0.00032896957905868856	0.0007947357140183858	0.002592050225245922	99.34297773976846
0.06261875938948785	0.007	0.005	0.13769531299758836	0.0003505689438211649	0.0011129975171295398	0.003434786552275034	99.21274228069194
0.0738890668836857	0.007	0.005	0.15603064404567976	0.0003665904154542848	0.0015068856393342601	0.004397348163846309	99.07170888349874
0.08599507479474407	0.007	0.005	0.17398200615689344	0.00037735208345839	0.001981475895992756	0.0054677054021432985	98.92044109552435
0.09903438989513667	0.007	0.005	0.19147762238526578	0.00038327502835685113	0.002546585174774455	0.006643929918720365	98.75776973475854
0.11300899697904672	0.007	0.005	0.20831248970948021	0.0003846804558420827	0.0032079027657294494	0.007913759662616201	98.58372714897428
0.1279119451159937	0.007	0.005	0.22430474523728489	0.0003820996064028373	0.003969568103745292	0.00926249867720082	98.3984607609327
0.14367965848642192	0.007	0.005	0.2392601735562798	0.0003764282812816461	0.004831290770373163	0.010670294955693584	98.20282306544755
0.16031809176780207	0.007	0.005	0.253101569401048	0.00036882607279366513	0.005794987885573674	0.012125578000546677	97.99680369181006
0.17789690844236536	0.007	0.005	0.26582200819842466	0.00036044376658267153	0.006865638283120005	0.013625528120702416	97.7796098822436
0.19644343986918003	0.007	0.005	0.2773914934785481	0.00035223933669531016	0.008045278275255393	0.015167160985931074	97.55098137448996
0.2158230267531782	0.007	0.005	0.2877198349959605	0.00034488918822247805	0.009324384868047887	0.016737788962077563	97.31265466547302
0.23590472166027326	0.007	0.005	0.29678692832221837	0.000338687072429817	0.010691765954191756	0.01832844824259809	97.06630781877838
0.25668408489275707	0.007	0.005	0.3046682234517795	0.00033361680433601344	0.012143786797691266	0.019941821840297757	96.81205899399504
0.278203775052971	0.007	0.005	0.3114598655926669	0.00032952343929284957	0.013679986071925738	0.021584255664151324	96.54945374791004
0.3005223803813258	0.007	0.005	0.31725622015743066	0.0003262116220356511	0.015301152191500668	0.02326268551239865	96.27785177925965
0.3236950808612352	0.007	0.005	0.3221432898607474	0.00032349473971639086	0.01700793638090252	0.024982995294229336	95.99666449220163
0.34777308795392037	0.007	0.005	0.3262007258642581	0.0003212135807945985	0.018800747134567763	0.026750008286052045	95.70536178362916
0.37280414965525527	0.007	0.005	0.32950340296456715	0.0003192410701197853	0.020679744573748667	0.02856761439645772	95.40346584300616
0.39883701077411704	0.007	0.005	0.3321226636750394	0.0003174798672777029	0.022645153919548137	0.030439194419257305	95.09049754785028
0.425924527188939	0.007	0.005	0.33412639954631906	0.00031585740470851963	0.024697495775496764	0.03236792649653593	94.76594000434396
0.45412656260722795	0.007	0.005	0.3355786876071023	0.00031432034949845566	0.026837802096358297	0.0343570522074185	94.42920551565057
0.4835117502955616	0.007	0.005	0.3365392367367462	0.0003128296152819542	0.0290677394911086	0.036410035806902746	94.07961691140012
0.5141589918383942	0.007	0.005	0.3370629240048099	0.0003113562808192426	0.03138970121615559	0.038530681392874126	93.71639267023673
0.5461587857743821	0.007	0.005	0.33719947814025264	0.00030987846800399166	0.03380687342292762	0.04072321659899216	93.33863473847455
0.5796147225629593	0.007	0.005	0.3369933166647809	0.00030837904438974547	0.036323300513324656	0.04299236792089219	92.94531512554256
0.6146460024032278	0.007	0.005	0.336483492095261	0.00030684393934731863	0.038944012675289144	0.045343485437539584	92.53525142549549
0.6513883667176603	0.007	0.005	0.33570374826168387	0.00030526101971503015	0.04167501808437205	0.04778254017753641	92.10710210065393
0.6899972663790221	0.007	0.005	0.33468263380458624	0.00030361921496837007	0.04452344512146781	0.05031625169365699	91.65933685645878
0.730651371308018	0.007	0.005	0.333443634937277	0.00030190787545960517	0.047497686521357385	0.05295221094722024	91.19020498039326
0.7735567466527226	0.007	0.005	0.3320053183952169	0.0003001162742867311	0.05060756409197548	0.05569901496058756	90.69769835562606
0.8189521982011767	0.007	0.005	0.33038145940667896	0.00029823318221982003	0.05386454266037158	0.05856643741808465	90.17950409305912
0.8671158220003491	0.007	0.005	0.3285811443774706	0.00029624648338429777	0.05728198424219189	0.0615656252337786	89.63294742668089
0.9183731331435652	0.007	0.005	0.3266088318955478	0.0002941427984812876	0.06087545448916472	0.0647093290950137	89.0549219354847
0.9731067019637439	0.007	0.005	0.32446437498884056	0.00029190711107674404	0.06466305716729207	0.06801214328288002	88.44180965455644
1.0317665168678656	0.007	0.005	0.32214304005932937	0.00028952242930016384	0.06866572099903029	0.07149068493223691	87.78940185151428
1.0948775983999068	0.007	0.005	0.3196356670360577	0.0002869696302174934	0.07290718553289427	0.07516348993187699	87.0928608187543
1.1630334877973043	0.007	0.005	0.31692942440011646	0.0002842279515318752	0.07741294226887017	0.07904998642418964	86.34684702079299
1.2368441548099842	0.007	0.005	0.31401037555800293	0.0002812773743617015	0.08220620829028731	0.08316692033988378	85.54614343836155
1.3167761123394148	0.007	0.005	0.31087017157450414	0.00027810526526507174	0.08729742461297312	0.08751933079114517	84.6874076958947
1.4028757127846094	0.007	0.005	0.3075168706252877	0.0002747173104596526	0.09266783772357283	0.09208678978718508	83.77205201554126
1.4947089030601	0.007	0.005	0.30397661967949335	0.00027113927437298033	0.09826867217709459	0.09682334910385057	82.80664182772314
1.5918509106854726	0.007	0.005	0.30027411103270685	0.0002673971324983901	0.10405358686223369	0.10168557947862357	81.79752817320761
1.6943145374908828	0.007	0.005	0.2964166020367889	0.0002635005870614401	0.11000350252138308	0.10665332094440745	80.74645684477319
1.8026965849838474	0.007	0.005	0.29238967363336543	0.0002594385042792708	0.1161316822933674	0.11173319360152802	79.64936936953619
1.9186142910769193	0.007	0.005	0.28814302531556846	0.00025516464668792673	0.12250283499074724	0.11697321654556547	78.49249420238046
2.0472923674587435	0.007	0.005	0.2835009702187616	0.00025050889340272824	0.12936014328466655	0.1225638953922638	77.22793773098921
2.204590779405919	0.007	0.005	0.277927834390075	0.00024495282531501527	0.1374452912075375	0.1290867098550761	75.70976131774763
2.3114979416839363	0.007	0.005	0.2742027284093411	0.00024125214193805467	0.14275968526642535	0.1333316306491321	74.69501042355564
2.409953724744162	0.007	0.005	0.2708162800498348	0.00023790116336858306	0.1475285357523054	0.1371107696967616	73.77251392985399
2.509523402734828	0.007	0.005	0.2674340503794185	0.00023457082520959323	0.152232125479393	0.14080933093594936	72.85116715362594
2.6117722625558084	0.007	0.005	0.26400476808940887	0.00023121065524652688	0.15694062043531973	0.1444820104512912	71.91700311040992
2.7154479494623294	0.007	0.005	0.26057252701847083	0.000227864087199807	0.16159214612635966	0.14807996520933464	70.98203318872481
2.8194940764120044	0.007	0.005	0.2571728823359084	0.00022456565500831303	0.16613929935295219	0.1515670003106177	70.05594283751616
2.923648488949691	0.007	0.005	0.2538141230415208	0.0002213229693352825	0.1705729285217576	0.15493715113281767	69.14099001654988
3.0279386171869564	0.007	0.005	0.25049493915017434	0.00021813421257260566	0.1748968590223315	0.15819446250247762	68.23681786185102
3.1324293563688137	0.007	0.005	0.2472129011724072	0.0002149964417140316	0.17911623109515934	0.16134388196566798	67.34276455502587
3.2371753958635012	0.007	0.005	0.24396600346830463	0.00021190709472233596	0.1832354632392262	0.1643897116909382	66.45828374103937
3.342218511409982	0.007	0.005	0.24075272291285618	0.0002088640536042688	0.18725821907693074	0.16733560584285825	65.58296050727074
3.4475896450199452	0.007	0.005	0.23757192828265475	0.0002058655630015079	0.19118756187767127	0.17018470593906398	64.71648669889692
3.553310603491362	0.007	0.005	0.23442280678023947	0.00020291016474681728	0.19502607810550093	0.1729397485285327	63.85864090316448
3.6593954338738985	0.007	0.005	0.23130480470570297	0.00019999664553724502	0.19877597590342702	0.17560315068527518	63.00927228769511
3.765851557577691	0.007	0.005	0.2282175788639768	0.0001971239944717977	0.20243916442053353	0.17817707851668418	62.16828736336764
3.872680785301158	0.007	0.005	0.22516095445032258	0.0001942913664557796	0.20601732035002088	0.18066350390002706	61.335638511956056
3.979880249775908	0.007	0.005	0.22213488795489258	0.00019149805012105768	0.20951194423897584	0.18306425170629956	60.51131388102128
4.087443249471126	0.007	0.005	0.21913943497144717	0.00018874344014717988	0.2129244073909942	0.18538103846363366	59.69532861474251
4.195359959097591	0.007	0.005	0.2161747238050129	0.00018602701476867344	0.21625598901508028	0.18761550260765986	58.88771766442951
4.3036181767633686	0.007	0.005	0.2132409298935192	0.00018334831388110132	0.21950790983227014	0.18976923083398908	58.088528820771714
4.41220390570673	0.007	0.005	0.21033825644545862	0.00018070692267428692	0.22268135644667816	0.19184377694252097	57.29781743938167
4.5211018678221535	0.007	0.005	0.20746691826795316	0.00017810245798352046	0.2257775004537066	0.1938406761651645	56.51564203543124
4.630295990223073	0.007	0.005	0.20462712750158596	0.00017553455618948916	0.22879751403454274	0.19576145631701078	55.74206039770597
4.739769797842608	0.007	0.005	0.20181908285942007	0.00017300286410673488	0.2317425806222015	0.19760764503553724	54.97712665722788
4.849506724177947	0.007	0.005	0.19904296179470135	0.00017050703232370572	0.23461390163265813	0.19938077396991977	54.22088915367548
4.959490374681966	0.007	0.005	0.19629891451029094	0.00016804671001556109	0.23741270069161038	0.20108238099417214	53.473388803505244
5.069704726877641	0.007	0.005	0.19358706005838008	0.0001656215414593462	0.24014022531796758	0.20271401055430677	52.73465803748291
5.180134287897421	0.007	0.005	0.19090748385852926	0.00016323116365945587	0.24279774695105247	0.2042772128168775	52.00472012457749
5.2907641939302446	0.007	0.005	0.18826023688519028	0.00016087520531856024	0.24538655922845568	0.20577354166715778	51.28358895063596
5.401580280157409	0.007	0.005	0.18564533570647931	0.0001585532864397462	0.24790797546598753	0.20720455221121029	50.571269028945125
5.512569135510656	0.007	0.005	0.18306276296647075	0.00015626501821850794	0.25036332580779863	0.20857179809958237	49.867755631612674
5.623718119955259	0.007	0.005	0.18051246877834473	0.00015401000365496533	0.2527539536528466	0.20987682848975894	49.17303516907116
5.735015388283187	0.007	0.005	0.17799437195181403	0.00015178783795371525	0.255081212427361	0.21112118527786128	48.48708552443934
5.846449854005721	0.007	0.005	0.17550836253869517	0.00014959811003081394	0.25734646134067907	0.21230639987907116	47.80987674695571
5.958011144781463	0.007	0.005	0.17305430444125094	0.00014744040403312392	0.2595510613572963	0.21343399027649598	47.14137176251194
6.069689623486888	0.007	0.005	0.17063203647238295	0.00014531429948064524	0.26169637279789154	0.21450545903631957	46.48152666245783
6.181476349421743	0.007	0.005	0.16824137467559386	0.00014321937250244944	0.26378375199064485	0.2155222909270377	45.83029133557738
6.293362994216999	0.007	0.005	0.16588211547357326	0.00014115519778728903	0.2658145474452625	0.2164859504599322	45.187610325788704
6.405341868197648	0.007	0.005	0.16355403634066631	0.00013912134838415464	0.2677900983956668	0.2173978807076611	44.55342301532993
6.517405864684207	0.007	0.005	0.1612568981493388	0.00013711739697427064	0.26971173204576815	0.21825950158317345	43.927664263954874
6.629548403681893	0.007	0.005	0.1589904473902551	0.00013514291704689197	0.2715807611276864	0.21907220840050656	43.310265013700125
6.7417633973479445	0.007	0.005	0.15675441782692784	0.00013319748360487508	0.2733984821079442	0.2198373708437334	42.701152739624526
6.854045244823455	0.007	0.005	0.15454853148456424	0.00013128067332084356	0.27516617406801036	0.22055633230646862	42.10025171917915
6.966388759793572	0.007	0.005	0.15237250089149781	0.0001293920658009703	0.2768850966957945	0.22123040894442034	41.50748364279091
7.078789164672153	0.007	0.005	0.150226029907793	0.00012753124365691467	0.2785564895429644	0.22186088934069342	40.922767839581155
7.1912420547847935	0.007	0.005	0.14810881507828436	0.0001256977930594509	0.28018157095496643	0.222449034099321	40.346021645944305
7.303743384674739	0.007	0.005	0.14602054649503324	0.00012389130389950633	0.28176153747305455	0.22299607568142163	39.77716064048786
7.416289402047237	0.007	0.005	0.14396090956620355	0.00012211137075509212	0.2832975626324345	0.22350321809470977	39.21609912588845
7.52887666352776	0.007	0.005	0.1419295851953001	0.0001203575925232104	0.28479079704235727	0.22397163708998308	38.66275017771756
7.64150199065997	0.007	0.005	0.1399262510214279	0.00011862957298982587	0.28624236771936856	0.2244024801397574	38.117025982298216
7.754162440676984	0.007	0.005	0.13795058231776938	0.00011692692113296545	0.28765337774414135	0.22479686658280693	37.578838081457256
7.8668553219551605	0.007	0.005	0.13600225206394911	0.00011524925074743262	0.2890249065521159	0.22515588798170846	37.04809739223812
7.979578127287807	0.007	0.005	0.13408093241762764	0.00011359618128852941	0.2903580092642302	0.225480608245231	36.52471460777461
8.092328571591898	0.007	0.005	0.13218629433348367	0.0001119673371604568	0.29165371736211126	0.22577206413979392	36.00860009349871
8.205104525027696	0.007	0.005	0.13031800894514134	0.00011036234852943761	0.2929130381573889	0.22603126551853409	35.49966426358866
8.317904028202605	0.007	0.005	0.12847574751040453	0.00010878085093536224	0.2941369552852691	0.2262591958258328	34.997817566050166
8.430725269994197	0.007	0.005	0.12665918196632095	0.00010722248544337332	0.2953264287926267	0.2264568125184805	34.50297063392038
8.543566595224966	0.007	0.005	0.12486798497450681	0.0001056868983826362	0.29648239557804446	0.22662504756427654	34.01503429761459
8.656426452515339	0.007	0.005	0.12310183089838862	0.00010417374189319119	0.2976057692390247	0.22676480786175743	33.533919851135
8.76930341684508	0.007	0.005	0.1213603955593082	0.00010268267345521074	0.2986974407256364	0.22687697580015012	33.059538985631384
8.882196167249964	0.007	0.005	0.1196433566941549	0.00010121335602927864	0.29975827854200426	0.22696240975221024	32.59180391406397
8.995103479447048	0.007	0.005	0.11795039415595844	9.97654579942623e-5	0.30078912911932865	0.22702194459902986	32.13062742584655
9.108024240882363	0.007	0.005	0.1162811897710691	9.83386528103065e-5	0.3017908173950738	0.22705639226181468	31.675922847941084
9.22095738349544	0.007	0.005	0.11463542840115752	9.693261971119913e-5	0.30276414666822415	0.22706654220788758	31.227604334155018
9.33390195109587	0.007	0.005	0.11301279699739912	9.554704271656275e-5	0.30370989966164147	0.2270531620031845	30.785586607493556
9.446857189209323	0.007	0.005	0.11141298341835412	9.418160946201285e-5	0.30462883966099863	0.22701699776189496	30.349784638140775
9.559822305742273	0.007	0.005	0.10983567991399494	9.283601396432113e-5	0.30552170896419434	0.22695877468733472	29.920114592536372
9.672796418607795	0.007	0.005	0.10828058376425827	9.150995699531898e-5	0.3063892290704734	0.22687919773244997	29.496494007322475
9.785778720345592	0.007	0.005	0.10674739493490193	9.020314396291989e-5	0.3072321025156951	0.2267789520843382	29.078841150780235
9.898768515578068	0.007	0.005	0.1052358156148218	8.891528438730087e-5	0.3080510135708797	0.2266587035989846	28.66707489679137
10.011765183632718	0.007	0.005	0.10374555077272625	8.764609224086351e-5	0.30884662836965415	0.2265190992877166	28.26111487648067
10.124768171085892	0.007	0.005	0.10227630828172109	8.63952859327393e-5	0.30961959527888355	0.2263607677898257	27.86088151215388
10.237776969331707	0.007	0.005	0.10082779922366791	8.516258845061797e-5	0.31037054517345564	0.22618431986767756	27.466296100207455
10.350791092143023	0.007	0.005	0.09939973816714312	8.3947727486408e-5	0.31110009172909725	0.22599034891274078	27.077280886846783
10.463810090652403	0.007	0.005	0.0979918429573418	8.275043516027444e-5	0.31180883196203774	0.22577943138770065	26.693759010854176
10.576833545878245	0.007	0.005	0.09660383479512398	8.157044799269012e-5	0.31249734660743905	0.2255521272899644	26.31565452512193
10.689861038790916	0.007	0.005	0.09523543857736524	8.040750709954575e-5	0.3131662003653087	0.225308980660064	25.942892489366372
10.802892187747405	0.007	0.005	0.09388638240776669	7.926135770093806e-5	0.313815942548404	0.22505051994404351	25.575398836868708
10.915926655986109	0.007	0.005	0.09255639749563536	7.813174895948325e-5	0.3144471075173587	0.2247772583881516	25.213100346901946
11.028964114203127	0.007	0.005	0.09124521857858829	7.701843425896814e-5	0.3150602148598805	0.22448969453476328	24.855924759878818
11.142004263015501	0.007	0.005	0.08995258362760929	7.592117088989649e-5	0.3156557699071925	0.22418831257246527	24.503800697006962
11.255046825479694	0.007	0.005	0.08867823390923077	7.483972003646964e-5	0.3162342640689544	0.22387358274398583	24.156657677227724
11.368091547095501	0.007	0.005	0.08742191395751216	7.37738466923209e-5	0.3167961752025837	0.22354596172709798	23.81442610958281
11.481138165861799	0.007	0.005	0.08618337187159067	7.27233198494764e-5	0.31734196783101704	0.2232058930971054	23.477037374269575
11.594186442225876	0.007	0.005	0.08496235894305848	7.168791213487216e-5	0.3178720936529437	0.22285380760855897	23.144423721135567
11.7072361740604	0.007	0.005	0.08375862946973864	7.066739960552016e-5	0.31838699195154735	0.22249012349656178	22.816518218949525
11.820287166717748	0.007	0.005	0.08257194105094141	6.96615619449994e-5	0.31888708978736685	0.22211524691121298	22.49325483583166
11.93333923303133	0.007	0.005	0.08140205454786704	6.867018238502907e-5	0.31937280233304655	0.22172957225706716	22.174568428466998
12.046392200804057	0.007	0.005	0.08024873396851333	6.769304756741633e-5	0.3198445332299586	0.22133348249644524	21.86039471075327
12.159445897834983	0.007	0.005	0.07911174658366443	6.672994759918043e-5	0.3203026748411132	0.22092734952120638	21.550670285397267
12.272500166894742	0.007	0.005	0.0779908627354681	6.57806758562711e-5	0.32074760862247464	0.2205115344119871	21.24533259176969
12.385554873213835	0.007	0.005	0.07688585573177627	6.484502886063398e-5	0.3211797054473915	0.2200863877095058	20.944319877122656
12.498609874534	0.007	0.005	0.07579650210494421	6.392280645911045e-5	0.32159932578152656	0.21965224981941425	20.64757126708871
12.611665036083403	0.007	0.005	0.07472258142248503	6.301381163502124e-5	0.3220068200291871	0.21920945124538418	20.355026714101623
12.724720253039203	0.007	0.005	0.07366387604090209	6.211785027556811e-5	0.32240252888790616	0.21875831277685562	20.066626930338273
12.837775413091164	0.007	0.005	0.07262017142666355	6.123473140666253e-5	0.32278678348150525	0.21829914590496616	19.782313475154783
12.950830418903978	0.007	0.005	0.07159125590646578	6.0364266960438185e-5	0.32315990570344505	0.21783225299746042	19.502028687056214
13.063885180630127	0.007	0.005	0.07057692070232012	5.950627177819788e-5	0.3235222084451715	0.2173579275835648	19.22571569325451
13.17693960093547	0.007	0.005	0.0695769600268698	5.866056366367227e-5	0.32387399579902587	0.21687645466688435	18.95331843563357
13.289993574999588	0.007	0.005	0.06859117103823649	5.7826963322283364e-5	0.3242155633070099	0.21638811097155292	18.684781658449104
13.403047035439398	0.007	0.005	0.06761935341220103	5.70052939894807e-5	0.32454719833227763	0.2158931649831216	18.420050791787222
13.516099899898457	0.007	0.005	0.06666130976668201	5.619538175670784e-5	0.3248691801278956	0.21539187740184268	18.159072067195837
13.629152108483007	0.007	0.005	0.06571684530303644	5.539705525862931e-5	0.32518178017098937	0.21488450120157257	17.901792419972086
13.742203601300364	0.007	0.005	0.06478576796447555	5.461014578355497e-5	0.32548526231378133	0.21437128194381186	17.648159532316008
13.855254318459014	0.007	0.005	0.06386788839775862	5.383448722405984e-5	0.3257798829973495	0.2138524579891168	17.398121822895703
13.968304200068708	0.007	0.005	0.06296301991541686	5.306991602896067e-5	0.32606589145940873	0.21332826070242789	17.151628436556773
14.081353186240555	0.007	0.005	0.06207097845849959	5.23162711565942e-5	0.3263435299362822	0.2127989146524956	16.908629234174093
14.194401232060748	0.007	0.005	0.06119158244418517	5.157339393563939e-5	0.32661303389439267	0.21226463773448884	16.669074751139895
14.307448292616616	0.007	0.005	0.06032465285175852	5.0841128120221216e-5	0.32687463218179763	0.21172564142677736	16.432916220784584
14.420494330483354	0.007	0.005	0.059470013130452394	5.0119319801126335e-5	0.32712854723054013	0.21118213093780047	16.20010554927206
14.533539300750586	0.007	0.005	0.05862748927877141	4.940781745649965e-5	0.32737499520263286	0.2106343054552733	15.970595337208184
14.646583173482279	0.007	0.005	0.057796909641641234	4.8706471774964036e-5	0.32761418621489885	0.2100823582102419	15.744338824382663
14.759625918743277	0.007	0.005	0.0569781049913553	4.801513570894487e-5	0.327846324474675	0.20952647671613336	15.521289911819457
14.87266748414022	0.007	0.005	0.056170908652590966	4.733366456345819e-5	0.3280716084017958	0.2089668430434566	15.301403195832297
14.98570785471284	0.007	0.005	0.05537515603878831	4.666191561129491e-5	0.3282902309106282	0.20840363368240256	15.084633841730511
15.098747015501353	0.007	0.005	0.05459068489566621	4.599974827899734e-5	0.3285023794868233	0.20783701987912034	14.870937650154797
15.211784929088077	0.007	0.005	0.05381733542076794	4.534702423239672e-5	0.32870823629975615	0.20726716789900143	14.660271089642285
15.324821588000736	0.007	0.005	0.05305494986918787	4.470360705005703e-5	0.32890797844815306	0.20669423890880506	14.452591189223492
15.43785696230944	0.007	0.005	0.05230337288194774	4.406936247755637e-5	0.32910177800776236	0.2061183893815008	14.247855627874516
15.55089102957119	0.007	0.005	0.05156245124887425	4.344415822811783e-5	0.32928980222638854	0.20553977108265514	14.046022669923081
15.663923782315324	0.007	0.005	0.050832033833035174	4.2827863913805824e-5	0.32947221367001145	0.2049585311641388	13.847051144464304
15.776955198100065	0.007	0.005	0.05011197173628806	4.222035116964016e-5	0.32964917030539287	0.20437481244691086	13.650900490457465
15.88998526945563	0.007	0.005	0.049402118075449766	4.1621493466822824e-5	0.3298208256771389	0.20378875339287283	13.457530695752828
16.0	0.007	0.005	0.04872085916798862	4.1045971269490776e-5	0.32998295466836575	0.20321620324480677	13.271950339766654
