0.0	0.007	0.005	0.0	0.0	0.0	0.0	100.0
0.005813631966789642	0.007	0.005	0.02057713105660272	6.400164234984913e-5	1.4501704804184979e-5	2.7100149889551747e-5	99.95720697584078
0.01087548996164291	0.007	0.005	0.037461782087646646	0.00011215294945549436	4.982223132522336e-5	9.076327484706673e-5	99.91996252874111
0.017763705633904198	0.007	0.005	0.05899166779224092	0.00016800653311738507	0.00012966549941330037	0.0002284632875297367	99.86930228621969
0.02493292884638346	0.007	0.005	0.07974623682528795	0.00021614325395288316	0.00024902167349253495	0.0004244355263867106	99.81660261674453
0.03321890937559587	0.007	0.005	0.10179500727027815	0.00026135720221786483	0.0004293854064578606	0.000705628790841622	99.75572850829977
0.042070124196825175	0.007	0.005	0.12324392760565624	0.0002996892110249878	0.0006679684316066997	0.0010579923717377222	99.69074283670517
0.05172129400045661	0.007	0.005	0.14438239414078577	0.0003321942316408758	0.000977054618064822	0.001490126784500272	99.61993213683432
0.061973097284641926	0.007	0.005	0.16451950346865837	0.0003584157103243644	0.0013556301653970839	0.001991107240326615	99.54476967394092
0.07287483667200162	0.007	0.005	0.1835897504617039	0.0003790282796640273	0.001808845118931034	0.0025591965161804262	99.46490433313869
0.08434885656855517	0.007	0.005	0.20134142479900116	0.0003945019352601892	0.0023357571870629644	0.0031854886368136133	99.38091571664276
0.09639536100148108	0.007	0.005	0.21771744454662434	0.00040554577688409134	0.0029373663537725415	0.003864601662456697	99.29281288899087
0.10898087904631137	0.007	0.005	0.2326538700790733	0.0004128901595721194	0.0036121248963920504	0.004589339132709552	99.20085137699888
0.12209996867987867	0.007	0.005	0.24616107764525116	0.00041733382242297	0.004359084282732533	0.005354519281305778	99.10508175745474
0.1357433187947017	0.007	0.005	0.2582701538728861	0.0004196463508916668	0.005176527440708246	0.006155502859679613	99.00558309753664
0.14991402392647293	0.007	0.005	0.2690423010432015	0.00042050217074932224	0.006063056252586423	0.006989268796603844	98.90234428492356
0.16461642401082627	0.007	0.005	0.2785508028661404	0.00042043322145649426	0.0070170979423145995	0.007853726719052516	98.79534566467345
0.17986071458066796	0.007	0.005	0.2868798412356252	0.0004198248105615687	0.008037294285814397	0.008747844878462965	98.68452560069053
0.19566049311101935	0.007	0.005	0.2941184695974332	0.00041893572653743275	0.009122436103965924	0.009671327962237936	98.56979853887842
0.21203451749424335	0.007	0.005	0.3003582485434619	0.000417927689385722	0.010271649690825684	0.010624551471972516	98.45104243602323
0.22900595350625477	0.007	0.005	0.30569014224220487	0.0004168938354607039	0.01148440029741279	0.011608378224972758	98.32810447766062
0.24660277637138422	0.007	0.005	0.3102026992201608	0.0004158818403712082	0.012760557707936828	0.01262407611175488	98.20079843451374
0.2648577360219961	0.007	0.005	0.3139805912112348	0.00041491098657296535	0.014100418878639004	0.013673240141282746	98.06890521570116
0.28380867970760754	0.007	0.005	0.31710369593303767	0.00041398392141058806	0.015504745781459415	0.014757758348232168	97.93217087061477
0.3034988258810921	0.007	0.005	0.319646484899564	0.00041309434700091956	0.01697479169406934	0.0158797913606101	97.79030499153045
0.32397715001181476	0.007	0.005	0.3216776848389702	0.0004122317868298382	0.018512329015810333	0.017041769320073143	97.64297836404184
0.34529906424702617	0.007	0.005	0.32326014982452633	0.0004113843549455566	0.020119693685259336	0.018246411955413565	97.4898185744694
0.36752713295288325	0.007	0.005	0.3244508533593469	0.0004105402321993271	0.02179982775060911	0.019496753659893618	97.33040545494558
0.3907320481938172	0.007	0.005	0.32530098727786066	0.00040968832685839263	0.023556337195011087	0.020796183719989095	97.16426477860712
0.4149937844593683	0.007	0.005	0.32585612633523875	0.00040881845233527555	0.025393558997981323	0.022148495051118613	96.9908608188022
0.4404030383616158	0.007	0.005	0.32615644114962744	0.00040792123177787033	0.027316645079796392	0.02355794565537581	96.8095870554046
0.46706298656341594	0.007	0.005	0.32623694047818347	0.0004069878615062805	0.029331664960113565	0.025029332987527863	96.61975484504934
0.4950914496965808	0.007	0.005	0.32612772964940184	0.00040600980848286516	0.03144573265492458	0.026568084335725786	96.42057949894689
0.5246239258558363	0.007	0.005	0.3258542695798309	0.0004049784678787375	0.033667191039937566	0.028180386427480195	96.21116057335414
0.5558163520190177	0.007	0.005	0.3254376367059546	0.00040388483973241243	0.0360057653293511	0.02987328908703917	95.99046460027063
0.5888494677760949	0.007	0.005	0.32489476850986904	0.0004027191645660748	0.0384728239443048	0.031654882402558475	95.75729710001023
0.6239341670507599	0.007	0.005	0.3242386807689245	0.00040147053575368926	0.041081695488887876	0.03353450818746353	95.51026850078696
0.6613181614668482	0.007	0.005	0.3234786511347554	0.00040012646842659265	0.04384805978258508	0.035523016609274406	95.24775198920156
0.7012945426257888	0.007	0.005	0.3226203556338091	0.00039867239199937034	0.04679044781608892	0.037633090029637065	94.96782959649124
0.7442124856440723	0.007	0.005	0.32166595100837975	0.0003970910431447548	0.0499308562079151	0.03987963364103302	94.66822543723491
0.7904901969602006	0.007	0.005	0.3206141015196402	0.00039536174009866654	0.053295467534138184	0.04228022068496187	94.34622619355973
0.8406278153300323	0.007	0.005	0.31946000521133733	0.00039345961136621723	0.05691529093983042	0.04485545215181174	93.99860575459999
0.8952096082268477	0.007	0.005	0.31819567070340804	0.00039135519231681777	0.060825945154583075	0.047628671889677225	93.62162838922781
0.954850251998929	0.007	0.005	0.31681149337288955	0.000389016239170864	0.06506341068518659	0.050622802786966334	93.21143962620611
1.019931106379879	0.007	0.005	0.31530266690927433	0.0003864182877297375	0.06964520618435147	0.05384697668679807	92.7658851618255
1.0900265696402538	0.007	0.005	0.31368256039894826	0.0003835692466900031	0.07453118422545305	0.057269282521674125	92.28838179464675
1.163964987964123	0.007	0.005	0.31198102689538815	0.0003805102537632145	0.07963064740042604	0.06082269451656329	91.78736297629769
1.2409395445254303	0.007	0.005	0.3102186255543976	0.0003772715497637303	0.08488080528243928	0.06446042687308993	91.26866035177002
1.3204910688157832	0.007	0.005	0.3084073066840329	0.00037387198075283735	0.09024449901131974	0.06815404291472392	90.73567241521467
1.402334092378913	0.007	0.005	0.3065546795261654	0.0003703253539693861	0.09569744359808607	0.07188434938290687	90.19057976423332
1.4862939562190542	0.007	0.005	0.30466562458108537	0.00036664255887184423	0.10122347902889953	0.07563797688607196	89.63479108579344
1.572277031994283	0.007	0.005	0.3027430812471984	0.00036283246109034754	0.10681222888202486	0.07940567082518624	89.06915896109435
1.6602633995163008	0.007	0.005	0.3007882907289421	0.0003589019209860884	0.11245831813382282	0.0831816639066384	88.4940432567014
1.7503007579423404	0.007	0.005	0.298800994169465	0.0003548558351289701	0.11816069308417458	0.08696311927388009	87.90936557497386
1.8425045781154588	0.007	0.005	0.2967794845275413	0.00035069697800128966	0.12392235017841527	0.09074984554321301	87.3146227696422
1.9370637995741369	0.007	0.005	0.29472053743496385	0.00034642567456511067	0.1297503950532371	0.09454421880501025	86.70886583739579
2.0342565592661517	0.007	0.005	0.2926191324995116	0.00034203911183420496	0.1356566677595226	0.09835144920415965	86.09061759712516
2.1344822252686906	0.007	0.005	0.29046784379232626	0.0003375300369550103	0.14165924129728416	0.10218035889195697	85.45769323174316
2.2383278038895336	0.007	0.005	0.2882555372278583	0.0003328841060872305	0.14778573921046934	0.10604521541632671	84.80681699336478
2.3467169671868273	0.007	0.005	0.28596440466837636	0.00032807392597531673	0.15408100828778357	0.10997008250030949	84.13274959418008
2.4613262160879437	0.007	0.005	0.2835615968626649	0.00032304221202820354	0.16062898976011286	0.11400143032523577	83.42582654945636
2.586197818052808	0.007	0.005	0.2809666129994448	0.0003176358602472281	0.16763842526999637	0.11825796858772443	82.66236395041685
2.7512207785938125	0.007	0.005	0.2775736283972102	0.0003106361467121747	0.17670584946272358	0.12367199283338595	81.66412389231805
2.866281266289774	0.007	0.005	0.2752321799539761	0.0003058530644921585	0.18289868580073	0.12730883862323622	80.97525320650269
2.978957149495974	0.007	0.005	0.2729583999795276	0.0003012589415640785	0.18886216482569224	0.13076364464462406	80.30629106261993
3.0922247625257944	0.007	0.005	0.2706916113707217	0.00029673394251255084	0.19475788895627644	0.13413304283744412	79.63938582793936
3.204208284994451	0.007	0.005	0.2684690271251541	0.000292354050765423	0.2004907296809563	0.13736493619041423	78.98548582944429
3.3149540566070894	0.007	0.005	0.26628895725081514	0.0002881159599215877	0.20606782022365217	0.1404666514334952	78.34409385953735
3.4247536325049888	0.007	0.005	0.2641449907394725	0.00028400670269722886	0.21150802993472076	0.14345167982718168	77.71332375427116
3.5338424844613194	0.007	0.005	0.26203199668338145	0.0002800156609554991	0.21682644892571537	0.1463309040321071	77.09166596431209
3.6424207168797706	0.007	0.005	0.259945677405684	0.0002761337284555113	0.22203564792666067	0.14911341430202518	76.47785608274434
3.750657821830229	0.007	0.005	0.2578824462299851	0.000272353093058796	0.22714607639745324	0.15180681437366625	75.8708388840153
3.8586996107378475	0.007	0.005	0.25583927017649566	0.00026866694809867165	0.23216652740231036	0.15441754178233308	75.26972204402799
3.9666701538623306	0.007	0.005	0.25381361334355934	0.000265069386252847	0.23710433627380625	0.15695103071230185	74.67375948258648
4.074675448675209	0.007	0.005	0.25180335078696264	0.00026155523724427784	0.24196564143385532	0.15941189618278928	74.08232602608014
4.182807157268722	0.007	0.005	0.2498066849968607	0.00025811991343816307	0.24675562732946438	0.16180409738138327	73.4948928344043
4.291144285675573	0.007	0.005	0.24782210365927654	0.0002547593303146542	0.25147865868400743	0.16413103703286783	72.91101497409507
4.399755103806989	0.007	0.005	0.2458483348509061	0.00025146982373603277	0.25613841507719487	0.1663956548657794	72.33031823632399
4.508698559813329	0.007	0.005	0.24388431322408888	0.00024824808773814077	0.2607379941389278	0.16860050027647652	71.75248918827748
4.6180255302970386	0.007	0.005	0.24192915052063246	0.00024509112115332106	0.26528000041312316	0.17074779382451882	71.17726649811556
4.7277797818472305	0.007	0.005	0.23998211240079806	0.00024199618606664326	0.26976661603901586	0.17283947656120885	70.60443411789515
4.837998811219773	0.007	0.005	0.23804259832913793	0.00023896077243806731	0.27419966159546993	0.1748772519279878	70.03381536584179
4.9487145190897275	0.007	0.005	0.23611012515306884	0.000235982569674732	0.2785806461453191	0.17686262031010172	69.46526809504986
5.059953793979487	0.007	0.005	0.2341843128678664	0.00023305944252622677	0.28291081038823995	0.17879690852246105	68.89868050544267
5.171738994245855	0.007	0.005	0.2322648726714738	0.00023018941127840063	0.28719116301693	0.1806812946207009	68.33396762941335
5.284088329084073	0.007	0.005	0.23035159718099846	0.00022737063582860975	0.29142251088564536	0.18251682863629057	67.77106845344872
5.39701625118151	0.007	0.005	0.2284443508088435	0.00022460140053741815	0.29560548766513534	0.1843044515187407	67.20994308671929
5.5105337351719275	0.007	0.005	0.2265430624028788	0.0002218801028751313	0.29974057646447577	0.186045010481077	66.65057059576523
5.624648553910813	0.007	0.005	0.2246477181812426	0.00021920524284354327	0.303828130952869	0.1877392728956249	66.09294692586533
5.7393655002781685	0.007	0.005	0.22275835581401052	0.00021657541434045078	0.3078683932144872	0.18938793809967838	65.53708315982232
5.854686615102831	0.007	0.005	0.22087505861080306	0.0002139892969279583	0.3118615106880972	0.19099164819951697	64.98300380791544
5.970611422047782	0.007	0.005	0.21899794980492232	0.0002114456479955231	0.3158075522309745	0.1925509979315146	64.43074512625344
6.087137084752699	0.007	0.005	0.2171271882932083	0.00020894329711035317	0.31970652050452236	0.19406654253938332	63.88035386340999
6.204258585424496	0.007	0.005	0.21526296418340654	0.00020648114023673233	0.32355836426054824	0.19553880518845992	63.33188595042793
6.321968925675227	0.007	0.005	0.21340549415639723	0.00020405813386162173	0.32736299049264844	0.19696828390524035	62.78540513635419
6.440259303020099	0.007	0.005	0.2115550173893097	0.00020167328999701317	0.3311202749253478	0.19835545748476066	62.240981788791
6.5591192859212155	0.007	0.005	0.2097117916619529	0.00019932567152128604	0.3348300716715662	0.19970079073437577	61.698691748380725
6.678536971249997	0.007	0.005	0.207876089891086	0.00019701438814286807	0.33849222159935627	0.20100473892355272	61.158615309163395
6.798499171320352	0.007	0.005	0.2060481963596248	0.0001947385920405704	0.34210656090739544	0.2022677520109451	60.62083610918272
6.91899159090081	0.007	0.005	0.20422840326284697	0.00019249747396464373	0.345672928662019	0.20349027820779383	60.08544011435509
7.039998961365952	0.007	0.005	0.2024170080501094	0.0001902902603427065	0.34919117241407305	0.20467276662401188	59.55251483638438
7.161505243675415	0.007	0.005	0.20061430987101078	0.00018811620930529282	0.35266115523752506	0.20581567016794597	59.0221482871974
7.2834937716698676	0.007	0.005	0.19882060706950636	0.0001859746080003185	0.3560827603948947	0.2069194474127528	58.49442824169503
7.40594740712038	0.007	0.005	0.1970361946323876	0.00018386476983315276	0.35945589581946064	0.2079845642169372	57.969441487076935
7.528848690077508	0.007	0.005	0.19526136183762777	0.000181786031923604	0.36278049795560313	0.2090114949594289	57.44727313096786
7.652179943048742	0.007	0.005	0.19349639068696003	0.0001797377534388595	0.3660565339064433	0.21000072309821366	56.928006140271535
7.775923459299626	0.007	0.005	0.19174155323931827	0.00017771931261195332	0.369284005434614	0.21095274216078094	56.411720556649726
7.900061545638425	0.007	0.005	0.18999711113133255	0.00017573010623078453	0.37246294872970553	0.2118680553374397	55.89849335544868
8.024576681380786	0.007	0.005	0.18826331352435402	0.00017376954725812976	0.37559343696296843	0.21274717582635294	55.38839784169962
8.149451587986544	0.007	0.005	0.18654039640262196	0.00017183706393518596	0.3786755802407008	0.21359062633125786	54.881503443634
8.27466930740678	0.007	0.005	0.18482858180668876	0.00016993209873683612	0.3817095256155554	0.21439893853576894	54.377875487152124
8.40021325580173	0.007	0.005	0.18312807745768261	0.00016805410769115463	0.3846954563546921	0.21517265234315416	53.87757508527853
8.526067318992093	0.007	0.005	0.18143907586272429	0.00016620255906750375	0.3876335920871169	0.2159123153190589	53.38065887496907
8.65221586451904	0.007	0.005	0.17976175459221372	0.0001643769332894447	0.39052418687330087	0.2166184815778059	52.88717909869083
8.778643786593793	0.007	0.005	0.1780962761305923	0.00016257672231505732	0.3933675280478562	0.21729171088308782	52.39718356051539
8.905336525496429	0.007	0.005	0.17644278808715635	0.00016080142935209893	0.3961639344639004	0.2179325676129995	51.91071568814113
9.032280111643146	0.007	0.005	0.17480142309779603	0.00015905056819612675	0.3989137552958873	0.21854161987279147	51.42781450398467
9.159461116458342	0.007	0.005	0.1731722999403788	0.00015732366380873027	0.4016173668520799	0.21911943819075444	50.9485149533344
9.286866728857664	0.007	0.005	0.17155552302131266	0.00015562025113540417	0.40427517218063047	0.2196665948729758	50.47284775329368
9.414484713145304	0.007	0.005	0.1699511833932961	0.0001539398755089123	0.4068875981694344	0.2201836628370517	50.000839692210185
9.542303399806762	0.007	0.005	0.16835935932759033	0.00015228209254930592	0.40945509347923287	0.22067121468596057	49.532513798042345
9.67031169259646	0.007	0.005	0.16678011667200807	0.00015064646782342276	0.41197812689271135	0.22112982190430416	49.067889443682034
9.798499032591568	0.007	0.005	0.1652135097294089	0.00014903257702488965	0.4144571848986089	0.22156005395551845	48.60698260541469
9.926855438084326	0.007	0.005	0.16365958118961776	0.00014744000517818255	0.4168927708533571	0.22196247770414945	48.149805842888455
10.055371399357734	0.007	0.005	0.16211836381283115	0.00014586834761798166	0.4192854014511363	0.2223376564224594	47.69636879438484
10.184037943021483	0.007	0.005	0.1605898800288082	0.00014431720885026993	0.42163560655318755	0.22268614941482404	47.24667805889751
10.312846559669154	0.007	0.005	0.15907414317283963	0.00014278620307383514	0.4239439265191269	0.22300851127040883	46.80073755976327
10.441789216269518	0.007	0.005	0.1575711576826831	0.00014127495365988908	0.4262109112242924	0.22330529142677122	46.358548602601864
10.570858325511942	0.007	0.005	0.15608091979127398	0.00013978309313927818	0.4284371183735509	0.2235770336639346	45.92011007911615
10.700046723272857	0.007	0.005	0.1546034180997467	0.0001383102630794827	0.43062311206682896	0.22382427567891647	45.4854186356793
10.829347637147409	0.007	0.005	0.15313863422978413	0.00013685611405131001	0.43276946131252925	0.2240475486981064	45.0544688652606
10.958754697503617	0.007	0.005	0.15168654297438328	0.0001354203051190766	0.43487673933408993	0.22424737721034144	44.62725335178144
11.088261879698383	0.007	0.005	0.150247113211045	0.00013400250409397686	0.43694552181125246	0.22442427862206019	44.20376293878259
11.217863480249747	0.007	0.005	0.14882030840028204	0.00013260238739437656	0.43897638579658016	0.22457876303111562	43.78398687608847
11.347554187312607	0.007	0.005	0.14740608604041175	0.000131219638919914	0.4409699101475493	0.22471133313008562	43.36791265940377
11.47732895342333	0.007	0.005	0.14600439928644768	0.00012985395103795158	0.4429266729174529	0.22482248390208526	42.95552650660211
11.607183031212662	0.007	0.005	0.14461519674977302	0.00012850502382741598	0.444847251390196	0.2249127025572153	42.54681329878917
11.73711194023372	0.007	0.005	0.14323842304179507	0.00012717256506156906	0.44673222109295796	0.22498246841428068	42.141756740249306
11.86711146805159	0.007	0.005	0.14187401893508936	0.00012585628984408952	0.44858215537583274	0.22503225283521416	41.74033940585566
11.997177662625287	0.007	0.005	0.14052192161113436	0.0001245559203496671	0.45039762489519125	0.2250625191667375	41.34254281395496
12.127306790096952	0.007	0.005	0.13918206525388582	0.00012327118591052088	0.45217919666511436	0.22507372269743237	40.948347601001785
12.25749531828909	0.007	0.005	0.13785438135369893	0.00012200182284474319	0.4539274335400559	0.22506631065578817	40.55773361097409
12.387740038177503	0.007	0.005	0.13653879761128423	0.0001207475729932753	0.4556428955420992	0.22504072219121335	40.17067957290994
12.518037909296421	0.007	0.005	0.13523523965718456	0.00011950818492325966	0.45732613749154644	0.2249973883723377	39.78716360678927
12.648385887510631	0.007	0.005	0.1339436328522562	0.0001182834151998703	0.4589777066695664	0.2249367323270125	39.407163753248156
12.778781132561422	0.007	0.005	0.1326639002788659	0.00011707302611944794	0.460598145417658	0.2248591692669606	39.03065738257511
12.909220991265387	0.007	0.005	0.1313959630183367	0.00011587678560821946	0.4621879907362384	0.22476510652736797	38.65762127633755
13.039703006577161	0.007	0.005	0.1301397401682686	0.00011469446689576949	0.4637477742281736	0.2246549435997334	38.28803163247738
13.170224900688206	0.007	0.005	0.12889514910850067	0.00011352584843481852	0.4652780217420957	0.22452907218830614	37.92186414355913
13.300784497522995	0.007	0.005	0.12766210632466599	0.00011237071434570123	0.46677925236193774	0.22438787635100582	37.55909423906556
13.431379748920124	0.007	0.005	0.1264405272221691	0.00011122885394246058	0.4682519786683687	0.2242317325657385	37.1996970306687
13.562008682947827	0.007	0.005	0.12523032667054596	0.00011010006194391799	0.4696967061202778	0.22406100988487965	36.843647472383935
13.692669490626809	0.007	0.005	0.12403141825472341	0.0001089841375157159	0.47111393399638085	0.22387606992014264	36.49092014028616
13.82336046556252	0.007	0.005	0.12284371490094191	0.00010788088458464297	0.4725041546840552	0.22367726700294854	36.1414894166595
13.954079969470245	0.007	0.005	0.12166712923714854	0.00010679011191802454	0.4738678533186593	0.2234649483401789	35.79532959602833
14.084826458278718	0.007	0.005	0.12050157339676859	0.00010571163270865998	0.47520550808331546	0.22323945408240126	35.452414827425116
14.21559851691196	0.007	0.005	0.11934695875854254	0.00010464526411685726	0.4765175905675102	0.22300111735888523	35.11271903784874
14.346394746804863	0.007	0.005	0.11820319698424248	0.00010359082799500739	0.47780456465519383	0.22275026458157718	34.77621623756812
14.477213852613863	0.007	0.005	0.11707019928152008	0.00010254815001776458	0.47906688744956666	0.22248721540175426	34.442880303246476
14.608054616327172	0.007	0.005	0.11594787667063541	0.00010151705973061269	0.48030500904641904	0.2222122828583066	34.112685056415344
14.73891588868181	0.007	0.005	0.11483614009082109	0.00010049739046203378	0.48151937249901583	0.2219257735005079	33.78560429476733
14.869796589236786	0.007	0.005	0.1137349004289819	9.948897917470161e-5	0.48271041387291985	0.22162798749381904	33.461611800599805
15.000695706440508	0.007	0.005	0.11264406854759133	9.849166632463759e-5	0.4838785623028571	0.22131921872415344	33.140681349022195
15.131612263007092	0.007	0.005	0.11156355559669286	9.750529598109111e-5	0.4850242397509106	0.22099975498669497	32.82278679974912
15.262545324628936	0.007	0.005	0.11049327295614021	9.652971562336554e-5	0.4861478611697604	0.22066987807864782	32.50790208010707
15.393494026038569	0.007	0.005	0.10943313204168786	9.556477582538399e-5	0.4872498348019846	0.22032986383983297	32.19600112798477
15.52445756238417	0.007	0.005	0.10838304439941582	9.461033020419281e-5	0.48833056217109305	0.2199799822735564	31.887057919613518
15.655435145895398	0.007	0.005	0.10734292206968853	9.36662356121629e-5	0.4893904378042105	0.21962049776646878	31.58104657664667
15.786426023257079	0.007	0.005	0.10631267745552149	9.273235189591843e-5	0.49042984947327223	0.21925166915209238	31.277941327432167
15.91742952769721	0.007	0.005	0.10529222292945516	9.180854143285444e-5	0.49144917868682186	0.2188737496632211	30.97771639135181
16.0	0.007	0.005	0.10465407693917818	9.122792057810895e-5	0.49208145781833706	0.21863101525649997	30.78996932938388
