0.0	0.007	0.005	0.0	0.0	0.0	0.0	100.0
0.006616897333609629	0.007	0.005	0.016867067011801636	6.308817507368202e-5	1.3503328957708825e-5	4.9414699366395625e-5	99.93670283731203
0.011655778589744259	0.007	0.005	0.029131773002022472	0.00010298980605052849	4.133812746754281e-5	0.00014568766762329896	99.88852783167827
0.018884909033835003	0.007	0.005	0.0458940156534476	0.00015015349973177222	0.00010645130511282365	0.00035621964958106826	99.8194531645794
0.02611428911534238	0.007	0.005	0.061723018066993485	0.00018761906664364528	0.00019971333484427174	0.000636114582060871	99.75042388100015
0.03464451343747172	0.007	0.005	0.07926905747406099	0.00022199210250451243	0.0003437626323617034	0.0010360800189965827	99.66903495889436
0.04371669588223166	0.007	0.005	0.09667022414769838	0.00024947978155888883	0.0005347178990535231	0.0015247348728282557	99.58254795271972
0.05379022120661221	0.007	0.005	0.11457651831466253	0.0002717148233073146	0.0007890291078146554	0.0021235930497029766	99.48660286411635
0.06462516845258365	0.007	0.005	0.1322984305582006	0.0002884439950288264	0.0011083145702005647	0.00281465345070883	99.38350881072336
0.07637696760017613	0.007	0.005	0.14986498976142515	0.00030060459762232126	0.0015036303498405178	0.0036014616738342213	99.27181172270316
0.0889739109622052	0.007	0.005	0.16694988098292216	0.0003089415492076242	0.00197878403918471	0.0044725918174753024	99.15222120886114
0.10251640536543577	0.007	0.005	0.18349246264197483	0.00031439294306893797	0.0025430369190073293	0.005428490257042271	99.0238146887658
0.11702762471227962	0.007	0.005	0.19933066147686349	0.0003177306259853005	0.0032025417985227737	0.006465186558387998	98.88640751756385
0.13253762760067905	0.007	0.005	0.21433134652251884	0.00031959179924170145	0.00396302957202734	0.007580098565401948	98.7397536336674
0.1490039726527166	0.007	0.005	0.22832569647524703	0.00032045986283645717	0.004825565542234264	0.008766334818734362	98.58429513281965
0.166377182934351	0.007	0.005	0.24119443999706536	0.0003206907243401733	0.0057891437551847785	0.010017322706422168	98.42054027299352
0.18460564757334225	0.007	0.005	0.2528688457620125	0.0003205294006568674	0.0068510610307253896	0.011327070429894058	98.24901644742737
0.20365820110329677	0.007	0.005	0.26333589077446506	0.00032013437581017895	0.008008523245408253	0.012691632495187236	98.0700577117291
0.22351673893148996	0.007	0.005	0.27261915152816324	0.00031960226861200573	0.009258640596065987	0.014108399451260497	97.88387538297253
0.2441772223515368	0.007	0.005	0.2807684317626734	0.0003189888140449854	0.010598808287781071	0.015576014498219926	97.69054961897457
0.2656454313877623	0.007	0.005	0.2878492962265508	0.00031832437169783086	0.012026682972379164	0.01709395178457374	97.49007024799403
0.28793663163568634	0.007	0.005	0.29393685971516353	0.00031762428121028663	0.013540332351397457	0.018662409125286997	97.28234080126444
0.31107414209390993	0.007	0.005	0.29911076359507205	0.0003168954050210014	0.015138263708911175	0.02028214849062112	97.06719281333855
0.33508919911679574	0.007	0.005	0.3034518391759629	0.0003161400031282699	0.016819499733349643	0.021954445472363453	96.84438802841858
0.36002061098078575	0.007	0.005	0.3070396185559734	0.00031535793746626694	0.01858361143832405	0.023681034190287244	96.61362261395537
0.3859149086500421	0.007	0.005	0.3099506488261751	0.0003145478494177535	0.020430762823163976	0.025464092167742244	96.37452684486341
0.4128265399688744	0.007	0.005	0.3122573252068098	0.00031370775586034814	0.02236174107162707	0.02730622994665538	96.12666450709382
0.44081836836543	0.007	0.005	0.3140271487187756	0.00031283531904498886	0.024377994223871543	0.029210501096903166	95.86952964442636
0.46996231564761043	0.007	0.005	0.31532227761094256	0.00031192794834881553	0.026481667502816067	0.031180419648140334	95.60254218469774
0.5003402738082046	0.007	0.005	0.31619930306567995	0.00031098281461651613	0.028675648806251803	0.03321999194547494	95.32504135545472
0.5320452523756383	0.007	0.005	0.31670918202427817	0.0003099968226207738	0.03096362176356457	0.03533375907992806	95.03627727454894
0.5651828442196413	0.007	0.005	0.31689728278869517	0.0003089665611513319	0.03335013237659053	0.03752685379595304	94.73540005144733
0.5998730286451105	0.007	0.005	0.31680350679565955	0.00030788824039783746	0.03584066992700205	0.03980507110071525	94.42144634811406
0.6362527825154523	0.007	0.005	0.31646245568617315	0.00030675760637573527	0.038441794373881275	0.04217498076334809	94.09331930428131
0.6744786876588418	0.007	0.005	0.31590362522625287	0.00030556985936892666	0.04116124943107297	0.04464402492635196	93.7497693858989
0.7147295380082587	0.007	0.005	0.3151516330472034	0.0003043195770224752	0.04400805957783833	0.04722059903929294	93.38937625824181
0.7572115817405609	0.007	0.005	0.3142264156843052	0.00030300056083393994	0.046992793516287754	0.049914280042805834	93.01050838653634
0.8021632970575671	0.007	0.005	0.31314342698545194	0.00030160570335633746	0.050127766466717946	0.052735993398770886	92.61128873838456
0.8498623398976793	0.007	0.005	0.31191379331327146	0.0003001267956901567	0.053427359831950946	0.055698279112013416	92.1895435189008
0.9006336272912039	0.007	0.005	0.31054443888009187	0.00029855430988125594	0.05690837281653136	0.05881557688809755	91.74274406943941
0.9548595421822591	0.007	0.005	0.3090381583430458	0.00029687712926499505	0.0605904592384396	0.06210457526879446	91.26793426318307
1.0129916307274043	0.007	0.005	0.3073936544655012	0.0002950822515031297	0.06449658632235346	0.06558456406514303	90.76165035952393
1.0755620873350673	0.007	0.005	0.30560559469138104	0.0002931545240337171	0.06865338028148038	0.0692776655029974	90.21984967950638
1.1431871365554642	0.007	0.005	0.3036649180113424	0.00029107666292156056	0.07309082665386019	0.07320846992225383	89.63791718150091
1.216535488989854	0.007	0.005	0.3015601589367677	0.00028883038046833854	0.07783963026953479	0.07740158820711458	89.01097679473176
1.2961839067436454	0.007	0.005	0.29928197175793597	0.00028640097292104995	0.08292152212551267	0.08187303051573826	88.33515203456582
1.382220470654802	0.007	0.005	0.2968346224812323	0.00028378945670469034	0.08832469091029345	0.08660875773575137	87.61088714134199
1.4738119166423818	0.007	0.005	0.29424786504426353	0.00028102532693552	0.0939797152511049	0.09154426975726002	86.84638527665513
1.5696735204504217	0.007	0.005	0.2915628072280896	0.00027815157596301093	0.09979305248856522	0.09659483236737898	86.05338489408511
1.6689045266625853	0.007	0.005	0.2888082364148758	0.0002751991544230428	0.10569926555988716	0.10170121785036669	85.24013800830298
1.7709511363640567	0.007	0.005	0.28600218418061196	0.00027218822674594285	0.11165701504046636	0.10682584300337937	84.41183093579178
1.8754247309425673	0.007	0.005	0.28315741751437545	0.0002691337217488169	0.11763690066264211	0.11194196163328889	83.57216186590826
1.9820226921176323	0.007	0.005	0.28028386677800543	0.0002660477189401427	0.12361616361724745	0.11702895563925822	82.72402729626808
2.0905007443388826	0.007	0.005	0.27738952451442056	0.00026294027475372376	0.12957670402956645	0.12207054527171864	81.86976983857701
2.2006583803142896	0.007	0.005	0.2744809327879446	0.00025981985878800994	0.13550397115443102	0.12705377287590042	81.0113127942252
2.3123202961238	0.007	0.005	0.27156373770978093	0.00025669389511075315	0.1413857389378311	0.13196791367493435	80.15031917091929
2.4253190802054743	0.007	0.005	0.26864317456973225	0.00025356924785326096	0.1472110684453454	0.13680357204859966	79.28833262420119
2.53948021781859	0.007	0.005	0.2657244623189088	0.0002504526193223093	0.15296949946555977	0.14155199506386268	78.42689283900894
2.654611874598398	0.007	0.005	0.26281305181741454	0.00024735079634207634	0.15865057081303136	0.14620467856226368	77.56760832144765
2.7705021808651096	0.007	0.005	0.2599146706476472	0.0002442706828520802	0.16424375914466108	0.1507533274337256	76.71216941258369
2.886926703908267	0.007	0.005	0.2570351137928472	0.00024121906726998077	0.169738902447475	0.15519020713513798	75.86228641553228
3.00366643012764	0.007	0.005	0.25417979243680155	0.00023820214251260948	0.17512704748051738	0.15950881777524084	75.01955638650033
3.120532518359698	0.007	0.005	0.2513531506385959	0.0002352248998145047	0.18040148279175164	0.1637046832020645	74.1852909530409
3.2373893227429846	0.007	0.005	0.24855816370920839	0.00023229062398696996	0.18555854819344994	0.16777592438462363	73.36036825596621
3.354165505552921	0.007	0.005	0.24579615259746554	0.0002294007330658899	0.19059781105093554	0.17172330617598258	72.54517816359461
3.47084699082587	0.007	0.005	0.24306703588843	0.00022655508073068985	0.19552143956488047	0.1755496530618399	71.7396966462752
3.5874534469849	0.007	0.005	0.24036994676992066	0.00022375263401352137	0.20033296474669587	0.1792588164447313	70.94366786966164
3.704007671208692	0.007	0.005	0.23770397280508354	0.00022099226503334874	0.20503590522684342	0.18285458244349875	70.15682253370558
3.820510226747907	0.007	0.005	0.23506872972044227	0.00021827335460226652	0.20963276951459786	0.18633991645660955	69.37904722248823
3.936929022712243	0.007	0.005	0.23246456475936456	0.0002155960012697714	0.21412476034847908	0.18971677222303387	68.6104444226768
4.0532070513240095	0.007	0.005	0.22989234619379395	0.0002129608007174217	0.2185122024888655	0.19298645044785973	67.8512703992323
4.169283380183097	0.007	0.005	0.22735297723183676	0.00021036834705529485	0.2227954063871188	0.19615026242849176	67.10179172830621
4.285116194231778	0.007	0.005	0.22484689721307224	0.00020781873022622334	0.22697549671970102	0.19921013445609917	66.36213807819264
4.400696158309444	0.007	0.005	0.22237382168995737	0.00020531128491497411	0.2310547939186869	0.20216885611147434	65.63222549600009
4.5160442298595855	0.007	0.005	0.21993282757319363	0.00020284469272069633	0.235036609361324	0.20502989296418575	64.91178153776644
4.631196820672355	0.007	0.005	0.21752269706365168	0.0002004173427916241	0.2389246371333	0.207796920844991	64.2004467777892
4.746187249750714	0.007	0.005	0.21514231633078867	0.00019802774019284444	0.24272229758342861	0.2104733506228815	63.4978924760359
4.861032766315387	0.007	0.005	0.21279093511932431	0.00019567476684794445	0.2464323417800847	0.21306206132528774	62.80389719941086
4.975731974962751	0.007	0.005	0.2104681997284099	0.00019335771090127945	0.2500568341270745	0.2155654102459621	62.118356555348065
5.09027173588988	0.007	0.005	0.20817399453670205	0.00019107610452326283	0.2535974309940007	0.2179854458398878	61.44123641894012
5.204638156962259	0.007	0.005	0.2059082126462123	0.0001888294938623652	0.2570557496554201	0.22032417001135593	60.772505239922516
5.3188255881583935	0.007	0.005	0.20367058005404853	0.00018661726566405567	0.2604336332217694	0.22258371538740643	60.11208214807652
5.432839692480809	0.007	0.005	0.20146060545309946	0.00018443860063908555	0.2637332116664135	0.22476637663268564	59.459822137219
5.546694661436558	0.007	0.005	0.1992776452064326	0.00018229254087893617	0.26695678932796674	0.22687452583533302	58.815535241984534
5.660407352225564	0.007	0.005	0.19712102250233815	0.00018017810930445757	0.2701066606036508	0.2289104864734687	58.17902170568229
5.773991894298216	0.007	0.005	0.19499013026830206	0.00017809441121866766	0.27318496072829895	0.23087643791567158	57.55010235470345
5.887457116555885	0.007	0.005	0.19288447542141535	0.00017604067684280086	0.27619360965303885	0.23277438526830144	56.92863165874943
6.000807036315245	0.007	0.005	0.19080366425618706	0.0001740162457047254	0.2791343425463518	0.23460618569596325	56.31449341813734
6.114043291564996	0.007	0.005	0.18874735350917216	0.00017202051776374342	0.28200878633744925	0.2363736016676958	55.70758632083474
6.227167717702166	0.007	0.005	0.18671520185369997	0.00017005290557888268	0.28481853094441834	0.23807834748258985	55.10780962643599
6.340183939533334	0.007	0.005	0.18470684185537145	0.0001681128069127001	0.2875651681769682	0.23972211316061315	54.5150548890046
6.453097476897818	0.007	0.005	0.18272187972587903	0.00016619960455778988	0.29025029073974806	0.2413065630001784	53.92920588441491
6.565914917482146	0.007	0.005	0.180759911273207	0.00016431268177770917	0.2928754697189372	0.24283332170687658	53.35014331795263
6.678642832680253	0.007	0.005	0.1788205412690697	0.00016245144082961777	0.2954422290093218	0.24430395989676296	52.7777505404917
6.791286996003597	0.007	0.005	0.17690339647166248	0.0001606153151446855	0.29795202967616397	0.24571998649589835	52.211917392076664
6.903852132972857	0.007	0.005	0.1750081289028232	0.00015880377199584283	0.30040626793815906	0.24708284951583037	51.652541169156216
7.01634211815594	0.007	0.005	0.17313441147750228	0.00015701630779589685	0.3028062831038562	0.24839394239960755	51.09952533464893
7.128760394456505	0.007	0.005	0.1712819302360592	0.0001552524401908305	0.3051533693574466	0.24965461205588876	50.55277722535477
7.241110309125304	0.007	0.005	0.1694503783965973	0.0001535117019759648	0.3074487845824932	0.25086616474697854	50.012206296539354
7.353395285210322	0.007	0.005	0.16763945341190567	0.00015179363794253078	0.30969375496156953	0.2520298693485355	49.47772325330896
7.4656187919699155	0.007	0.005	0.16584885739828586	0.00015009780497182677	0.31188947520446625	0.2531469581685257	48.94924017717606
7.577784248562142	0.007	0.005	0.16407829858197823	0.00014842377310022187	0.31403710756650877	0.254218627176156	48.426670952962894
7.689894935393833	0.007	0.005	0.1623274925307204	0.0001467711263745904	0.31613778121976627	0.25524603648346805	47.90993163228815
7.801953868560426	0.007	0.005	0.16059616386799308	0.00014513946416558132	0.31819259113035	0.25623031065890495	47.398940939515704
7.913963830222192	0.007	0.005	0.15888404549899018	0.00014352840011617804	0.3202025999506819	0.2571725405400532	46.893620043304715
8.02592737662021	0.007	0.005	0.157190878211645	0.00014193756146224716	0.322168839395049	0.25807378473064074	46.393892438854834
8.137846897889245	0.007	0.005	0.15551640952265292	0.0001403665876516327	0.324092312425162	0.25893507140345	45.89968360731733
8.249724699936728	0.007	0.005	0.15386039226313783	0.00013881512873505366	0.32597399562304946	0.2597574000765959	45.41092059836338
8.361562960280306	0.007	0.005	0.15222258508312259	0.00013728284558861846	0.32781483929675875	0.2605417423108148	44.92753217907544
8.473363757957854	0.007	0.005	0.15060275185104322	0.00013576940910006016	0.32961576882929	0.26128904293597355	44.44944865671745
8.585129066371092	0.007	0.005	0.1490006616138791	0.00013427449989658312	0.3313776853553462	0.2620002209471698	43.9766018669676
8.696860760917389	0.007	0.005	0.1474160883459029	0.00013279780788318305	0.3331014666496005	0.2626761704632287	43.50892509976368
8.808560589616436	0.007	0.005	0.14584881122456975	0.00013133903228745113	0.3347879674191924	0.26331776142715674	43.0463531807296
8.92023019551468	0.007	0.005	0.14429861416884027	0.00012989788101863407	0.33643802038302567	0.26392584059820956	42.588822334914816
9.031871139043826	0.007	0.005	0.14276528540200156	0.00012847407006077327	0.3380524372802311	0.2645012324687107	42.13627005776337
9.143484905558756	0.007	0.005	0.14124861723776913	0.0001270673230858095	0.33963200960530776	0.265044740040694	41.68863505198336
9.25507287591396	0.007	0.005	0.13974840637002897	0.00012567737154785673	0.3411775088016095	0.2655571453967434	41.24585731306253
9.366636356156992	0.007	0.005	0.1382644533579886	0.00012430395403022638	0.342689687278952	0.2660392105389435	40.80787797731366
9.478176585023846	0.007	0.005	0.13679656243016572	0.00012294681590059228	0.34416927906672745	0.2664916780656759	40.374639264023386
9.589694741419041	0.007	0.005	0.1353445412973059	0.0001216057089824142	0.3456170004355893	0.26691527181247615	39.946084420235685
9.701191929733614	0.007	0.005	0.13390820125769415	0.0001202803915072088	0.3470335502110072	0.2673106973831543	39.52215775183416
9.81266918731431	0.007	0.005	0.1324873570116905	0.0001189706278013618	0.3484196103669034	0.2676786427516596	39.10280456880336
9.92412750668048	0.007	0.005	0.13108182629960982	0.00011767618781497148	0.349775846768333	0.26801977887520173	38.6879710783512
10.035567828201103	0.007	0.005	0.1296914299260135	0.00011639684701840061	0.3511029095164354	0.268334760176435	38.27760439207854
10.14699102539527	0.007	0.005	0.1283159918703453	0.00011513238638495247	0.3524014332062892	0.2686242249999037	37.87165255863268
10.258397941878615	0.007	0.005	0.12695533876034207	0.00011388259178483723	0.35367203777591577	0.26888879618768874	37.47006440828794
10.369789369271082	0.007	0.005	0.1256093000855588	0.00011264725407525158	0.35491532863602654	0.26912908146859527	37.07278961596601
10.481166054617397	0.007	0.005	0.12427770804416141	0.0001114261688533932	0.35613189713930454	0.26934567391534137	36.679778656018016
10.592528685676585	0.007	0.005	0.12296039765728323	0.00011021913646361983	0.35732232079342074	0.26953915234113685	36.290982835976074
10.70387792783157	0.007	0.005	0.12165720627281466	0.00010902596144095529	0.35848716401718056	0.2697100817738858	35.90635415009983
10.815214416738922	0.007	0.005	0.12036797360793063	0.0001078464524609528	0.3596269783877397	0.2698590138176117	35.52584529192832
10.926538750981186	0.007	0.005	0.11909254178706975	0.00010668042228929833	0.36074230288868553	0.26998648701080213	35.149409665489216
11.037851492092445	0.007	0.005	0.11783075529244301	0.00010552768765397485	0.36183366423001734	0.2700930271877438	34.777001370691764
11.149153186693463	0.007	0.005	0.11658246066901964	0.00010438806889322483	0.36290157736876955	0.2701791478433041	34.408575116255236
11.260444337026213	0.007	0.005	0.11534750681583877	0.0001032613901519461	0.3639465455144964	0.27024535043685	34.04408630568773
11.371725415715629	0.007	0.005	0.11412574477429899	0.00010214747911409139	0.3649690605647275	0.270292124732084	33.68349097480121
11.482996880523338	0.007	0.005	0.11291702752795801	0.00010104616674931361	0.36596960351428276	0.2703199491110679	33.32674573262356
11.594259159622343	0.007	0.005	0.11172121012848903	9.995728736551815e-5	0.3669486445834888	0.27032929086404495	32.973807798573866
11.705512651611592	0.007	0.005	0.11053814965631452	9.888067851083283e-5	0.3679066434819069	0.27032060648271566	32.62463499084375
11.816757821299422	0.007	0.005	0.10936770417983323	9.781617994980782e-5	0.3688440504631268	0.2702943419145305	32.27918541921974
11.927995089193299	0.007	0.005	0.10820973391524324	9.67636346834594e-5	0.36976130558718373	0.2702509328169072	31.937417827397727
12.039224728393705	0.007	0.005	0.1070641022369324	9.57228898321657e-5	0.3706588381566676	0.2701908049024075	31.59929189119335
12.150446989849259	0.007	0.005	0.10593067430705659	9.469379531375207e-5	0.3715370680348869	0.27011437419116785	31.264767814070694
12.261662161284367	0.007	0.005	0.1048093164538076	9.367620321881507e-5	0.37239640631825255	0.27002204720266154	30.933806143641867
12.372870537733801	0.007	0.005	0.10369989646496404	9.266996803663558e-5	0.3732372552838183	0.26991422118346253	30.606367858306854
12.484072406814915	0.007	0.005	0.10260228371778776	9.16749467312898e-5	0.3740600084705593	0.2697912843376934	30.282414405591567
12.595268048731576	0.007	0.005	0.10151634915674679	9.069099867866959e-5	0.3748650508760414	0.2696536160446507	29.961907695572812
12.706457736277912	0.007	0.005	0.10044196527160021	8.971798560571276e-5	0.3756527591484333	0.2695015870706505	29.644810094410385
12.817641705389702	0.007	0.005	0.09937900635591912	8.875577179122124e-5	0.37642350157202425	0.26933555982106	29.331084500647677
12.928820184604156	0.007	0.005	0.09832734819390451	8.780422373878164e-5	0.37717763846962576	0.26915588850958916	29.02069425277809
13.0399933877004	0.007	0.005	0.09728686810838226	8.686321018592774e-5	0.3779155223320486	0.2689629193661302	28.71360314341045
13.151161498979414	0.007	0.005	0.0962574450725731	8.593260217394924e-5	0.37863749790237006	0.2687569908586662	28.409775452257104
13.262324717440627	0.007	0.005	0.09523895927694002	8.501227261440191e-5	0.3793439026382373	0.2685384338007861	28.10917581829182
13.373483234696142	0.007	0.005	0.09423129231973998	8.410209643474959e-5	0.3800350667258316	0.26830757156569734	27.81176929598979
13.48463722025068	0.007	0.005	0.09323432731918306	8.320195065278088e-5	0.3807113131528414	0.2680647202942108	27.517521388430787
13.595786843588508	0.007	0.005	0.09224794869265564	8.231171414386947e-5	0.38137295800585924	0.2678101890212303	27.22639798213819
13.706932259453025	0.007	0.005	0.09127204227030677	8.143126771921525e-5	0.3820203105346287	0.26754427987378654	26.938365380603386
13.818073629930616	0.007	0.005	0.09030649508261246	8.056049390316696e-5	0.3826536734314674	0.2672672881803301	26.653390241586646
13.929211087649875	0.007	0.005	0.08935119566391198	7.969927718979752e-5	0.38327334276604214	0.26697950271819393	26.371439666703946
14.040344757865714	0.007	0.005	0.08840603383789702	7.88475038205264e-5	0.38387960826137096	0.2666812058174922	26.09248113811548
14.151474773179995	0.007	0.005	0.08747090057718646	7.800506163128992e-5	0.3844727535113461	0.2663726734690461	25.81648247708003
14.262601273541048	0.007	0.005	0.08654568799290298	7.717184002110931e-5	0.3850530561089222	0.26605417546357496	25.54341184087853
14.37372436208827	0.007	0.005	0.08563028968610961	7.634773025724083e-5	0.3856207875485702	0.2657259756600526	25.27323782653846
14.48484414931061	0.007	0.005	0.08472460036035524	7.553262509608201e-5	0.38617621359178056	0.2653883320012524	25.005929356478944
14.595960730969793	0.007	0.005	0.08382851598891482	7.472641891925111e-5	0.38671959427978747	0.26504149671259825	24.741455727870722
14.707074217536436	0.007	0.005	0.0829419335619974	7.392900748080199e-5	0.3872511842015242	0.2646857163417275	24.47978653802624
14.818184704755327	0.007	0.005	0.08206475131142808	7.314028809820039e-5	0.38777123246781736	0.26432123197624974	24.220891750712987
14.929292288363584	0.007	0.005	0.08119686857755368	7.236015951209359e-5	0.3882799829012235	0.2639482793224797	23.964741656871695
15.040397049374926	0.007	0.005	0.08033818591002101	7.158852196387113e-5	0.38877767408380604	0.263567088876422	23.71130690436029
15.151499061439145	0.007	0.005	0.07948860499360767	7.082527711150609e-5	0.38926453950665973	0.2631778860201476	23.460558476063355
15.2625984129159	0.007	0.005	0.07864802846719682	7.007032784660185e-5	0.3897408077748325	0.2627808910588811	23.212467636463717
15.373695177443624	0.007	0.005	0.07781636013704066	6.932357847839346e-5	0.3902067025838679	0.2623763194355873	22.967005994585747
15.484789421298341	0.007	0.005	0.07699350490501462	6.85849346536285e-5	0.39066244285973767	0.2619643818173639	22.72414548282015
15.595881218108765	0.007	0.005	0.07617936864700556	6.785430323048829e-5	0.39110824292142243	0.2615452841481248	22.483858321030844
15.706970626784784	0.007	0.005	0.07537385836364935	6.71315924063612e-5	0.39154431249066635	0.2611192278353907	22.24611706104437
15.818057713589377	0.007	0.005	0.07457688200598679	6.641671154371752e-5	0.3919708568786811	0.2606864097695623	22.01089453519321
15.9291425374247	0.007	0.005	0.07378834857115417	6.570957124770423e-5	0.39238807702275624	0.26024702247932213	21.778163884558328
16.0	0.007	0.005	0.07328972912414015	6.526619755004535e-5	0.3926494324547753	0.2599633959970668	21.630999511816903
