0.0	0.007	0.005	0.0	0.0	0.0	0.0	100.0
0.0006639243616904388	0.007	0.005	0.002940031419109011	0.0002896594146117462	2.3809235831523052e-7	1.2227362457722797e-5	99.99303992626496
0.0009563303282000952	0.007	0.005	0.004228495569097847	0.00037281881201907255	4.934844508611222e-7	2.352441820392927e-5	99.98997472006616
0.0014760175698857834	0.007	0.005	0.006508867097585387	0.0004771687888346785	1.1733844053912127e-6	4.938393409118161e-5	99.98452722264966
0.0019079356212847887	0.007	0.005	0.008394810175589709	0.0005343000760944712	1.9575823045840172e-6	7.481293745935992e-5	99.97999997064295
0.002449873079511563	0.007	0.005	0.01074926505729807	0.0005813438314927948	3.2214135464858623e-6	0.00010999524834458843	99.9743198139648
0.002993808555288028	0.007	0.005	0.013099172515464691	0.0006107513701729924	4.801442754592738e-6	0.00014767324290340282	99.96861904015164
0.003613555183733391	0.007	0.005	0.015760541205803027	0.0006309713931291665	6.979783350827783e-6	0.0001923652747423371	99.96212411564932
0.004275602407804029	0.007	0.005	0.018584783153217654	0.0006433302555301246	9.748823422200722e-6	0.0002413308928149109	99.95518634843864
0.005014434763418009	0.007	0.005	0.02171383950209261	0.0006508238886122916	1.3374272554842642e-5	0.00029680554568582685	99.94744449812777
0.0058266450514340585	0.007	0.005	0.02512618545507704	0.000655002609196997	1.8006163290080537e-5	0.00035831977297000393	99.93893444951807
0.006737894744787008	0.007	0.005	0.028920659821356644	0.000657194023487718	2.400163902865977e-5	0.00042765455588017313	99.92938756398419
0.007762888047165449	0.007	0.005	0.03314624330965993	0.0006582215605121763	3.1745072030764195e-5	0.0005058191278507751	99.91865011113784
0.008934282862358141	0.007	0.005	0.037920829094931975	0.0006586276079423145	4.187611004402361e-5	0.000595229629424127	99.90638042258105
0.01028895523229337	0.007	0.005	0.043370777073827	0.0006587241260006538	5.527543403075813e-5	0.0006986515457554644	99.89219288551328
0.01188577171654772	0.007	0.005	0.04969755276371282	0.0006586771859592515	7.335424636331747e-5	0.0008205434195908974	99.87547195071136
0.01380817770437057	0.007	0.005	0.05717693144136747	0.0006585615248624567	9.834207793920879e-5	0.0009672425472023615	99.8553453448267
0.016189137808927247	0.007	0.005	0.06623639634745089	0.0006584006406139142	0.00013406964424287542	0.0011488542192450118	99.83042353456632
0.019238606793370763	0.007	0.005	0.07751799536347484	0.0006581906827956057	0.00018735322183659046	0.0013813253392219956	99.7985134419078
0.023257746238203116	0.007	0.005	0.09185280334748791	0.0006579134134435536	0.0002700614493756796	0.0016874902308775521	99.75647215469944
0.028279752938192494	0.007	0.005	0.10894527653983227	0.0006575666692639926	0.00039251327556256445	0.0020696870342771317	99.70396549393526
0.033555130680095	0.007	0.005	0.12596666809197754	0.0006572002560987436	0.0005428613201234325	0.002470732588927295	99.64883952238888
0.03839024423161154	0.007	0.005	0.1407697740012993	0.0006568593837332077	0.0006991743387408334	0.002837918664487347	99.59834093761101
0.042669183692380014	0.007	0.005	0.1532642121162509	0.0006565593885458548	0.0008515311283143003	0.0031625567254564765	99.55367245595988
0.04658782982921948	0.007	0.005	0.16422923507873663	0.0006562922813411403	0.0010020817133748728	0.0034596027554588825	99.5127827037811
0.05037730339402783	0.007	0.005	0.17441614352673598	0.0006560360007567161	0.0011572685433310652	0.0037466242415406213	99.47325679732639
0.05419453278614932	0.007	0.005	0.1842794366224882	0.0006557762371427162	0.0013227453433168781	0.004035517203175643	99.43345725751597
0.058107079516676756	0.007	0.005	0.193990222171239	0.0006555084376502879	0.0015014990927087705	0.004331383692951667	99.3926804367723
0.06211500190886934	0.007	0.005	0.20353555598734516	0.0006552332157147015	0.001693809963304307	0.00463421045281954	99.3509269431699
0.06618057727484249	0.007	0.005	0.2128190163467687	0.0006549536228619291	0.0018979948257498455	0.004941132856070188	99.30859075618326
0.07025970292339533	0.007	0.005	0.2217457802342297	0.000654673055850521	0.002111680524248016	0.005248814767357843	99.2661315965103
0.0743234400566844	0.007	0.005	0.23026852815569154	0.0006543937867132172	0.002332963059769117	0.005555073744047398	99.22385066489021
0.07836318442506907	0.007	0.005	0.23838949792299888	0.0006541165302588038	0.0025608904824817045	0.005859265342121107	99.1818372144578
0.08238441861908911	0.007	0.005	0.24613934444055405	0.0006538408667023702	0.002795305300854842	0.006161806701674962	99.14003393764189
0.08639751934102725	0.007	0.005	0.25355478213487126	0.0006535659668743649	0.003036413146698425	0.006463481298842428	99.09833277929972
0.0904111018153131	0.007	0.005	0.26066546499928306	0.0006532911422320734	0.0032844008240304487	0.006764937716909492	99.056644158814
0.09442939500461874	0.007	0.005	0.2674906184345116	0.0006530160582329036	0.003539244832807072	0.007066493315803595	99.01492417709781
0.0984526669331657	0.007	0.005	0.27404150322025445	0.0006527406955658542	0.003800699078077884	0.007368167503106242	98.9731701075523
0.1024790313731385	0.007	0.005	0.2803256200495967	0.0006524652042955228	0.004068384030142879	0.00766981828991156	98.93140157127239
0.10650625259977752	0.007	0.005	0.28635005777028116	0.0006521897614009568	0.004341894932523724	0.007971278014872052	98.88964177962659
0.11053282672628743	0.007	0.005	0.29212308296487377	0.0006519144858750671	0.004620875922069268	0.00827243429706343	98.84790632092631
0.11455824128131206	0.007	0.005	0.2976542348812845	0.0006516394182494034	0.0049050441578568586	0.008573249193552174	98.80620048764668
0.11858270523145256	0.007	0.005	0.3029536801307676	0.0006513645418928089	0.0051941767709663515	0.008873738735413979	98.76452209349443
0.12260671410691482	0.007	0.005	0.30803148692772014	0.000651089817480085	0.005488082916301309	0.009173940270141989	98.72286598999666
0.12663070949754365	0.007	0.005	0.3128971695499789	0.0006508152100020669	0.005786579395477122	0.009473887000695609	98.68122759537945
0.13065492380210048	0.007	0.005	0.317559551970486	0.0006505407010442743	0.006089477957479604	0.009773596444905993	98.6396044988252
0.1346793879516252	0.007	0.005	0.3220268497118096	0.0006502662881372193	0.006396584247069371	0.010073071076034102	98.59799637606903
0.13870401586367892	0.007	0.005	0.32630682210670636	0.0006499919780521317	0.006707702943981181	0.01037230466293495	98.55640411239982
0.14272869612498237	0.007	0.005	0.33040690309102483	0.0006497177795483513	0.007022644097107968	0.01067128911498849	98.51482885322044
0.14675335010521495	0.007	0.005	0.3343342731436313	0.00064944369878599	0.007341227362069634	0.01097001880175929	98.47327140355732
0.15077794795242186	0.007	0.005	0.3380958776115232	0.0006491697380689435	0.00766328317019809	0.011268491728429588	98.43173206371665
0.15480249766333634	0.007	0.005	0.3416984181991463	0.0006488958967131965	0.007988651776665568	0.011566708710913379	98.39021074308533
0.1588270221601604	0.007	0.005	0.34514833760532254	0.0006486221728590377	0.008317181256719304	0.011864671667511689	98.34870719730439
0.1628515440982623	0.007	0.005	0.34845181570162176	0.0006483485646704017	0.008648726031227103	0.012162382490862331	98.30722118516732
0.1668760760047439	0.007	0.005	0.35161477279876835	0.0006480750711116381	0.008983145777090482	0.012459842319455064	98.26575257020419
0.17090062054498703	0.007	0.005	0.3546428818552055	0.000647801691925057	0.009320305161553796	0.01275705156048359	98.22430131771644
0.17492517345444822	0.007	0.005	0.35754158188153873	0.000647528427398738	0.009660073818928002	0.013054010109170245	98.18286746438525
0.17894972966895364	0.007	0.005	0.360316092380747	0.0006472552778832128	0.010002326625378465	0.013350717802697898	98.14145105504788
0.18297428492393034	0.007	0.005	0.36297142329562865	0.0006469822436655543	0.010346943617894733	0.013647174538211978	98.10005212623328
0.18699883708709455	0.007	0.005	0.36551238415776505	0.0006467093248647319	0.01069380990458469	0.013943380370614928	98.05867069247935
0.19102338669151905	0.007	0.005	0.3679435922260392	0.0006464365213900005	0.011042815517670352	0.014239335551085452	98.01730674090165
0.19504793506988113	0.007	0.005	0.37026947889672596	0.0006461638330878696	0.011393855065516508	0.014535040389217914	97.97596025041503
0.19907248328832203	0.007	0.005	0.3724942965486134	0.0006458912598259589	0.011746827456565107	0.014830495174537316	97.93463120269713
0.20309703187991238	0.007	0.005	0.37462212566082775	0.000645618801513883	0.012101635698361483	0.015125700157040142	97.89331958491796
0.20712158111118759	0.007	0.005	0.3766568819346122	0.0006453464580822522	0.012458186750587215	0.015420655566886553	97.85202538699406
0.21114613098214777	0.007	0.005	0.3786023229671007	0.0006450742294826393	0.01281639136207901	0.01571536161448337	97.81074860158277
0.21517068122625757	0.007	0.005	0.3804620546533324	0.0006448021156875438	0.013176163914583485	0.016009818490566832	97.76948922407647
0.21919523104391073	0.007	0.005	0.38223953721260157	0.0006445301167112418	0.013537422248993626	0.0163040263468084	97.72824725532752
0.2232197804351073	0.007	0.005	0.3839380916553226	0.0006442582325052809	0.013900087641605758	0.016597985393280903	97.68702268798874
0.22724432966638264	0.007	0.005	0.38556090512450303	0.0006439864630003413	0.014264084619905807	0.016891695859323756	97.64581551198756
0.23126887900427212	0.007	0.005	0.38711103617637493	0.0006437148081271609	0.014629340807006558	0.01718515797403353	97.60462571725913
0.2352934281822404	0.007	0.005	0.3885914197772131	0.0006434432678582557	0.014995786746638136	0.017478371927442334	97.5634532991986
0.2393179777333582	0.007	0.005	0.390004872783048	0.000643171842103557	0.01536335590309343	0.01777133796765494	97.5222982450246
0.24334252712455479	0.007	0.005	0.39135409804075144	0.0006429005308564754	0.015731984374933953	0.018064056264955806	97.48116055286349
0.24736707688890092	0.007	0.005	0.39264168972141256	0.0006426293340270185	0.01610161097823781	0.01835652706703127	97.44004020994466
0.2513916264933258	0.007	0.005	0.39387013700345125	0.0006423582516086115	0.016472176944390588	0.018648750543878906	97.39893721439606
0.2554161759378295	0.007	0.005	0.39504182882535277	0.0006420872835529819	0.016843625964093598	0.018940726904109265	97.3578515588987
0.2594407249558766	0.007	0.005	0.39615905768161563	0.0006418164298327043	0.017215904015560658	0.019232456336844277	97.31678323885595
0.26346527381400253	0.007	0.005	0.39722402373391064	0.0006415456903787114	0.017588959344116802	0.019523939069688082	97.27573224423341
0.26748982331181337	0.007	0.005	0.398238838508016	0.000641275065080379	0.01796274237220473	0.01981517536856388	97.23469855957042
0.27151437318277377	0.007	0.005	0.399205528069476	0.0006410045539103849	0.018337205464064817	0.02010616542196881	97.19368218028647
0.2755389226272776	0.007	0.005	0.40012603664215385	0.0006407341568829732	0.01871230289130817	0.020396909379795162	97.15268310722894
0.27956347191186015	0.007	0.005	0.40100223027251547	0.0006404638739291922	0.01908799090211727	0.02068740746888016	97.11170133038036
0.28358802103652153	0.007	0.005	0.4018358996659509	0.0006401937050009138	0.019464227520766802	0.02097765989660592	97.07073684244331
0.28761257000126167	0.007	0.005	0.4026287632890051	0.0006399236500500324	0.01984097249893787	0.02126766687017965	97.02978963612347
0.2916371196056868	0.007	0.005	0.4033824704294812	0.0006396537089661781	0.020218187320243716	0.02155742865418105	96.98885969599925
0.2956616687836553	0.007	0.005	0.4040986034942874	0.0006393838817843633	0.020595834882812532	0.02184694537865714	96.94794702562864
0.29968621780170257	0.007	0.005	0.4047786813045614	0.0006391141684357749	0.020973879734100444	0.02213621726949	96.90705161501526
0.3037107674594348	0.007	0.005	0.40542416148626065	0.0006388445688101694	0.021352287934157048	0.022425244590590115	96.86617344875707
0.30773531669071047	0.007	0.005	0.4060364425658559	0.0006385750829425331	0.02173102677032863	0.022714027471676307	96.82531253040753
0.31175986576206494	0.007	0.005	0.4066168668661404	0.0006383057107641331	0.022110065000671267	0.023002566138059524	96.78446884998293
0.31578441467349816	0.007	0.005	0.40716672251684055	0.0006380364522270047	0.02248937264880385	0.02329086079572684	96.74364240021045
0.3198089642246163	0.007	0.005	0.40768724578347476	0.0006377673072210766	0.022868921051752006	0.023578911707699067	96.70283316571398
0.3238335133492779	0.007	0.005	0.4081796228192207	0.000637498275781295	0.02324868255808648	0.02386671900325868	96.66204115004103
0.32785806231401826	0.007	0.005	0.40864499209956523	0.0006372293578390404	0.02362863078106262	0.02415428290695735	96.62126634322472
0.3318826119184436	0.007	0.005	0.4090844462231044	0.0006369605532843708	0.024008740476946178	0.02444160368115062	96.58050872990837
0.33590716109641233	0.007	0.005	0.4094990335088984	0.0006366918621522003	0.0243889872738406	0.024728681454794687	96.53976831363502
0.3399317101144599	0.007	0.005	0.4098897601318449	0.000636423284373991	0.02476934793098616	0.02501551645187346	96.49904508445037
0.3439562589725862	0.007	0.005	0.4102575916474476	0.000636154819901921	0.025149800146762706	0.02530210887716107	96.45833903510307
0.347980808203862	0.007	0.005	0.41060345470355336	0.0006358864686468738	0.025530322594939064	0.02558845897317205	96.4176501529565
0.35200535727521665	0.007	0.005	0.41092823847303434	0.0006356182306024055	0.025910894735745392	0.02587456690635799	96.37697843615825
0.3560299067197208	0.007	0.005	0.4112327963452343	0.0006353501056794731	0.026291496981293	0.026160432918824417	96.33632387208237
0.36005445600430375	0.007	0.005	0.4115179472007253	0.0006350820938716404	0.026672110459239784	0.026446057176742487	96.29568645887804
0.36407900486243017	0.007	0.005	0.4117844769104873	0.0006348141951518146	0.02705271710552599	0.026731439865131837	96.25506619199874
0.36810355356063534	0.007	0.005	0.4120331396777066	0.0006345464094516485	0.027433299657656975	0.027016581206657106	96.21446306151957
0.37212810209891933	0.007	0.005	0.4122646592608027	0.0006342787367234606	0.02781384154844846	0.027301481404886578	96.17387706021056
0.3761526512768882	0.007	0.005	0.41247973026145285	0.0006340111768577809	0.028194326977440076	0.02758614071975074	96.13330817278614
0.3801772008280066	0.007	0.005	0.41267901919825817	0.0006337437298276253	0.02857474070629484	0.027870559335502493	96.09275639471772
0.3842017499526684	0.007	0.005	0.4128631656813864	0.0006334763956471827	0.02895506808222935	0.0281547373986617	96.05222172684307
0.38822629891740906	0.007	0.005	0.41303278357087914	0.0006332091742482457	0.02933529516322924	0.028438675130955503	96.01170415925819
0.3922508477222285	0.007	0.005	0.41318846194906467	0.0006329420655832297	0.02971540856719215	0.02872237273509529	95.97120368474832
0.3962753963671267	0.007	0.005	0.41333076613326014	0.0006326750696045758	0.03009539547326295	0.029005830413621467	95.93072029610175
0.40029994565170984	0.007	0.005	0.41346023865894405	0.0006324081862030627	0.030475243674399955	0.02928904842515128	95.8902539780716
0.40432449450983643	0.007	0.005	0.41357740011416516	0.0006321414154134413	0.030854941303853127	0.029572026896807446	95.84980473417555
0.40834904320804183	0.007	0.005	0.41368275012939054	0.0006318747571676458	0.031234477116030668	0.029854766049383474	95.80937255453047
0.4123735925459321	0.007	0.005	0.41377676818754594	0.0006316082113565814	0.03161384039067716	0.030137266140842472	95.76895742390874
0.4163981414573658	0.007	0.005	0.41385991438397296	0.0006313417780149719	0.03199302068741158	0.03041952729798634	95.72855934582361
0.42042269020887835	0.007	0.005	0.4139326302850301	0.0006310754570748245	0.03237200812869124	0.030701549741050323	95.68817831040444
0.4244472388004697	0.007	0.005	0.4139953396365738	0.0006308092484887211	0.03275079323119005	0.03098333367138218	95.6478143104608
0.4284717880317459	0.007	0.005	0.41404844909879907	0.0006305431521477388	0.03312936698901946	0.03126487934607538	95.60746733079075
0.4324963368365656	0.007	0.005	0.41409234890080066	0.0006302771680865581	0.03350772060660045	0.0315461868915053	95.5671373749016
0.43652088548146406	0.007	0.005	0.41412741354762195	0.000630011296237305	0.03388584578386273	0.031827256527165004	95.52682443293938
0.440545434499512	0.007	0.005	0.4141540024347093	0.0006297455365116655	0.034263734600698	0.03210808849090641	95.48652849238951
0.44456998335763875	0.007	0.005	0.4141724604501978	0.000629479888903319	0.0346413793773812	0.03238868294598423	95.44624955141748
0.4485945320558443	0.007	0.005	0.41418311857309176	0.0006292143533649602	0.03501877281092003	0.03266904009272956	95.40598760285103
0.4526190805941287	0.007	0.005	0.4141862944293529	0.0006289489298493073	0.035395907911630956	0.03294916013130451	95.36574263952092
0.45664362977209794	0.007	0.005	0.41418229282907865	0.0006286836182477351	0.03577277806520868	0.03322904331728775	95.32551464627005
0.46066817852361064	0.007	0.005	0.41417140628616733	0.0006284184185948549	0.03614937677087296	0.03350868977631173	95.2853036265954
0.46469272711520215	0.007	0.005	0.4141539155134869	0.0006281533308229838	0.03652569792920781	0.033788099726576724	95.24510957067203
0.4687172755468725	0.007	0.005	0.41413008989864486	0.0006278883548849197	0.03690173568105516	0.03406727336757048	95.2049324713428
0.47274182461822767	0.007	0.005	0.41410018795429576	0.0006276234906722009	0.03727748449628696	0.03434621095401007	95.16477231347618
0.4767663732631263	0.007	0.005	0.4140644577764477	0.000627358738219404	0.0376529389145748	0.034624912611105334	95.12462910056324
0.4807909217481038	0.007	0.005	0.4140231374433657	0.0006270940974589537	0.038028093834148693	0.034903378556321245	95.08450282279561
0.4848154708727661	0.007	0.005	0.4139764554198363	0.000626829568282519	0.038402944427305276	0.035181609043730584	95.0443934650609
0.4888400195709719	0.007	0.005	0.41392463097384885	0.0006265651507246437	0.03877748590788514	0.03545960419822722	95.00430103084578
0.4928645681092565	0.007	0.005	0.41386787451304524	0.000626300844717835	0.03915171382049109	0.035737364236726264	94.96422551035428
0.4968891164876199	0.007	0.005	0.4138063879587125	0.0006260366502150272	0.039525623883024504	0.03601488935754079	94.92416689645037
0.5009136655056682	0.007	0.005	0.4137403650717711	0.0006257725671080573	0.0398992120776269	0.03629217981388705	94.88412517404714
0.5049382140972599	0.007	0.005	0.41366999182519565	0.0006255085954314322	0.04027247439550374	0.03656923573023881	94.84410034662537
0.5089627625289305	0.007	0.005	0.4135954466683639	0.0006252447351177677	0.04064540712649247	0.03684605732278021	94.80409240440561
0.5129873113337505	0.007	0.005	0.4135169008441002	0.0006249809860793782	0.0410180067527188	0.037122644825776714	94.76410133496799
0.5170118599786494	0.007	0.005	0.4134345187058957	0.0006247173483100299	0.041390269818421324	0.03739899840002404	94.72412713649187
0.5210364084636271	0.007	0.005	0.4133484579667141	0.000624453821762778	0.04176219307155247	0.037675118242833906	94.68416980185926
0.5250609567886836	0.007	0.005	0.4132588699760873	0.0006241904063906999	0.04213377340805942	0.03795100455135163	94.64422932395516
0.5290855057534248	0.007	0.005	0.4131658999580206	0.0006239271020859212	0.04250500793956356	0.038226657577301475	94.60430568773715
0.5331100542917097	0.007	0.005	0.41306968731894994	0.0006236639088828851	0.042875893741703426	0.03850207744442549	94.56439889667574
0.5371346026700733	0.007	0.005	0.4129703658113328	0.0006234008267143947	0.04324642814371984	0.03877726436763449	94.52450894102034
0.5411591514215863	0.007	0.005	0.4128680637828311	0.0006231378554930058	0.043616608624522976	0.03905221857981388	94.48463580838771
0.5451837000131782	0.007	0.005	0.41276290442847163	0.000622874995212521	0.04398643268505202	0.039326940240813124	94.44477949696255
0.5492082484448488	0.007	0.005	0.4126550059598855	0.0006226122458261315	0.044355897990581	0.03960142954678209	94.40493999964788
0.5532327967165983	0.007	0.005	0.4125444818187706	0.000622349607287056	0.0447250023169078	0.039875686693705205	94.36511730934969
0.5572573453614973	0.007	0.005	0.4124314408541778	0.000622087079507982	0.045093743594654914	0.040149711913682884	94.32531141370559
0.5612818938464751	0.007	0.005	0.4123159875519488	0.0006218246624827338	0.04546211975838761	0.040423505366026395	94.28552231090339
0.5653064421715317	0.007	0.005	0.41219822216781127	0.0006215623561645875	0.04583012888910331	0.04069706724622474	94.24574999385804
0.5693309911362731	0.007	0.005	0.4120782408878559	0.0006213001604460888	0.046197769234338076	0.04097039780388605	94.20599444759046
0.573355539674558	0.007	0.005	0.4119561360712224	0.0006210380753615798	0.04656503896086335	0.04124349716171448	94.16625567555654
0.5773800880529217	0.007	0.005	0.4118319963120628	0.0006207761008441366	0.04693193644331463	0.04151636553281486	94.12653366804675
0.5814046362713643	0.007	0.005	0.411705906636933	0.0006205142368471098	0.047298460114487635	0.04178900311201755	94.086828417988
0.5854291843298857	0.007	0.005	0.41157794864115516	0.0006202524833238731	0.047664608486322896	0.042061410093988595	94.04713991831021
0.5894537330280918	0.007	0.005	0.4114482006012839	0.0006199908401671787	0.048030380219302574	0.042333586727284676	94.00746815406583
0.5934782812998415	0.007	0.005	0.411316737693889	0.0006197293074113237	0.048395773877103046	0.04260553313409426	93.96781312870348
0.59750282941167	0.007	0.005	0.4111836320204803	0.0006194678849895177	0.04876078821442996	0.042877249526624826	93.9281748325341
0.6015273781631832	0.007	0.005	0.4110489527540161	0.0006192065727946444	0.04912542210112412	0.04314873615280436	93.88855325062906
0.6055519264882401	0.007	0.005	0.41091276633697865	0.0006189453708609666	0.04948967430216872	0.04341999313451298	93.84894838643262
0.6095764746533757	0.007	0.005	0.4107751364874991	0.0006186842791217758	0.049853543764970906	0.043691020683421615	93.80936023026798
0.6136010234581961	0.007	0.005	0.4106361243328239	0.0006184232974700791	0.05021702954402574	0.04396181904683113	93.76978876722539
0.6176255718365601	0.007	0.005	0.4104957885962828	0.0006181624259401141	0.05058013058193028	0.044232388346314065	93.73023400074474
0.6216501200550029	0.007	0.005	0.4103541855868171	0.0006179016644652506	0.05094284599606233	0.04450272879300615	93.69069592116148
0.6256746681135245	0.007	0.005	0.41021136934940805	0.0006176410129990581	0.05130517493181576	0.04477284057993795	93.65117452143525
0.6296992160121249	0.007	0.005	0.41006739174761425	0.0006173804714951212	0.05166711658455004	0.04504272389997721	93.61166979452871
0.63372376455041	0.007	0.005	0.40992230252263767	0.0006171200398466512	0.052028670269336996	0.045312378999383056	93.57218172556352
0.6377483134618447	0.007	0.005	0.4097761494447344	0.000616859718027463	0.05238983525126605	0.04558180605272589	93.53271031013175
0.6417728619468228	0.007	0.005	0.40962897837610696	0.000616599506051604	0.05275061079183445	0.045851005198831916	93.49325554904884
0.6457974100053445	0.007	0.005	0.409480833300064	0.0006163394038727156	0.05311099626667009	0.046119976629964414	93.45381743528598
0.649821957903945	0.007	0.005	0.4093317564144729	0.0006160794114243598	0.05347099111575244	0.04638872055601549	93.41439595920711
0.6538465056426245	0.007	0.005	0.4091817882230191	0.000615819528660239	0.05383059479401351	0.04665723716887901	93.37499111379266
0.6578710540209887	0.007	0.005	0.4090309675641812	0.0006155597554738118	0.0541898068649778	0.04692552671356985	93.33560288420192
0.6618956027725023	0.007	0.005	0.4088793317468832	0.0006153000918389654	0.05454862683258632	0.04719358936377717	93.29623126603808
0.6659201510975594	0.007	0.005	0.40872691659463717	0.0006150405377697322	0.0549070541876966	0.04746142525762695	93.25687626011454
0.6699446992626954	0.007	0.005	0.4085737564457457	0.000614781093199807	0.055265088549126366	0.047729034604127564	93.21753785681554
0.6739692472679102	0.007	0.005	0.40841988426167897	0.0006145217580829906	0.05562272954341855	0.04799641759436512	93.1782160491363
0.6779937951132038	0.007	0.005	0.4082653316730055	0.0006142625323731059	0.05597997682732149	0.04826357441926455	93.13891083007498
0.6820183433316468	0.007	0.005	0.4081101290124825	0.0006140034159839001	0.05633683013378614	0.04853050530493177	93.09962218742986
0.6860428919232393	0.007	0.005	0.4079543054075366	0.0006137444088692807	0.05669328917613474	0.0487972104418801	93.0603501142116
0.6900674403549106	0.007	0.005	0.40779788883012896	0.0006134855110232317	0.057049353647177566	0.04906368998517998	93.02109460863231
0.6940919883601254	0.007	0.005	0.4076409061133266	0.0006132267224196766	0.05740502328900277	0.04932994410748694	92.9818556663001
0.6981165362054191	0.007	0.005	0.4074833829861793	0.000612968042992494	0.057760297915308706	0.04959597301657826	92.94263327762758
0.7021410838907917	0.007	0.005	0.4073253441485188	0.0006127094726956246	0.05811517733966328	0.049861776902414806	92.90342743563062
0.7061656319493136	0.007	0.005	0.40716681328152576	0.0006124510114430216	0.058469661445056276	0.05012735598996026	92.86423812813834
0.7101901806475203	0.007	0.005	0.4070078131193069	0.0006121926591687093	0.05882375011239621	0.05039271048633259	92.82506534558532
0.7142147289192705	0.007	0.005	0.406848365529986	0.0006119344159067007	0.059177443126105435	0.05065784051067156	92.78590909137678
0.7182392767645643	0.007	0.005	0.40668849145805336	0.0006116762816109902	0.059530740384383836	0.05092274625234267	92.74676935853711
0.7222638247164722	0.007	0.005	0.40652821098061104	0.0006114182561956472	0.05988364185114717	0.05118742793559588	92.70764613491266
0.7262883725084589	0.007	0.005	0.40636754339452164	0.0006111603396347117	0.06023614743831588	0.051451885731881086	92.66853941612965
0.7303129201405245	0.007	0.005	0.40620650720683915	0.0006109025318822591	0.06058825709867834	0.05171611983004056	92.62944919522454
0.7343374684122748	0.007	0.005	0.4060451201447199	0.0006106448328325253	0.06093997087159563	0.05198013047119038	92.59037545747513
0.7383620170571745	0.007	0.005	0.40588339926031325	0.0006103872424596341	0.061291288719137416	0.05224391782625842	92.55131819851972
0.7423865652756179	0.007	0.005	0.40572136093867045	0.0006101297607775748	0.06164221057239523	0.05250748203117658	92.51227741916522
0.7464111130676047	0.007	0.005	0.40555902087190504	0.0006098723877404779	0.06199273644711217	0.0527708232741953	92.47325311245655
0.7504356609662056	0.007	0.005	0.40539639409632605	0.0006096151232626429	0.062342866419501416	0.05303394177824343	92.43424526627591
0.7544602087048854	0.007	0.005	0.4052334950718342	0.000609357967318201	0.06269260050965168	0.05329683771376159	92.39525387626242
0.7584847562836441	0.007	0.005	0.405070337663489	0.0006091009198613623	0.06304193877384705	0.05355951126848005	92.35627893547309
0.7625093045020874	0.007	0.005	0.404906935143325	0.0006088439807866472	0.06339088135008768	0.05382196268209415	92.31732042922913
0.7665338525606096	0.007	0.005	0.4047433003103404	0.0006085871501080528	0.06373942824954558	0.054084192089806034	92.27837835833867
0.7705584004592106	0.007	0.005	0.4045794454149187	0.0006083304277798504	0.06408757956424922	0.05434619967887145	92.23945271586751
0.7745829481978905	0.007	0.005	0.404415382212045	0.0006080738137563246	0.06443533539715939	0.05460798563638822	92.20054349488437
0.7786074965762552	0.007	0.005	0.40425112194863644	0.0006078173079321597	0.06478269593068611	0.05486955020124363	92.16165068073522
0.7826320445281634	0.007	0.005	0.40408667549150956	0.0006075609103412136	0.06512966119620159	0.05513089349088373	92.12277427680095
0.7866565923201504	0.007	0.005	0.40392205321530394	0.0006073046209179488	0.06547623134980678	0.0553920157092638	92.08391427358275
0.7906811399522162	0.007	0.005	0.40375726508536447	0.0006070484396167292	0.06582240653379373	0.055652917042851295	92.04507066416103
0.7947056874243609	0.007	0.005	0.4035923206638191	0.0006067923663919384	0.06616818689927563	0.05591359767795638	92.0062434416191
0.7987302355361903	0.007	0.005	0.4034272290930309	0.0006065364011384623	0.06651357267439754	0.05617405785246004	91.96743259133385
0.8027547840211691	0.007	0.005	0.40326199918770467	0.0006062805438306221	0.06685856400374407	0.05643429773499895	91.92863810897288
0.8067793320796914	0.007	0.005	0.4030966394281396	0.0006060247944823725	0.06720316099413698	0.05669431745968445	91.88985999533766
0.8108038797117574	0.007	0.005	0.40293115791986145	0.0006057691530481493	0.06754736382848074	0.056954117212242784	91.85109824351994
0.8148284274504375	0.007	0.005	0.40276556241826394	0.0006055136194427923	0.06789117274229942	0.05721369721261228	91.81235284148346
0.8188529750291964	0.007	0.005	0.40259986039666773	0.0006052581936406241	0.06823458790952154	0.057473057628948894	91.77362378489666
0.8228775224480341	0.007	0.005	0.4024340590151957	0.0006050028755961619	0.06857760953339909	0.05773219864646569	91.73491106686325
0.8269020705065566	0.007	0.005	0.4022681651109526	0.000604747665204578	0.0689202378914558	0.057991120501641985	91.69621467280321
0.8309266184051579	0.007	0.005	0.40210218530860004	0.0006044925624798405	0.06926247313095918	0.05824982332786911	91.65753460351924
0.834951166143838	0.007	0.005	0.4019361259327484	0.0006042375673765186	0.06960431547308243	0.058508307309892	91.61887085212379
0.8389757142556675	0.007	0.005	0.40176999302965544	0.0006039826798096753	0.06994576518966836	0.05876657266649447	91.58022340661425
0.8430002622075758	0.007	0.005	0.40160379244357963	0.0006037278997734867	0.07028682246728819	0.05902461954785735	91.54159226523117
0.8470248099995631	0.007	0.005	0.40143752976071195	0.0006034732272225823	0.07062748754282573	0.05928244813825858	91.5029774210957
0.8510493573650939	0.007	0.005	0.40127121035170665	0.0006032186621313639	0.07096776063543377	0.059540058604766646	91.46437886988764
0.8550739045707035	0.007	0.005	0.4011048393477776	0.0006029642044347418	0.07130764201394546	0.05979745114843159	91.42579660217606
0.8590984524159979	0.007	0.005	0.4009384216494366	0.0006027098540282112	0.07164713199641587	0.060054626004140875	91.38723060343008
0.8631230006344417	0.007	0.005	0.40077196200104065	0.00060245561088627	0.07198623081500391	0.060311583338411086	91.34868086934465
0.867147548426429	0.007	0.005	0.4006054649768693	0.0006022014750228392	0.07232493866114484	0.06056832328366891	91.31014740071619
0.8711720960584952	0.007	0.005	0.40043893492271454	0.0006019474463729364	0.0726632558199905	0.060824846040286915	91.27163018812968
0.8751966435306402	0.007	0.005	0.4002723760184344	0.000601693524891329	0.07300118255788779	0.061081151791457865	91.23312922472655
0.8792211908428641	0.007	0.005	0.4001057922740689	0.0006014397105328009	0.07333871914468745	0.06133724072022	91.19464450365116
0.8832457387947726	0.007	0.005	0.3999391875035879	0.000601186003193089	0.07367586592053531	0.061593113060274	91.15617601040935
0.8872702871198306	0.007	0.005	0.39977256540869843	0.0006009324028467637	0.07401262313930891	0.061848768977295895	91.11772374070698
0.8912948347518969	0.007	0.005	0.39960592957414065	0.0006006789095274107	0.07434899099125475	0.06210420858613421	91.07928769788342
0.8953193819575068	0.007	0.005	0.3994392833854544	0.0006004255231701785	0.07468496978114243	0.06235943208619243	91.04086787254421
0.8993439290031956	0.007	0.005	0.39927263008995817	0.0006001722437102715	0.07502055981642726	0.06261443967666284	91.00246425530212
0.903368476688569	0.007	0.005	0.3991059727802525	0.0005999190710436239	0.07535576145149779	0.06286923159026164	90.9640768316935
0.9073930247470918	0.007	0.005	0.3989393144657977	0.0005996660051448688	0.07569057495433236	0.06312380799196761	90.92570559743329
0.9114175726456935	0.007	0.005	0.3987726580449394	0.0005994130460082614	0.07602500057330322	0.06337816902982442	90.88735055077458
0.915442120384374	0.007	0.005	0.39860600627672227	0.0005991601935887628	0.0763590386035224	0.06363231488548578	90.8490116848877
0.9194666679631334	0.007	0.005	0.3984393618076942	0.0005989074478413423	0.07669268934231031	0.06388624574045217	90.81068899294586
0.9234912153819715	0.007	0.005	0.39827272717644474	0.0005986548087209995	0.07702595308909342	0.064139961776071	90.77238246812513
0.9275157626408886	0.007	0.005	0.39810610481796094	0.0005984022761827502	0.07735883014530621	0.0643934631735367	90.7340921036045
0.931540310272955	0.007	0.005	0.39793949704573994	0.0005981498501424166	0.0776913208583115	0.06464675014742645	90.69581788749726
0.9355648582781708	0.007	0.005	0.3977729060999415	0.0005978975305550939	0.07802342553312797	0.06489982287854405	90.65755981299455
0.9395894061234655	0.007	0.005	0.39760633415122676	0.0005976453174150726	0.07835514443259947	0.06515268151406202	90.61931787835464
0.9436139535423038	0.007	0.005	0.3974397832713493	0.0005973932106970281	0.07868647784335893	0.06540532621783912	90.58109207929904
0.9476385008012209	0.007	0.005	0.39727325542567765	0.0005971412103364716	0.07901742609752588	0.06565775718706064	90.5428824064879
0.9516630481667522	0.007	0.005	0.3971067524986656	0.0005968893162689639	0.07934798952861592	0.06590997461870304	90.50468885058852
0.9556875953723623	0.007	0.005	0.39694027631916706	0.0005966375284692274	0.07967816842775938	0.06616197867616855	90.46651140733103
0.9597121429511217	0.007	0.005	0.3967738286084388	0.0005963858468533257	0.08000796315302917	0.06641376957277018	90.42835006486379
0.9637366909030306	0.007	0.005	0.3966074110382788	0.0005961342713764823	0.08033737401997552	0.06666534748824707	90.39020481639803
0.9677612386950183	0.007	0.005	0.39644102523389213	0.0005958828020330228	0.08066640130181563	0.0669167125689057	90.35207566019713
0.9717857860605496	0.007	0.005	0.39627467274358963	0.0005956314387977066	0.08099504529488304	0.06716786497764027	90.31396259199525
0.9758103332661597	0.007	0.005	0.3961083550304414	0.0005953801816062255	0.08132330634016825	0.06741880491047463	90.27586560248008
0.979834880578384	0.007	0.005	0.3959420734968727	0.0005951290303943197	0.08165118477960448	0.06766953256322503	90.23778468234642
0.9838594277306871	0.007	0.005	0.39577582950912965	0.0005948779851368035	0.08197868091266	0.0679200480983318	90.19971982733699
0.9878839752561396	0.007	0.005	0.3956096243445722	0.0005946270457499602	0.08230579510479522	0.06817035172785126	90.16167102563513
0.9919085231547414	0.007	0.005	0.39544345924898433	0.0005943762121891478	0.0826325276789031	0.06842044363046414	90.12363827047207
0.9959330708934221	0.007	0.005	0.39527733543871063	0.0005941254844487311	0.08295887891551379	0.06867032395161601	90.08562156011634
0.9999576182056464	0.007	0.005	0.3951112540697105	0.000593874862503547	0.08328484911772725	0.06891999285324216	90.04762089031463
1.0039821653579497	0.007	0.005	0.3949452162285682	0.0005936243462894712	0.08361043863259277	0.06916945053021183	90.00963625178213
1.008006712616867	0.007	0.005	0.3947792229564174	0.0005933739357424223	0.08393564780776407	0.06941869717718792	89.97166763524106
1.0120312597158632	0.007	0.005	0.3946132752727536	0.0005931236308372996	0.08426047694845874	0.06966773295565451	89.93371503644673
1.0160558071880086	0.007	0.005	0.39444737412223607	0.0005928734314906136	0.08458492642504503	0.06991655807641863	89.8957784436173
1.0200803545002328	0.007	0.005	0.3942815204533015	0.0005926233376967597	0.08490899652247905	0.07016517268419188	89.85785785502567
1.0241049021856066	0.007	0.005	0.39411571513188787	0.0005923733493723161	0.08523268761216841	0.07041357698942573	89.81995325889994
1.0281294497110591	0.007	0.005	0.3939499590308625	0.0005921234665116842	0.08555599998023915	0.07066177113658802	89.78206465351447
1.0321539970765905	0.007	0.005	0.39378425296561376	0.0005918736890703683	0.08587893395625124	0.07090975530294176	89.74419203212264
1.0361785442822007	0.007	0.005	0.39361859771745544	0.0005916240170038923	0.08620148987021717	0.07115752966560046	89.70633538798067
1.04020309132789	0.007	0.005	0.39345299403500156	0.000591374450267796	0.0865236680525715	0.07140509440152824	89.66849471434766
1.044227638213658	0.007	0.005	0.3932874426354862	0.0005911249888176448	0.0868454688341417	0.07165244968753995	89.6306700044855
1.0482521857391105	0.007	0.005	0.3931219441731534	0.0005908756325508089	0.08716689260994381	0.07189959574938506	89.59286124414862
1.0522767336377126	0.007	0.005	0.39295649931721244	0.0005906263814423505	0.08748793969003418	0.0721465327471083	89.55506842911652
1.0563012811098582	0.007	0.005	0.39279110873103007	0.0005903772355060848	0.08780861034243206	0.07239326080799387	89.51729156016998
1.0603258281555474	0.007	0.005	0.39262577301847296	0.0005901281946976306	0.0881289048993429	0.07263978010830244	89.4795306305791
1.0643503750413155	0.007	0.005	0.3924604927469244	0.0005898792589532464	0.08844882371441092	0.07288609084045196	89.44178563111764
1.0683749217671625	0.007	0.005	0.3922952684702149	0.0005896304282286081	0.08876836712027206	0.07313219318036446	89.40405655506451
1.0723994691326941	0.007	0.005	0.39213010068584564	0.0005893817024213259	0.08908753551315765	0.07337808735264871	89.36634338821018
1.076424016871375	0.007	0.005	0.39196498991252565	0.0005891330815065274	0.0894063292047982	0.07362377351654155	89.32864612634482
1.0804485644501347	0.007	0.005	0.39179993665821955	0.0005888845654786742	0.0897247484861268	0.07386925181493605	89.29096476775221
1.0844731118689734	0.007	0.005	0.39163494138822635	0.000588636154293515	0.09004279369053629	0.07411452242316163	89.25329930572265
1.0884976588613557	0.007	0.005	0.3914700045588211	0.0005883878479261487	0.09036046513053456	0.07435958550017646	89.21564973604215
1.0925222056938169	0.007	0.005	0.39130512658528754	0.000588139646313017	0.09067776316085481	0.0746044412372651	89.17801604951165
1.0965467528994273	0.007	0.005	0.3911403078536438	0.0005878915493712824	0.0909946881572148	0.07484908984170552	89.14039823444833
1.1005713007447224	0.007	0.005	0.39097554874322277	0.0005876435570375004	0.0913112404742733	0.07509353150433631	89.10279628167031
1.1045958481635612	0.007	0.005	0.3908108496709869	0.0005873956693447919	0.09162742036202848	0.0753377663349514	89.06521019444631
1.1086203951559437	0.007	0.005	0.39064621099399643	0.0005871478862489986	0.09194322815454431	0.07558179450803593	89.02763996608043
1.112644941988405	0.007	0.005	0.3904816330428373	0.0005869002076866886	0.09225866420680866	0.07582561621406904	88.99008558739298
1.1166694886609452	0.007	0.005	0.3903171161440571	0.0005866526336137574	0.09257372885288945	0.07606923162720063	88.95254705169687
1.1206940359731699	0.007	0.005	0.39015266057719095	0.0005864051639282873	0.09288842248936083	0.07631264096977533	88.91502434485429
1.124718583658544	0.007	0.005	0.3899882666515991	0.0005861577986055465	0.09320274542929086	0.07655584439942646	88.87751746267668
1.1287431309174618	0.007	0.005	0.3898239346851788	0.0005859105376593205	0.09351669794428051	0.0767988420415221	88.8400264059389
1.1327676780164584	0.007	0.005	0.38965966493959353	0.0005856633810263022	0.09383028038922993	0.07704163408573934	88.80255116548062
1.1367922249555338	0.007	0.005	0.389495457675232	0.0005854163286624848	0.094143493098182	0.07728422070549501	88.76509173462884
1.1408167717346882	0.007	0.005	0.38933131314081	0.0005851693805238753	0.0944563364051409	0.07752660207405966	88.72764810671336
1.144841318886992	0.007	0.005	0.38916723155211225	0.0005849225365280271	0.09476881068542613	0.07776877839662222	88.69022027011034
1.148865866412445	0.007	0.005	0.38900321313592884	0.0005846757966310313	0.09508091627278785	0.07801074984607968	88.6528082181615
1.1528904137779767	0.007	0.005	0.38883925813044723	0.0005844291608274358	0.09539265345964182	0.078252516563173	88.6154119491636
1.1569149607170524	0.007	0.005	0.3886753667530708	0.000584182629092539	0.09570402255913105	0.0784940787045974	88.5780314589328
1.1609395074962068	0.007	0.005	0.38851153918999165	0.00058393620136321	0.09601502392557973	0.07873543645891273	88.54066673833576
1.16496405411544	0.007	0.005	0.38834777562914746	0.0005836898775955747	0.09632565789256065	0.07897658999851462	88.50331778071917
1.168988601374358	0.007	0.005	0.3881840762172111	0.0005834436576881845	0.09663592485515313	0.0792175395435064	88.46598457201662
1.1730131490064253	0.007	0.005	0.3880204411358532	0.000583197541616445	0.09694582512598914	0.07945828524993398	88.4286671080607
1.1770376962120361	0.007	0.005	0.3878568705803344	0.0005829515293941182	0.0972553589767068	0.07969882724190412	88.39136538962235
1.1810622429911908	0.007	0.005	0.38769336470565574	0.0005827056209773768	0.09756452674050188	0.07993916569127213	88.35407941005636
1.1850867898769595	0.007	0.005	0.38752992363775723	0.0005824598162840793	0.09787332879131833	0.08017930080154258	88.31680915778469
1.189111336602807	0.007	0.005	0.3873665475279497	0.0005822141152896359	0.09818176544152572	0.08041923272831654	88.27955462864072
1.1931358837018038	0.007	0.005	0.3872032364882567	0.0005819685179119891	0.09848983706462032	0.08065896167471495	88.24231581105931
1.1971604311739499	0.007	0.005	0.3870399906458014	0.0005817230241074452	0.09879754399302411	0.08089848781189315	88.20509269841581
1.201184978486175	0.007	0.005	0.3868768101430281	0.0005814776338706166	0.09910488651832088	0.0811378112791754	88.16788528901559
1.2052095253719437	0.007	0.005	0.38671369510551146	0.0005812323471769365	0.09941186495244692	0.08137693223167897	88.13069357869591
1.2092340720977912	0.007	0.005	0.386550645631426	0.000580987163963585	0.0997184796478593	0.08161585085606378	88.09351755836958
1.2132586189302528	0.007	0.005	0.3863876618134071	0.0005807420841677829	0.10002473095674987	0.08185456733879205	88.05635721895638
1.2172831656027934	0.007	0.005	0.3862247437603508	0.0005804971077650222	0.10033061919054838	0.08209308183454889	88.01921255630194
1.2213077126484833	0.007	0.005	0.3860618915436701	0.0005802522346734722	0.1006361447212692	0.08233139454525853	87.98208355887523
1.2253322600673224	0.007	0.005	0.3858991052514611	0.0005800074648495689	0.10094130788015611	0.08256950564106849	87.94497022007114
1.2293568073262404	0.007	0.005	0.38573638498865787	0.0005797627982879504	0.10124610895791833	0.08280741526048317	87.90787253820004
1.2333813541587022	0.007	0.005	0.38557373084486923	0.0005795182349641394	0.1015505482654168	0.08304512355770678	87.87079050911149
1.2374059008312428	0.007	0.005	0.3854111428838179	0.0005792737748154869	0.10185462615366671	0.08328263071829975	87.83372412374507
1.2414304476103974	0.007	0.005	0.38524862116508196	0.0005790294177793917	0.10215834297338977	0.083519936927626	87.79667337304734
1.2454549942296311	0.007	0.005	0.38508616576577726	0.0005787851638314335	0.10246169903485398	0.08375704233946009	87.75963825287619
1.249479541222014	0.007	0.005	0.3849237767269127	0.0005785410128899935	0.10276469470838252	0.0839939471545366	87.7226187517346
1.2535040885875464	0.007	0.005	0.3847614541073516	0.0005782969649116449	0.10306733032383864	0.08423065154200111	87.68561486303693
1.2575286357931574	0.007	0.005	0.38459919798391623	0.0005780530198910587	0.10336960617086118	0.08446715563954306	87.64862658509855
1.261553182572312	0.007	0.005	0.3844370084192693	0.0005778091778038358	0.10367152255904943	0.0847034596004589	87.61165391378124
1.2655777291915458	0.007	0.005	0.3842748854513379	0.0005775654385875048	0.10397307983780052	0.08493956360921608	87.57469684005132
1.2696022759173935	0.007	0.005	0.38411282911495015	0.0005773218021796389	0.10427427835619762	0.0851754678500867	87.53775535488202
1.27362682248332	0.007	0.005	0.3839508394634131	0.0005770782685558943	0.10457511842318373	0.0854111724759401	87.50082945414347
1.2776513694223959	0.007	0.005	0.38378891651498215	0.0005768348376348853	0.10487560040723794	0.08564667768632825	87.46391912637256
1.2816759162015507	0.007	0.005	0.3836270603280635	0.0005765915094113131	0.10517572459696546	0.0858819836182458	87.42702436988891
1.285700463353855	0.007	0.005	0.3834652709155354	0.0005763482838038553	0.10547549136029667	0.08611709047090811	87.39014517323908
1.2897250103462379	0.007	0.005	0.38330354833061014	0.0005761051608072255	0.10577490098547333	0.0863519983810791	87.3532815347441
1.2937495571786997	0.007	0.005	0.38314189260262504	0.0005758621403781285	0.10607395380028156	0.08658670751656225	87.31643344783988
1.2977741038512405	0.007	0.005	0.3829803037585842	0.0005756192224732939	0.1063726501322733	0.08682121804501952	87.27960090596508
1.30179865036386	0.007	0.005	0.3828187818232531	0.0005753764070494666	0.10667099030876452	0.08705553013397145	87.24278390256113
1.305823197249629	0.007	0.005	0.38265732679786824	0.0005751336940254838	0.10696897469627942	0.08728964398179433	87.20598242619873
1.3098477439754768	0.007	0.005	0.3824959387243853	0.0005748910833960784	0.1072666035821169	0.08752355972467671	87.16919647520245
1.3138722910744738	0.007	0.005	0.3823346176000208	0.0005746485750801505	0.10756387733222693	0.08775727756066028	87.13242603815264
1.3178968380135498	0.007	0.005	0.3821733634628387	0.0005744061690724459	0.10786079623351946	0.08799079762570419	87.09567111337529
1.3219213847927047	0.007	0.005	0.3820121763277021	0.0005741638653298006	0.10815736061210651	0.08822412008662382	87.05893169432564
1.3259459314119384	0.007	0.005	0.3818510562077281	0.0005739216638090703	0.1084535707938549	0.08845724511009383	87.0222077744617
1.3299704778712511	0.007	0.005	0.3816900031143587	0.000573679564467126	0.10874942710438491	0.08869017286264831	86.98549934724427
1.3339950247037131	0.007	0.005	0.3815290170361101	0.0005734375672230258	0.10904492990818648	0.08892290354149479	86.94880640127774
1.3380195719093244	0.007	0.005	0.3813680979813023	0.0005731956720337198	0.10934007953024298	0.08915543731280834	86.91212893003454
1.3420441189550145	0.007	0.005	0.3812072459780775	0.0005729538788939797	0.10963487625626414	0.08938777431186211	86.8754669318449
1.3460686655742484	0.007	0.005	0.38104646104247736	0.000572712187779649	0.10992932039138416	0.08961991468926128	86.83882040260711
1.3500932120335611	0.007	0.005	0.38088574316788126	0.000572470598628778	0.11022341227950898	0.08985185862623282	86.8021893333672
1.354117758599488	0.007	0.005	0.38072509234638063	0.0005722291113794699	0.11051715226419818	0.09008360630381178	86.76557371517801
1.3581423050054935	0.007	0.005	0.3805645085900976	0.0005719877260076185	0.11081054064982687	0.09031515787218371	86.7289735439461
1.3621668517846484	0.007	0.005	0.38040399187804985	0.0005717464424325044	0.11110357779879483	0.09054651352739426	86.69238880830947
1.3661913989369525	0.007	0.005	0.3802435422093859	0.0005715052606112036	0.11139626403431589	0.09077767343463997	86.65581950175984
1.3702159459293357	0.007	0.005	0.3800831596033875	0.0005712641805385198	0.11168859964064971	0.09100863772839804	86.61926562263233
1.3742404924952625	0.007	0.005	0.3799228440676254	0.0005710232021903765	0.11198058492131037	0.09123940655838711	86.58272716683733
1.3782650389012683	0.007	0.005	0.37976259558741393	0.0005707823255050009	0.11227222021825209	0.09146998010476667	86.54620412544726
1.3822895854138881	0.007	0.005	0.3796024141471095	0.0005705415504206651	0.1125635058730779	0.09170035854750543	86.50969648954138
1.3863141317665868	0.007	0.005	0.3794422997513537	0.000570300876913348	0.11285444218852639	0.09193054203590487	86.47320425503831
1.39033867875897	0.007	0.005	0.37928225236148355	0.0005700603048837255	0.11314502954410217	0.09216053078008105	86.4367274081943
1.394363225324897	0.007	0.005	0.37912227201217835	0.0005698198343642808	0.11343526818430116	0.09239032488336886	86.40026595218025
1.3983877717309028	0.007	0.005	0.3789623586842784	0.0005695794652933667	0.11372515844966355	0.09261992452516916	86.3638198780874
1.4024123187765931	0.007	0.005	0.3788025123366819	0.0005693391975717794	0.1140147007187042	0.09284932991506649	86.32738917218938
1.4064368653958272	0.007	0.005	0.3786427330016375	0.0005690990312319744	0.11430389523541241	0.09307854115613502	86.29097383765308
1.4104614118551402	0.007	0.005	0.3784830206577187	0.0005688589662123772	0.11459274233947409	0.093307558427322	86.25457386558101
1.414485958154532	0.007	0.005	0.37832337529338916	0.0005686190024702425	0.11488124235112543	0.09353638189223686	86.2181892494916
1.4185105050936082	0.007	0.005	0.3781637968647436	0.0005683791399065149	0.11516939564755617	0.09376501175975746	86.18181997568166
1.4225350516062283	0.007	0.005	0.37800428540122033	0.0005681393785536177	0.11545720247207293	0.09399344813261142	86.14546604731274
1.4265595979589272	0.007	0.005	0.3778448408787838	0.0005678997183500765	0.11574466316321726	0.09422169118914286	86.10912745550233
1.4305841449513106	0.007	0.005	0.3776854632517195	0.0005676601591969505	0.11603177809718192	0.09444974113770128	86.07280418656457
1.4346086915172378	0.007	0.005	0.3775261525476394	0.000567420701126636	0.11631854751675712	0.09467759808075511	86.036496243657
1.4386332379232438	0.007	0.005	0.37736690874082107	0.0005671813440777321	0.11660497175962306	0.09490526219619752	86.00020361790835
1.4426577841693287	0.007	0.005	0.37720773181557876	0.0005669420880076192	0.11689105114416891	0.09513273364667453	85.96392630285621
1.446682331055098	0.007	0.005	0.3770486217241219	0.0005667029328175085	0.11717678604525505	0.09536001263983312	85.92766428483776
1.4507068777809464	0.007	0.005	0.3768895784814192	0.0005664638785210392	0.11746217672386758	0.0955870992928305	85.89141756460522
1.4547314243468736	0.007	0.005	0.3767306020703483	0.000566224925075647	0.11774722349760033	0.09581399376790155	85.85518613570432
1.4587559707528797	0.007	0.005	0.37657169247334704	0.0005659860724387797	0.11803192668378162	0.09604069622714433	85.81896999168353
1.4627805169989647	0.007	0.005	0.37641284967243177	0.0005657473205679088	0.11831628659947406	0.09626720683252016	85.78276912609405
1.4668050638847343	0.007	0.005	0.37625407361767527	0.0005655086693644326	0.1186003036178695	0.09649352579080127	85.74658352530189
1.4708296103440475	0.007	0.005	0.3760953643323769	0.0005652701188606734	0.11888397798019196	0.09671965320368249	85.71041319245259
1.4748541566434397	0.007	0.005	0.37593672178687276	0.0005650316689954516	0.11916731002152739	0.09694558924771092	85.67425811870854
1.4788787035825164	0.007	0.005	0.3757781459301611	0.0005647933196702801	0.11945030011406566	0.0971713341291357	85.63811829045297
1.4829032500951367	0.007	0.005	0.3756196367844203	0.0005645550709174521	0.11973294849850466	0.0973968879493951	85.60199371082749
1.486927796447836	0.007	0.005	0.3754611943189762	0.0005643169226758621	0.12001525550906371	0.09762225088458981	85.56588437100562
1.4909523426406142	0.007	0.005	0.3753028185133458	0.0005640788749031033	0.12029722146094272	0.09784742309572744	85.5297902645576
1.4949768894730768	0.007	0.005	0.3751445093152997	0.0005638409275008429	0.12057884672499528	0.0980724047883617	85.49371137788962
1.499001435879083	0.007	0.005	0.37498626674571844	0.0005636030805013393	0.12086013154121564	0.09829719606358979	85.45764771413798
1.5030259821251684	0.007	0.005	0.37482809077276985	0.000563365333843586	0.12114107624266707	0.09852179709691891	85.42159926449109
1.507050528744403	0.007	0.005	0.3746699813539066	0.0005631276874479897	0.12142168118062872	0.09874620807852658	85.38556601775826
1.5110750752037163	0.007	0.005	0.37451193848822234	0.0005628901413095185	0.12170194663173342	0.09897042913897991	85.34954797229904
1.5150996215031085	0.007	0.005	0.37435396215361316	0.0005626526953858742	0.12198187290958246	0.09919446043847353	85.31354512169987
1.51912416817565	0.007	0.005	0.3741960523068319	0.0005624153495975568	0.12226146036452092	0.09941830216670396	85.27755745478423
1.5231487146882705	0.007	0.005	0.3740382089462502	0.0005621781039395514	0.12254070927251724	0.0996419544539085	85.24158496991372
1.5271732610409698	0.007	0.005	0.3738804320490979	0.0005619409583696085	0.12281961994637347	0.09986541745987684	85.20562766068292
1.531197807233748	0.007	0.005	0.3737227215924016	0.0005617039128455045	0.12309819269862525	0.10008869134426387	85.16968552068913
1.5352223537996754	0.007	0.005	0.3735650775321169	0.000561466967287863	0.1233764278783731	0.10031177629612663	85.13375853877461
1.539246900205682	0.007	0.005	0.3734074998657829	0.0005612301216916833	0.12365432576069947	0.10053467244526398	85.09784671330378
1.5432714464517672	0.007	0.005	0.3732499885698667	0.0005609933760147946	0.12393188665734126	0.10075737995092725	85.06195003788201
1.5472959930710017	0.007	0.005	0.37309254359981436	0.0005607567301779127	0.12420911091646655	0.10097989900169528	85.0260685013657
1.5513205395303151	0.007	0.005	0.37293516495262635	0.0005605201841760541	0.12448599881249352	0.10120222972703909	84.9902021021213
1.5553450858297075	0.007	0.005	0.37277785260427904	0.000560283737967095	0.12476255065636087	0.10142437228580742	84.95435083376229
1.5593696319691788	0.007	0.005	0.3726206065305993	0.0005600473915089361	0.12503876675874137	0.10164632683671501	84.91851468990484
1.5633941784817993	0.007	0.005	0.37246342668645616	0.0005598111447224173	0.1253146474665615	0.10186809356770504	84.88269365942412
1.5674187248344986	0.007	0.005	0.37230631306822903	0.0005595749976025708	0.12559019305335423	0.10208967260781265	84.84688774068937
1.571443271027277	0.007	0.005	0.37214926565133416	0.0005593389501073472	0.1258654038289952	0.10231106411535137	84.81109692732481
1.5754678178597399	0.007	0.005	0.37199228437987986	0.0005591030021391653	0.12614028015767437	0.10253226829243291	84.77532120585089
1.5794923642657464	0.007	0.005	0.3718353692706367	0.0005588671537301097	0.12641482227585277	0.10275328523846627	84.73956057937752
1.5835169105118319	0.007	0.005	0.37167852028826337	0.0005586314048196642	0.1266890305108253	0.10297411512602113	84.70381503916721
1.5875414565979962	0.007	0.005	0.37152173740770805	0.0005583957553658489	0.12696290517140635	0.10319475811287762	84.66808457885493
1.5915660025242395	0.007	0.005	0.37136502060381454	0.000558160205326702	0.12723644656614516	0.1034152143566828	84.63236919207836
1.5955905490901672	0.007	0.005	0.37120836982021	0.0005579247546048299	0.12750965505757467	0.10363548405869688	84.59666886538633
1.5996150954961739	0.007	0.005	0.3710517850626868	0.0005576894032137985	0.12778253089933367	0.10385556733248093	84.5609835995194
1.6036396417422594	0.007	0.005	0.37089526630580333	0.0005574541511116984	0.12805507439917718	0.10407546433528353	84.52531338812328
1.6076641883614942	0.007	0.005	0.3707388135033125	0.0005572189982197122	0.12832728590062947	0.10429517525331072	84.48965822012468
1.6116887348208078	0.007	0.005	0.37058242665033914	0.0005569839445329214	0.1285991656747951	0.1045147002144066	84.45401809390037
1.6157132811202004	0.007	0.005	0.37042610572119317	0.000556748990009471	0.12887071402863606	0.10473403937542225	84.4183930031041
1.6197378272596719	0.007	0.005	0.37026985069010926	0.0005565141346075262	0.12914193126885026	0.10495319289307643	84.38278294139232
1.6237623732392221	0.007	0.005	0.37011366153125025	0.000556279378285266	0.12941281770187166	0.10517216092395575	84.34718790242414
1.6277869190588514	0.007	0.005	0.36995753821871064	0.0005560447210008896	0.12968337363387045	0.10539094362451469	84.31160787986134
1.6318114655181652	0.007	0.005	0.36980148069552043	0.0005558101626573353	0.12995359942440943	0.10560954119448986	84.27604286030375
1.6358360123506281	0.007	0.005	0.36964548894601484	0.0005555757032313176	0.13022349536107158	0.10582795377550261	84.24049283978133
1.6398605587566348	0.007	0.005	0.36948956297510127	0.0005553413427363627	0.13049306169558064	0.10604618148019798	84.20495781902852
1.6438851047361853	0.007	0.005	0.3693337027566185	0.0005551070811307182	0.13076229873311895	0.10626422446454015	84.16943779171484
1.6479096505558146	0.007	0.005	0.3691779082540361	0.0005548729183542521	0.13103120679640395	0.1064820828987841	84.13393274916153
1.6519341970151284	0.007	0.005	0.36902217941016763	0.0005546388543100887	0.13129978624335598	0.10669975698182492	84.09844267799666
1.655958743047986	0.007	0.005	0.36886651623997924	0.0005544048890301567	0.13156803730708902	0.106917246811494	84.06296758130533
1.6599832897205282	0.007	0.005	0.36871091867590045	0.0005541710223992553	0.1318359603626663	0.1071345526007733	84.02750744337598
1.664007835966614	0.007	0.005	0.3685553867327731	0.0005539372544492923	0.13210355564285112	0.1073516744473296	83.99206226729112
1.6680323820527787	0.007	0.005	0.3683999203738583	0.0005537035851202536	0.13237082346894002	0.107568612520701	83.95663204439029
1.6720569279790223	0.007	0.005	0.36824451957268495	0.0005534700143705337	0.13263776414421286	0.10778536697589672	83.92121676836463
1.6760814742784151	0.007	0.005	0.3680891842821741	0.0005532365421218339	0.13290437800698038	0.1080019379964696	83.88581642821998
1.6801060204178868	0.007	0.005	0.36793391449637003	0.0005530031683693133	0.13317066532462002	0.10821832570844457	83.85043102234472
1.6841305663974375	0.007	0.005	0.36777871018869585	0.0005527698930714186	0.13343662639962708	0.10843453026643901	83.81506054443796
1.6881551130166725	0.007	0.005	0.3676235713017261	0.0005525367161316123	0.13370226158698023	0.10865055186784232	83.77970498117843
1.6921796592094513	0.007	0.005	0.36746849784993335	0.0005523036375817365	0.1339675711182186	0.10886639060974738	83.74436433563956
1.6962042052423092	0.007	0.005	0.36731348979637446	0.000552070657361951	0.1342325553126577	0.10908204666069364	83.70903859918644
1.7002287511152459	0.007	0.005	0.3671585471143564	0.0005518377754307693	0.13449721447174923	0.10929752017477753	83.67372776552881
1.7042532973613318	0.007	0.005	0.3670036697566513	0.0005516049917101076	0.1347615489316753	0.10951281133447044	83.63843182370493
1.708277843980567	0.007	0.005	0.36684885769654346	0.0005513723061585541	0.13502555899323812	0.10972792029353656	83.60315076743578
1.712302390439881	0.007	0.005	0.36669411092778786	0.0005511397187713048	0.135289244922075	0.1099428471771538	83.56788459511515
1.716326936472739	0.007	0.005	0.366539429433842	0.0005509072295252312	0.1355526070011662	0.11015759212468317	83.53263330279749
1.7203514823456756	0.007	0.005	0.36638481317765137	0.000550674838360637	0.13581564554813724	0.1103721553038128	83.49739688186973
1.7243760283252263	0.007	0.005	0.3662302621221606	0.0005504425452178653	0.13607836088026848	0.11058653688205325	83.46217532372538
1.728400574144856	0.007	0.005	0.3660757762507725	0.0005502103500738393	0.13634075327976172	0.11080073699837724	83.42696862442683
1.732425120337635	0.007	0.005	0.3659213555161826	0.0005499782528506891	0.13660282308068178	0.11101475583418105	83.39177677304468
1.736449666370493	0.007	0.005	0.3657669999119879	0.000549746253543638	0.13686457054736717	0.11122859351401096	83.35659976797679
1.7404742127765	0.007	0.005	0.3656127093908728	0.000549514352074878	0.1371259960132799	0.11144225021895726	83.32143759830298
1.744498759022586	0.007	0.005	0.3654584839463906	0.0005492825484396382	0.13738709974232688	0.11165572607335644	83.28629026242245
1.748523305108751	0.007	0.005	0.36530432355163345	0.0005490508425966428	0.13764788203284775	0.11186902122975269	83.25115775407671
1.7525478510349948	0.007	0.005	0.36515022817968273	0.0005488192345046357	0.13790834318292403	0.11208213584056151	83.21604006700993
1.7565723968013176	0.007	0.005	0.36499619780361	0.0005485877241223724	0.13816848349037936	0.11229507005806987	83.18093719496886
1.7605969429407895	0.007	0.005	0.36484223237608854	0.0005483563113721979	0.13842830328717284	0.11250782406260526	83.14584912705637
1.7646214889203404	0.007	0.005	0.36468833189057903	0.0005481249962493626	0.13868780283613497	0.11272039797798117	83.11077586167501
1.7686460352730407	0.007	0.005	0.3645344962997564	0.0005478937786762713	0.1389469824686254	0.1129327919842209	83.07571738793682
1.7726705814658197	0.007	0.005	0.36438072559705015	0.0005476626586481854	0.13920584244704534	0.11314500620492941	83.04067370424572
1.7766951274986775	0.007	0.005	0.36422701975549454	0.0005474316361239507	0.13946438306793218	0.11335704079175259	83.00564480436168
1.7807196733716144	0.007	0.005	0.3640733787481187	0.0005472007110624321	0.13972260462756667	0.11356889589620844	82.9706306820473
1.78474421908463	0.007	0.005	0.36391980254794726	0.0005469698834225093	0.13998050742197307	0.11378057166968716	82.93563133106781
1.788768765170795	0.007	0.005	0.3637662911076719	0.0005467391531267354	0.14023809178101657	0.11399206829145378	82.90064674055817
1.7927933116301094	0.007	0.005	0.3636128444003358	0.0005465085201340647	0.14049535800008275	0.11420338591257209	82.86567690429474
1.7968178579295024	0.007	0.005	0.3634594624192913	0.0005462779844397863	0.14075230634028854	0.11441452465602343	82.83072182068548
1.8008424038024393	0.007	0.005	0.36330614514770265	0.000546047546021003	0.1410089370796491	0.11462548465872226	82.79578148581966
1.8048669495154552	0.007	0.005	0.3631528925484207	0.0005458172048185161	0.1412652505299371	0.11483626608541085	82.76085589116018
1.80889149506855	0.007	0.005	0.36299970459445546	0.0005455869607913105	0.14152124698564247	0.11504686908671498	82.725945030488
1.8129160412613292	0.007	0.005	0.36284658122839997	0.0005453568138439871	0.14177692679176762	0.11525729385492421	82.69104889065501
1.8169405872941873	0.007	0.005	0.36269352245370573	0.0005451267639900042	0.14203229019139932	0.11546754049854865	82.65616747238505
1.8209651331671242	0.007	0.005	0.3625405282433825	0.0005448968111883979	0.14228733747826314	0.11567760916783332	82.62130076946698
1.8249896794132103	0.007	0.005	0.362387598550189	0.0005446669553619936	0.14254206897954977	0.11588750004068639	82.58644877107696
1.8290142254993755	0.007	0.005	0.3622347333674062	0.000544437196506115	0.1427964849546731	0.11609721323926257	82.5516114756283
1.8330387714256196	0.007	0.005	0.36208193266804767	0.0005442075345798526	0.14305058569659618	0.11630674891342706	82.51678887691773
1.8370633171919426	0.007	0.005	0.36192919642512905	0.0005439779695423111	0.1433043714980283	0.11651610721291865	82.48198096874458
1.8410878627983445	0.007	0.005	0.36177652461166837	0.0005437485013526131	0.14355784265142513	0.11672528828734983	82.44718774491079
1.8451124090444306	0.007	0.005	0.3616239171703726	0.0005435191299156506	0.14381099949925552	0.11693429232771566	82.41240919231252
1.8491369548640606	0.007	0.005	0.36147137411470576	0.0005432898552629415	0.14406384226634258	0.11714311942797277	82.37764531397303
1.8531615010568399	0.007	0.005	0.3613188953873941	0.0005430606772994338	0.14431637129458685	0.11735176977882911	82.34289609679661
1.8571860470896981	0.007	0.005	0.36116648098167825	0.0005428315960204848	0.14456858684192098	0.11756024350172065	82.30816153920127
1.8612105929626352	0.007	0.005	0.3610141308705936	0.0005426026113853014	0.14482048919953602	0.11776854074563009	82.273441635002
1.8652351386756512	0.007	0.005	0.3608618450271799	0.0005423737233531103	0.14507207865837077	0.11797666165941449	82.23873637801644
1.869259684228746	0.007	0.005	0.3607096234244816	0.000542144931883153	0.14532335550911185	0.11818460639180532	82.20404576206482
1.8732842304215254	0.007	0.005	0.36055746600532357	0.0005419162368805787	0.14557432009202517	0.11839237513267202	82.16936977408193
1.8773087764543837	0.007	0.005	0.36040537277301044	0.0005416876383588172	0.14582497264733862	0.11859996798916202	82.13470841478706
1.8813333223273208	0.007	0.005	0.36025334370060225	0.0005414591362771611	0.14607531346498387	0.11880738510963085	82.10006167800826
1.885357868040337	0.007	0.005	0.3601013787611647	0.0005412307305949245	0.1463253428346413	0.11901462664230891	82.06542955757618
1.8893824143930373	0.007	0.005	0.3599494778975958	0.0005410024212173979	0.14657506109532387	0.11922169277642546	82.03081204044763
1.8934069603192816	0.007	0.005	0.35979764112322593	0.0005407742081760093	0.14682446846999556	0.11942858360507108	81.99620912963188
1.8974315060856048	0.007	0.005	0.3596458684010771	0.0005405460914121038	0.14707356526413273	0.11963529928982106	81.96162081667428
1.901456051692007	0.007	0.005	0.35949415970423987	0.0005403180708850614	0.14732235176641278	0.11984183997840635	81.92704709541589
1.909505142584969	0.007	0.005	0.35919093426417703	0.0005398706504474765	0.14781899508479385	0.12025439605648124	81.85794340001229
1.9199576440457962	0.007	0.005	0.3587975491811875	0.0005392776823678458	0.14846208631680816	0.1207890984451604	81.76829273626859
1.9404849821434804	0.007	0.005	0.35802624589758814	0.0005381187410733754	0.14971897832806333	0.12183576655549164	81.59251624996111
1.975247657568047	0.007	0.005	0.3567238368308987	0.0005361611470657764	0.1518292957958078	0.1235980010287084	81.29570321040671
2.0081441513230427	0.007	0.005	0.35549570904034195	0.0005343152590664691	0.15380538170585187	0.12525380235183542	81.01581855196689
2.0524203466962407	0.007	0.005	0.35384941356313465	0.0005318408517994087	0.15643317243281715	0.1274643657960747	80.64063542712209
2.094665744512801	0.007	0.005	0.3522857360488133	0.0005294906214963623	0.15890665201709697	0.12955442207739717	80.28428056869609
2.145312537179253	0.007	0.005	0.35042019257244345	0.0005266866821935086	0.16182901200763977	0.13203575983528293	79.85913186856777
2.194162775955466	0.007	0.005	0.34863018437881327	0.0005239962735792153	0.16460374327383687	0.13440414974859732	79.45119731639717
2.248773719693416	0.007	0.005	0.34663990992867494	0.000521004861884159	0.1676551854507545	0.1370231649131377	78.99762301973303
2.301973841961782	0.007	0.005	0.34471197862571606	0.0005181071528993509	0.17057714721309072	0.1395457345476407	78.55825643967566
2.358983141304394	0.007	0.005	0.34265790554613945	0.0005150198508985432	0.17365354634674593	0.1422177504617561	78.09014273734182
2.4149679925704057	0.007	0.005	0.34065265624380037	0.0005120059318326038	0.1766202153172064	0.14481072776215498	77.63315574779813
2.4734308797680074	0.007	0.005	0.3385711734394364	0.0005088774327158332	0.1796613700719019	0.14748605499894185	77.15879549822326
2.5311944992536826	0.007	0.005	0.3365270785475917	0.0005058051281432366	0.18260988718044416	0.150097240034418	76.69295578040533
2.590568939909714	0.007	0.005	0.33443884231692717	0.0005026664784705761	0.18558313396717302	0.15274834941646806	76.21705645712228
2.6494915941321846	0.007	0.005	0.33237930646281705	0.0004995709659450754	0.18847691982083595	0.15534672436035932	75.74769781613388
2.709471524972093	0.007	0.005	0.3302958412084079	0.0004964394871303219	0.19136527993029548	0.15795881985500565	75.27288577623138
2.7691788507138004	0.007	0.005	0.3282348162890734	0.0004933417364844944	0.19418384107587594	0.16052648260702346	74.80318778450686
2.8295935093566262	0.007	0.005	0.3261624647900755	0.0004902269618339227	0.19697904575816938	0.16309191084438224	74.3309085178439
2.889860522443763	0.007	0.005	0.32410821405773677	0.0004871393929079582	0.19971134347461653	0.16561875473193854	73.8627543315422
2.95061352513044	0.007	0.005	0.32205049278546444	0.0004840466076963122	0.20240978728528805	0.16813371982859437	73.393809225441
3.011304265071675	0.007	0.005	0.320007924535675	0.00048097659769998573	0.2050502323282136	0.1706141806118089	72.92831742269226
3.072340918180115	0.007	0.005	0.31796677998019246	0.00047790872751059813	0.2076508405377087	0.17307700304430895	72.46315007339504
3.1333720556674356	0.007	0.005	0.31593883738809164	0.0004748607001099506	0.210196963112091	0.17550814530711004	72.00099138998004
3.194659653403544	0.007	0.005	0.31391538853109013	0.0004718194268599062	0.21269997567990867	0.17791825180922377	71.53985680794115
3.2559785061211475	0.007	0.005	0.3119038769662372	0.00046879609550578926	0.21515107595064079	0.18029864584902303	71.0814426791283
3.317496252780758	0.007	0.005	0.30989879291927624	0.00046578242482209393	0.21755743542942677	0.18265605837710508	70.62449335190969
3.3790685453471694	0.007	0.005	0.3079048378913553	0.00046278548120740087	0.21991384524352187	0.18498516226432823	70.17008027615194
3.440801960982054	0.007	0.005	0.3059185449037698	0.00045980005373495215	0.22222486857981946	0.1872902209674688	69.7174133439694
3.502604103719454	0.007	0.005	0.3039428755347849	0.0004568305937299919	0.22448750998087114	0.18956800460193743	69.26716748518072
3.5645425459474707	0.007	0.005	0.30197565033505974	0.0004538738254259323	0.22670473550113396	0.19182124077872562	68.81884601316
3.6265572622593742	0.007	0.005	0.3000187586567611	0.00045093258860297005	0.22887487595247186	0.19404797602877488	68.3728795025313
3.6886911166137284	0.007	0.005	0.2980708252834517	0.0004480048161971676	0.23099992890215543	0.19624999054227552	67.92895454789291
3.750905037609145	0.007	0.005	0.2961330535433314	0.00044509231687789796	0.2330790475642177	0.19842613639094442	67.48734538220525
3.813225937042248	0.007	0.005	0.2942045797484551	0.0004421937925578656	0.23511363193821477	0.2005775986031471	67.04785517493343
3.875628066931904	0.007	0.005	0.2922861754390987	0.00043931040275903537	0.23710333696880187	0.20270372942109655	66.61065975667013
3.9381282401111415	0.007	0.005	0.2903772957041478	0.0004364413285637848	0.23904920097586388	0.2048053471845851	66.17563494462118
4.000709230019886	0.007	0.005	0.2884784384364498	0.0004335873182796338	0.2409511864108966	0.20688211654705327	65.74289420619078
4.063381140407784	0.007	0.005	0.286589266599327	0.00043074786533816797	0.24281010324945715	0.20893461960860024	65.31236073237419
4.126132462551618	0.007	0.005	0.2847100961742445	0.000427923444654328	0.244626110474567	0.21096272522303275	64.88410653381334
4.188968963881572	0.007	0.005	0.282840721752376	0.0004251137475297872	0.24639987750693582	0.21296686732540543	64.45808479871953
4.2518826157645755	0.007	0.005	0.28098134879077996	0.00042231908273613467	0.24813167838194444	0.21494703677982077	64.03434234992483
4.314876683310343	0.007	0.005	0.2791318459720137	0.0004195392529175132	0.24982210441218294	0.21690358424817316	63.612849260778034
4.377945397475957	0.007	0.005	0.2772923471172885	0.0004167744591936598	0.2514715004175407	0.21883657788297922	63.193636028600665
4.441090395862952	0.007	0.005	0.27546276770391254	0.00041402457452613644	0.25308040866696113	0.22074631562316388	62.776683391057105
4.504307411308313	0.007	0.005	0.27364319386670527	0.00041128972840571044	0.2546492179967279	0.222632915572851	62.36201097765065
4.567596702190817	0.007	0.005	0.271833579534075	0.00040856985154497175	0.25617843180584526	0.2244966328045415	61.94960828912048
4.630955343316288	0.007	0.005	0.2700339689871224	0.00040586501054019425	0.257668474364191	0.2263376278709096	61.53948541676262
4.694382725223471	0.007	0.005	0.26824433921849583	0.0004031751707978093	0.25911982501624015	0.2281561295561462	61.13163711730118
4.757876489350577	0.007	0.005	0.2664647156770982	0.00040050037055218836	0.26053292154006735	0.22995231614260203	60.72606919036145
4.82143566437279	0.007	0.005	0.2646950836182881	0.0003978405876104734	0.26190823239308597	0.2317264056303757	60.322778276044374
4.885058643160113	0.007	0.005	0.26293544517903933	0.000395195825295497	0.26324621041138435	0.233478597738255	59.92176486104955
4.94874387275881	0.007	0.005	0.26118579990815544	0.00039256608281850185	0.26454730854443953	0.23520909366136028	59.52302884263013
5.012490036442752	0.007	0.005	0.2594461398835223	0.00038995134831903896	0.2658119831517528	0.2369181007669108	59.126568415343066
5.07629560636908	0.007	0.005	0.25771646202840764	0.0003873516171659979	0.26704068473911313	0.238605820369566	58.73238287810503
5.140159397491897	0.007	0.005	0.25599675307067715	0.00038476686941279386	0.2682338686788296	0.24027246242222972	58.34046920619801
5.204079890954206	0.007	0.005	0.2542870079028365	0.0003821970973945444	0.26939198209043586	0.24191822757001605	57.95082623563866
5.268055890326844	0.007	0.005	0.2525872119198115	0.00037964227913733615	0.27051547604989057	0.2435433242495088	57.56345063803556
5.332086047456497	0.007	0.005	0.25089735379249156	0.00037710239761765184	0.2716047966915347	0.24514795629581485	57.178339831577915
5.396169218846488	0.007	0.005	0.24921741603600556	0.0003745774265724503	0.2726603913365504	0.2467323319188106	56.795489831477646
5.4603040455608856	0.007	0.005	0.24754738610474877	0.0003720673471104498	0.27368270130287564	0.24829665315294602	56.41489777859796
5.52448935677562	0.007	0.005	0.24588724581400545	0.0003695721319455928	0.27467216853675513	0.24984112582853887	56.0365595286985
5.588723868168742	0.007	0.005	0.2442369792383085	0.0003670917571108849	0.275629230653531	0.2513659521243958	55.660471452681506
5.6530067269991155	0.007	0.005	0.24259655876624717	0.0003646261810993023	0.27655432888747195	0.25287134340227513	55.286627257770895
5.717336370809955	0.007	0.005	0.24096597430960293	0.00036217538879881834	0.27744789139859594	0.25435749331349744	54.915024645114734
5.781712202202533	0.007	0.005	0.2393451906887559	0.00035973932726703095	0.27831035702213497	0.25582461679855145	54.5456555973253
5.8461326789069705	0.007	0.005	0.23773419606321097	0.00035731797875496597	0.2791421486738132	0.2572729059253896	54.17851741597371
5.91059706714919	0.007	0.005	0.23613295773840362	0.0003549112940866673	0.27994369698345506	0.2587025699401058	53.81360265031029
5.97510426397148	0.007	0.005	0.23454145181571098	0.0003525192373704022	0.2807154245298329	0.260113808436901	53.4509058537236
6.039653159921832	0.007	0.005	0.23295965403174468	0.00035014177212630776	0.28145775077544366	0.2615068196730837	53.09042149690966
6.104243032888546	0.007	0.005	0.23138753021400618	0.0003477788470015076	0.2821710963147026	0.2628818088891826	52.732141791864514
6.168872521205969	0.007	0.005	0.22982506134701314	0.00034543043343420826	0.2828558713328369	0.264238966320561	52.37606240520773
6.233541096347661	0.007	0.005	0.2282722078176275	0.0003430964718233328	0.2835124916413035	0.26557849839989967	52.022174309246296
6.298247491286677	0.007	0.005	0.22672894745829297	0.00034077692890807106	0.2841413619030848	0.2669005946754698	51.67047245203467
6.362991015950876	0.007	0.005	0.22519524390062506	0.00033847175000105553	0.2847428891614099	0.2682054551690217	51.320948545548525
6.4277707558473125	0.007	0.005	0.22367106584130073	0.0003361808880326614	0.28531747466159596	0.26949327374837345	50.973595455908644
6.49258597102856	0.007	0.005	0.22215637757821693	0.0003339042894152116	0.285865517612347	0.27076424620152023	50.62840504655069
6.5574355550633285	0.007	0.005	0.22065115166892255	0.00033164191279852587	0.28638741058195094	0.27201855960692023	50.2853710636461
6.62231903175175	0.007	0.005	0.2191553457521804	0.0003293936946055267	0.2868835476577776	0.27325641170019765	49.94448385326176
6.6872353821489545	0.007	0.005	0.21766892981519975	0.0003271595896810648	0.2873543149187981	0.2744779881269053	49.60573657558719
6.752184011805549	0.007	0.005	0.21619186385468014	0.00032493953793090647	0.287800097958798	0.27568348097590606	49.26912011400428
6.817163980930514	0.007	0.005	0.21472411554149257	0.0003227334906899082	0.2882212762288977	0.27687307424099683	48.934627100916245
6.882174757584456	0.007	0.005	0.21326564312190968	0.00032054138530565834	0.28861822815856764	0.2780469577646997	48.602248020907524
6.947215550492538	0.007	0.005	0.21181641055156242	0.00031836316751589796	0.2889913267005323	0.279205314933661	48.271974659582455
7.0122857397351686	0.007	0.005	0.2103763778045414	0.0003161987771787729	0.28934094205816213	0.2803483305162691	47.94379789509065
7.0773844759450375	0.007	0.005	0.20894550978650678	0.00031404816162110044	0.28966743945041484	0.2814761835636706	47.61770972971448
7.142511296988166	0.007	0.005	0.207523762753279	0.00031191125498572145	0.2899711822995592	0.28258905815329927	47.293700194396536
7.207665459531918	0.007	0.005	0.20611109904816455	0.00030978800076163286	0.2902525288010235	0.28368713175115756	46.97176070723961
7.2728463402247865	0.007	0.005	0.2047074782871244	0.000307678338194201	0.2905118339546667	0.2847705821703659	46.65188206495732
7.338053353827251	0.007	0.005	0.20331285919726064	0.00030558220525862015	0.2907494490940525	0.2858395861067996	46.33405486183763
7.4032860915899725	0.007	0.005	0.2019271967224121	0.0003034995342599615	0.2909657222807616	0.2868943213268262	46.01826882948301
7.468543625452806	0.007	0.005	0.20055045678025096	0.000301430274003949	0.29116099607325635	0.28793495546316955	45.704516200699715
7.533825601532961	0.007	0.005	0.19918259305862554	0.00029937435477162694	0.2913356111301306	0.2889616636742668	45.392786421465374
7.599131557379061	0.007	0.005	0.19782356159466766	0.000297331710590389	0.2914899038182423	0.28997461751034437	45.083069472675625
7.664460839588466	0.007	0.005	0.1964733223938465	0.0002953022812748688	0.2916242062566152	0.29097398379375644	44.775356239749996
7.729813036516885	0.007	0.005	0.1951318304475701	0.00029328599923750113	0.29173884732631283	0.2919599313153511	44.46963646534555
7.795187463226487	0.007	0.005	0.19379904636942538	0.00029128280523647073	0.29183415165984916	0.292932622982882	44.165901173655755
7.8605839019883845	0.007	0.005	0.19247492126741897	0.00028929262580524266	0.2919104408256454	0.2938922269051277	43.864139222431675
7.926001731797183	0.007	0.005	0.19115941451618113	0.00028731539992059724	0.291968032040812	0.2948389034201937	43.56434135308396
7.991440400402685	0.007	0.005	0.1898524840825488	0.0002853510643179062	0.2920072389928117	0.29577281220575863	43.266497986711386
8.056899697614126	0.007	0.005	0.1885540811777524	0.00028339954574231396	0.29202837181848756	0.29669411604120444	42.97059800446162
8.12237893587268	0.007	0.005	0.1872641665768306	0.00028146078519861417	0.2920317367374441	0.2976029691940223	42.67663246716785
8.187877899956575	0.007	0.005	0.18598269178142018	0.0002795347098016885	0.2920176363955536	0.29849953080437763	42.38459032234918
8.253396092321228	0.007	0.005	0.18470961395360386	0.00027762125518397544	0.2919863697290128	0.2993839543327806	42.09446180739147
8.31893316693994	0.007	0.005	0.1834448873850076	0.0002757203526443573	0.29193823199207714	0.300256393577138	41.806236505494404
8.384488634173268	0.007	0.005	0.18218846923483706	0.00027383193773975026	0.29187351492386854	0.30111699869943204	41.51990465366382
8.450062390583069	0.007	0.005	0.18094030939064287	0.0002719559352275004	0.29179250624068087	0.3019659231832235	41.23545483121733
8.515653659144807	0.007	0.005	0.17970037068369857	0.000270092289202165	0.29169549089331614	0.30280331006679934	40.95287856761136
8.581262370648968	0.007	0.005	0.17846860260767358	0.00026824092372072577	0.29158274937425493	0.3036293098277731	40.6721643529353
8.64688814716485	0.007	0.005	0.17724496066933304	0.0002664017719706557	0.2914545590132147	0.30444406724292106	40.3933020472141
8.712530601769824	0.007	0.005	0.17602940065660452	0.0002645747674525849	0.2913111936876581	0.30524772531902067	40.116281574756044
8.778189473381708	0.007	0.005	0.17482187616425135	0.0002627598404599877	0.2911529235257437	0.3060404269323185	39.841092360014684
8.843864400658777	0.007	0.005	0.17362234279013028	0.00026095692424875404	0.2909800154202581	0.3068223120658731	39.56772428385472
8.909555021994278	0.007	0.005	0.1724307562640442	0.0002591659522370623	0.2907927328785563	0.30759351907553034	39.296167257428195
8.975261158329968	0.007	0.005	0.17124706916845772	0.00025738685319673247	0.29059133547626015	0.30835418680727916	39.026410474452355
9.040982395387166	0.007	0.005	0.1700712384995081	0.0002556195624745876	0.29037608011179133	0.30910444973090295	38.75844413464532
9.10671864954554	0.007	0.005	0.16890321550407555	0.0002538640068152643	0.2901472192587831	0.30984444447035964	38.49225712728635
9.172469436420725	0.007	0.005	0.16774295874335393	0.00025212012389980333	0.2899050034326124	0.3105743014983504	38.227840008710224
9.238234698235622	0.007	0.005	0.16659041940097052	0.00025038784038767067	0.2896496783340614	0.31129415445778513	37.965181653819855
9.304013967583293	0.007	0.005	0.16544555604428432	0.00024866709399685825	0.28938148795503166	0.31200413088860773	37.704272620376656
9.369807199506582	0.007	0.005	0.16430832004676618	0.0002469578116334951	0.2891006713792418	0.3127043613486592	37.44510182661823
9.43561400028775	0.007	0.005	0.1631786690329905	0.00024525992961812895	0.2888074659253546	0.3133949710782351	37.18765961536396
9.501434255005107	0.007	0.005	0.162056556010175	0.00024357337731695954	0.28850210453873004	0.3140760867231567	36.931935277146735
9.567267613179402	0.007	0.005	0.16094193821021172	0.00024189809043151657	0.28818481809721297	0.3147478309372366	36.67791906541357
9.63311402944052	0.007	0.005	0.1598347678935657	0.00024023399721945904	0.28785583290823014	0.31541032796979424	36.425600100497306
9.698973144287557	0.007	0.005	0.15873500283028444	0.00023858103421273407	0.28751537373208585	0.31606369736707246	36.17496875834995
9.764844851085654	0.007	0.005	0.15764259674782713	0.0002369391318878927	0.2871636610122574	0.31670805971616517	35.92601449369952
9.830728890392624	0.007	0.005	0.15655750613493769	0.00023530822480291876	0.2868009129639418	0.3173435326020318	35.67872739043764
9.896625028810288	0.007	0.005	0.15547968723737624	0.00023368824722283058	0.28642734470739606	0.31797023241752753	35.43309747733876
9.962533203074644	0.007	0.005	0.1544090937416508	0.00023207912949694499	0.2860431674288741	0.31858827570356374	35.1891141998611
10.028453266922659	0.007	0.005	0.15334568094052184	0.00023048080449177515	0.2856485898167562	0.3191977767301829	34.94676736914978
10.09438486001621	0.007	0.005	0.15228940777495042	0.00022889321043943962	0.2852438189776947	0.31979884638226674	34.70604762817289
10.16032800621176	0.007	0.005	0.15124022723193464	0.0002273162767190964	0.28482905682406634	0.3203915976524052	34.46694426294008
10.226282449777164	0.007	0.005	0.15019809700817627	0.00022574993974447126	0.2844045041432906	0.3209761395722817	34.229447632511565
10.292247947957522	0.007	0.005	0.1491629747778565	0.00022419413586177283	0.28397035889107797	0.32155257994359915	33.99354809133571
10.35822460312015	0.007	0.005	0.14813481304630197	0.0002226487937311598	0.28352681395728735	0.3221210281865533	33.75923481532921
10.424211910126992	0.007	0.005	0.14711357402237646	0.0002211138565163451	0.28307406356185955	0.3226815871120284	33.52649919226986
10.490210128621882	0.007	0.005	0.1460992082774479	0.0002195892499422223	0.2826122940097764	0.3232343647145954	33.29532995753996
10.556218796944865	0.007	0.005	0.14509167775446852	0.00021807491680483706	0.28214169390410854	0.32377946155052634	33.06571843810286
10.622238043566766	0.007	0.005	0.14409093557597663	0.00021657078665339333	0.2816624450497313	0.32431698177817814	32.837653950712834
10.68826745905914	0.007	0.005	0.1430969432739881	0.00021507680166091544	0.2811747305087215	0.3248470238421335	32.61112772888029
10.754307268078477	0.007	0.005	0.1421096530507941	0.00021359289000593486	0.28067872609664435	0.32536969000479077	32.38612887963734
10.820357052261476	0.007	0.005	0.14112902700004396	0.0002121189946717874	0.2801746098495654	0.32588507611221357	32.16264876423521
10.886416887500587	0.007	0.005	0.1401550200641859	0.0002106550479831973	0.2796625535616574	0.32639328065319156	31.94067711433952
10.952486547758419	0.007	0.005	0.139187591905311	0.00020920098929566724	0.2791427288345005	0.32689439850815033	31.72020473707262
11.018565977596293	0.007	0.005	0.13822669990199266	0.0002077567545444303	0.27861530348543245	0.32738852463610724	31.50122191931812
11.0846551084179	0.007	0.005	0.13727230188045836	0.00020632228033180277	0.2780804429791941	0.32787575265381574	31.283719049783684
11.15075377965459	0.007	0.005	0.13632435723174666	0.00020489750564747794	0.27753831111795213	0.3283561742896799	31.067686873898822
11.216861957653155	0.007	0.005	0.13538282375903737	0.00020348236704413987	0.27698906829119424	0.32882988100348604	30.853115775177393
11.282979477362959	0.007	0.005	0.13444766137958938	0.00020207680428513665	0.27643287362568697	0.3292969621247871	30.63999661899484
11.349106348864133	0.007	0.005	0.13351882776898963	0.00020068075376685715	0.27586988245806354	0.32975750705336465	30.428319759839056
11.415242442060213	0.007	0.005	0.1325962828288113	0.00019929415521697443	0.27530024900828265	0.3302116030377102	30.21807605934679
11.481387644325112	0.007	0.005	0.1316799864395731	0.0001979169483100251	0.2747241250980732	0.33065933631801475	30.009256374584503
11.54754196129527	0.007	0.005	0.13076989708808934	0.0001965490706825717	0.27414165927894457	0.33110079279947247	29.801851244843377
11.613705236459401	0.007	0.005	0.1298659757394597	0.00019519046367321872	0.27355299931416066	0.33153605617907295	29.595851774223505
11.679877444732535	0.007	0.005	0.12896818178934202	0.00019384106620101092	0.2729582896301944	0.3319652099262763	29.39124870926466
11.7460585259505	0.007	0.005	0.12807647536146727	0.00019250081838654263	0.27235767280461703	0.33238833617901814	29.188032962291224
11.812248384851344	0.007	0.005	0.1271908172889533	0.00019116966133008898	0.27175128961040473	0.33280551577387335	28.9861956074095
11.878447026984006	0.007	0.005	0.126311167298347	0.00018984753450662992	0.2711392777965068	0.3332168291139212	28.785727466378983
11.944654278101407	0.007	0.005	0.12543748774324245	0.00018853438134541677	0.2705217747026755	0.33362235443136423	28.586619959847134
12.010870209497174	0.007	0.005	0.12456973796739981	0.0001872301407243112	0.2698989133413905	0.33402217042940935	28.38886382244139
12.07709467317013	0.007	0.005	0.12370788044324034	0.00018593475624525556	0.26927082675485053	0.3344163534425677	28.192450501786105
12.143327696541736	0.007	0.005	0.12285187558769103	0.00018464816840784847	0.2686376443381429	0.33480497984305463	27.997370977048288
12.209569144703845	0.007	0.005	0.12200168615918078	0.00018337032124586758	0.2679994950661391	0.3351881240404481	27.803616761079457
12.275819049444898	0.007	0.005	0.12115727300482788	0.00018210115590433564	0.26735650437384	0.3355658604245228	27.61117893121192
12.342077385512429	0.007	0.005	0.12031859795626643	0.0001808406150110133	0.26670879631802247	0.33593826206136107	27.420048788936747
12.408344048638023	0.007	0.005	0.11948562407661112	0.00017958864307629808	0.2660564938406157	0.3363054006087357	27.2302179165491
12.474619079376152	0.007	0.005	0.11865831284130159	0.00017834518217596564	0.26539971659477934	0.33666734757356603	27.041677534434314
12.540902351464073	0.007	0.005	0.11783662804902827	0.0001771101779008476	0.264738584041131	0.33702417260197637	26.854419392428504
12.607193843972311	0.007	0.005	0.11702053240886771	0.00017588357419782587	0.26407321278563173	0.3373759449899147	26.668434992253392
12.673493588660184	0.007	0.005	0.11620998822757682	0.00017466531442447938	0.2634037171041189	0.3377227333813224	26.483715743688826
12.73980145918859	0.007	0.005	0.11540495997841771	0.000173455345169646	0.26273021109862266	0.33806460468177446	26.300253550497597
12.8061175927204	0.007	0.005	0.11460540916990945	0.00017225360858948965	0.26205280444884005	0.33840162625613174	26.118039640531904
12.872441796992176	0.007	0.005	0.11381130152748728	0.00017106005317822962	0.2613716084677724	0.3387338628953645	25.937066202803692
12.938774191612135	0.007	0.005	0.11302259925726035	0.0001698746221122856	0.26068672957751904	0.3390613800908494	25.757324624213627
13.005114615010179	0.007	0.005	0.11223926815119173	0.00016869726398342322	0.25999827541867737	0.33938424106920434	25.578807108952123
13.071463169234427	0.007	0.005	0.11146127110497536	0.00016752792303235703	0.2593063492511232	0.3397025094970385	25.40150520106862
13.137819705846026	0.007	0.005	0.11068857418880151	0.00016636654824426852	0.2586110553096059	0.3400162469875521	25.22541116823905
13.204184384050095	0.007	0.005	0.10992114011448183	0.00016521308359252517	0.25791249299909313	0.34032551577947623	25.050516512559344
13.270557007015462	0.007	0.005	0.10915893595114573	0.00016406747958250633	0.25721076387652697	0.3406303756181706	24.876813729279295
13.3369377295794	0.007	0.005	0.1084019249397071	0.00016292968092861796	0.2565059642244067	0.3409308870655867	24.70429444117276
13.403326416414469	0.007	0.005	0.10765007387436423	0.0001617996377700509	0.2557981918507627	0.3412271085524782	24.5329510807916
13.469723165228041	0.007	0.005	0.10690334712333129	0.00016067729653229792	0.25508754056230987	0.3415190987673199	24.362775527746358
13.5361278362522	0.007	0.005	0.1061617119544693	0.00015956260800183874	0.2543741052016178	0.3418069145678149	24.193760322580903
13.602540540403803	0.007	0.005	0.10542513304674055	0.00015845551912048068	0.2536579764420462	0.34209061313609945	24.02589741585199
13.66896121706304	0.007	0.005	0.10469357722018513	0.00015735597999570357	0.25293924533649803	0.34237025014641975	23.859179245983846
13.735389911186239	0.007	0.005	0.10396701034810943	0.0001562639393481137	0.2522180003564316	0.3426458809695222	23.693598035582816
13.801826540132515	0.007	0.005	0.10324539991874528	0.00015517934830218093	0.251494329936836	0.34291755970416754	23.529146375456758
13.868271219275229	0.007	0.005	0.10252871148729027	0.00015410215509500898	0.2507683189547169	0.3431853405276125	23.365816415698443
13.934723804339866	0.007	0.005	0.10181691363200154	0.00015303231249233907	0.2500400537388507	0.3434492758428511	23.203600995600418
14.001184498761026	0.007	0.005	0.10110997142053058	0.0001519697679907058	0.24930961544603555	0.34370941872341243	23.042492154083256
14.067653092204557	0.007	0.005	0.10040785455069162	0.00015091447606011942	0.24857708843023427	0.34396581990778213	22.882482985434002
14.134129739717698	0.007	0.005	0.09971052905261886	0.00014986638561748225	0.24784255170222633	0.3442185308657341	22.723565748149905
14.200614354203658	0.007	0.005	0.09901796372821668	0.00014882544979112505	0.24710608563401404	0.34446760144647054	22.565733332325557
14.267107042317194	0.007	0.005	0.09833012556796052	0.00014779161896512854	0.24636776716470024	0.34471308155192476	22.408978215227375
14.333607730158814	0.007	0.005	0.09764698365100222	0.00014676484665766817	0.24562767396384072	0.3449550197416587	22.253293350133763
14.400116493579896	0.007	0.005	0.09696850572130009	0.0001457450843854802	0.24488588078397633	0.3451934644655794	22.098671386039882
14.466633293909187	0.007	0.005	0.09629466090731632	0.00014473228576426006	0.2441424624171046	0.34542846310653014	21.945105287489305
14.533158202618715	0.007	0.005	0.09562541742831152	0.00014372640300400853	0.2433974912068668	0.3456600627952282	21.792587811745587
14.599691159001122	0.007	0.005	0.09496074504345958	0.00014272739067591053	0.24265103977516905	0.34588830956554906	21.641112067055253
14.666232230140562	0.007	0.005	0.09430061243400796	0.00014173520169480854	0.24190317812826728	0.34611324926873405	21.490670916130153
14.732781443474266	0.007	0.005	0.09364498889133654	0.00014074978990580712	0.2411539755476333	0.3463349269962948	21.341257360541466
14.799338782364712	0.007	0.005	0.0929938443440586	0.00013977111011627869	0.24040350066046973	0.3465533870838619	21.192864547105604
14.865904261031005	0.007	0.005	0.09234714861596881	0.0001387991169720681	0.23965182061302168	0.34676867337055894	21.045485598832414
14.93247788928769	0.007	0.005	0.09170487177417926	0.00013783376546282628	0.23889900148305157	0.34698082908808653	20.89911369427557
14.999059760744258	0.007	0.005	0.09106698328536875	0.0001368750097170141	0.23814510729677474	0.34718989714463594	20.753741874991757
15.065649849957591	0.007	0.005	0.0904334539651007	0.00013592280587679915	0.23739020233987598	0.3473959194905985	20.609363489859675
15.132248157941952	0.007	0.005	0.08980425456547726	0.00013497710996379444	0.2366343495287655	0.347598937594027	20.46597187354486
15.198854769534522	0.007	0.005	0.08917935524829688	0.0001340378771369466	0.2358776097718786	0.3477989926131822	20.32356022599109
15.265469641647824	0.007	0.005	0.08855872757582155	0.00013310506465796052	0.23512004438936615	0.34799612476362196	20.18212206637263
15.332092845911568	0.007	0.005	0.08794234223077421	0.00013217862844856052	0.23436171237175007	0.3481903740560248	20.041650713494043
15.398724409848251	0.007	0.005	0.08733017050738977	0.0001312585253884063	0.2336026721989809	0.34838177982583673	19.902139625327536
15.465364312437117	0.007	0.005	0.08672218433416772	0.00013034471326291323	0.23284298190772493	0.34857038073771185	19.76358240465257
15.5320126827422	0.007	0.005	0.08611835446618024	0.00012943714812437346	0.23208269684090854	0.34875621535255374	19.62597238657146
15.598669429123147	0.007	0.005	0.08551865385351286	0.00012853578931678277	0.2313218738901474	0.3489393210926396	19.489303406603252
15.665334711595019	0.007	0.005	0.08492305336653906	0.00012764059306708908	0.2305605661209838	0.34911973556267417	19.35356882618315
15.73200843851092	0.007	0.005	0.08433152632207866	0.00012675151925524729	0.22979882853136227	0.34929749517400244	19.218762564364987
15.798690747859887	0.007	0.005	0.08374404417926526	0.0001258685249964708	0.22903671256939395	0.34947263645637866	19.084878116759963
15.865381547982832	0.007	0.005	0.08316058061214987	0.00012499157070861722	0.22827427139376152	0.34964519484005735	18.951909483895996
15.932081007840841	0.007	0.005	0.0825811071947268	0.0001241206136728214	0.22751155428357625	0.34981520594728316	18.819850187621952
15.99878907111821	0.007	0.005	0.08200559765602794	0.0001232556143977815	0.22674861220607906	0.3499827043381703	18.68869424084922
16.0	0.007	0.005	0.08199518779528994	0.00012323996822808514	0.22673476191622305	0.34998572167522485	18.68632188201056
