0.0	0.007	0.005	0.0	0.0	0.0	0.0	100.0
0.006404476552512592	0.007	0.005	0.01756741166287777	6.549219141606792e-5	1.3758995597942651e-5	4.472815877538295e-5	99.93153644876229
0.011510800412110918	0.007	0.005	0.030891605451697494	0.00010932135632159325	4.378517269475552e-5	0.00013747454156837663	99.8769836741613
0.018722135391480012	0.007	0.005	0.048730862054387175	0.000160715611452597	0.00011342820594367054	0.0003397359842475258	99.79999299750888
0.026039977815727644	0.007	0.005	0.06572703902265867	0.00020254012341075568	0.00021485460697536802	0.0006148520194216371	99.72192588069146
0.034637780653938	0.007	0.005	0.08436269264994341	0.00024113715577361863	0.00037096743025689656	0.0010090617701014907	99.63028210000778
0.04381283035232063	0.007	0.005	0.10277028188484968	0.000272548744956239	0.0005784117590563386	0.001495105553745445	99.53257834803544
0.05396258219891045	0.007	0.005	0.12149020976415678	0.00029839496096673	0.0008530908174136269	0.0020916674676557906	99.42460675593698
0.0648577326088235	0.007	0.005	0.13982257829520306	0.00031842198221696547	0.0011961971179151546	0.00278218383978499	99.3088360628765
0.07663805689011466	0.007	0.005	0.15777454280784042	0.0003335502649130409	0.0016181066209868193	0.003569876857507267	99.18381128024325
0.08923395126572872	0.007	0.005	0.17502566731865737	0.0003443684139906552	0.0021218434112596483	0.004443917455438901	99.0503049558372
0.10268934662042599	0.007	0.005	0.19146176344680008	0.00035161585672506334	0.0027135034732347126	0.005400562495239707	98.90788712628891
0.11696661983090895	0.007	0.005	0.20689583819390703	0.00035592545004036445	0.0033947796222663154	0.006430341601799531	98.75699408996537
0.132052925151676	0.007	0.005	0.22121806354218246	0.00035792147635766065	0.004167105754604772	0.007525774146485982	98.59780071986364
0.14791027685489944	0.007	0.005	0.23433808360274583	0.0003582038846857198	0.005029390917396609	0.008678228008587249	98.43074774715248
0.164521349190444	0.007	0.005	0.24622527902024433	0.0003573387704209184	0.005980466790107983	0.009881605823374053	98.25605805535132
0.1818722537051909	0.007	0.005	0.25688217215667547	0.0003558114555342299	0.007018491648950326	0.011131289276300528	98.07391898862463
0.19995655683903552	0.007	0.005	0.26633976669662623	0.0003539902734158562	0.008141390970285082	0.012424382661043653	97.88444049047577
0.21876854370082455	0.007	0.005	0.2746471367024889	0.00035211823922177483	0.009346629536352312	0.013759002700585174	97.68772613090292
0.23831036488941765	0.007	0.005	0.28186958199171414	0.00035032977511747593	0.010631808719846715	0.015134486532593366	97.48379861548611
0.25859326951320044	0.007	0.005	0.2880829167719987	0.000348680727505711	0.011994909421689733	0.016551180063110894	97.27258778607606
0.27963821395545274	0.007	0.005	0.29336846838451897	0.0003471783468268195	0.01343446331428753	0.01801024446477408	97.05392536404362
0.30147407604543336	0.007	0.005	0.29780871803427567	0.0003458046354334536	0.014949523228633457	0.019513371529511703	96.82756468393346
0.324136923213261	0.007	0.005	0.30148461651371894	0.0003445315492200657	0.01653966710683587	0.02106263780005939	96.59318939227227
0.34766950998780166	0.007	0.005	0.3044738298845175	0.00034332961964187694	0.018204992958785825	0.022660418268138614	96.35041977501017
0.37212148521830485	0.007	0.005	0.3068496827088078	0.0003421720667127955	0.01994614633070395	0.02430937377155724	96.09881181471809
0.3975497821186313	0.007	0.005	0.3086804841558005	0.0003410362321040315	0.02176434852488069	0.02601246204870324	95.83785451525598
0.4240193155955019	0.007	0.005	0.3100291385511889	0.0003399035877209206	0.023661436735092328	0.027772972025655016	95.56696427381614
0.4516038103997002	0.007	0.005	0.3109529452184656	0.0003387591142316785	0.025639904816719815	0.02959456393663338	95.28547818428086
0.4803868986753414	0.007	0.005	0.31150354547962367	0.0003375904825684281	0.027702955074119857	0.03148132123092881	94.99264492477155
0.5104634273564629	0.007	0.005	0.3117269713803538	0.0003363872577041409	0.02985455672598492	0.033437808017481495	94.68761393397374
0.5419410803756184	0.007	0.005	0.3116637686750764	0.00033514020691546924	0.03209951791829467	0.03546913711075483	94.36942192095609
0.574942614752127	0.007	0.005	0.3113491652227148	0.000333840719064476	0.034443591239614255	0.037581065732028726	94.0369738485036
0.6096085205024045	0.007	0.005	0.31081326089874817	0.00033248032948526797	0.03689359674896327	0.039780103411512585	93.68902054506869
0.6460988374083461	0.007	0.005	0.310081259954282	0.0003310503759945015	0.039457470791754164	0.04207354952064932	93.3241458345771
0.6845981471815819	0.007	0.005	0.30917366743544905	0.0003295416042309761	0.04214452084924211	0.044469710804123624	92.94072317327193
0.7253195254544653	0.007	0.005	0.3081064955267282	0.0003279438669978291	0.044965582126819434	0.04697802389171251	92.53688463198392
0.7685106169959474	0.007	0.005	0.3068914269572096	0.00032624577708721404	0.047933291706787985	0.049609274608725634	92.11047108229413
0.8144601948351861	0.007	0.005	0.3055359643748073	0.0003244343662790842	0.0510623555613988	0.05237580003767301	91.6589807371226
0.863505722273984	0.007	0.005	0.3040435572964919	0.00032249472291870287	0.05436983404301163	0.05529169339629642	91.17951172787642
0.9160392683229002	0.007	0.005	0.3024137889542995	0.0003204097101679651	0.057875256512353986	0.0583728415703324	90.66872551499884
0.9725045261955624	0.007	0.005	0.3006428560815923	0.00031816005807615137	0.061600087877878865	0.061636376446786274	90.12290129230915
1.0333605453636963	0.007	0.005	0.2987251087472294	0.00031572582404622426	0.0655650099397752	0.06509820934324054	89.53831203324602
1.0989491698586207	0.007	0.005	0.2966575997557025	0.0003130918072607453	0.06978120411783659	0.0687653895871655	88.91250594822266
1.1691944862478232	0.007	0.005	0.2944497392133037	0.00031025992866642475	0.07423181340664178	0.07262016231238426	88.2471185403507
1.2433948300996285	0.007	0.005	0.29212957738792716	0.0003072581423013565	0.07886103422231382	0.07661109565213514	87.54967495451015
1.3206890285121278	0.007	0.005	0.2897287175642684	0.0003041219670599315	0.08360579964535654	0.08068109560107234	86.82901179117607
1.400503975172973	0.007	0.005	0.28726838107375374	0.00030087624593230766	0.08842364733199973	0.08479146007521367	86.09107099235874
1.4824722706589306	0.007	0.005	0.2847624013302059	0.00029753823016592177	0.09328655623281018	0.0889163348369536	85.33974827588077
1.5663666193105876	0.007	0.005	0.2822196465777885	0.0002941200591784134	0.09817615570804315	0.09303842686421342	84.57756061985866
1.6520320980664198	0.007	0.005	0.27964636982362107	0.0002906313928436375	0.10307917948601365	0.09714502005960851	83.80630599163388
1.7393817188617287	0.007	0.005	0.2770465272746492	0.0002870795019077387	0.10798685094941664	0.10122736845249686	83.02713018904645
1.8283747566215909	0.007	0.005	0.27442255979903435	0.00028347009090024325	0.11289334853628807	0.10527933344098185	82.24074433667498
1.9190127758455557	0.007	0.005	0.2717756017278889	0.00027980742239936166	0.11779535337257548	0.1092969447879291	81.44747816454678
2.0113316316714442	0.007	0.005	0.26910578616880093	0.0002760946257225635	0.12269141033513978	0.11327781643057923	80.64736653162689
2.1053986501251583	0.007	0.005	0.2664123825516919	0.0002723338124755368	0.1275816066348674	0.11722083345717293	79.84018805614552
2.2013103952235564	0.007	0.005	0.2636939097026442	0.0002685261849713854	0.13246729859446912	0.12112588354177492	79.02549768471793
2.299193053545106	0.007	0.005	0.2609481709507672	0.00026467205619542893	0.1373509825020023	0.12499370758114503	78.20263655588025
2.399204959815364	0.007	0.005	0.2581722309538578	0.00026077080426774714	0.1422362670914876	0.12882582995966202	77.37072473246073
2.5015424752094786	0.007	0.005	0.2553623064508895	0.0002568207206288398	0.1471279888406377	0.1326245950022767	76.52862830573255
2.6064506350657766	0.007	0.005	0.25251354059690495	0.0002528187103158447	0.1520325102852681	0.13639333172486992	75.67489169244274
2.714242519996899	0.007	0.005	0.24961956673431074	0.0002487597172258696	0.15695834356211957	0.14013674180963126	74.8076068681583
2.8253356015017044	0.007	0.005	0.2466716650069207	0.0002446356118792992	0.16191739589806942	0.1438617086217639	73.92416059980792
2.94032758555141	0.007	0.005	0.24365696679344656	0.00024043281182717626	0.16692767349719145	0.14757909614102155	73.02069633135983
3.0601816183847546	0.007	0.005	0.240554009259333	0.00023612635918436625	0.17202005937355172	0.15130832431620966	72.09078193986588
3.18682721431771	0.007	0.005	0.2373181495922298	0.0002316603895256388	0.17726077493720258	0.15509270550423573	71.12103857772588
3.3264118051117033	0.007	0.005	0.23380209445841874	0.00022684149577704602	0.18287451442859803	0.1590840967962948	70.0673244253691
3.4821771667590555	0.007	0.005	0.22993992088848816	0.0002216005630308361	0.18894390097431749	0.1633240545669434	68.90988326067128
3.594172289112392	0.007	0.005	0.22720251027258492	0.00021790961858529336	0.19318424691104039	0.16623815185851756	68.08951833555889
3.6957268519792525	0.007	0.005	0.22474847384421748	0.0002146210542687463	0.1969422750381561	0.1687866063424244	67.35407682047372
3.7974503043366465	0.007	0.005	0.22231692853554863	0.00021138773744853713	0.2006254249077927	0.1712522415377182	66.62537558966444
3.9019738735083647	0.007	0.005	0.2198458509164805	0.00020812735159657082	0.204327215239276	0.17369755211315027	65.88482706029141
4.00823560788345	0.007	0.005	0.2173618342225494	0.00020487574031097686	0.20800648485231302	0.1760945301685092	65.14040086524466
4.114903892013654	0.007	0.005	0.2148965413892538	0.00020167464210770963	0.21161647752302892	0.17841307871025372	64.40158595790129
4.221537878398214	0.007	0.005	0.21245998885406445	0.00019853683150413773	0.215143715587902	0.18064575198189928	63.67138412905142
4.328112621357875	0.007	0.005	0.21005239331428802	0.00019546215326538203	0.21858931751338675	0.1827946636631073	62.9498603199459
4.434675743608097	0.007	0.005	0.20767233870403443	0.00019244829126683377	0.2219566959738597	0.1848633077580357	62.23659015479651
4.541273482338728	0.007	0.005	0.20531849189701332	0.0001894930034548334	0.22524904059660214	0.1868549383052717	61.53117411369091
4.647944716478402	0.007	0.005	0.20298972922650818	0.00018659428674109232	0.2284691531644021	0.18877248030271887	60.83327544891702
4.754722381106483	0.007	0.005	0.20068509577639074	0.0001837503274861774	0.23161952169054303	0.1906185891324085	60.14260798503101
4.861634592531469	0.007	0.005	0.1984037732265081	0.00018095946333823945	0.23470237859867515	0.19239569703295745	59.45892648255467
4.968705298016134	0.007	0.005	0.1961450595651611	0.00017822016009368932	0.23771973970628438	0.19410604575957233	58.782020558079935
5.0759548136075345	0.007	0.005	0.19390835226115738	0.0001755309929237637	0.24067343644897635	0.19575171353713694	58.1117096411604
5.183400188039347	0.007	0.005	0.19169313593649928	0.00017289063311188912	0.24356514044424651	0.19733463623203332	57.44783927998323
5.291055614509818	0.007	0.005	0.1894989697238565	0.0001702978344671845	0.24639638711063672	0.1988566268054832	56.79027735257426
5.398932663580646	0.007	0.005	0.18732547890464088	0.00016775142486574962	0.24916859252989826	0.20031939004177512	56.138911560842516
5.507040573008941	0.007	0.005	0.1851723458454058	0.00016525029696430986	0.2518830702821326	0.20172453643978638	55.493646714341544
5.615386502736337	0.007	0.005	0.1830393021051253	0.00016279340032957773	0.2545410458929946	0.20307359405664974	54.854402364927815
5.723975712080392	0.007	0.005	0.18092612247315037	0.00016037973581023928	0.25714366811116385	0.20436801806078503	54.2211110200168
5.8328117958763785	0.007	0.005	0.17883261818712962	0.00015800834897619168	0.2596920205633342	0.20560919990641335	53.59371611008578
5.941896821481059	0.007	0.005	0.1767586324010366	0.00015567832612394704	0.26218713005272887	0.2067984743199892	52.972170630502674
6.05123152522421	0.007	0.005	0.1747040347764775	0.0001533887892801371	0.2646299754382138	0.2079371261367034	52.35643552061433
6.160815423839503	0.007	0.005	0.17266871794848526	0.00015113889328965906	0.2670214938088679	0.20902639544681614	51.74647860459269
6.2706469783544	0.007	0.005	0.17065259321942908	0.00014892782201873707	0.26936258720492284	0.2100674826636943	51.142273300957875
6.38072371623644	0.007	0.005	0.16865558725312357	0.00014675478564309767	0.27165412780026504	0.21106155256342815	50.54379763184737
6.491042355194632	0.007	0.005	0.16667763892638016	0.00014461901807478258	0.27389696260304264	0.21200973783838176	49.951033279468554
6.601598884625755	0.007	0.005	0.16471869711012949	0.0001425197753490318	0.27609191683832623	0.21291314184856777	49.36396492113104
6.712388692376034	0.007	0.005	0.16277871778703157	0.00014045633325387224	0.27823979786094044	0.21377284139091834	48.782579365433634
6.823406656298592	0.007	0.005	0.16085766195215673	0.00013842798575949516	0.2803413979705581	0.21458988880932278	48.20686492312666
6.934647222257193	0.007	0.005	0.15895549387306426	0.00013643404377468578	0.28239749666328334	0.21536531372054019	47.63681088568098
7.046104483149213	0.007	0.005	0.1570721794413905	0.00013447383394460838	0.28440886264212867	0.2161001245084633	47.07240703128163
7.1577722366699	0.007	0.005	0.15520768498371923	0.00013254669786949157	0.28637625521349397	0.21679530946881248	46.51364326846123
7.269644066058015	0.007	0.005	0.1533619757733869	0.00013065199095996393	0.2883004259003981	0.21745183792687306	45.96050919010863
7.381713421701677	0.007	0.005	0.15153501463059482	0.00012878908134153586	0.29018211985292847	0.21807066116774454	45.41299365394112
7.493973621614644	0.007	0.005	0.14972676192126128	0.00012695735012225562	0.29202207574217365	0.21865271278235124	44.87108478216075
7.606417956408302	0.007	0.005	0.147937173905875	0.00012515618993495293	0.2938210273071793	0.2191989095001454	44.33476946662775
7.719039683073703	0.007	0.005	0.146166202948048	0.00012338500530270413	0.29557970295092983	0.21971015133306904	43.80403343136113
7.831832078564726	0.007	0.005	0.14441379679184294	0.00012164321201247579	0.29729882626690224	0.22018732198418425	43.27886101596352
7.944788493758666	0.007	0.005	0.14267989789236732	0.00011993023650439171	0.29897911647005576	0.22063128916976799	42.75923497500914
8.057902340232504	0.007	0.005	0.14096444381628687	0.00011824551626540619	0.3006212877712104	0.22104290462624177	42.2451365980724
8.17116714449118	0.007	0.005	0.139267366619551	0.00011658849917342817	0.3022260497502008	0.22142300437404705	41.736545523240686
8.284576549832353	0.007	0.005	0.13758859305049034	0.00011495864360888428	0.3037941069287564	0.2217724087535681	41.23343979797971
8.398124363312956	0.007	0.005	0.1359280440942415	0.00011335541789339383	0.3053261589710882	0.22209192259837873	40.735795742604
8.511804535059236	0.007	0.005	0.1342856355330886	0.00011177830067113824	0.3068228999430551	0.2223823351899788	40.24358811820352
8.625611182634332	0.007	0.005	0.13266127783956916	0.00011022678061524926	0.3082850182157725	0.22264442036276244	39.75679009460908
8.739538585227693	0.007	0.005	0.131054876511785	0.00010870035652709162	0.3097131959804729	0.2228789365324437	39.27537335088041
8.853581223079711	0.007	0.005	0.12946633177001785	0.00010719853681007882	0.31110810935173716	0.2230866268278907	38.79930798438583
8.967733756458179	0.007	0.005	0.12789553911351184	0.00010572083973238519	0.3124704277181287	0.22326821909591346	38.32856267766271
9.081991042305106	0.007	0.005	0.12634238933999983	0.00010426679316492593	0.31380081359454265	0.22342442599963463	37.86310470426914
9.196348112959974	0.007	0.005	0.12480676908107867	0.00010283593478153273	0.315099922049788	0.2235559450707446	37.4029000892285
9.310800200219811	0.007	0.005	0.12328856071204869	0.00010142781166613277	0.3163684006945314	0.2236634588411789	36.94791358200975
9.425342721448919	0.007	0.005	0.12178764277275558	0.00010004198038133915	0.3176068892511092	0.2237476349333865	36.49810878264796
9.539971280745231	0.007	0.005	0.12030389017450935	9.867800682989191e-5	0.31881601932879217	0.22380912618626495	36.053448203755096
9.654681662429907	0.007	0.005	0.11883717449913121	9.733546619294407e-5	0.3199964141435244	0.22384857078824336	35.613893360140565
9.769469824440844	0.007	0.005	0.11738736428668918	9.601394285180701e-5	0.3211486882696458	0.22386659242702198	35.1794048550412
9.884331922084474	0.007	0.005	0.1159543249345286	9.471302995860074e-5	0.3222734477163452	0.2238638004509354	34.74994234986272
9.99926427847945	0.007	0.005	0.11453791926490316	9.343232960658874e-5	0.3233712894872299	0.2238407900275374	34.325464734290435
10.114263545363777	0.007	0.005	0.1131380057564814	9.217145092646629e-5	0.3244428029535718	0.22379814225312247	33.905929596296076
10.229326284809275	0.007	0.005	0.11175444383353778	9.093001444174383e-5	0.32548856582867125	0.22373642446744865	33.491294807236706
10.344449190567262	0.007	0.005	0.11038709122808138	8.970764936623018e-5	0.3265091463258351	0.22365619048482283	33.081517731320176
10.459629172587185	0.007	0.005	0.10903580313059086	8.850399252803559e-5	0.3275051038563928	0.22355798073334732	32.67655497109226
10.574863296616625	0.007	0.005	0.10770043307782723	8.731868883004413e-5	0.32847698842599493	0.223442322475718	32.27636263350181
10.690148799999964	0.007	0.005	0.10638083291623912	8.61513908995201e-5	0.32942534074208796	0.22330972999526125	31.88089631893401
10.805483053978726	0.007	0.005	0.10507685337493046	8.500175927346385e-5	0.33035069189075733	0.2231607048430571	31.490111292920844
10.920863579389833	0.007	0.005	0.10378834400972399	8.386946204109079e-5	0.33125356348313345	0.22299573603786207	31.10396246937792
11.036287978243138	0.007	0.005	0.10251515407817555	8.27541752947487e-5	0.3321344671590493	0.22281530039004377	30.72240467283416
11.151753979895766	0.007	0.005	0.10125713211414773	8.165558246390961e-5	0.3329939050192636	0.22261986267660508	30.345392510937575
11.267259426066657	0.007	0.005	0.10001412619071402	8.057337425241408e-5	0.3338323695733553	0.22240987589276148	29.97288045324376
11.382802255803211	0.007	0.005	0.0987859841681045	7.950724856814339e-5	0.3346503437104061	0.22218578151280435	29.604822905522102
11.498380528689093	0.007	0.005	0.09757255352771974	7.845691010826041e-5	0.33544830095172246	0.2219480096779768	29.24117416001187
11.613992379136945	0.007	0.005	0.0963736819314277	7.742207056795639e-5	0.33622670522613846	0.22169697951877618	28.881888563035986
11.729636054870959	0.007	0.005	0.09518921688587424	7.640244809795968e-5	0.33698601124180305	0.22143309930814092	28.526920414399427
11.845309886480306	0.007	0.005	0.09401900612655663	7.539776737939764e-5	0.33772666438719207	0.22115676675392795	28.176224082490837
11.961012302907317	0.007	0.005	0.0928628975201959	7.44077592998447e-5	0.33844910094824543	0.2208683691904808	27.82975397502482
12.076741785611144	0.007	0.005	0.09172073957773222	7.343216114800631e-5	0.33915374794465786	0.22056828391883196	27.487464692779763
12.192496914684218	0.007	0.005	0.09059238104083195	7.247071604110269e-5	0.33984102354912277	0.22025687831797078	27.149310905679556
12.30827633831419	0.007	0.005	0.08947767123340122	7.15231729997296e-5	0.34051133702789876	0.21993451014192048	26.81524745813747
12.424078757546837	0.007	0.005	0.08837646024451884	7.058928688708296e-5	0.3411650887950064	0.21960152778518757	26.485229423878682
12.539902949388383	0.007	0.005	0.08728859874117663	6.966881804949185e-5	0.3418026706879173	0.21925827043616442	26.159212049821093
12.655747759227703	0.007	0.005	0.08621393807848185	6.87615322114676e-5	0.3424244660613051	0.21890506830849693	25.83715078910141
12.77161210859407	0.007	0.005	0.0851523302632847	6.786720025712897e-5	0.3430308499665474	0.21854224282333976	25.519001290175066
12.887494933831622	0.007	0.005	0.08410362854277749	6.698559852926139e-5	0.34362218897708696	0.21817010700813627	25.204719573211026
13.00339524755374	0.007	0.005	0.08306768686000038	6.611650820651953e-5	0.344198841663488	0.21778896551088583	24.894261866914622
13.11931211568012	0.007	0.005	0.0820443600899387	6.525971532785022e-5	0.34476115861605316	0.21739911486811286	24.58758467928238
13.235244626773863	0.007	0.005	0.08103350432583346	6.441501086133706e-5	0.3453094824479762	0.2170008438055548	24.284644883405715
13.351191938154425	0.007	0.005	0.0800349764876363	6.358219022914356e-5	0.3458441481684117	0.21659443327516564	23.985399600129952
13.467153275950823	0.007	0.005	0.07904863434851052	6.27610531800288e-5	0.3463654833169718	0.21618015663437415	23.689806205996405
13.583127866015966	0.007	0.005	0.07807433713724153	6.195140412994891e-5	0.34687380779836186	0.2157582800752873	23.39782251377668
13.699114987718614	0.007	0.005	0.07711194508340784	6.115305165478273e-5	0.3473694342797405	0.2153290626172863	23.10940663616653
13.815113950930465	0.007	0.005	0.07616131962090798	6.036580852000316e-5	0.3478526682344231	0.21489275636572258	22.824517046780073
13.931124111418425	0.007	0.005	0.07522232326770655	5.9589491455418985e-5	0.3483238081524484	0.2144496066267991	22.543112544111395
14.047144847819547	0.007	0.005	0.0742948198194266	5.882392118603127e-5	0.3487831455893364	0.21399985216276582	22.265152309551567
14.16317556934438	0.007	0.005	0.07337867428749155	5.806892226316067e-5	0.3492309653437731	0.213543725328931	21.990595888850553
14.279215715796422	0.007	0.005	0.07247375290093308	5.732432295148354e-5	0.34966754559970264	0.21308145223457053	21.71940319265903
14.395264765276298	0.007	0.005	0.07157992304890597	5.658995507388044e-5	0.3500931580939126	0.21261325286846586	21.45153447930083
14.511322226513695	0.007	0.005	0.07069705334331519	5.5865653955955314e-5	0.35050806822282704	0.212139341281319	21.18695037354158
14.627387623507923	0.007	0.005	0.06982501373399885	5.5151258415460553e-5	0.350912535124891	0.2116599257985185	20.925611901107303
14.743460487850227	0.007	0.005	0.06896367555833686	5.4446610703215855e-5	0.35130681179442746	0.21117520920093552	20.66748050355148
14.859540397172056	0.007	0.005	0.06811291125053989	5.375155618120998e-5	0.35169114534739476	0.210685388707961	20.412517951133022
14.975626944406535	0.007	0.005	0.06727259456936642	5.306594341214836e-5	0.3520657770446564	0.21019065624316707	20.160686411059878
15.091719745485143	0.007	0.005	0.06644260053572691	5.238962402431715e-5	0.3524309424477344	0.20969119853804963	19.91194842878979
15.207818447035727	0.007	0.005	0.06562280537419335	5.17224525835705e-5	0.35278687156825533	0.2091871972302588	19.666266910501694
15.323922703322948	0.007	0.005	0.06481308667143551	5.106428663745276e-5	0.3531337889207121	0.20867882909192473	19.42360517057671
15.440032168562844	0.007	0.005	0.0640133234172184	5.041498667005782e-5	0.353471913627625	0.20816626619152412	19.183926943884646
15.556146527687012	0.007	0.005	0.06322339578156574	4.9774415855792295e-5	0.35380145963301723	0.2076496758819966	18.94719631900287
15.672265480969159	0.007	0.005	0.062443185215540015	4.914244006759587e-5	0.3541226357738221	0.20712922098679504	18.713377768418795
15.788388751720651	0.007	0.005	0.061672574391942375	4.8518927763869424e-5	0.35443564591702653	0.2066050598814144	18.4824361307583
15.90451608629587	0.007	0.005	0.060911447199768314	4.790374991988271e-5	0.3547406890713055	0.2060773466054896	18.25433660912427
16.0	0.007	0.005	0.06029266432372952	4.7400797520029956e-5	0.35498566736238063	0.2056409043574813	18.06889575315299
