0.0	0.007	0.005	0.0	0.0	0.0	0.0	100.0
0.0002189565593496346	0.007	0.005	2.9192961064813118e-5	0.00021834123854698364	1.4582639038075307e-9	1.8511329374039158e-6	99.99838299700363
0.0003193707112861882	0.007	0.005	4.2580185378389995e-5	0.0002832759684050202	3.1024060104248934e-9	3.6405541052181247e-6	99.99764144319846
0.0004958003447569196	0.007	0.005	6.610064732730781e-5	0.0003628885760517277	7.476554041327151e-9	7.705526755109947e-6	99.99633853194456
0.0006445555444963835	0.007	0.005	8.593058963300441e-5	0.00040644654919839225	1.2635462048423617e-8	1.1762177687850892e-5	99.99524000618806
0.0008313264897060171	0.007	0.005	0.0001108267742566569	0.0004416740402824047	2.10180211874843e-8	1.7375096060550165e-5	99.9938607592624
0.0010201268491628875	0.007	0.005	0.00013599180113962078	0.00046335268228955	3.1647168719561734e-8	2.3420808641425918e-5	99.99246654506183
0.0012361034272991745	0.007	0.005	0.00016477705693055623	0.000477919704115703	4.6463387347073495e-8	3.060970872367452e-5	99.99087166932935
0.0014681371936657276	0.007	0.005	0.0001956999525612514	0.0004865905849353369	6.55401441813465e-8	3.8519136154574975e-5	99.98915824788175
0.0017285109236471826	0.007	0.005	0.00023039665816765512	0.000491681779710934	9.084225696696078e-8	4.751810239284041e-5	99.98723558882789
0.00201656604467995	0.007	0.005	0.00026877838210241796	0.0004944166238491835	1.2363313170980414e-7	5.7550727614844376e-5	99.98510856713884
0.0023420842493890245	0.007	0.005	0.0003121471361521573	0.0004957926484533266	1.6675425593093845e-7	6.893339734784599e-5	99.98270496954859
0.002711291402257188	0.007	0.005	0.00036133050938025237	0.0004964130952773812	2.2345038863544842e-7	8.186820808155151e-5	99.9799788465693
0.0031374776527972196	0.007	0.005	0.0004180962663308216	0.0004966565778935957	2.991852369831299e-7	9.681096327204595e-5	99.97683209819492
0.003636271855938466	0.007	0.005	0.00048452213102318214	0.0004967293292251828	4.018215571598249e-7	0.00011430393255725216	99.97314937441567
0.004233075077310247	0.007	0.005	0.0005639847117779495	0.0004967338565131309	5.444558757228647e-7	0.0001352346327233382	99.96874320351925
0.0049650554252476334	0.007	0.005	0.0006614227806983641	0.0004967129251021141	7.488819165647201e-7	0.00016090435918056646	99.96333929123259
0.0058928101509352964	0.007	0.005	0.0007848851728025344	0.0004966798426264806	1.0546334484827516e-6	0.00019343584869438424	99.9564904763366
0.007108460627597198	0.007	0.005	0.0009465982976867939	0.0004966353385460376	1.5341421377530527e-6	0.00023605559659102207	99.94751708505542
0.008680804104693154	0.007	0.005	0.0011556575412011976	0.0004965774367192021	2.2869175408430724e-6	0.00029116934879646293	99.93591193943438
0.01042854664070126	0.007	0.005	0.0013879011837864353	0.0004965115774917827	3.29893516098419e-6	0.00035241616460767974	99.92301379058752
0.012077192462053729	0.007	0.005	0.0016068447918138422	0.0004964445767486722	4.422474937476359e-6	0.000410175896377533	99.91084849044874
0.013537455217710832	0.007	0.005	0.0018006638806918696	0.0004963836571159545	5.5543942910679476e-6	0.000461323957732767	99.90007449930063
0.014856040765602157	0.007	0.005	0.0019755921016615685	0.0004963359237126559	6.6867426441434035e-6	0.0005074998484561943	99.89034681754426
0.016111249405452086	0.007	0.005	0.0021420365410213804	0.0004962944203000891	7.861765792034841e-6	0.0005514478442455111	99.88108757015368
0.017363459060325055	0.007	0.005	0.0023080094931365843	0.0004962518304586235	9.128254166296521e-6	0.0005952827292383422	99.87185130046001
0.018643096275972985	0.007	0.005	0.0024775416695282664	0.000496206480308872	1.0519659358617742e-5	0.000640069394657007	99.86241360807537
0.01995585519520623	0.007	0.005	0.002651382016044944	0.0004961587660702565	1.2049049031226554e-5	0.0006860065149516463	99.85273256037121
0.021291907272366753	0.007	0.005	0.0028282238267267265	0.0004961095504084752	1.3711500551036026e-5	0.0007327495756303599	99.8428806990188
0.022636422187851755	0.007	0.005	0.0030061011942858077	0.0004960597621847702	1.5492239607356183e-5	0.0007797793868079535	99.83296741515697
0.023977991274368806	0.007	0.005	0.0031835042813268084	0.0004960101377153846	1.7376702189936172e-5	0.0008266968205021142	99.82307683232246
0.026645809193207297	0.007	0.005	0.003536033745788334	0.0004959208287379661	2.14430804178073e-5	0.0009199679593804565	99.80341152526535
0.03009785876379286	0.007	0.005	0.003991697705422378	0.0004957926954700781	2.7333561143843124e-5	0.0010406027281910754	99.77797115489854
0.03687740203079436	0.007	0.005	0.004884961193890503	0.0004955448683642743	4.0959002371591434e-5	0.001277340013786933	99.7280272183538
0.049282737621058136	0.007	0.005	0.006513914667231177	0.0004950910308491721	7.290486235818193e-5	0.001709911373873094	99.63670357851133
0.06077472450605806	0.007	0.005	0.00801654188707167	0.0004946710339922936	0.00011052688196466605	0.0021099258821760847	99.55217830547024
0.07675935990011093	0.007	0.005	0.010096418514194992	0.0004940874278914347	0.00017555408712276941	0.002665190070327723	99.43472815183104
0.09180187531539433	0.007	0.005	0.012042930922177952	0.0004935388486054484	0.0002500882933473709	0.0031865281398579517	99.32432696402164
0.1102201329909586	0.007	0.005	0.014412105545098024	0.0004928679900372542	0.00035872211545759445	0.003823281633110414	99.18931717698212
0.12783272456071432	0.007	0.005	0.016663135771711017	0.0004922273296561387	0.0004802454386835106	0.004430559068055012	99.06038475056182
0.14779701120200125	0.007	0.005	0.019197674092441275	0.0004915021329627877	0.0006385253637684227	0.005117009327093863	98.9144394542868
0.16714850074615936	0.007	0.005	0.02163721247209445	0.0004908002156956274	0.000812442159390143	0.0057804545723596805	98.77317912585659
0.18808262779650725	0.007	0.005	0.024257310490610143	0.0004900420216865374	0.0010229176275950752	0.006496020706888091	98.62059314350677
0.20858823230094006	0.007	0.005	0.02680478958075807	0.0004893004835030752	0.0012512081092128735	0.007194791217632052	98.47135913457542
0.23014682724906932	0.007	0.005	0.029462950537603914	0.00048852207630896	0.0015144113615507878	0.007927159348587585	98.31470526532041
0.2514300495194509	0.007	0.005	0.032067039082809376	0.0004877548266089649	0.0017971522925632451	0.008647882227839715	98.16029683183801
0.27341955826696157	0.007	0.005	0.034736683453492886	0.0004869633812510967	0.0021127310118871706	0.009390139634065115	98.00101904061161
0.2952493534395473	0.007	0.005	0.03736610068091527	0.00048617895456930574	0.0024491569477983577	0.010124618232883176	97.84315375247843
0.31756432847349886	0.007	0.005	0.04003264015124642	0.0004853783995586385	0.00281643384495238	0.0108729701732803	97.68204265138127
0.3398038257232234	0.007	0.005	0.04266885735675993	0.00048458186386953124	0.00320552627749705	0.011616333690384652	97.52174043559658
0.3623892602508198	0.007	0.005	0.045324459864472304	0.00048377427580709073	0.0036237664418025846	0.012368757990381597	97.35921393791321
0.38495915301848543	0.007	0.005	0.0479566139099525	0.00048296858798683887	0.004064507022389868	0.013118153854074556	97.19706986179163
0.4077880802364587	0.007	0.005	0.05059713776006147	0.000482155018286954	0.004533012168606516	0.01387360587649015	97.03333956220109
0.43064359399933877	0.007	0.005	0.053218882552167675	0.0004813418739609455	0.00502447199360294	0.014627382651543092	96.86969487102421
0.4537043822240735	0.007	0.005	0.05584216247201386	0.0004805228163386899	0.005542600106080497	0.015385347068196215	96.70486013256019
0.47682127196665	0.007	0.005	0.058449784550023566	0.0004797031649467445	0.006083954106141498	0.016142560918952928	96.53990589845569
0.5001105737102017	0.007	0.005	0.06105469432035062	0.0004788788141680597	0.006651111616444096	0.016902804436984383	96.37400591584496
0.5234767751142382	0.007	0.005	0.06364600618848147	0.0004780531650726243	0.007241624577364037	0.01766292668488127	96.20784464841364
0.5469956979413072	0.007	0.005	0.06623195653494164	0.00047722355704515895	0.007857252396225835	0.018425364487920787	96.04088664842773
0.5706063824663212	0.007	0.005	0.06880565108612115	0.00047639216032992736	0.008496257430491509	0.019188109459931473	95.87356867726696
0.5943584237399259	0.007	0.005	0.07137232263329162	0.00047555724751369014	0.009159817845777013	0.019952733551260503	95.70554309168706
0.6182131074132741	0.007	0.005	0.07392760076869881	0.0004747201994261959	0.009846696643943428	0.020717958451325343	95.53708778605574
0.6422030598647441	0.007	0.005	0.07647480423817656	0.0004738798907076562	0.01055766334418711	0.021484799829137882	95.3679762797361
0.6663039012872038	0.007	0.005	0.07901115862535606	0.0004730371955844873	0.011291830092562781	0.02225244608734167	95.19838451206985
0.6905372883684263	0.007	0.005	0.08153876323233084	0.0004721913768814881	0.012049681363127054	0.023021555241432887	95.02816412709154
0.7148880814887723	0.007	0.005	0.08405585201597038	0.000471342983742765	0.012830570377435107	0.02379161395350872	94.85742563605368
0.7393708596866062	0.007	0.005	0.08656374800894046	0.00047049152890186406	0.013634784184730785	0.024563050568461357	94.68607098159707
0.7639764555325567	0.007	0.005	0.08906132273003148	0.0004696373524461048	0.014461841328433771	0.025335542655713826	94.51416860256438
0.788714880525638	0.007	0.005	0.09154940402742175	0.00046878012817750867	0.015311892450897955	0.026109370863057396	94.3416528564579
0.8135808332629866	0.007	0.005	0.0940272659917626	0.0004679200616857627	0.016184568472423288	0.026884334941873894	94.16856511266096
0.8385813951885882	0.007	0.005	0.09649542137463478	0.0004670569300951656	0.01707992638476776	0.027660620919386144	93.9948605212158
0.8637137656647433	0.007	0.005	0.09895339712637582	0.0004661908526380919	0.017997672479648095	0.028438106480257914	93.82056307526842
0.888983151674288	0.007	0.005	0.10140150495586615	0.00046532167268559525	0.018937799363682693	0.029216916992506926	93.64564125369131
0.9143883885769652	0.007	0.005	0.10383943127155451	0.00046444945352798765	0.019900063713338665	0.029996980205848765	93.47010779659551
0.939933486018518	0.007	0.005	0.10626735858328619	0.0004635740810946953	0.020884413509222998	0.030778382444431047	93.29393974341683
0.9656183536228646	0.007	0.005	0.10868507309197996	0.00046269558245622366	0.0218906384729981	0.03156108353050535	93.1171425474822
0.9914462465192162	0.007	0.005	0.11109267414508842	0.0004618138706889457	0.022918655499317975	0.03234514475393377	92.9396987052229
1.0174177864488285	0.007	0.005	0.11349000985815312	0.00046092894929809276	0.023968275448855714	0.033130546469279876	92.76160893455126
1.0435357586658154	0.007	0.005	0.11587712540522245	0.00046004074861126374	0.025039393126884815	0.03391733385157852	92.5828592043349
1.0698012651720976	0.007	0.005	0.11825390689408112	0.0004591492567437768	0.02613183240980464	0.034705500426754896	92.40344712845285
1.0962168089436475	0.007	0.005	0.12062036396195962	0.00045825441478331106	0.027245472107353952	0.03549508106340029	92.22336084896327
1.1227838185960508	0.007	0.005	0.12297640509486275	0.00045735620082636033	0.028380143324260903	0.036286077597911304	92.04259595584206
1.1495046345217874	0.007	0.005	0.12532201598922535	0.00045645456264783367	0.02953571276562285	0.0370785182483866	91.86114194195484
1.1763809169701915	0.007	0.005	0.12765711791132703	0.00045554947161538566	0.030712014896706476	0.03787241014893201	91.67899304306793
1.2034149228805326	0.007	0.005	0.12998168003370805	0.00045464087955267795	0.031908906855124236	0.03866777723952927	91.49613956517742
1.2306084781818203	0.007	0.005	0.13229562983483076	0.00045372875341565325	0.03312622351099124	0.03946462985970287	91.31257485585014
1.257963807447467	0.007	0.005	0.13459892457779826	0.00045281304735293206	0.034363813965189095	0.04026298916655331	91.1282896922732
1.2854828594138499	0.007	0.005	0.13689149370802658	0.0004518937254441661	0.03562151132609102	0.04106286733352194	90.9432768391388
1.3131678626798742	0.007	0.005	0.13917328570275853	0.00045097074299511425	0.0368991576625832	0.04186428376642593	90.7575273060062
1.3410208646467245	0.007	0.005	0.1414442295095311	0.0004500440620353185	0.03819658286138365	0.04266725167221248	90.57103345122896
1.3690441114971477	0.007	0.005	0.14370426589637397	0.00044911363864043937	0.039513621990119284	0.04347178905252432	90.38378643397725
1.3972397334794864	0.007	0.005	0.14595332167980127	0.0004481794334092881	0.04085010053977285	0.04427790960550883	90.19577832516747
1.425610000784011	0.007	0.005	0.14819133038175947	0.00044724140299356064	0.042205846283451295	0.045085630064079486	90.00700039944728
1.454157123244846	0.007	0.005	0.1504182161515396	0.000446299506717247	0.043580679673443964	0.045894964444917793	89.81744447443184
1.48288340554212	0.007	0.005	0.1526339060097913	0.00044535370152497993	0.04497442109954568	0.046705928456192244	89.62710188009471
1.5117911202635024	0.007	0.005	0.15483831988616378	0.0004444039460890826	0.04638688464478117	0.047518535879311846	89.4359643047748
1.5408826076327837	0.007	0.005	0.15703137831312156	0.00044345019764471154	0.04781788276517716	0.04833280137304348	89.24402313656432
1.5701601950076454	0.007	0.005	0.15921299624800206	0.0004424924145545736	0.04926722221478798	0.049148738193511336	89.0512699984814
1.5996262630312645	0.007	0.005	0.16138308805415671	0.00044153055417630547	0.0507347071439132	0.04996636003303534	88.85769631442406
1.6292831893903696	0.007	0.005	0.16354156328432645	0.0004405645748054563	0.052220136167446356	0.05078567943702095	88.6632936822306
1.6591333882228188	0.007	0.005	0.16568832959562307	0.00043959443425781	0.05372330416634833	0.05160670888685043	88.46805361700308
1.689179282717657	0.007	0.005	0.1678232907436364	0.0004386200908718852	0.05524400076355791	0.05242946002871969	88.27196773337009
1.7194233151068066	0.007	0.005	0.16994634732871305	0.0004376415031558532	0.05678201066402382	0.05325394393959662	88.07502768218271
1.7498679427751809	0.007	0.005	0.1720573965357305	0.0004366586299354981	0.05833711330017298	0.05408017101003906	87.8772251781846
1.7805156342329607	0.007	0.005	0.1741563318861999	0.00043567143051870293	0.059909082466350294	0.05490815082621019	87.67855202825116
1.8113688711160945	0.007	0.005	0.17624304341778244	0.00043467986458973015	0.06149768626143088	0.05573789221668381	87.4790001203425
1.842430146105822	0.007	0.005	0.17831741758437147	0.00043368389232156053	0.06310268682516405	0.05656940318885989	87.27856143894934
1.8737019482600417	0.007	0.005	0.18037933634371622	0.00043268347482681513	0.06472383942149193	0.05740269053235492	87.07722816131684
1.9051867814263708	0.007	0.005	0.182428678460332	0.0004316785736347021	0.06636089323453812	0.058237760308762904	86.87499254011823
1.9368871410075705	0.007	0.005	0.18446531805825592	0.0004306691513367087	0.06801359001175539	0.05907461723100163	86.67184705435913
1.9688055239729185	0.007	0.005	0.18648912538670287	0.0004296551714120876	0.06968166443258166	0.0599132649315468	86.46778434589423
2.000944413495914	0.007	0.005	0.18849996595941293	0.00042863659857616865	0.07136484316101388	0.06075370556143138	86.26279731848746
2.0333062889507394	0.007	0.005	0.1904977013271385	0.0004276133985572443	0.07306284522733783	0.06159594005930142	86.05687907430423
2.065893608006077	0.007	0.005	0.192482188113332	0.0004265855386256321	0.07477538095628544	0.062439967692245794	85.85002302820787
2.098708812162222	0.007	0.005	0.19445327853856278	0.00042555298746201927	0.07650215213008917	0.06328578621307604	85.64222287212536
2.1317543148551565	0.007	0.005	0.19641081989236323	0.0004245157154475137	0.07824285124561527	0.06413339156764349	85.43347264988871
2.165032500240534	0.007	0.005	0.19835465468399116	0.0004234736947975073	0.07999716134239165	0.06498277788331201	85.22376676372997
2.1985457174711303	0.007	0.005	0.2002846205416238	0.00042242689959341327	0.0817647556055222	0.06583393734448631	85.01310000891978
2.2322962680264524	0.007	0.005	0.20220054974813145	0.0004213753063651208	0.08354529661497104	0.06668685989764254	84.8014676513427
2.2662864130066733	0.007	0.005	0.20410226994753639	0.00042031889366786517	0.0853384366629656	0.06754153346707169	84.58886537911658
2.300518346455455	0.007	0.005	0.20598960295581234	0.00041925764296908837	0.0871438162963564	0.06839794331771536	84.3752894665227
2.3349942068388154	0.007	0.005	0.2078623657581441	0.0004181915383420703	0.08896106489084261	0.06925607238603684	84.16073669819282
2.3697160634871604	0.007	0.005	0.20972037011897132	0.00041712056668495774	0.09078979992499811	0.07011590098417458	83.94520444952359
2.404685904910958	0.007	0.005	0.21156342235405062	0.0004160447182799885	0.09262962637676782	0.07097740656093357	83.72869075413288
2.439905626732533	0.007	0.005	0.21339132313678014	0.0004149639869247187	0.09448013612676075	0.07184056346283908	83.5111943724703
2.475377042888118	0.007	0.005	0.21520386853931983	0.0004138783697167866	0.09634090861158967	0.07270534327079628	83.29271471601712
2.5111018472407056	0.007	0.005	0.21700084854182097	0.000412787868120617	0.09821150890252978	0.07357171392923371	83.07325207669327
2.547081631467513	0.007	0.005	0.2187820484847157	0.00041169248732914564	0.10009148877194197	0.07443964025924862	82.85280750808043
2.583317860152189	0.007	0.005	0.220547248362927	0.0004105922371295384	0.10198038554901495	0.07530908343444323	82.63138296940987
2.6198118669640675	0.007	0.005	0.2222962232352033	0.0004094871317630388	0.1038777221191303	0.07618000097846696	82.4089813386348
2.6565648409812184	0.007	0.005	0.22402874318432106	0.0004083771905219954	0.10578300644864037	0.0770523465327888	82.18560648479493
2.693577820027388	0.007	0.005	0.2257445736568792	0.00040726243763994157	0.10769573151772178	0.0779260698007912	81.96126329641169
2.730851683879277	0.007	0.005	0.22744347582036792	0.0004061429026440443	0.10961537528831354	0.07880111649457633	81.73595770983238
2.7683871398398643	0.007	0.005	0.22912520660398464	0.00040501862062038044	0.11154140032419595	0.07967742810989845	81.50969678267265
2.806184712974356	0.007	0.005	0.23078951900012337	0.0004038896323727415	0.11347325370263595	0.08055494182083181	81.28248873763903
2.844244746300501	0.007	0.005	0.23243616282688634	0.0004027559844951275	0.1154103674821746	0.08143359061173919	81.05434294558725
2.8825673755826893	0.007	0.005	0.23406488440824308	0.00040161772994125723	0.11735215792492762	0.08231330282824854	80.8252700599935
2.921152539444428	0.007	0.005	0.23567542781742687	0.0004004749275946116	0.11929802657027062	0.08319400255223197	80.5952819384479
2.959999964105218	0.007	0.005	0.23726753502977688	0.0003993276427598155	0.12124736006391905	0.08407560939502146	80.36439171557392
2.9991091477859415	0.007	0.005	0.23884094611674464	0.0003981759473820714	0.12319953003308058	0.0849580382954561	80.13261387614583
3.0384793815440583	0.007	0.005	0.24039540091867204	0.00039701991945602155	0.12515389483043138	0.08584120014523862	79.89996411143296
3.0781097102472055	0.007	0.005	0.24193063831046638	0.0003958596439601651	0.12710979833641833	0.08672500106700799	79.66645952968175
3.1179989642771297	0.007	0.005	0.24344639828488743	0.0003946952119199324	0.12906657232686256	0.08760934328662133	79.43211844744846
3.158145728273648	0.007	0.005	0.2449424215532151	0.0003935267211708232	0.1310235357616904	0.08849412459701436	79.19696055226618
3.1985483629636433	0.007	0.005	0.24641845118406797	0.00039235427561173296	0.13297999672966418	0.0893792390059918	78.96100675231733
3.239204989991967	0.007	0.005	0.24787423281460355	0.0003911779855161824	0.134935252611963	0.09026457656330548	78.72427924331356
3.280113506505359	0.007	0.005	0.2493095159399155	0.00038999796705501744	0.13688859172332443	0.09115002384133053	78.48680140116744
3.3212715812315556	0.007	0.005	0.2507240544883278	0.00038881434221004353	0.13883929407874607	0.09203546400684486	78.24859778298529
3.362676667228777	0.007	0.005	0.252117607946822	0.00038762723843849023	0.14078663297590088	0.09292077725059658	78.00969403147768
3.4043260124727936	0.007	0.005	0.2534899423395036	0.00038643678817141755	0.1427298764724768	0.093805841160244	77.77011679302674
3.44621664864747	0.007	0.005	0.2548408304442188	0.000385243128943393	0.14466828785461278	0.09469053062516991	77.52989376158732
3.488345438755884	0.007	0.005	0.2561700538696367	0.00038404640214609326	0.1466011288353155	0.09557471897977052	77.28905338558003
3.5307090444459415	0.007	0.005	0.25747740246247786	0.00038284675374719763	0.14852765901728163	0.09645827743893332	77.04762503664182
3.5733039918879324	0.007	0.005	0.2587626767693424	0.00038164433233655687	0.1504471398646108	0.09734107659410755	76.8056386158488
3.6161266369429366	0.007	0.005	0.26002568727189995	0.0003804392899664733	0.15235883404077818	0.09822298578883212	76.56312473642787
3.65917322698022	0.007	0.005	0.26126625649835755	0.0003792317805359264	0.15426200908752205	0.09910387449176583	76.32011435799629
3.7024398751198357	0.007	0.005	0.26248421843142405	0.0003780219602223539	0.15615593712624273	0.09998361184489479	76.07663891951107
3.7459226265234076	0.007	0.005	0.2636794205032729	0.0003768099857471594	0.15803989858763304	0.10086206808412018	75.83272995399145
3.789617427504574	0.007	0.005	0.2648517227374493	0.0003755960150522832	0.1599131816077207	0.10173911396227743	75.58841925295957
3.8335201874130305	0.007	0.005	0.26600099939853467	0.00037438020562963133	0.16177508540678281	0.1026146220389815	75.34373851140957
3.8776267744824255	0.007	0.005	0.26712713872465393	0.0003731627146115163	0.16362492072466142	0.10348846661680679	75.09871934582202
3.921933043977473	0.007	0.005	0.2682300434618264	0.00037194369788561335	0.16546201157785076	0.10436052431308787	74.85339313328676
3.96643486100414	0.007	0.005	0.26930963115625384	0.00037072330953539026	0.16728569669515	0.10523067450463125	74.60779088320432
4.011128114822309	0.007	0.005	0.27036583415816934	0.000369501701415286	0.16909533051877793	0.10609879958915172	74.36194315825726
4.056008733365934	0.007	0.005	0.2713985995750371	0.00036827902281257925	0.17089028414347898	0.10696478523866063	74.11587999593023
4.101072721926687	0.007	0.005	0.2724078897048044	0.0003670554193229976	0.17266994713120945	0.10782852110238733	73.86963069991802
4.14631615133753	0.007	0.005	0.2733936812449169	0.0003658310332363228	0.1744337272220089	0.10868990052100842	73.62322391045745
4.191735194093532	0.007	0.005	0.2743559655506173	0.00036460600265011826	0.17618105188114086	0.10954882115290714	73.37668741372286
4.237326130701654	0.007	0.005	0.2752947481654596	0.0003633804612411572	0.17791136858088533	0.11040518501505471	73.13004811607006
4.283085368147402	0.007	0.005	0.2762100485770953	0.00036215453790326306	0.17962414548056496	0.11125889874412562	72.88333195386733
4.329009446315112	0.007	0.005	0.2771018996882041	0.00036092835657187245	0.181318871575192	0.11210987362104259	72.63656387006993
4.3750950596611515	0.007	0.005	0.27797034756044137	0.00035970203572772844	0.18299505734302773	0.11295802587050252	72.38976771004953
4.421339054498867	0.007	0.005	0.27881545065892455	0.00035847568854390735	0.18465223442569953	0.11380327650013917	72.1429662498168
4.467738444560664	0.007	0.005	0.2796372794398996	0.0003572494225358568	0.18628995592753153	0.11464555147278824	71.89618112697943
4.514290414274527	0.007	0.005	0.28043591569482307	0.00035602333955762525	0.18790779621251474	0.11548478164688387	71.64943283847579
4.560992328132392	0.007	0.005	0.281211452000407	0.0003547975356329105	0.18950535087030665	0.11632090282377279	71.40274070659945
4.607841727597054	0.007	0.005	0.28196399095920033	0.00035357210106521405	0.1910822362100446	0.11715385556805695	71.15612291157801
4.654836349663572	0.007	0.005	0.282693644799304	0.00035234712015341974	0.19263808945156652	0.11798358541212525	70.90959641045052
4.7019741048533295	0.007	0.005	0.2834005343362319	0.0003511226717172142	0.1941725675236621	0.1188100423391957	70.66317706970148
4.749253104992911	0.007	0.005	0.284084788731519	0.0003498988285261113	0.19568534749441407	0.11963318114737889	70.41687953661
4.796671644037369	0.007	0.005	0.2847465445406547	0.00034867565790339014	0.19717612542720234	0.120452960985565	70.17071735697265
4.844228194292206	0.007	0.005	0.2853859450434704	0.00034745322185746226	0.19864461575536949	0.12126934516798617	69.92470301121571
4.891921434159148	0.007	0.005	0.28600314000496063	0.0003462315764874652	0.20009055160173383	0.12208230152816128	69.67884778787422
4.939750206299613	0.007	0.005	0.28659828452358616	0.0003450107731295551	0.2015136829404707	0.12289180158053506	69.43316201687956
4.987713551575717	0.007	0.005	0.2871715389104384	0.00034379085754038344	0.20291377707943473	0.12369782098255679	69.18765491108299
5.0358106667342035	0.007	0.005	0.2877230676309967	0.0003425718711200343	0.20429061685632927	0.12450033870580852	68.94233479971085
5.084040941516049	0.007	0.005	0.28825303924150075	0.0003413538500220838	0.20564400117623594	0.1252993375498356	68.69720895423873
5.132403928778614	0.007	0.005	0.2887616255477462	0.0003401368259130293	0.20697374359344906	0.12609480353296443	68.45228375690863
5.1808993431457155	0.007	0.005	0.289249001145999	0.0003389208262348255	0.2082796717492954	0.12688672576986443	68.20756472226938
5.229527066061614	0.007	0.005	0.2897153430435138	0.0003377058739906015	0.20956162697728284	0.12767509645475725	67.9630564863966
5.278287128217377	0.007	0.005	0.29016083007932036	0.0003364919883833081	0.2108194633106376	0.1284599104794438	67.71876290978848
5.327179720935514	0.007	0.005	0.2905856426529016	0.00033527918452706394	0.21205304726994625	0.12924116552591838	67.47468703402238
5.37620516862386	0.007	0.005	0.29098996212429784	0.0003340674742078906	0.21326225666187812	0.1300188615369251	67.23083123290075
5.425363949809	0.007	0.005	0.2913739706694759	0.00033285686545761543	0.214446980628272	0.13079300096901295	66.98719712025785
5.474656672620778	0.007	0.005	0.29173785076729425	0.00033164736318146935	0.2156071185654384	0.13156358832270923	66.7437856845174
5.5240840827609725	0.007	0.005	0.2920817849812485	0.0003304389690547478	0.2167425798649916	0.1323306301929224	66.50059726103574
5.573647051832325	0.007	0.005	0.2924059556082121	0.0003292316818178385	0.21785328319524674	0.13309413501348752	66.25763160137038
5.623346575410729	0.007	0.005	0.292710544425264	0.0003280254974478457	0.21893915603485695	0.1338541129591199	66.01488789375793
5.673183757856912	0.007	0.005	0.2929957323784171	0.0003268204095561544	0.22000013393757703	0.1346105756491012	65.77236484776364
5.723159840070269	0.007	0.005	0.29326169953770354	0.00032561640869120667	0.22103616072988463	0.13536353650669536	65.53006056945183
5.773276144432848	0.007	0.005	0.2935086246036891	0.00032441348385332423	0.2220471869723441	0.13611300986702726	65.28797283878119
5.823534132471938	0.007	0.005	0.2937366850421909	0.00032321162104049996	0.2230331707893539	0.13685901178953247	65.04609883959643
5.873935339501811	0.007	0.005	0.29394605660536677	0.00032201080490477533	0.22399407620034045	0.13760155902713062	64.80443548453782
5.924481429196127	0.007	0.005	0.29413691344100723	0.0003208110175202278	0.22492987386027977	0.138340669786646	64.56297916109007
5.975174131122054	0.007	0.005	0.2943094277088401	0.0003196122398158916	0.2258405395546463	0.13907636276175206	64.32172603940701
6.026015298942918	0.007	0.005	0.2944637696871937	0.0003184144503680852	0.226726054974349	0.13980865793916677	64.08067180238041
6.077006854338448	0.007	0.005	0.29460010747304055	0.00031721762667435126	0.22758640640825759	0.14053757573995712	63.83981192070726
6.128150818430914	0.007	0.005	0.2947186069970643	0.00031602174444744405	0.2284215850301437	0.1412631374347408	63.59914151094739
6.179449302808898	0.007	0.005	0.2948194319044755	0.00031482677792484383	0.22923158646209632	0.14198536497241482	63.35865538596394
6.230904497013057	0.007	0.005	0.2949027434554838	0.00031363270015118263	0.23001641032029896	0.1427042807660762	63.118348120881635
6.282518672987896	0.007	0.005	0.2949687004754557	0.00031243948293724317	0.2307760600523996	0.14341990772186658	62.87821403891374
6.334294182738518	0.007	0.005	0.29501745929523554	0.00031124709686046665	0.23151054267210644	0.1441322691723543	62.63824722908323
6.386233462866951	0.007	0.005	0.29504917370373707	0.00031005551135579793	0.2322198685996528	0.1448413889054836	62.39844153198007
6.438339018425855	0.007	0.005	0.2950639948934505	0.00030886469499125243	0.23290405122813418	0.14554729091205545	62.15879062093261
6.490613441257044	0.007	0.005	0.29506207143461033	0.00030767461508904753	0.2335631069728121	0.14624999960563262	61.919287923762056
6.543059400767951	0.007	0.005	0.2950435492320757	0.00030648523802930986	0.23419705494331755	0.14694953966519156	61.67992667202327
6.595679746458735	0.007	0.005	0.29500857141232495	0.0003052965269092425	0.2348059179156404	0.1476459373572054	61.44069944219385
6.648477215757468	0.007	0.005	0.29495727847002273	0.0003041084482408487	0.23538971873225042	0.14833921663235433	61.201599491650015
6.701454770565995	0.007	0.005	0.29488980805647996	0.0003029209643145845	0.23594848407718072	0.14902940356207653	60.962619233129026
6.7546153143178955	0.007	0.005	0.2948062952264716	0.00030173403963674957	0.23648224116432795	0.14971652259219373	60.72375152293719
6.807961925267138	0.007	0.005	0.29470687215520674	0.0003005476357056032	0.23699102008585313	0.15040059956442	60.484988613257585
6.8614976705100785	0.007	0.005	0.2945916684108486	0.00029936171521912654	0.237474851778078	0.1510816592829037	60.24632299456712
6.915225763071797	0.007	0.005	0.29446081066742974	0.0002981762385745062	0.23793376939670283	0.1517597275068425	60.0077466980422
6.969149417206085	0.007	0.005	0.2943144230147339	0.00029699116711349587	0.2383678068762681	0.15243482908506728	59.769251946664795
7.023271978053139	0.007	0.005	0.29415262665514574	0.0002958064603169937	0.23877699993059087	0.1531069895720201	59.53083058484286
7.077596829835596	0.007	0.005	0.2939755401413042	0.00029462207784941704	0.23916138516631336	0.153776234048857	59.292474491470536
7.132127447333944	0.007	0.005	0.29378327924159847	0.00029343797840702116	0.23952100038091528	0.15444258774373382	59.054175358418696
7.186867375575368	0.007	0.005	0.2935759570070508	0.00029225412026667746	0.23985588429642882	0.1551060757551529	58.81592478627735
7.241820234715381	0.007	0.005	0.2933536837678889	0.00029107046116017037	0.24016607649447946	0.1557667230894233	58.57771426897071
7.29698972502606	0.007	0.005	0.2931165671245941	0.0002898869582072608	0.2404516173445977	0.1564245546968645	58.339535178431525
7.352379617263664	0.007	0.005	0.29286471200238307	0.00028870356816927575	0.2407125478598809	0.15707959533327512	58.101378812540496
7.407993772435913	0.007	0.005	0.29259822057809753	0.00028752024705704814	0.240948909704412	0.15773186977081385	57.8632363164212
7.463836128565644	0.007	0.005	0.29231719235092873	0.00028633695042591477	0.241160745035448	0.15838140261545253	57.625098746279036
7.519910702107462	0.007	0.005	0.29202172415614935	0.00028515363337695273	0.24134809643467792	0.1590282183008601	57.38695706974881
7.576221593148558	0.007	0.005	0.29171191015805115	0.0002839702505352257	0.24151100685258958	0.1596723411249503	57.14880215042759
7.632772986969321	0.007	0.005	0.2913878418595222	0.00028278675597162296	0.24164951953781005	0.1603137952427109	56.91062474826362
7.6895691632036645	0.007	0.005	0.29104960806613844	0.00028160310311309777	0.24176367798316026	0.16095260474366388	56.67241548831113
7.746614478650595	0.007	0.005	0.2906972950065413	0.0002804192450887985	0.2418535258193845	0.16158879343192578	56.43416494027622
7.8039133916402905	0.007	0.005	0.2903309862080953	0.0002792351342996023	0.2419191067996202	0.16222238507401143	56.19586352380172
7.861470441011639	0.007	0.005	0.28995076264840114	0.00027805072288478004	0.24196046470558547	0.16285340313776558	55.95750160390567
7.919290263086047	0.007	0.005	0.28955670267357525	0.000276865962358582	0.24197764331833577	0.1634818709548376	55.719069427860184
7.977377597448272	0.007	0.005	0.28914888197771926	0.0002756808036085649	0.24197068635733066	0.16410781175393208	55.48055710973747
8.035737327822742	0.007	0.005	0.28872737332160436	0.0002744951960763382	0.24193963738747024	0.1647312490645901	55.24195447240315
8.094374488826745	0.007	0.005	0.28829224646312923	0.0002733090876365829	0.2418845396740969	0.1653522067389682	55.00325103245919
8.153294076870905	0.007	0.005	0.28784356959565294	0.00027212242858684903	0.24180543633503127	0.16597070692368124	54.76443677803373
8.212501281974431	0.007	0.005	0.28738140768145826	0.00027093516683596635	0.24170237013788295	0.1665867724971079	54.52550123164772
8.272001333281667	0.007	0.005	0.2869058236460695	0.0002697472511738223	0.24157538365134437	0.16720042541262714	54.28643408635446
8.33179961135944	0.007	0.005	0.28641687754362916	0.00026855862903126383	0.24142451904497444	0.16781168784229283	54.04722476069577
8.391901571325691	0.007	0.005	0.285914627199292	0.00026736924802841974	0.24124981822142186	0.16842058135153815	53.807862717293006
8.45231280877622	0.007	0.005	0.2853991277068518	0.0002661790547653955	0.2410513226381321	0.16902712754366137	53.56833720838783
8.513039014243017	0.007	0.005	0.284870431839934	0.0002649879957684897	0.24082907341673693	0.16963134756489223	53.328637467407724
8.574086003676022	0.007	0.005	0.28432858983273535	0.00026379601685740296	0.24058311124340587	0.17023326238086625	53.08875259765871
8.635459704794933	0.007	0.005	0.2837736495356497	0.0002626030635964996	0.2403134764123821	0.17083289260798504	52.848671636519555
8.697166171835747	0.007	0.005	0.2832056563242955	0.00026140908089892866	0.24002020876849664	0.17143025862630648	52.608383507893414
8.759211575915957	0.007	0.005	0.28262465322789193	0.00026021401344492376	0.2397033477560293	0.17202538045232343	52.367877070551614
8.821602211752474	0.007	0.005	0.2820306809133854	0.0002590178054776625	0.2393629324053191	0.17261827777215163	52.12714110252911
8.884344504568688	0.007	0.005	0.2814237776648504	0.00025782040071093315	0.23899900131345833	0.17320896997349333	51.88616428554267
8.947444996185162	0.007	0.005	0.2808039795662361	0.00025662174280077153	0.23861159275175595	0.1737974759813224	51.64493526957443
9.01091036875049	0.007	0.005	0.28017132032201186	0.0002554217747674493	0.23820074456090273	0.17438381444761802	51.40344259311252
9.074747409630463	0.007	0.005	0.2795258316597887	0.00025422043983791987	0.23776649441827363	0.17496800339332166	51.16167482829042
9.13896305224952	0.007	0.005	0.2788675429823263	0.00025301768067025694	0.23730887963005196	0.17555006055444788	50.91962043668331
9.20356434928861	0.007	0.005	0.2781964816959885	0.0002518134399203612	0.23682793736790198	0.17613000310314872	50.67726788268073
9.268558475370515	0.007	0.005	0.277512673252455	0.000250607660325756	0.236323704733143	0.1767078476442804	50.43460563418917
9.333952734169989	0.007	0.005	0.27681614114382025	0.00024940028450873123	0.23579621878832852	0.1772836102499534	50.1916221472562
9.399754535034845	0.007	0.005	0.2761069072258125	0.000248191255539024	0.2352455168445247	0.17785730622652438	49.948305963962135
9.465971417388682	0.007	0.005	0.27538499153757706	0.00024698051650514	0.23467163637811858	0.17842895030469444	49.70464563243046
9.53261102703507	0.007	0.005	0.2746504126391048	0.0002457680110332815	0.23407461535035318	0.17899855640861462	49.4606298051956
9.599681109549788	0.007	0.005	0.2739031877769803	0.0002445536834151196	0.23345449241599625	0.17956613758162518	49.21624727293193
9.667189525923757	0.007	0.005	0.27314333280493713	0.00024333747840057026	0.2328113069350922	0.18013170610140322	48.97148691702089
9.735144205268693	0.007	0.005	0.27237086281458733	0.0002421193420963272	0.23214509959103802	0.18069527306845504	48.72633789031951
9.80355316886785	0.007	0.005	0.27158579197634625	0.000240899221566579	0.2314559123640074	0.18125684860178648	48.480789537369596
9.872424486118017	0.007	0.005	0.27078813415779496	0.0002396770656176941	0.23074378918311939	0.18181644147239162	48.234831559850186
9.941766312137108	0.007	0.005	0.26997790261167787	0.0002384528242143352	0.2300087757758269	0.1823740594126941	47.988453887810394
10.011586796258953	0.007	0.005	0.2691551111686953	0.00023722645011372276	0.22925092087955057	0.18292970838546396	47.74164701022869
10.081894137304653	0.007	0.005	0.2683197737326794	0.0002359978978653143	0.22847027594520986	0.18348339304864458	47.494401780730826
10.152696499087737	0.007	0.005	0.2674719054219784	0.00023476712530218357	0.22766689636006873	0.18403511610962095	47.24670971700731
10.224002027471284	0.007	0.005	0.2666115225255921	0.00023353409328583503	0.22684084160235374	0.184584878500467	46.99856293844359
10.295818796122283	0.007	0.005	0.26573864331559593	0.00023229876654810492	0.22599217621660592	0.18513267900394056	46.749954351738474
10.368154769535327	0.007	0.005	0.26485328867097857	0.00023106111438858936	0.22512097064664582	0.18567851403588978	46.500877771167154
10.441017793809053	0.007	0.005	0.26395548237024796	0.00022982111065370257	0.22422730176329342	0.18622237765173782	46.251327939863494
10.514415513584835	0.007	0.005	0.263045252299204	0.00022857873518759066	0.22331125431938043	0.1867642610151434	46.00130080080467
10.588355354925367	0.007	0.005	0.26212263086292775	0.00022733397399789395	0.2223729216493581	0.18730415238559922	45.750793535649265
10.662844447897788	0.007	0.005	0.2611876561526341	0.0002260868204347927	0.22141240715057134	0.18784203668078125	45.49980480409568
10.73788959132076	0.007	0.005	0.26024037259898575	0.0002248372756000814	0.22042982527476646	0.18837789537495214	45.24833483352146
10.813497140551839	0.007	0.005	0.25928083260337337	0.00022358535011555918	0.21942530355784381	0.1889117058730106	44.99638576018646
10.889672997859522	0.007	0.005	0.25830909688367504	0.00022233106404183147	0.2183989833468625	0.18944344164904905	44.74396161864227
10.966422464306618	0.007	0.005	0.25732523658168394	0.00022107444904814088	0.21735102239501353	0.18997307143757858	44.491068784776985
11.043750210071956	0.007	0.005	0.25632933387214324	0.00021981554865313087	0.21628159591487886	0.19050055929649148	44.23771601496972
11.12166013999754	0.007	0.005	0.2553214839123997	0.00021855442006875735	0.2151908990763297	0.19102586397912868	43.983914821852075
11.200155306856457	0.007	0.005	0.2543017961851068	0.00021729113520631104	0.21407914889083457	0.1915489386829394	43.72967968041679
11.279237811385162	0.007	0.005	0.2532703960062407	0.00021602578189020667	0.2129465862909341	0.19206973074850459	43.47502826639828
11.358908678055919	0.007	0.005	0.2522274263427869	0.00021475846537517506	0.21179347856782696	0.19258818124402485	43.21998176034286
11.439167764664962	0.007	0.005	0.25117304917822136	0.00021348930924625575	0.21062012132540361	0.19310422481863845	42.96456502987334
11.520013605056258	0.007	0.005	0.2501074477383695	0.00021221845726992713	0.20942684139534373	0.193617789169407	42.70880701216039
11.601443334493405	0.007	0.005	0.2490308276119909	0.00021094607398941542	0.20821399852675235	0.19412879508937925	42.45274081902426
11.683452553961345	0.007	0.005	0.247943418644924	0.0002096723460758694	0.20698198792614717	0.19463715616545602	42.196404023502296
11.766035224820655	0.007	0.005	0.24684547640215326	0.00020839748329560832	0.20573124229987852	0.19514277871369845	41.93983883670226
11.849183567842333	0.007	0.005	0.2457372835311822	0.00020712171919830863	0.2044622337564141	0.19564556177821432	41.683092259014394
11.932888006339978	0.007	0.005	0.2446191504901909	0.0002058453111503798	0.20317547494045993	0.19614539742538337	41.426216084894754
12.017137026420267	0.007	0.005	0.24349141733015342	0.00020456854155495073	0.20187152132819794	0.1966421705646704	41.169267153323744
12.101917228534898	0.007	0.005	0.24235445286319765	0.00020329171623813567	0.200550970450668	0.19713575992385962	40.912307004724745
12.187213197053739	0.007	0.005	0.241208656201447	0.00020201516536499968	0.1992144637758614	0.19762603794574948	40.655402090764625
12.273007610303662	0.007	0.005	0.24005445500820055	0.0002007392409665872	0.19786268469303997	0.19811287208088701	40.39862325279624
12.3592811801504	0.007	0.005	0.23889230596836059	0.00019946431685178838	0.1964963589796096	0.1985961250646458	40.14204571937157
12.44601281404791	0.007	0.005	0.23772269220173023	0.0001981907853256637	0.19511625158922616	0.19907565642329522	39.885748443122814
12.533179617672529	0.007	0.005	0.23654612275815465	0.0001969190563026002	0.19372316577171075	0.19955132302551526	39.62981392446874
12.620757152810238	0.007	0.005	0.23536312861285805	0.0001956495528456307	0.1923179379529923	0.2000229809781953	39.374327295538386
12.708719506420902	0.007	0.005	0.2341742611570548	0.0001943827093515017	0.19090143544727387	0.2004904863952209	39.11937598122202
12.797039576481506	0.007	0.005	0.2329800877206305	0.0001931189668984329	0.1894745505425527	0.2009536972472717	38.86504874843143
12.885689242948041	0.007	0.005	0.2317811886161987	0.00019185877028018246	0.18803819628956875	0.20141247448306693	38.61143511792163
12.974639674442852	0.007	0.005	0.23057815233172657	0.00019060256339755035	0.18659329999063867	0.2018666837518213	38.358624413634416
13.06386154687031	0.007	0.005	0.2293715719110478	0.0001893507857669953	0.1851407980308245	0.2023161965447815	38.106705097010305
13.153325355310908	0.007	0.005	0.2281620400844866	0.00018810386823466522	0.1836816291496619	0.20276089169708197	37.85576386752422
13.24300166452333	0.007	0.005	0.2269501452553108	0.00018686222938941638	0.18221672869701774	0.20320065645671534	37.60588497076326
13.33286138535251	0.007	0.005	0.22573646717449794	0.00018562627201868073	0.18074702249065056	0.2036353875734909	37.35714946477372
13.422876034329713	0.007	0.005	0.2245215728932827	0.0001843963797696296	0.1792734210026345	0.20406499219822574	37.109634564528385
13.5130179452616	0.007	0.005	0.22330601342396816	0.0001831729147882208	0.17779681441730438	0.2044893884588777	36.863413146666225
13.60326049734022	0.007	0.005	0.2220903202449507	0.00018195621508606863	0.1763180675306902	0.20490850603753297	36.61855323321087
13.693578281268692	0.007	0.005	0.22087500271439442	0.00018074659289334284	0.174838015797439	0.2053222863880388	36.37511766658201
13.783947250458846	0.007	0.005	0.2196605457593802	0.0001795443334331251	0.17335746177072736	0.20573068283682797	36.133163841839576
13.874344838927266	0.007	0.005	0.21844740808835755	0.00017834969400577696	0.1718771722458379	0.20613366049544196	35.89274354238177
13.964750051624339	0.007	0.005	0.21723602084747015	0.0001771629036195878	0.1703978760181647	0.20653119602698028	35.65390285928089
14.055143497215047	0.007	0.005	0.2160267871177241	0.0001759841634223173	0.1689202627453562	0.20692327715127923	35.41668226876918
14.145507459229453	0.007	0.005	0.21482008096283556	0.0001748136465228758	0.16744498133965915	0.20730990232191213	35.18111661120822
14.235825844223328	0.007	0.005	0.21361624818059421	0.00017365149953549268	0.16597264052022886	0.2076910798839623	34.947235392352425
14.326084198826255	0.007	0.005	0.2124156061829181	0.00017249784314438184	0.16450380837700485	0.20806682755627448	34.71506289985966
14.416269664409283	0.007	0.005	0.21121844475368806	0.00017135277347708557	0.16303901307937266	0.20843717167487572	34.48461847755279
14.506370917705887	0.007	0.005	0.21002502702872214	0.00017021636356735897	0.16157874392366847	0.20880214641638467	34.25591682761649
14.596378091877094	0.007	0.005	0.2088355907628173	0.0001690886651147801	0.1601234527928458	0.20916179298397086	34.028968352957
14.686282720134537	0.007	0.005	0.20765034932015428	0.00016796970983031686	0.1586735553319375	0.20951615892685332	33.80377943240722
14.776077648617678	0.007	0.005	0.20646949308840404	0.0001668595111156407	0.1572294326898372	0.20986529737751622	33.58035276374316
14.865756936834801	0.007	0.005	0.20529319106519975	0.00016575806586275856	0.15579143351305402	0.21020926628636974	33.358687726008334
14.955315793419498	0.007	0.005	0.20412159198559013	0.00016466535583896255	0.15435987541307292	0.21054812783601304	33.13878064309359
15.044750464324771	0.007	0.005	0.20295482607477205	0.00016358134940533647	0.1529350472272146	0.21088194771334245	32.920625154322956
15.134058144919232	0.007	0.005	0.2017930064820487	0.00016250600314172785	0.1515172109126445	0.21121079451612165	32.704212514304785
15.22323692183904	0.007	0.005	0.20063623032263905	0.000161439262786407	0.15010660298038694	0.21153473930478703	32.48953181097553
15.31228564434736	0.007	0.005	0.19948458062689048	0.00016038106526925655	0.1487034370501657	0.2118538549308535	32.276570344329016
15.401203890565418	0.007	0.005	0.19833812704610293	0.0001593313392633985	0.14730790489809564	0.21216821574501063	32.06531376672024
15.48999186341331	0.007	0.005	0.19719692745817305	0.0001582900068211583	0.14592017860796969	0.2124778970791942	31.85574638394697
15.578650357644264	0.007	0.005	0.19606102864277022	0.00015725698384062636	0.14454041159307573	0.2127829750079695	31.64785127922354
15.667180645172795	0.007	0.005	0.19493046799272876	0.0001562321817754268	0.1431687408788196	0.2130835258494346	31.441610622724358
15.755584460661266	0.007	0.005	0.19380527392398095	0.00015521550778508614	0.14180528780203328	0.2133796260361606	31.23700573839257
15.843863911378698	0.007	0.005	0.1926854672409392	0.00015420686607310401	0.1404501598676297	0.2136713517454969	31.034017342192094
15.932021475220413	0.007	0.005	0.19157106136533378	0.0001532061579324729	0.13910345122362133	0.21395877884289285	30.83262557079708
16.0	0.007	0.005	0.19071440657873306	0.00015243894645714616	0.13806956786288807	0.21417778799739676	30.6782248306421
