0.0	0.007	0.005	0.0	0.0	0.0	0.0	100.0
0.006417995897571894	0.007	0.005	0.018570338062260845	6.154797619213048e-5	1.4904301682733267e-5	4.748426013080576e-5	99.94478661281762
0.011387544980752997	0.007	0.005	0.03229784008830457	0.00010127526290014083	4.628534134834494e-5	0.00014210473668417736	99.90205501338603
0.018477513220607148	0.007	0.005	0.050945476218219266	0.00014809473768629755	0.00011953029708701469	0.00034884063558609157	99.84112221669939
0.025605836143308233	0.007	0.005	0.0686387739127799	0.00018561232523816418	0.00022516984039139035	0.0006259945922909237	99.77989725769464
0.0340047795264988	0.007	0.005	0.08820800610951335	0.0002201183043014176	0.00038829731610195284	0.001022499731007771	99.70780715414287
0.04294771526809642	0.007	0.005	0.10762151451045995	0.000247919677381593	0.000604928408072754	0.001508567913445687	99.63110508944648
0.052862559135906706	0.007	0.005	0.12754995072938452	0.0002706147471648841	0.0008930705862831757	0.0021046487992757	99.54613610105838
0.06352017884858682	0.007	0.005	0.14724331410791033	0.0002879778266827007	0.0012545857144323493	0.0027936805551695915	99.45488242466547
0.07507982687491198	0.007	0.005	0.1667463741066399	0.0003009048748661939	0.0017021254333674486	0.0035801919785617697	99.35599988564002
0.08747553284415649	0.007	0.005	0.18570305242122737	0.0003100276800489961	0.002240167414324036	0.004453575388664051	99.25007484611314
0.10077163371600951	0.007	0.005	0.2039993688711858	0.0003161739276608413	0.002877485256952177	0.005412007771613753	99.13658118841377
0.11495872041867594	0.007	0.005	0.22143205374513936	0.0003200696102265539	0.0036188638317955404	0.00644903224100123	99.01562531454015
0.1300520408220065	0.007	0.005	0.237865193240015	0.0003223563285885429	0.004469186826107762	0.0075607580858027545	98.88710511289364
0.146016829337767	0.007	0.005	0.2531471363046225	0.00032353991372602656	0.005429288104821318	0.008740532382249576	98.75134586456493
0.16281702076964355	0.007	0.005	0.26717810129963165	0.00032400217295237843	0.006498286871994119	0.009982481178019774	98.60868388745668
0.18041219752916354	0.007	0.005	0.279903205886191	0.0003240119644023482	0.007673543372551813	0.01128119128289382	98.45949209569196
0.19877762214923586	0.007	0.005	0.29131933413227024	0.00032374772774015334	0.008952238882587619	0.012633028985987008	98.30401002740446
0.21789903973272545	0.007	0.005	0.30145819695042847	0.00032332132461496295	0.010331422329711877	0.014035575400968902	98.14238859881506
0.23777449330236583	0.007	0.005	0.3103770061383862	0.00032279931172628256	0.011808445382248827	0.015487599299807827	97.97467541358192
0.258410860349333	0.007	0.005	0.31814828959052105	0.00032221924795190505	0.013380954916553885	0.016988677194405933	97.80084474601699
0.2798236299350221	0.007	0.005	0.3248537512674484	0.000321601004258783	0.0150470483441714	0.018539086473883516	97.62080007690814
0.3020356323696988	0.007	0.005	0.33057926615861527	0.00032095414587908207	0.01680530157815038	0.02013964938914701	97.4343854600957
0.32507692542288463	0.007	0.005	0.33541156560563334	0.0003202824642313835	0.018654846221615076	0.021791680283270467	97.24138715544399
0.34898448387211	0.007	0.005	0.3394357623366666	0.0003195866471562085	0.02059540285973317	0.023496930426788746	97.04153695593445
0.3738023381145167	0.007	0.005	0.3427336800880792	0.0003188657676116532	0.022627327518217735	0.025257571808500984	96.83451180667498
0.39958178317263	0.007	0.005	0.3453827013284694	0.00031811807368386646	0.024751646568899256	0.02707618871764933	96.6199329236375
0.42638182835774613	0.007	0.005	0.3474550317249381	0.0003173413750195597	0.026970097369670074	0.02895578660936379	96.3973630174862
0.45426980209587875	0.007	0.005	0.34901725969239344	0.00031653320957682684	0.029285170285577568	0.030899810147878657	96.16630237417003
0.48332218507799485	0.007	0.005	0.3501301381486487	0.0003156908932776048	0.03170015974823387	0.032912173974361913	95.92618322690831
0.5136256627364254	0.007	0.005	0.3508485241278027	0.00031481151051575675	0.03421922449922735	0.03499730404160845	95.67636254913542
0.5452784569913078	0.007	0.005	0.3512214318928665	0.00031389187400644806	0.036847462156305105	0.03716019209704807	95.4161128390585
0.5783919687376202	0.007	0.005	0.351292163752387	0.00031292846798607434	0.03959100020817074	0.039406463628368596	95.14461072100045
0.6130928035941166	0.007	0.005	0.351098492317401	0.0003119173794931778	0.04245710825033863	0.04174246198323233	94.86092287368116
0.6495259968350993	0.007	0.005	0.35067286281253307	0.000310854196749654	0.04545439651109036	0.044175400168872274	94.56398277880382
0.6878566552148322	0.007	0.005	0.35004263055962864	0.00030973395686559107	0.0485928684804613	0.04671339039727136	94.25258116631709
0.7282746924519006	0.007	0.005	0.34923028505166637	0.00030855100700439853	0.05188420972803453	0.04936566094053678	93.92533217838256
0.7709992404285417	0.007	0.005	0.3482536660630948	0.0003072988789851333	0.05534202468924349	0.05214272335397534	93.58064352908272
0.8162847340286941	0.007	0.005	0.3471261471212177	0.0003059701197772439	0.0589821779481656	0.055056614930314204	93.21667479750361
0.8644280648898148	0.007	0.005	0.345856790195722	0.00030455609687602363	0.06282317991184398	0.05812116465592856	92.83128934500833
0.9157775123138686	0.007	0.005	0.3444504546904238	0.0003030467600164521	0.06688666052376001	0.06135231383687445	92.42199488561442
0.9707428515232995	0.007	0.005	0.3429078765650898	0.00030143038029460835	0.07119786587639079	0.06476843445597211	91.98587845992888
1.029805060287697	0.007	0.005	0.34122576644979496	0.000299693318347336	0.07578603637317889	0.06839052827702159	91.51954932932165
1.0935186629392097	0.007	0.005	0.33939713056223797	0.00029782003345574487	0.08068411985634484	0.07224187367517179	91.01914518619135
1.1624839241044025	0.007	0.005	0.337412469868768	0.000295794010616902	0.08592612477576633	0.07634580460233165	90.48057791328853
1.2372245008467966	0.007	0.005	0.33526367866536644	0.0002936014918793539	0.09153750164633066	0.080718095836609	89.90050735257891
1.3178640841224878	0.007	0.005	0.33295355774914376	0.00029124107368984684	0.09751143673802255	0.0853486746194333	89.27882387524741
1.4037576840653225	0.007	0.005	0.33050617982260655	0.00028873443297536993	0.10378404754163746	0.09018317240836947	88.62136269768595
1.493840660936627	0.007	0.005	0.3279563845030634	0.0002861157871189113	0.1102636443452427	0.09514665962987337	87.93703547538243
1.587336919065426	0.007	0.005	0.3253295264078633	0.00028341096660948256	0.11688321942432985	0.10018435718006466	87.23236671769348
1.6837737060964149	0.007	0.005	0.3226414615570706	0.0002806369631939687	0.12360013497621374	0.1052609827105986	86.51145102002984
1.782839622631749	0.007	0.005	0.3199029294473251	0.0002778060661900781	0.1303848752066181	0.11035182306983342	85.77708445969444
1.8843195065362597	0.007	0.005	0.3171216193622637	0.00027492774281082354	0.13721582736446944	0.11543857721763365	85.03128642572918
1.9880563847715778	0.007	0.005	0.31430337525567387	0.0002720097235783145	0.1440762573931525	0.12050695443995182	84.27560316266157
2.093942961521582	0.007	0.005	0.31145252689436526	0.0002690582428863179	0.15095343840505343	0.1255459284300213	83.5111857913207
2.2019033581975593	0.007	0.005	0.3085724514287272	0.0002660785561291643	0.15783721493407057	0.13054660050409728	82.73893528798517
2.3118764789491824	0.007	0.005	0.30566605682097864	0.0002630753980220206	0.16471879327210195	0.1355012687542336	81.95962931630464
2.4237978483402207	0.007	0.005	0.30273627593623265	0.0002600534625386682	0.17158955499441347	0.14040255464115714	81.17405336442702
2.537578910139035	0.007	0.005	0.2997865964861983	0.0002570179216280102	0.17843984660480222	0.1452425577505388	80.38314221046349
2.6530833124882056	0.007	0.005	0.2968216351072897	0.00025397498403616534	0.1852577374354257	0.1500120389587929	79.58813356408423
2.7701012130440588	0.007	0.005	0.29384772429885203	0.0002509324564654894	0.19202782649450179	0.1546996933851773	78.79072531572413
2.888326788358365	0.007	0.005	0.2908733793538922	0.0002479001683881847	0.1987303987496118	0.15929171885276458	77.99320068012868
3.007351482816373	0.007	0.005	0.28790934170998367	0.0002448899550714564	0.20534158304158084	0.16377210299070682	77.19843979580614
3.1266933876138148	0.007	0.005	0.284967729163189	0.00024191473846555626	0.21183547007430267	0.16812421357525498	76.40969185770004
3.2458796536159253	0.007	0.005	0.2820599491508223	0.00023898638995266443	0.21818879056467386	0.17233397832706093	75.63001559192973
3.364569601376046	0.007	0.005	0.2791937637995251	0.00023611280386096246	0.22438712453429552	0.1763938412448816	74.86149229205036
3.482661899198578	0.007	0.005	0.2763709167618944	0.00023329561437052728	0.23042952323951404	0.18030540402741826	74.10458949127616
3.600316735458806	0.007	0.005	0.27358690963585997	0.0002305301169232067	0.2363283069633841	0.18407878124886615	73.35810101251731
3.7178710897433587	0.007	0.005	0.2708332888697284	0.00022780768564136224	0.2421036234784513	0.18772866873210048	72.61976016651258
3.8356872574843175	0.007	0.005	0.2681013426489453	0.00022511951970708298	0.24777540670352516	0.19126904425331354	71.88723101483151
3.9539945060680317	0.007	0.005	0.2653857389443159	0.00022246022611492565	0.2533559286524281	0.19470860108798166	71.1590838562562
4.072769297777212	0.007	0.005	0.262687072640071	0.00021983023199057444	0.25884501151135986	0.19804814330415466	70.43547819979568
4.191695433180538	0.007	0.005	0.26001246234775227	0.00021723623516986589	0.26422945525976865	0.20128073669286495	69.71832279110234
4.310253769465817	0.007	0.005	0.25737322999844675	0.00021468883195020349	0.2694883069831207	0.20439533921429162	69.01065343099465
4.427950500972339	0.007	0.005	0.2547796764839897	0.00021219742468719046	0.2746035204768755	0.20738330846659386	68.31523214439845
4.544574949847494	0.007	0.005	0.2522355316724091	0.00020976494603907637	0.27957060094953756	0.21024437639783336	67.63305903777301
4.6603022399997425	0.007	0.005	0.24973607147077548	0.00020738620174137133	0.2844015525859492	0.21298776015957377	66.96286741861918
4.775577151821697	0.007	0.005	0.24727100467797564	0.00020505078254732425	0.2891185635829274	0.21562798069072756	66.30189786042858
4.890890480305311	0.007	0.005	0.24482946041654585	0.00020274789312783615	0.29374409419488356	0.2181790157472279	65.64723550543937
5.006562960117034	0.007	0.005	0.24240453200543785	0.00020047063788412037	0.2982923654468815	0.2206496883278667	64.99702843388441
5.122629151168913	0.007	0.005	0.23999549027489872	0.00019821801000769937	0.3027656571153456	0.22304203148053486	64.35108113016497
5.23884711102569	0.007	0.005	0.23760728665287054	0.00019599430718335062	0.30715579883069116	0.2253525640625107	63.710721243150175
5.354830909419384	0.007	0.005	0.2352475883781016	0.000193806279165097	0.31145006132934006	0.2275757655709207	63.07800462439861
5.470251135547778	0.007	0.005	0.23292262023301744	0.00019165924213484264	0.3156388471180512	0.22970816325028112	62.45460035310173
5.5849911539921955	0.007	0.005	0.2306341293958354	0.00018955431025380998	0.31972093058049533	0.23175080266718484	61.840976908092564
5.699169670572301	0.007	0.005	0.22837915797623784	0.00018748826059416195	0.32370344914626537	0.23370888187966524	61.23634117680235
5.813039817976189	0.007	0.005	0.2261522351152011	0.0001854556162499527	0.3275976783675948	0.23558936308332393	60.63922623294634
5.926848223383356	0.007	0.005	0.22394821680589205	0.00018345127771264593	0.3314139315292497	0.23739839039191646	60.048252790602675
6.040732748437327	0.007	0.005	0.22176422563241657	0.00018147227953752392	0.33515828891248767	0.2391398187469184	59.46264931517527
6.154692673713805	0.007	0.005	0.2196001083529603	0.00017951816749860517	0.33883202385315864	0.24081513864379847	58.882374717240225
6.2686258305928355	0.007	0.005	0.21745761082722334	0.0001775902121952098	0.34243321401754895	0.24242440482231423	58.30789712209062
6.382402094545867	0.007	0.005	0.21533892356341458	0.00017569007382522045	0.34595930679840875	0.2439674953125839	57.73980388064416
6.4959318658342164	0.007	0.005	0.213245401828596	0.000173818648885317	0.34940925121166294	0.24544504677795922	57.178458386815265
6.609197938874152	0.007	0.005	0.21117702524768342	0.00017197559822832665	0.3527843040836619	0.24685872038654655	56.62385517734001
6.722244846300883	0.007	0.005	0.2091326550773902	0.0001701595942299435	0.35608750452746135	0.24821088068390612	56.07568891580762
6.8351431521512955	0.007	0.005	0.20711072454724988	0.00016836894879571686	0.359322487058084	0.2495040405957354	55.53353949693488
6.94795324950544	0.007	0.005	0.20510989928811924	0.00016660220415747645	0.36249240916398645	0.2507404172863425	54.99704913026122
7.060705217167014	0.007	0.005	0.20312941940732887	0.00016485843214716252	0.36559943779455867	0.2519217601139937	54.466014062313
7.173398383893943	0.007	0.005	0.20116908035797423	0.00016313721000928605	0.368644824850255	0.25304942509271755	53.940379446999366
7.286014338238917	0.007	0.005	0.19922898367365688	0.0001614383942808882	0.3716293318459158	0.25412457037357344	53.42017250898622
7.398533146106545	0.007	0.005	0.19730924693857577	0.0001597618624844411	0.37455369272976036	0.25514834038495005	52.90542477665902
7.51094455207406	0.007	0.005	0.19540981447584516	0.00015810734685799593	0.3774188990804694	0.2561219626661309	52.39612132112138
7.623250850701709	0.007	0.005	0.19353041766841245	0.0001564744011703198	0.3802262462336398	0.25704674934234717	51.89219011686275
7.73546321031952	0.007	0.005	0.19167064577665588	0.00015486246429731993	0.3829772137165426	0.25792404322716234	51.39352103040225
7.847595377158372	0.007	0.005	0.18983005573703007	0.00015327095683065106	0.38567329543018863	0.2587551557848443	50.899995261098546
7.959658562715012	0.007	0.005	0.18800825668051468	0.00015169935445182505	0.3883158759707759	0.2595413292041168	50.41150800346554
8.071659229038147	0.007	0.005	0.18620494320089812	0.00015014721596179873	0.3909061873857889	0.2602837291328691	49.927977367548145
8.18359974496512	0.007	0.005	0.18441988108703433	0.00014861416986792448	0.39344533586936176	0.2609834593409998	49.44934055324778
8.295480372372973	0.007	0.005	0.1826528728644309	0.00014709988372897382	0.3959343553935771	0.2616415818184811	48.97554461083163
8.407301365351737	0.007	0.005	0.18090372346969838	0.00014560403398984192	0.3983742581848162	0.2622591326540866	48.5065372370669
8.519064102088771	0.007	0.005	0.1791722227647013	0.00014412629065400502	0.4007660591943336	0.26283712840854445	48.042262086660614
8.630771260064506	0.007	0.005	0.17745814366233317	0.0001426663155339048	0.40311077790808286	0.2633765657069607	47.5826582697153
8.742426296315653	0.007	0.005	0.17576125089181935	0.00014122376964464898	0.4054094256925179	0.26387841759040964	47.127662702009204
8.854032744440076	0.007	0.005	0.1740813120307064	0.00013979832246603261	0.40766299083317054	0.2643436302680856	46.677213063054026
8.965593712585015	0.007	0.005	0.17241810493550708	0.0001383896580406926	0.40987242920436334	0.26477312200057745	46.23124978850731
9.077111721963512	0.007	0.005	0.17077141974116553	0.00013699747638685336	0.4120386626118726	0.2651677840393061	45.789716606298185
9.188588803855643	0.007	0.005	0.16914105697272755	0.00013562149159438366	0.41416258230483216	0.2655284825774513	45.35256003030095
9.300026714379632	0.007	0.005	0.16752682405353628	0.0001342614285828347	0.4162450543769101	0.2658560607692876	44.919728424061724
9.411427126711912	0.007	0.005	0.16592853232376137	0.0001329170203299618	0.41828692423495234	0.2661513402494342	44.49117120136308
9.522791741865705	0.007	0.005	0.16434599537420597	0.00013158800624735122	0.42028901917522665	0.2664151220994036	44.06683837946013
9.634122273989684	0.007	0.005	0.16277902922981347	0.00013027413214418093	0.4222521485214615	0.266648187359642	43.64668062828524
9.745420435691583	0.007	0.005	0.1612274525211978	0.00012897515018724624	0.4241771037843004	0.26685129754904463	43.23064931644084
9.85668786444799	0.007	0.005	0.15969108745454927	0.00012769081954297482	0.4260646578501005	0.26702519510592754	42.81869677126508
9.967926100661709	0.007	0.005	0.15816976002148084	0.00012642090637888883	0.427915565152011	0.26717060398396	42.41077633509854
10.079136543644971	0.007	0.005	0.156663300491506	0.0001251651841100741	0.4297305615083918	0.26728823023618403	42.00684249733485
10.190320518065521	0.007	0.005	0.15517154239808978	0.00012392343238011052	0.4315103657754009	0.2673787627146122	41.60685062254566
10.301479259343058	0.007	0.005	0.15369432265056937	0.0001226954370028844	0.4332556800961555	0.26744287361146957	41.21075698049063
10.412613928486836	0.007	0.005	0.15223148125130015	0.00012148098957827582	0.43496719060960315	0.2674812190066966	40.81851867027441
10.523725648980657	0.007	0.005	0.15078286073998137	0.00012027988688623752	0.4366455684470697	0.26749443937476963	40.4300934713512
10.634815506846968	0.007	0.005	0.14934830614035224	0.00011909193071137983	0.43829147011078634	0.26748316003213957	40.04543982923215
10.745884624251701	0.007	0.005	0.14792766397192092	0.00011791692688886239	0.4399055388999113	0.267447991538391	39.66451659049569
10.85693406391936	0.007	0.005	0.14652078344949412	0.00011675468619392472	0.4414884038159957	0.2673895300977646	39.28728332442294
10.967964608643905	0.007	0.005	0.14512751917361452	0.00011560502648018887	0.44304067688985505	0.267308358172031	38.91370104439678
11.078977026124631	0.007	0.005	0.14374772766195681	0.00011446776965791222	0.4445629574387129	0.2672050448397109	38.5437312778495
11.189972076341348	0.007	0.005	0.14238126722727665	0.00011334274148958477	0.44605583245234737	0.2670801461332561	38.17733603353663
11.300950555666825	0.007	0.005	0.14102799741525815	0.00011222977102253813	0.44751987744073835	0.2669342053057517	37.81447765080433
11.411913223385003	0.007	0.005	0.13968777988687656	0.00011112869123378963	0.44895565570208273	0.2667677532267286	37.455119036181365
11.522860823767592	0.007	0.005	0.13836047811236052	0.00011003933868413391	0.450363718897058	0.26658130868127644	37.09922358131983
11.633794034675864	0.007	0.005	0.13704595794756544	0.00010896155391291859	0.45174460667712374	0.26637537877787376	36.74675531754092
11.744713504331981	0.007	0.005	0.13574408714642386	0.00010789518094815592	0.4530988474453356	0.2661504592130971	36.397678785105676
11.855619836656428	0.007	0.005	0.13445473549433967	0.0001068400673388449	0.45442695844623554	0.26590703460489823	36.051959068982896
11.966513598641898	0.007	0.005	0.13317777468011932	0.00010579606397269865	0.45572944612506544	0.26564557877697115	35.70956176450933
12.077395327721067	0.007	0.005	0.13191307817375153	0.00010476302490235185	0.45700680646927133	0.2653665550262917	35.37045294461818
12.188265546470799	0.007	0.005	0.13066052102729095	0.00010374080711105114	0.4582595254153685	0.26507041635465767	35.0345991064493
12.29912474060199	0.007	0.005	0.12941998009474415	0.00010272927062993278	0.4594880788275332	0.2647576057850693	34.701967230307886
12.409973388342479	0.007	0.005	0.12819133367151894	0.00010172827817549262	0.460692933051936	0.26442855653380104	34.37252468298882
12.520811945766233	0.007	0.005	0.12697446163447296	0.00010073769520610917	0.4618745449630517	0.2640836922895447	34.046239255328196
12.631640817449842	0.007	0.005	0.1257692457319554	9.975739010525168e-5	0.4630333618713306	0.2637234275470552	33.72307923997357
12.742460407865462	0.007	0.005	0.12457556899079944	9.878723363412591e-5	0.46416982228055653	0.26334816767874075	33.403013272378416
12.853271114047123	0.007	0.005	0.12339331577922637	9.782709893161818e-5	0.46528435599325646	0.2629583091682837	33.08601034766848
12.964073296247024	0.007	0.005	0.12222237209699383	9.687686170463283e-5	0.4663773840057767	0.2625542399262487	32.772039898440894
13.074867307298446	0.007	0.005	0.12106262523667441	9.593639989902048e-5	0.4674493189948675	0.2621363393969538	32.461071703941144
13.185653477948142	0.007	0.005	0.11991396391740279	9.500559376439838e-5	0.46850056535251555	0.2617049788114911	32.15307592592521
13.296432131537632	0.007	0.005	0.1187762781103066	9.408432566539813e-5	0.46953151950335364	0.26126052132650734	31.848023061851713
13.407203562001133	0.007	0.005	0.11764945924434188	9.317248020987446e-5	0.4705425698703815	0.2608033223008135	31.54588400007336
13.51796805588102	0.007	0.005	0.11653339995830424	9.226994400305088e-5	0.4715340972502475	0.26033372939282096	31.24662995334266
13.628725892331879	0.007	0.005	0.11542799408460488	9.137660559538986e-5	0.472506474969982	0.25985208273504345	30.95023245446171
13.739477321121287	0.007	0.005	0.11433313684978327	9.049235561133931e-5	0.47346006885268466	0.25935871520330483	30.65666341004652
13.850222599308044	0.007	0.005	0.11324872449111552	8.961708639654227e-5	0.47439523769223996	0.2588539524246688	30.36589499772655
13.960961954574406	0.007	0.005	0.11217465460210439	8.875069226950461e-5	0.4753123330867361	0.25833811310372173	30.077899758782472
14.07169562189983	0.007	0.005	0.11111082575662228	8.789306917805049e-5	0.47621169989407613	0.25781150901431077	29.792650497365884
14.182423806896578	0.007	0.005	0.11005713784809193	8.704411494840813e-5	0.477093676070867	0.25727444532499344	29.510120371445424
14.29314672247933	0.007	0.005	0.10901349172100648	8.620372895050013e-5	0.4779585931097197	0.2567272205755101	29.23028279400454
14.403864559536144	0.007	0.005	0.10797978943578339	8.5371812288028e-5	0.4788067759390957	0.25617012696426256	28.953111504058086
14.514577516261072	0.007	0.005	0.10695593397823233	8.454826753068141e-5	0.4796385432831254	0.25560345034510246	28.678580488750427
14.625285761495899	0.007	0.005	0.10594182958639214	8.373299895766276e-5	0.4804542075112307	0.25502747055150166	28.406664070991855
14.735989456729817	0.007	0.005	0.10493738152869365	8.292591234888338e-5	0.4812540749363302	0.2544424614233059	28.137336849976343
14.846688778094427	0.007	0.005	0.10394249589394454	8.212691478700855e-5	0.48203844609118124	0.25384869081911393	27.870573644869282
14.95738387970844	0.007	0.005	0.10295707991233369	8.133591489917891e-5	0.4828076155806382	0.25324642093676514	27.606349580879712
15.068074908342664	0.007	0.005	0.10198104180752011	8.055282271226871e-5	0.4835618723078012	0.2526359083627551	27.34464004960039
15.178761996091401	0.007	0.005	0.10101429084759714	7.977754967334682e-5	0.48430149954007445	0.2520174042355286	27.085420722673007
15.289445275035007	0.007	0.005	0.10005673720327868	7.901000851174173e-5	0.48502677512112485	0.25139115428370945	26.828667513762962
15.400124891899928	0.007	0.005	0.0991082918135626	7.825011310807532e-5	0.48573797166911203	0.2507573988553742	26.57435654253912
15.510800956750483	0.007	0.005	0.09816886681588498	7.749777883044756e-5	0.4864353563503901	0.2501163733232741	26.322464250013066
15.621473586969842	0.007	0.005	0.09723837515420951	7.675292219224921e-5	0.4871191912720099	0.24946830794644603	26.07296729345428
15.732142899930375	0.007	0.005	0.09631673063384294	7.601546087971464e-5	0.4877897335317771	0.2488134280174225	25.82584256108806
15.842808998336205	0.007	0.005	0.09540384803296559	7.528531382705865e-5	0.4884472352286537	0.24815195405392784	25.581067202000764
15.953471992211314	0.007	0.005	0.09449964290941289	7.456240104044712e-5	0.4890919436927333	0.24748410177112126	25.3386185743311
16.0	0.007	0.005	0.0941220356243188	7.426358735956035e-5	0.4893592534738405	0.24720144012239004	25.237369017472357
