0.0	0.007	0.005	0.0	0.0	0.0	0.0	100.0
0.00022796831569894875	0.007	0.005	3.0936509244920745e-5	0.00021638281802590823	1.4776897166697168e-9	1.7631644040582347e-6	99.99823383935437
0.0003326359543279356	0.007	0.005	4.513962053518807e-5	0.0002807947742603751	3.1460119318031202e-9	3.469735282629138e-6	99.99742294823703
0.0005164818215043157	0.007	0.005	7.008571700049839e-5	0.0003597098022507547	7.584212433745986e-9	7.345671415873583e-6	99.99599865591065
0.0006715538099514179	0.007	0.005	9.112620658939122e-5	0.00040288129063285313	1.2821647798412257e-8	1.1215245128695611e-5	99.99479729660425
0.0008662627862685973	0.007	0.005	0.00011754307768362819	0.00043777514178226486	2.1333331016515825e-8	1.6569327771640403e-5	99.9932888857452
0.001063128708279278	0.007	0.005	0.00014425072487242175	0.0004592360497104712	3.212979411030317e-8	2.2337133318883138e-5	99.99176378815693
0.0012883618849233577	0.007	0.005	0.0001748044920902799	0.0004736450893787002	4.718300019868466e-8	2.9196088033941037e-5	99.9900189612492
0.0015303832066827713	0.007	0.005	0.00020763290242621467	0.000482213527772956	6.657049625968801e-8	3.674340781605873e-5	99.98814411457978
0.0018020135189005964	0.007	0.005	0.0002444741803183735	0.0004872383266626989	9.22923323713404e-8	4.5331528141602754e-5	99.9860399402472
0.0021025836175621723	0.007	0.005	0.000285236409005413	0.0004899331351227157	1.2563794034773897e-7	5.490771549097578e-5	99.98371163652027
0.0024423254727784227	0.007	0.005	0.0003313057097732522	0.0004912859718799943	1.6950458896717763e-7	6.577481161920112e-5	99.98107996220877
0.0028277711931143936	0.007	0.005	0.00038356573809965626	0.0004918937689796053	2.27204891303566e-7	7.812689090248502e-5	99.97809434507009
0.0032728511128228446	0.007	0.005	0.00044390223639804126	0.0004921305081983979	3.0431923725354025e-7	9.24010301769222e-5	99.97464691936231
0.003793967875566645	0.007	0.005	0.0005145343698314736	0.0004921994638462233	4.088867594607025e-7	0.00010911783018410915	99.9706106912451
0.004417794990062555	0.007	0.005	0.0005990705974820087	0.0004922013278433041	5.543111974719971e-7	0.00012912974444014724	99.96577915050807
0.005183404337934972	0.007	0.005	0.0007027943552306999	0.0004921778447897709	7.62926776069245e-7	0.00015368793846803105	99.95984982557631
0.006154529444918567	0.007	0.005	0.000834320379731045	0.0004921417240295339	1.0752969575752181e-6	0.00018483435264082468	99.95232937281186
0.0074277174160234175	0.007	0.005	0.001006687812745761	0.0004920932593666033	1.5656692918666648e-6	0.00022566158925077919	99.94247058373053
0.009071643966605016	0.007	0.005	0.001229131019110585	0.0004920303406174025	2.3343627963539266e-6	0.0002783653404284486	99.92974246017097
0.010891341786278968	0.007	0.005	0.0014752061376829596	0.0004919591421579249	3.3631448912376863e-6	0.00033668860660658953	99.91565531540063
0.012603516149963797	0.007	0.005	0.0017065951818655866	0.0004918872236216159	4.5015835477433925e-6	0.00039155070284923677	99.9024023740825
0.014119636566676214	0.007	0.005	0.0019113708562253902	0.0004918221762600133	5.647431655325273e-6	0.00044011862272992603	99.89066843929916
0.015489966625438237	0.007	0.005	0.002096359975871548	0.0004917707307522633	6.794290297753241e-6	0.0004840062142812775	99.88006402715932
0.016795973633406264	0.007	0.005	0.00227258156190642	0.000491725486406961	7.98546555896327e-6	0.0005258249378300374	99.86995843199476
0.01809987769321155	0.007	0.005	0.0024484374704074564	0.0004916790774061518	9.270179400799805e-6	0.0005675678921021311	99.85987012896949
0.019432703758345837	0.007	0.005	0.0026281094853914267	0.0004916298221980267	1.0681860751366074e-5	0.0006102280580437859	99.84955910966816
0.020799924768770697	0.007	0.005	0.002812329322588802	0.000491578120105703	1.2233297549875983e-5	0.0006539799657579934	99.83898311015409
0.022191076640633266	0.007	0.005	0.002999681344987277	0.000491524868683417	1.3919175473596963e-5	0.0006984881540707964	99.82822314567215
0.023590719381895855	0.007	0.005	0.003188082983750779	0.0004914710400223831	1.5724429221839546e-5	0.0007432582967140738	99.81739867822212
0.02498711206295602	0.007	0.005	0.003375953339500788	0.0004914173975820316	1.7634404185933645e-5	0.0007879147780743446	99.80660051550191
0.027763880525064337	0.007	0.005	0.0037492609068814527	0.0004913201064407027	2.1755180332005582e-5	0.0008766864995893582	99.78513151794655
0.03135646902311398	0.007	0.005	0.00423169795399929	0.0004911816514923785	2.7722628310971383e-5	0.0009914830362073577	99.75736173914287
0.03841068107493006	0.007	0.005	0.005177185705332116	0.0004909136256967641	4.1519560903563125e-5	0.0012167048513584886	99.70285698960014
0.05116486944084975	0.007	0.005	0.006880611851777917	0.0004904287268322583	7.341499163739526e-5	0.0016232853505187975	99.6043866481186
0.06300627332510818	0.007	0.005	0.008455187070674056	0.0004899790157846026	0.0001109731432620438	0.002000047350671506	99.51305064034122
0.07940583251975222	0.007	0.005	0.01062487763037365	0.0004893568675693364	0.00017547943764706608	0.002520694301325148	99.38669462438845
0.09486312593697822	0.007	0.005	0.012658266887025725	0.0004887711899269392	0.000249403968205372	0.003010213568104764	99.26774549900796
0.1137391787514358	0.007	0.005	0.015126151460455298	0.0004880569257782228	0.00035670843968052714	0.00360640977361832	99.12268091156098
0.1318094687829766	0.007	0.005	0.01747307046863201	0.00048737412938426036	0.0004767253667920818	0.004175520273493544	98.98400731577284
0.15225943656152924	0.007	0.005	0.020110732270478236	0.00048660256761512796	0.0006326243377699437	0.004817652538190071	98.82730577758072
0.17209694018905766	0.007	0.005	0.02265091344123321	0.0004858552808148074	0.0008038949502553263	0.005438606759559863	98.6755344011072
0.19353568240718882	0.007	0.005	0.025375791327925553	0.00048504896495161603	0.0010107947704337855	0.006107534538398616	98.51177442617036
0.21454683256742446	0.007	0.005	0.028025944728191032	0.000484260029313007	0.0012351618763903243	0.006760962131201368	98.3515443158187
0.23662385679373407	0.007	0.005	0.030788943779826147	0.00048343245424457273	0.0014935192396223508	0.00744524295195675	98.18346666884598
0.25842702178770016	0.007	0.005	0.03349608883011362	0.0004826165331020269	0.0017709909712124816	0.008118735508572152	98.01775589334315
0.28094586772201857	0.007	0.005	0.036269730335885084	0.0004817752752292597	0.0020804104085096037	0.008811944055549706	97.84689931775216
0.3033070654875838	0.007	0.005	0.039001614173491274	0.0004809413578303746	0.0024101880415906933	0.009497903593194978	97.67753356606234
0.3261607005074279	0.007	0.005	0.041770811051727634	0.0004800905674052775	0.002769963141710774	0.010196510828997044	97.50474095951078
0.3489413827020933	0.007	0.005	0.04450833538075086	0.00047924399071046567	0.0031510081294225845	0.010890423295929165	97.33280414797937
0.3720739450118399	0.007	0.005	0.04726497609932875	0.000478385865000863	0.0035603782269209056	0.011592545093901573	97.1585217726842
0.3951938543361532	0.007	0.005	0.049996940835043385	0.0004775297439588832	0.0039916546161484386	0.012291765542335553	96.98464653691597
0.4185779373816487	0.007	0.005	0.05273672357665581	0.0004766653991347113	0.0044498948027150145	0.012996424726702475	96.80910107889724
0.441991768463012	0.007	0.005	0.05545657855221133	0.00047580152220954967	0.004930453806333956	0.01369941948846711	96.63365065035056
0.4656155159287761	0.007	0.005	0.058177239659287595	0.0004749314869504238	0.0054368927283624515	0.014406129319022985	96.45694948496137
0.4892987328455628	0.007	0.005	0.06088114237064047	0.00047406085841729953	0.005965885427470223	0.015112018708126642	96.28012782983224
0.5131587017979112	0.007	0.005	0.06358149087070503	0.0004731853461539217	0.006519897469826566	0.015820553965496104	96.10231430285195
0.5370990836362598	0.007	0.005	0.066267166643875	0.0004723085083381765	0.0070965605100471165	0.016528841494615813	95.92423156199654
0.5611963413215313	0.007	0.005	0.06894656417579174	0.00047142756563616254	0.007697551553149787	0.01723911407292558	95.74531513153444
0.585388979513625	0.007	0.005	0.07161264218418957	0.00047054478890649215	0.00832118591351476	0.0179495272785987	95.56602621854107
0.6097270099085793	0.007	0.005	0.0742707279438805	0.0004696583748725607	0.008968580456480274	0.018661519826643224	95.3859985806688
0.634171375884712	0.007	0.005	0.0769163576217364	0.00046876976877879384	0.0096385318964031	0.019373917516793605	95.20552574328018
0.658754970091695	0.007	0.005	0.07955290444724661	0.0004678777970816665	0.010331763281059017	0.020087648421246992	95.02436936406576
0.6834531930804284	0.007	0.005	0.08217753337173832	0.0004669833754087334	0.01104740657524693	0.02080196649565309	94.84271540238568
0.7082878705797129	0.007	0.005	0.08479237344321076	0.00046608573618977183	0.011785910143728697	0.021517471654412923	94.66040796750377
0.7332437175661329	0.007	0.005	0.08739561765894426	0.00046518545542802294	0.012546636946842766	0.022233691175952943	94.47756404689586
0.7583354188958273	0.007	0.005	0.08998860351906136	0.00046428202692499755	0.013329845031915309	0.022951014327095984	94.29408082755602
0.7835537075806515	0.007	0.005	0.09257017348816102	0.00046337580845509364	0.014135055400274025	0.02366914316584391	94.11003097661957
0.8089086596674313	0.007	0.005	0.09514116046006015	0.0004624664621966012	0.01496239449070522	0.024388331541023812	93.92534588483892
0.8343948979577382	0.007	0.005	0.09770081622918887	0.00046155420583326903	0.015811490264924056	0.025108393131878556	93.74006975764036
0.8600195383772336	0.007	0.005	0.10024965252794044	0.000460638809668364	0.016682378546696595	0.025829494967672558	93.55415594937527
0.8857797235348924	0.007	0.005	0.1027871785716518	0.00045972040132113073	0.017574758896060284	0.026551521980390316	93.36763037704924
0.9116806677127822	0.007	0.005	0.10531370063827103	0.00045879882073234874	0.018488604409063705	0.02727458534018492	93.18046053139902
0.9377211580660147	0.007	0.005	0.1078288899204831	0.00045787413735176596	0.019423662119054476	0.027998615610837975	92.992660520155
0.9639051979473022	0.007	0.005	0.11033292126741358	0.0004569462356753176	0.020379861614326585	0.028723688130346123	92.80420688597029
0.9902326459731837	0.007	0.005	0.11282556650534122	0.00045601514785125743	0.021356980507554434	0.02944976243847442	92.61510615539244
1.016706739791557	0.007	0.005	0.11530691585381257	0.0004550807868852997	0.022354917807442715	0.030176890835923405	92.42534066108223
1.0433280409354637	0.007	0.005	0.1177768030038807	0.0004541431609348802	0.023373470129188608	0.03090505119396763	92.23491206000868
1.0700993094640885	0.007	0.005	0.12023526321208464	0.0004532022011862077	0.024412514554353972	0.0316342809745869	92.0438063753529
1.0970215802595558	0.007	0.005	0.12268216819492697	0.0004522579001183508	0.025471859051745146	0.03236456977363794	91.85202208171751
1.1240973171669597	0.007	0.005	0.12511751655029937	0.00045131020062660784	0.026551364304516656	0.033095945321328896	91.65954757918028
1.1513278756228988	0.007	0.005	0.1275412024429842	0.0004503590850644178	0.027650844161378862	0.033828404563306394	91.46637928110755
1.1787155400610116	0.007	0.005	0.1299531993524607	0.00044940450384498855	0.028770146459037634	0.034561968746633816	91.27250712479919
1.2062618921242152	0.007	0.005	0.13235341436495304	0.00044844643261350044	0.02990908727702759	0.03529663946322476	91.07792615619525
1.23396911551103	0.007	0.005	0.13474180339574854	0.00044748482661132176	0.03106750397202784	0.03603243362841809	90.88262729007049
1.2618389443063618	0.007	0.005	0.1371182792631384	0.00044651965739586944	0.03224521172694007	0.03676935538944816	90.68660474522092
1.289873516821035	0.007	0.005	0.139482785467551	0.00044555088311322113	0.03344203903124466	0.03750741881333603	90.48985002507561
1.318074676737339	0.007	0.005	0.14183523641420434	0.0004445784728033576	0.03465779811938069	0.03824662937712116	90.29235683798355
1.3464445441890538	0.007	0.005	0.14417556569492407	0.0004436023865865699	0.03589230916879396	0.038986999008241846	90.09411708928985
1.3749850525484453	0.007	0.005	0.14650368731311314	0.0004426225917380483	0.03714538027102879	0.03972853391748539	89.8951241294154
1.403698316718479	0.007	0.005	0.14881952615289498	0.0004416390499591621	0.03841682329333833	0.04047124421232089	89.69537018093803
1.4325863370709624	0.007	0.005	0.1511229937494414	0.0004406517275790842	0.03970644079244698	0.041215136185929625	89.49484840619338
1.4616512365405518	0.007	0.005	0.15341400747063982	0.00043966058743992204	0.041014036364878916	0.04196021844826421	89.29355125896812
1.4908950665990455	0.007	0.005	0.15569247500665492	0.0004386655955708485	0.04233940588042981	0.042706496915617176	89.09147183409347
1.5203199679741408	0.007	0.005	0.15795830707765346	0.0004376667156093822	0.04368234457588341	0.043453978926233455	88.88860275586379
1.5499280266189925	0.007	0.005	0.16021140621377541	0.00043666391388106577	0.04504264040839727	0.04420266955556831	88.68493717548694
1.5797213991428336	0.007	0.005	0.1624516764598683	0.0004356571549769122	0.046420079645251855	0.044952574798858384	88.48046790777222
1.6097022044359723	0.007	0.005	0.16467901513662142	0.0004346464055365592	0.04781444176656909	0.045703698822036704	88.27518817875338
1.6398726109079618	0.007	0.005	0.16689331945812638	0.0004336316313050015	0.049225503365253755	0.046456046155119606	88.06909102830085
1.6702347605742422	0.007	0.005	0.16909448092523663	0.00043261279967025533	0.05065303449485631	0.047209619784683285	87.86216983167527
1.7007908251143158	0.007	0.005	0.17128238951914593	0.0004315898777801967	0.052096801158815535	0.04796442255202294	87.6544179175769
1.7315429591996971	0.007	0.005	0.17345693037689627	0.00043056283412716773	0.05355656299400206	0.04872045599239497	87.44582888758285
1.7624933389500517	0.007	0.005	0.17561798662375036	0.0004295316372625427	0.05503207496393919	0.04947772128509962	87.23639635571851
1.793644116505762	0.007	0.005	0.17776543625601776	0.0004284962573288992	0.05652308508026344	0.05023621813896151	87.02611425733771
1.8249974629803805	0.007	0.005	0.1798991552418452	0.0004274566646201676	0.058029336331530394	0.05099594584640813	86.81497655912193
1.8565555223640442	0.007	0.005	0.1820190144527116	0.0004264128311284592	0.05955056436296343	0.051756902165281005	86.60297757076229
1.8883204464881502	0.007	0.005	0.1841248821776677	0.00042536472935392883	0.06108649904326516	0.052519084173731474	86.39011170954754
1.9202943565449835	0.007	0.005	0.18621662168130299	0.00042431233361767443	0.06263686250342121	0.05328248735121645	86.17637375874845
1.9524793741350681	0.007	0.005	0.18829409342176467	0.0004232556189933966	0.06420137053637333	0.0540471063347084	85.9617586591204
1.9848775863952786	0.007	0.005	0.1903571529375995	0.00042219456251280877	0.06577973081261845	0.05481293409866978	85.74626174139081
2.0174910708436697	0.007	0.005	0.19240565264172124	0.00042112914226358125	0.0673716440003895	0.055579962561040086	85.52987855952553
2.050321861964882	0.007	0.005	0.19443943990223722	0.00042005933856830655	0.06897680205904005	0.056348181811896374	85.31260511153108
2.083371976172419	0.007	0.005	0.19645835883707843	0.0004189851330667095	0.07059488938778076	0.05711758072179834	85.09443767199095
2.116643382165037	0.007	0.005	0.19846224871374804	0.0004179065097254504	0.0722255813183998	0.05788814627104656	84.87537298616172
2.1501380127227683	0.007	0.005	0.20045094494364946	0.0004168234544363604	0.073868544644915	0.058659863852781706	84.65540818922204
2.1838577521864853	0.007	0.005	0.20242427860206824	0.0004157359554288446	0.07552343697654038	0.0594327170119869	84.43454088573978
2.2178044371092636	0.007	0.005	0.20438207676493292	0.00041464400318022505	0.07718990674996828	0.060206687493305884	84.21276914186265
2.2519798387203145	0.007	0.005	0.20632416181475377	0.00041354759095164613	0.07886759236453687	0.06098175487729076	83.9900915958619
2.2863856746393507	0.007	0.005	0.20825035245864643	0.0004124467144788153	0.08055612277018397	0.06175789688770783	83.76650737696245
2.3210235863735598	0.007	0.005	0.2101604628121677	0.0004113413726046828	0.08225511639421003	0.06253508892497432	83.54201624678299
2.355895143981385	0.007	0.005	0.21205430305768289	0.00041023156706078916	0.08396418142157536	0.06331330422084927	83.31661856298939
2.3910018345461244	0.007	0.005	0.21393167921689737	0.0004091173028981805	0.08568291530219486	0.06409251363168786	83.09031534756846
2.4263450597243152	0.007	0.005	0.21579239345121123	0.000407998588452897	0.08741090472628019	0.06487268564016718	82.86310829553776
2.4619261237673196	0.007	0.005	0.21763624388021513	0.0004068754357326619	0.08914772515806589	0.06565378615055563	82.63499984428674
2.497746237906573	0.007	0.005	0.21946302528246645	0.0004057478601919972	0.09089294119498004	0.0664357786492811	82.40599313706832
2.533806498496557	0.007	0.005	0.22127252846322118	0.0004046158814538015	0.09264610567353468	0.06721862379450369	82.1760921539175
2.570107893527491	0.007	0.005	0.22306454111240503	0.0004034795229650334	0.09440676018832153	0.06800227963267527	81.94530166000504
2.606651292372904	0.007	0.005	0.22483884781685332	0.0004023388123476772	0.09617443482245028	0.06878670145178553	81.71362726069718
2.6434374279107966	0.007	0.005	0.22659522975427351	0.00040119378182076367	0.09794864754467446	0.06957184148008924	81.48107550352728
2.6804669126953344	0.007	0.005	0.2283334660503718	0.00040004446771592004	0.09972890528419372	0.07035764931871802	81.2476537637601
2.717740211028516	0.007	0.005	0.2300533330321966	0.00039889091118284136	0.10151470290869163	0.0711440714349128	81.01337040836287
2.7552576527225767	0.007	0.005	0.2317546054801366	0.00039773315786589684	0.10330552424468481	0.07193105154793611	80.77823469588311
2.7930194071438152	0.007	0.005	0.23343705605024964	0.00039657125844243187	0.10510084122696382	0.07271853017920805	80.54225692552608
2.831025499588339	0.007	0.005	0.23510045664512447	0.0003954052681980196	0.10690011510638654	0.07350644509666283	80.30544831986468
2.8692757900638495	0.007	0.005	0.23674457809470054	0.00039423524748663155	0.10870279589869034	0.07429473097470865	80.06782114240518
2.907769977168361	0.007	0.005	0.23836919097413004	0.0003930612616278771	0.11050832306318581	0.07508331958244392	79.82938865744576
2.9465075970618457	0.007	0.005	0.23997406618910805	0.0003918833808104829	0.11231612597637872	0.07587213986939807	79.59016512047307
2.985488012147903	0.007	0.005	0.24155897513817587	0.0003907016803806103	0.1141256239579857	0.0766611178443248	79.35016583156101
3.0247104178386723	0.007	0.005	0.24312369062758357	0.0003895162405038302	0.11593622717341813	0.07745017682489518	79.10940707653448
3.064173836526745	0.007	0.005	0.24466798724454672	0.00038832714635988065	0.11774733696659548	0.07823923742720743	78.86790614692163
3.103877127391628	0.007	0.005	0.24619164234451127	0.00038713448760430516	0.11955834694746409	0.07902821787317799	78.62568126264513
3.143818964715708	0.007	0.005	0.24769443580544787	0.00038593835911320234	0.12136864266354651	0.07981703367039414	78.38275168692931
3.1839978799464532	0.007	0.005	0.2491761521906485	0.00038473885953911136	0.12317760419253226	0.08060559855474268	78.13913745273739
3.2244122082248783	0.007	0.005	0.2506365792903863	0.00038353609280202856	0.12498460442173034	0.08139382354418817	77.89485967040463
3.2650601553459473	0.007	0.005	0.252075511103594	0.0003823301660582234	0.1267890127734444	0.08218161835807698	77.64994010460258
3.305939746984333	0.007	0.005	0.25349274646862274	0.0003811211911764886	0.12859019364942717	0.08296889052638533	77.40440146488261
3.3470488779159346	0.007	0.005	0.2548880912582016	0.0003799092830076491	0.130387509345062	0.08375554644301743	77.15826709260743
3.38838529117536	0.007	0.005	0.2562613580411703	0.00037869456018921127	0.13218031984853895	0.08454149105430075	76.91156107094531
3.4299465982710164	0.007	0.005	0.2576123671385317	0.0003774771442714485	0.13396798445138755	0.08532662833511714	76.66430808857476
3.471730288935113	0.007	0.005	0.2589409472479203	0.00037625715942128874	0.13574986287839078	0.08611086155356243	76.41653336763966
3.513733735638462	0.007	0.005	0.2602469358508429	0.00037503473228012077	0.13752531617960817	0.08689409343027522	76.16826262370941
3.5559542095550993	0.007	0.005	0.2615301799305759	0.00037380999135418024	0.13929370809122585	0.0876762265049531	75.91952195891503
3.598388894187689	0.007	0.005	0.26279053654108503	0.0003725830666199105	0.14105440626194032	0.08845716344734572	75.6703377706584
3.6410348852016434	0.007	0.005	0.2640278729117185	0.00037135408945895203	0.14280678287931162	0.08923680710606771	75.42073674251313
3.6838892216770227	0.007	0.005	0.2652420674205038	0.0003701231917263285	0.1445502165624402	0.09001506112523358	75.17074565217203
3.7269488751659376	0.007	0.005	0.26643300927693886	0.0003688905059980949	0.14628409247903593	0.09079182977881065	74.92039142799041
3.7702107932027684	0.007	0.005	0.26760059969142563	0.000367656164351706	0.14800780463735375	0.09156701878442576	74.66970088930472
3.8136718802105167	0.007	0.005	0.26874475123538555	0.0003664202988124457	0.1497207556004084	0.09234053497431878	74.4187008528349
3.8573290418550283	0.007	0.005	0.2698653888789545	0.0003651830401188885	0.15142235869382048	0.09311228709706636	74.16741787235682
3.9011791720229976	0.007	0.005	0.2709624494325253	0.0003639445180726853	0.153112037882433	0.09388218558257952	73.91587831220565
3.945219186341537	0.007	0.005	0.2720358821554717	0.00036270486063181293	0.1547892294253113	0.09465014312457493	73.66410815372457
3.989446024006793	0.007	0.005	0.2730856484915505	0.00036146419377234694	0.15645338223550243	0.0954160746913976	73.41213298596749
4.033856664349612	0.007	0.005	0.27411172213332335	0.00036022264109610437	0.15810395875819117	0.09617989778758922	73.15997791317523
4.078448134770649	0.007	0.005	0.27511408883391586	0.00035898032362387564	0.15974043546669867	0.09694153255626729	72.90766751303147
4.123217530658222	0.007	0.005	0.27609274645013143	0.00035773735923646616	0.16136230374531152	0.0977009020780324	72.65522572848676
4.168162014687645	0.007	0.005	0.277047704484379	0.00035649386277310664	0.16296906996062716	0.09845793230939953	72.402675877662
4.213278840004026	0.007	0.005	0.2779789841206479	0.00035524994533945345	0.16456025634858787	0.09921255241964208	72.15004053024789
4.258565337614696	0.007	0.005	0.2788866174767553	0.00035400571478050113	0.16613540057530207	0.09996469451888663	71.89734158606458
4.304018957828814	0.007	0.005	0.27977064794493817	0.00035276127449021375	0.1676940571522719	0.10071429428327788	71.64460005221616
4.349637245636436	0.007	0.005	0.28063112916798344	0.0003515167242811591	0.16923579649071646	0.1014612904733365	71.3918361905653
4.3954178763901455	0.007	0.005	0.28146812519745995	0.00035027215930879635	0.17076020599999087	0.10220562544673893	71.13906933001951
4.441358633996073	0.007	0.005	0.282281709537597	0.0003490276708063143	0.17226688918694416	0.10294724472182856	70.88631799879643
4.487457434572641	0.007	0.005	0.2830719650427777	0.0003477833454519408	0.173755466257294	0.10368609728281933	70.63359980536006
4.5337123227476885	0.007	0.005	0.28383898330101415	0.00034653926560413356	0.17522557376323197	0.10442213543529012	70.38093147137289
4.580121483211139	0.007	0.005	0.28458286428362756	0.000345295508959796	0.1766768647169197	0.10515531490496229	70.12832878136055
4.626683227611397	0.007	0.005	0.2853037155955257	0.00034405214905161113	0.17810900789899128	0.10588559454389382	69.87580666723946
4.673396021496235	0.007	0.005	0.2860016523698589	0.0003428092545613021	0.1795216883919261	0.10661293666757259	69.62337907532465
4.720258455557319	0.007	0.005	0.2866767963024379	0.0003415668901216157	0.18091460637364523	0.10733730651666361	69.37105913585373
4.767269281925545	0.007	0.005	0.28732927567842126	0.0003403251154822136	0.18228747786938831	0.1080586727335923	69.11885898080124
4.81442737577197	0.007	0.005	0.2879592243207572	0.00033908398652454446	0.18364003325454314	0.10877700668187652	68.86678996447881
4.861731768520585	0.007	0.005	0.288566781574543	0.00033784355452275253	0.18497201786385428	0.10949228287100193	68.61486249895052
4.909181624773995	0.007	0.005	0.2891520915233277	0.0003366038667984919	0.18628319094526055	0.11020447851822969	68.36308619145163
4.9567762599297485	0.007	0.005	0.2897153027617434	0.00033536496629733625	0.18757332576934552	0.11091357373073192	68.11146976437409
5.004515107274454	0.007	0.005	0.290256567569195	0.00033412689252899875	0.1888422083454062	0.11161955093261791	67.86002124291558
5.052397757692563	0.007	0.005	0.29077604196483864	0.00033288968057469513	0.19008963810714083	0.1123223953765302	67.6087477585116
5.100423926558683	0.007	0.005	0.2912738849226671	0.0003316533621181517	0.19131542662717116	0.11302209457314615	67.35765573688042
5.14859347129286	0.007	0.005	0.2917502581851831	0.0003304179649112415	0.19251939768430126	0.11371863847322221	67.10675081877861
5.196906367429443	0.007	0.005	0.29220532565889906	0.00032918351354528495	0.19370138626689368	0.11441201904595437	66.85603799766533
5.24536272292864	0.007	0.005	0.2926392532233697	0.0003279500291238446	0.19486123855420986	0.11510223041648442	66.60552155720967
5.293962776539575	0.007	0.005	0.2930522083804959	0.0003267175293166432	0.1959988114807571	0.11578926877044612	66.35520509242747
5.342706876694922	0.007	0.005	0.29344435976835115	0.0003254860290582448	0.1971139718638921	0.11647313198841275	66.10509163030522
5.391595502294534	0.007	0.005	0.29381587705223167	0.00032425553996888505	0.1982065965225486	0.11715381987574815	65.85518353421949
5.440629238190156	0.007	0.005	0.294166930456717	0.0003230260711083504	0.19927657135322352	0.11783133375654829	65.60548264098622
5.489808789498269	0.007	0.005	0.29449769062558045	0.000321797628604574	0.20032379130050043	0.11850567661436956	65.35599019843082
5.539134966634133	0.007	0.005	0.2948083282762754	0.00032057021612162955	0.20134815968281256	0.11917685282786308	65.10670695227606
5.588608686551122	0.007	0.005	0.2950990139942622	0.0003193438348981027	0.2023495878906413	0.11984486813460224	64.8576331498378
5.638230970702571	0.007	0.005	0.29536991801591217	0.00031811848380853083	0.20332799501886023	0.12050972955115002	64.60876856024228
5.688002949587234	0.007	0.005	0.2956212100571082	0.00031689415925546983	0.20428330763241204	0.12117144538233764	64.36011246155269
5.737925840837372	0.007	0.005	0.2958530590217647	0.0003156708558934724	0.20521545903334343	0.12183002488081236	64.11166375980807
5.78800097022102	0.007	0.005	0.29606563294483956	0.0003144485659993485	0.2061243893672058	0.12248547848033599	63.86342089317492
5.838229749595893	0.007	0.005	0.2962590987353346	0.00031322728020024074	0.20701004491933958	0.12313781745995912	63.61538195066524
5.888613677959515	0.007	0.005	0.29643362205408436	0.00031200698733574775	0.20787237787274684	0.12378705391879989	63.36754467489932
5.939154355953556	0.007	0.005	0.29658936723435403	0.0003107876743139073	0.20871134628630406	0.12443320092210074	63.11990639917388
5.989853456818807	0.007	0.005	0.2967264970664165	0.0003095693267187968	0.2095269133429412	0.12507627208894403	62.87246419830742
6.040712757720551	0.007	0.005	0.29684517278345857	0.0003083519281662826	0.21031904761636072	0.12571628195474832	62.62521474321339
6.091734100398785	0.007	0.005	0.296945553857687	0.00030713546123254027	0.21108772219941446	0.12635324543673543	62.37815450060792
6.142919419210929	0.007	0.005	0.29702779798442286	0.00030591990691801756	0.21183291492134118	0.12698717815478267	62.1312796037773
6.194270718461494	0.007	0.005	0.2970920609561675	0.00030470524508229837	0.21255460778443477	0.12761809611553165	61.88458596969031
6.24579009044915	0.007	0.005	0.2971384966196105	0.00030349145420201424	0.21325278701578207	0.12824601590470044	61.63806921905116
6.297479699477538	0.007	0.005	0.2971672567865278	0.00030227851162363317	0.2139274426338742	0.1288709544594231	61.39172476029167
6.3493417862874395	0.007	0.005	0.2971784911834335	0.0003010663936609031	0.21457856831958674	0.129492929094378	61.1455477749755
6.40137866911646	0.007	0.005	0.297172347397412	0.0002998550754724028	0.21520616123917644	0.1301119574858348	60.89953321960755
6.453592786425603	0.007	0.005	0.29714897079873737	0.0002986445301345419	0.2158102223412876	0.13072805814519822	60.653675631752655
6.5059866602966325	0.007	0.005	0.2971085044591494	0.0002974347296122523	0.21639075567474958	0.1313412499438306	60.40796931228914
6.558562796316404	0.007	0.005	0.29705108922650114	0.00029622564700899066	0.21694776716262562	0.13195155092532765	60.16240879950319
6.61132384118164	0.007	0.005	0.29697686358895453	0.00029501725299046263	0.21748126621545943	0.13255898013016942	59.916988135396466
6.664272451030712	0.007	0.005	0.29688596378630333	0.0002938095188297945	0.2179912641764485	0.13316355604156185	59.67170148729223
6.7174113940548565	0.007	0.005	0.29677852366003105	0.00029260241411575616	0.2184777752400529	0.13376529774838175	59.42654267577982
6.770743474195367	0.007	0.005	0.29665467476080837	0.000291395908473841	0.218940815571477	0.134364224049638	59.181505534681484
6.824271588653725	0.007	0.005	0.2965145462266436	0.00029018997033275436	0.21938040371580542	0.134960354086259	58.93658365131488
6.877998697194694	0.007	0.005	0.29635826483137545	0.0002889845676221007	0.21979656018777774	0.1355537069709915	58.69177051438657
6.931927815978472	0.007	0.005	0.2961859550083113	0.0002877796679929198	0.22018930732632622	0.13614430170332378	58.44705954731189
6.986062058066281	0.007	0.005	0.29599773871790597	0.00028657523784110365	0.22055866947911024	0.13673215759283727	58.20244393036753
7.040404573558831	0.007	0.005	0.2957937356410887	0.00028537124375293697	0.22090467246525777	0.13731729358449146	57.95791687812025
7.09495861189522	0.007	0.005	0.29557406296606564	0.000284167651141977	0.22122734390219082	0.13789972891581817	57.713471363825114
7.149727465219584	0.007	0.005	0.29533883560276186	0.0002829644255134473	0.22152671274569666	0.13847948248682965	57.46910038043403
7.204714534935774	0.007	0.005	0.2950881659132229	0.0002817615310086394	0.2218028095792503	0.13905657354844286	57.22479664901485
7.259923249101695	0.007	0.005	0.2948221640778602	0.0002805589322951261	0.2220556660815921	0.13963102080990444	56.98055299320243
7.3153571477090535	0.007	0.005	0.2945409377193787	0.00027935659273280546	0.22228531537716464	0.14020284331543897	56.73636196630415
7.371019814265327	0.007	0.005	0.29424459223644495	0.00027815447580113695	0.22249179163190805	0.1407720597105354	56.492216160776906
7.426914917471157	0.007	0.005	0.29393323061617443	0.0002769525443993676	0.22267513017039653	0.14133868865641822	56.24810803016169
7.483046205253504	0.007	0.005	0.29360695346988197	0.0002757507608121373	0.22283536736528012	0.14190274874597922	56.00402992247054
7.539417491182042	0.007	0.005	0.29326585912755476	0.0002745490871746771	0.2229725405314239	0.14246425834775137	55.75997414579967
7.596032678254047	0.007	0.005	0.292910043514907	0.00027334748494898647	0.22308668792777492	0.1430232358247298	55.515932871676355
7.652895722689925	0.007	0.005	0.2925396003974656	0.000272145915729036	0.2231778486221029	0.14357969915663704	55.271898297989466
7.710010676715519	0.007	0.005	0.2921546211354234	0.00027094434031848776	0.2232460625293318	0.14413366634415767	55.02786247107153
7.767381663612016	0.007	0.005	0.2917551948621273	0.0002697427193939457	0.22329137031122884	0.1446851551430936	54.7838174001164
7.825012894380734	0.007	0.005	0.291341408395227	0.0002685410131142838	0.22331381335095296	0.14523418320653242	54.539754992926284
7.882908642425518	0.007	0.005	0.2909133464435195	0.0002673391816860201	0.22331343370240597	0.14578076782424879	54.29566717015257
7.941073287308457	0.007	0.005	0.2904710913160323	0.0002661371845388713	0.22329027406458793	0.14632492631875663	54.051545687412755
7.99951142564419	0.007	0.005	0.2900147220478797	0.0002649349780174441	0.22324437759432555	0.1468666770389587	53.80738168249422
8.058227496279628	0.007	0.005	0.28954431733641794	0.00026373252320059117	0.22317578813310585	0.1474060358569077	53.56316725076868
8.117226205200573	0.007	0.005	0.28905995228569586	0.0002625297771755552	0.22308454990860144	0.1479430201000248	53.31889367448986
8.176512187489331	0.007	0.005	0.2885617011335502	0.0002613266999768538	0.2229707078851964	0.14847764542080893	53.074552837542
8.236090283467059	0.007	0.005	0.28804963503813874	0.0002601232489916278	0.22283430735930118	0.14900992829869875	52.83013608793923
8.295965315619528	0.007	0.005	0.28752382398137516	0.0002589193835722901	0.22267539436497893	0.14953988400610324	52.585635165541184
8.356142268443318	0.007	0.005	0.28698433527582834	0.00025771506134582425	0.22249401528683568	0.15006752820236996	52.341041470534826
8.416626154822676	0.007	0.005	0.28643123477069016	0.00025651024104801504	0.22229021720237696	0.1505928757289861	52.096346617578554
8.47742210154314	0.007	0.005	0.28586458614248084	0.00025530488076670553	0.22206404766208615	0.1511159413477059	51.8515420944414
8.538535306843865	0.007	0.005	0.2852844513229828	0.00025409893883510234	0.2218155548375752	0.1516367393516758	51.60661944199343
8.599971058197996	0.007	0.005	0.2846908903865821	0.00025289237356739696	0.22154478748862544	0.1521552837037287	51.36157018970959
8.661734717664263	0.007	0.005	0.28408396174289735	0.0002516851434984657	0.22125179505891715	0.15267158789662272	51.11638592162941
8.723831731643243	0.007	0.005	0.28346372210010734	0.00025047720733213544	0.22093662767914662	0.15318566502185632	50.87105824446836
8.786267632576694	0.007	0.005	0.2828302265030034	0.0002492685238289107	0.2205993362011618	0.15369752776842904	50.625578788447115
8.849048015601314	0.007	0.005	0.2821835286313493	0.00024805905240047704	0.22023997238199408	0.154207188218881	50.37993930607746
8.912178564988091	0.007	0.005	0.28152368059714866	0.00024684875254967484	0.21985858880926712	0.15471465805513215	50.13413157491164
8.975665030577382	0.007	0.005	0.28085073325316434	0.0002456375844101212	0.2194552391069215	0.15521994835606198	49.88814749658537
9.039513233294581	0.007	0.005	0.2801647362091909	0.00024442550863783453	0.21902997799183807	0.15572306963470772	49.64197908132485
9.103729053698505	0.007	0.005	0.27946573803042557	0.00024321248668828652	0.218582861445266	0.15622403174150232	49.39561849801683
9.168318437386324	0.007	0.005	0.2787537862593181	0.00024199848066955916	0.2181139467840204	0.15672284390278254	49.14905805877884
9.233287387553306	0.007	0.005	0.2780289275777613	0.00024078345364996967	0.2176232928245259	0.1572195146593905	48.90229025281127
9.298641935539564	0.007	0.005	0.27729120822565645	0.00023956737003567817	0.21711096023891333	0.15771405164337418	48.65530786237036
9.36438818054894	0.007	0.005	0.27654067364811186	0.00023835019507111168	0.21657701139211166	0.15820646188405968	48.40810381592488
9.430532220372553	0.007	0.005	0.2757773693766535	0.00023713189590587647	0.21602151104435904	0.15869675129223848	48.16067145255227
9.497080199682973	0.007	0.005	0.2750013405829353	0.00023591244091226987	0.21544452613402734	0.15918492503454185	47.913004341922466
9.564038252709423	0.007	0.005	0.27421263284629527	0.00023469180061237466	0.21484612643965054	0.15967098712307592	47.66509649985272
9.631412524908113	0.007	0.005	0.2734112920159629	0.0002334699473284031	0.21422638459575416	0.16015494059591012	47.41694230703394
9.69920912751009	0.007	0.005	0.272597364865404	0.00023224685603397518	0.21358537671567604	0.16063678721322983	47.16853667551349
9.767434154250259	0.007	0.005	0.2717708990172539	0.00023102250394786995	0.21292318246933498	0.16111652760907164	46.91987498385599
9.8360936253818	0.007	0.005	0.2709319437459166	0.00022979687161597023	0.2122398858636239	0.16159416093232493	46.67095327711442
9.905193508151099	0.007	0.005	0.27008054986471575	0.00022856994243020717	0.21153557531008196	0.1620696850361592	46.42176818527756
9.974739645196603	0.007	0.005	0.2692167707431683	0.00022734170391639226	0.2108103446258119	0.16254309603469352	46.172317173399136
10.044737787900477	0.007	0.005	0.26834066204135437	0.0002261121470482183	0.2100642929940546	0.16301438859408274	45.92259840994617
10.115193513402863	0.007	0.005	0.2674522828899414	0.0002248812677019822	0.20929752614565342	0.1634835554379292	45.672611050592316
10.186112233416527	0.007	0.005	0.2665516959377863	0.00022364906630026622	0.20851015660817582	0.1639505874900867	45.422355189223204
10.257499141469143	0.007	0.005	0.265638968174505	0.00022241554875920768	0.20770230462895248	0.1644154736141168	45.17183202534368
10.32935917756454	0.007	0.005	0.26471417154434934	0.00022118072693430162	0.20687409894304135	0.16487820048659202	44.921043964605154
10.401697001342571	0.007	0.005	0.26377738345435264	0.0002199446189266761	0.2060256774608833	0.1653387525385647	44.66999468567264
10.474516925557829	0.007	0.005	0.26282868779961593	0.0002187072501235489	0.20515718843897143	0.16579711165911706	44.41868934037808
10.547822906059334	0.007	0.005	0.2618681752608407	0.0002174686531091751	0.20426879100818024	0.1662532572757616	44.16713455261661
10.621618442996429	0.007	0.005	0.26089594476129035	0.00021622886924335474	0.20336065677996154	0.16670716589454382	43.91533871795206
10.69590658783283	0.007	0.005	0.2599121035412575	0.00021498794821778514	0.20243297019295292	0.16715881131999238	43.66331193356601
10.770689836141953	0.007	0.005	0.2589167687318536	0.00021374594971243288	0.20148593026521386	0.16760816418743657	43.4110663130068
10.845970102407927	0.007	0.005	0.2579100678481031	0.00021250294342061612	0.20051975135208538	0.16805519202227248	43.158616013998206
10.921748648872988	0.007	0.005	0.25689213988397896	0.00021125900998190267	0.1995346644775522	0.16849985903870657	42.90597741587943
10.99802600736737	0.007	0.005	0.2558631364998685	0.00021001424192331107	0.19853091877106288	0.16894212592449737	42.653169311724376
11.074801965629545	0.007	0.005	0.2548232223308068	0.00020876874353647335	0.19750878205150307	0.16938195002160308	42.400212879286
11.152075435336004	0.007	0.005	0.25377257687827454	0.00020752263258083317	0.19646854295713692	0.16981928484269654	42.14713203647745
11.229844456568046	0.007	0.005	0.2527113945428437	0.00020627603981811598	0.19541051125293307	0.17025408039544615	41.8939533384107
11.308106088554783	0.007	0.005	0.2516398861783584	0.0002050291102672875	0.19433501962591573	0.17068628287521587	41.64070624181051
11.386856376704607	0.007	0.005	0.25055827958837146	0.00020378200330694273	0.19324242442383746	0.171115834809935	41.387423111972836
11.466090293391762	0.007	0.005	0.24946682035273485	0.00020253489304066443	0.19213310670078837	0.17154267507110993	41.1341393095738
11.545801683568392	0.007	0.005	0.2483657725603565	0.00020128796862704126	0.1910074731477927	0.17196673892695985	40.880893255402626
11.625983242287994	0.007	0.005	0.24725541906909052	0.00020004143410906286	0.18986595651162222	0.17238795827600123	40.62772638852448
11.706626450231127	0.007	0.005	0.2461360623108963	0.0001987955088195592	0.18870901653714714	0.17280626166457694	40.37468325355881
11.787721595606756	0.007	0.005	0.24500802386318965	0.0001975504264654412	0.187537139600564	0.17322157476028838	40.12181131239807
11.869257733420193	0.007	0.005	0.24387164484723087	0.00019630643510973607	0.18635083914501066	0.17363382049244888	39.86916095262128
11.951222700243633	0.007	0.005	0.24272728551578054	0.000195063796450027	0.18515065522797897	0.1740429194735536	39.6167853215673
12.033603147944762	0.007	0.005	0.2415753245328247	0.00019382278468782076	0.18393715368529986	0.17444879049719944	39.36474010527557
12.116384563874963	0.007	0.005	0.24041615840088712	0.00019258368562131357	0.1827109253884876	0.1748513509467901	39.11308335350988
12.199551337969838	0.007	0.005	0.23925020019309226	0.00019134679520052382	0.18147258470730518	0.1752505174092621	38.86187516714408
12.283086811264099	0.007	0.005	0.23807787850823878	0.00019011241820262892	0.1802227681429683	0.17564620616498552	38.61117745036152
12.366973388863265	0.007	0.005	0.2368996354889257	0.00018888086619529498	0.1789621319010994	0.17603833394798263	38.36105347843905
12.451192606699777	0.007	0.005	0.23571592545934897	0.00018765245609573273	0.1776913500605954	0.17642681844194372	38.11156761671817
12.535725291183404	0.007	0.005	0.23452721223573364	0.0001864275074986293	0.1764111112617403	0.17681157916182563	37.86278477647276
12.620551627310508	0.007	0.005	0.2333339677068894	0.00018520634145439093	0.17512211670059377	0.17719253785974967	37.61477015768948
12.705651364797687	0.007	0.005	0.2321366684652595	0.00018398927720786502	0.17382507597470384	0.17756961950573688	37.36758860177727
12.791003880811814	0.007	0.005	0.23093579445342705	0.00018277663124834862	0.17252070506030412	0.17794275256504505	37.121304382000346
12.876588414630536	0.007	0.005	0.2297318251984838	0.00018156871381882887	0.17120972164401582	0.1783118699843187	36.87598051139875
12.962384128886818	0.007	0.005	0.22852523850014714	0.0001803658281270125	0.16989284308964506	0.1786769093585042	36.63167857100529
13.04837032546042	0.007	0.005	0.22731650696461644	0.0001791682674024117	0.1685707820473359	0.1790378137188606	36.38845811021138
13.134526525891776	0.007	0.005	0.2261060964717764	0.00017797631387001688	0.16724424416183312	0.1793945316888792	36.14637645192262
13.22083267770887	0.007	0.005	0.2248944629062662	0.00017679023618031233	0.1659139238850683	0.17974701812459604	35.905488157219104
13.307269183576077	0.007	0.005	0.22368205141626896	0.00017561028925704256	0.16458050306913252	0.18009523397934674	35.6658450031594
13.393817118768979	0.007	0.005	0.22246929307028845	0.00017443671172836188	0.1632446467234999	0.18043914690625643	35.42749544709824
13.480458230129603	0.007	0.005	0.22125660462517724	0.0001732697262303424	0.1619070022171463	0.18077873094445357	35.19048471077895
13.567175111610325	0.007	0.005	0.22004438586461827	0.00017210953755175584	0.1605681958402147	0.18111396689071446	34.95485438568511
13.653951189000782	0.007	0.005	0.21883301965653482	0.00017095633327649713	0.1592288323999223	0.1814448419005434	34.7206425702835
13.74077084096619	0.007	0.005	0.2176228701486835	0.00016981028268474597	0.15788949280427836	0.18177134961247318	34.487883640478394
13.827619403543	0.007	0.005	0.21641428263805773	0.00016867153713496887	0.1565507335379243	0.18209348981525758	34.25660834138031
13.914483207488566	0.007	0.005	0.21520758302222673	0.0001675402301725007	0.15521308572234307	0.18241126824379994	34.026843791624174
14.001349602555614	0.007	0.005	0.21400307747293876	0.00016641647764873438	0.15387705446727887	0.18272469632791893	33.79861352446138
14.088206928493825	0.007	0.005	0.21280105288415738	0.0001653003786857789	0.15254311912637597	0.18303379075694587	33.57193766839041
14.175044559457946	0.007	0.005	0.21160177633452068	0.00016419201554888587	0.15121173250347067	0.18333857332012482	33.34683293340089
14.261852809157427	0.007	0.005	0.2104054965043156	0.00016309145540154704	0.14988332226981368	0.18363907026667256	33.12331295748575
14.34862300167024	0.007	0.005	0.20921244282744875	0.00016199874983913095	0.1485582899065369	0.18393531226587898	32.90138821923233
14.435347345909465	0.007	0.005	0.20802282737188257	0.0001609139369228093	0.14723701271307615	0.18422733370126818	32.68106645309157
14.522018981697551	0.007	0.005	0.2068368443728685	0.00015983704109898296	0.14591984324266546	0.18451517257626884	32.46235261840292
14.60863184725454	0.007	0.005	0.20565467222999112	0.00015876807515591653	0.14460711150428002	0.18479886983601987	32.24524931754024
14.695180741292932	0.007	0.005	0.20447647284853349	0.00015770703993151137	0.14329912424207597	0.18507846935881234	32.02975671609164
14.781661172609567	0.007	0.005	0.20330239389089347	0.00015665392643412416	0.14199616747007077	0.18535401726707787	31.815872991485392
14.868069398566012	0.007	0.005	0.20213256845450375	0.0001556087157590322	0.14069850616974997	0.18562556187575277	31.603594302630583
14.95440230882886	0.007	0.005	0.20096711685584295	0.00015457138076267684	0.13940638634290514	0.18589315316158248	31.392915138312624
15.040657429220316	0.007	0.005	0.19980614678277483	0.0001535418863200052	0.13812003526830458	0.18615684263377008	31.183828362674205
15.126832851228084	0.007	0.005	0.19864975445185257	0.00015252019039407535	0.13683966288540692	0.1864166829870867	30.976325438271175
15.212927184482986	0.007	0.005	0.1974980254482741	0.0001515062448346413	0.1355654628351494	0.1866727278460285	30.77039658642588
15.298939526433259	0.007	0.005	0.1963510353301693	0.00015049999593596766	0.13429761324735986	0.18692503157567333	30.566030901284527
15.384869409355526	0.007	0.005	0.1952088505299549	0.0001495013852731434	0.13303627786243638	0.18717364903917538	30.363216513371388
15.470716770302408	0.007	0.005	0.19407152894156918	0.00014851035015005373	0.1317816068093143	0.18741863543684942	30.16194069369984
15.556481898481303	0.007	0.005	0.19293912079932543	0.00014752682443847033	0.1305337377075713	0.18766004609266287	29.962190006704635
15.642165416901893	0.007	0.005	0.191811669093733	0.00014655073880899538	0.12929279625944293	0.1878979363504124	29.7639503785929
15.727768241470656	0.007	0.005	0.19068921027807367	0.00014558202143843545	0.12805889716265773	0.18813236141531192	29.567207215075484
15.813291551619264	0.007	0.005	0.189571774813237	0.00014462059830696206	0.12683214484371214	0.18836337623798927	29.37194548858009
15.898736749792313	0.007	0.005	0.18845938784856647	0.00014366639383715956	0.1256126343382255	0.18859103537739824	29.178149847526093
15.984105471990269	0.007	0.005	0.18735206922919634	0.0001427193308096461	0.12440045143030877	0.18881539300740377	28.985804606908136
16.0	0.007	0.005	0.1871463543611406	0.00014254369112771985	0.12417545842739494	0.18885682680123847	28.95013279261921
