0.0	0.007	0.005	0.0	0.0	0.0	0.0	100.0
0.006679955951414641	0.007	0.005	0.01800264854775208	6.6764181181038e-5	1.483579990075312e-5	5.3094859306632764e-5	99.94618141163556
0.011687870563049967	0.007	0.005	0.03094652179751939	0.00010828189828099955	4.487187302937294e-5	0.00015447066860238074	99.90585300322475
0.018909303876586035	0.007	0.005	0.04881419181231501	0.00015760606448850213	0.0001154310347077063	0.00037655653253057357	99.84772792289996
0.026093699865296523	0.007	0.005	0.06569737097707856	0.00019660302393369503	0.00021607866031281707	0.000669830167054655	99.78993451219384
0.034576830453537245	0.007	0.005	0.08454607322488769	0.00023248768197148102	0.0003718913026810825	0.0010888058988543278	99.72173676291179
0.043577268970284896	0.007	0.005	0.10333034626157142	0.0002612823502007235	0.00057840718369426	0.0015993720379658802	99.64943121802118
0.053561360124101724	0.007	0.005	0.1227969329728375	0.0002848579597049658	0.0008538819376988589	0.0022248703822480087	99.56928477543589
0.06428760696164063	0.007	0.005	0.1422126199609777	0.0003030164145637917	0.0012003668884275655	0.002947037163159069	99.48325256577178
0.07594572652784787	0.007	0.005	0.16168444272556132	0.0003167642040222932	0.0016317600381363017	0.0037732297431250592	99.38983036817089
0.08849429614913303	0.007	0.005	0.1808951495640755	0.00032673764544532817	0.0021546172556276538	0.0046950358260562305	99.28937059530095
0.10204075115412868	0.007	0.005	0.1997717577305613	0.000333731876023404	0.0027810590446138055	0.005714646179798645	99.18103604749915
0.11660935262333359	0.007	0.005	0.21811220496635111	0.00033840522518915667	0.003519696618563049	0.006828576392594278	99.06465904195684
0.13225593105460176	0.007	0.005	0.23576818952181175	0.00034135022847427225	0.004380159029671487	0.008036235964999179	98.93982301316298
0.14897558797314275	0.007	0.005	0.252542432198008	0.0003430486955356375	0.0053679614980926705	0.009332992666992657	98.80659930108047
0.16674118458828638	0.007	0.005	0.26826041146341506	0.00034388616853916923	0.006485694836460469	0.01071313869933095	98.66523801447543
0.1854946465557493	0.007	0.005	0.2827756570032226	0.00034415321000495834	0.007732072905318609	0.012169237672494152	98.51623567846933
0.20518484076391524	0.007	0.005	0.296004856223498	0.0003440566612807311	0.009104292308762106	0.013695020467053457	98.36003285575096
0.22577227978698083	0.007	0.005	0.30791952074887713	0.00034373441513910305	0.010598760214072838	0.015285637104095032	98.19697701400824
0.24723510207904187	0.007	0.005	0.31853611224816797	0.00034327325992243113	0.01221197962323509	0.016937974024100078	98.02727577814227
0.2695646125625514	0.007	0.005	0.32790095330810304	0.00034272517241361496	0.0139406400591739	0.018650171739390833	97.8510331214372
0.2927642162904103	0.007	0.005	0.3360802954066897	0.00034211989232822997	0.01578184483100864	0.02042143348519886	97.6682586000783
0.316847103683333	0.007	0.005	0.3431522383233188	0.0003414736682461989	0.01773315961237986	0.022251767165245427	97.47888640192733
0.3418355727362269	0.007	0.005	0.349201278075636	0.0003407948647535893	0.01979272099829967	0.02414187619705151	97.28278143784244
0.36776025175378024	0.007	0.005	0.3543142111900478	0.00034008737977083645	0.02195928863450363	0.02609305852215187	97.07974622362322
0.39465992589574145	0.007	0.005	0.3585772757927524	0.00033935262070367	0.02423230880764589	0.02810716114237829	96.86952304600841
0.42258144613943105	0.007	0.005	0.36207409962185444	0.00033859060653932625	0.026611956236256742	0.03018654587430174	96.65179554317378
0.4515799600070058	0.007	0.005	0.36488430443006925	0.00033780055359235146	0.029099180344463887	0.03233408108161855	96.42618785373982
0.4817192801505859	0.007	0.005	0.36708257270257855	0.0003369811743866403	0.03169574541530534	0.034553143195572976	96.19226280798503
0.5130725295397673	0.007	0.005	0.368738073052955	0.000336130817266759	0.03440427979875326	0.036847636553214935	95.94951811867068
0.5457229532046998	0.007	0.005	0.36991413871143847	0.0003352475233125158	0.03722832700541994	0.039222021851345434	95.69738147474845
0.5797650424323618	0.007	0.005	0.37066813793990033	0.0003343290362306494	0.04017241251129567	0.04168136244207474	95.43520346254222
0.6153059155130596	0.007	0.005	0.37105147635563474	0.00033337278738987343	0.043242121857628275	0.04423138267275519	95.1622488194987
0.6524670547342779	0.007	0.005	0.37110969366978336	0.0003323758637723883	0.046444198220582274	0.0468785435782278	94.87768533790234
0.6913864679941724	0.007	0.005	0.3708826226406463	0.00033133496228031047	0.04978666406959213	0.049630138372838875	94.58057000693994
0.7322222791738923	0.007	0.005	0.37040457273911337	0.00033024630641899393	0.05327905042131803	0.052494474901487564	94.26982490485646
0.775154024062703	0.007	0.005	0.3697045634231519	0.0003291056263377873	0.05693241155372868	0.05548087952299297	93.94423137884208
0.8203881693781817	0.007	0.005	0.36880653721586737	0.0003279080293620005	0.06075967980403809	0.058599977015482946	93.60239304776522
0.8681625522995747	0.007	0.005	0.3677295747322328	0.0003266479041330934	0.06477589865296404	0.06186386490310487	93.24270842949166
0.9187531373468854	0.007	0.005	0.36648806908692616	0.0003253187694437647	0.0689986153304689	0.0652864110933466	92.86332779433704
0.9724818867474221	0.007	0.005	0.36509187018289846	0.0003239131019905216	0.0734483176850487	0.06888357795836429	92.46210400634453
1.0297272226647651	0.007	0.005	0.36354636374339216	0.0003224221070204145	0.07814902223342583	0.07267385643930753	92.03652706809967
1.0909372805674047	0.007	0.005	0.3618524765498515	0.00032083543097848245	0.08312900466979116	0.07667879819302015	91.58364211406824
1.1566473700338644	0.007	0.005	0.3600065719128588	0.000319140785228016	0.08842175439714181	0.08092370493818402	91.0999420255027
1.2275029905145414	0.007	0.005	0.35800020266659266	0.00031732345475953076	0.09406721135107217	0.08543851204610167	90.58122722328206
1.3042906755826205	0.007	0.005	0.3558196682090449	0.0003153656462789475	0.10011339306278096	0.0902589385903474	90.02241962286233
1.3879812785423453	0.007	0.005	0.35344526307447	0.00031324557767330966	0.10661866278450388	0.09542808200136887	89.4173027832932
1.4797908253694088	0.007	0.005	0.3508501035133101	0.00031093621060827484	0.1136548568201706	0.10099859533073871	88.75816021748706
1.5812591228193744	0.007	0.005	0.3479985789215434	0.0003084036692533428	0.12131101659594153	0.10703519267626538	88.03532416024224
1.6943803819053413	0.007	0.005	0.34484354977348175	0.0003056045662042573	0.12969988507542446	0.1136191008551544	87.23641258727423
1.8217818911518826	0.007	0.005	0.3413225660487317	0.00030248247964580633	0.1389660447477207	0.12085340809675182	86.34532501049515
1.9669693368853929	0.007	0.005	0.33735283562251966	0.00029896330299423264	0.1492958899955641	0.1288692245675841	85.34092841176019
2.1322388551023317	0.007	0.005	0.3328897042341149	0.00029500608028508034	0.16076335308134082	0.13770481164238013	84.21181707675792
2.2778012150984686	0.007	0.005	0.32900755546702204	0.00029155900854936146	0.17061282895788046	0.14523848196696518	83.22972339169131
2.3785107726322243	0.007	0.005	0.3263481312958034	0.0002892049349087095	0.1772929834572526	0.15031769560637115	82.5569581551645
2.475462431246005	0.007	0.005	0.32380824208762043	0.0002869559131751904	0.18362195556025845	0.15510657039453954	81.9144346737613
2.576554388685203	0.007	0.005	0.32118093169917694	0.0002846279413472393	0.19011642249049732	0.15999639523523723	81.24979729128567
2.6834394963318595	0.007	0.005	0.3184262398251567	0.0002821864711624907	0.19686860349599294	0.16505340464099574	80.55293659783099
2.795085059580798	0.007	0.005	0.3155740828369912	0.0002796583388988983	0.20379802878615616	0.1702138024498327	79.8314202991539
2.908952964386144	0.007	0.005	0.31269146519970736	0.0002771030592342719	0.21073771681982528	0.1753510663011648	79.10219848173543
3.022667894143386	0.007	0.005	0.3098389982789958	0.0002745744659258311	0.21754173447819364	0.1803569987597341	78.38060403468539
3.1350380827795012	0.007	0.005	0.3070458254427765	0.0002720984978874765	0.22414350151118603	0.18518390985475508	77.6740093701015
3.2460151785286233	0.007	0.005	0.3043119953220214	0.0002696752382561587	0.23054673104964005	0.18983628423090604	76.98242676966957
3.356150863445428	0.007	0.005	0.30162295814014856	0.00026729175427571774	0.23678879611608558	0.19434280672451087	76.30217553765638
3.4660645182568013	0.007	0.005	0.29896303183420064	0.00026493408955612953	0.242908398066871	0.1987324617867457	75.62928854661418
3.576162147262469	0.007	0.005	0.2963221692581605	0.00026259330305838306	0.2489301313023059	0.2030235235498266	74.96122414773627
3.6865771488584578	0.007	0.005	0.29369712258938224	0.00026026650626033107	0.2548624625349414	0.20722244620316527	74.29716073189485
3.7972496992333045	0.007	0.005	0.29108928878233103	0.0002579549434116139	0.2607032326376785	0.2113280957308104	73.63745168914372
3.9080435942645453	0.007	0.005	0.2885017895083613	0.00025566139334662596	0.2664465775234685	0.21533682241547455	72.98288671488805
4.01883824067007	0.007	0.005	0.28593727325951396	0.0002533882144864692	0.2720879101771149	0.2192459967428181	72.33413580348804
4.129570445221325	0.007	0.005	0.2833969792927434	0.0002511365116222749	0.2776259005582453	0.22305533844350675	71.69151245226924
4.240232537493063	0.007	0.005	0.28088084058930707	0.00024890622684829147	0.2830621124872091	0.22676658877129444	71.0549997073469
4.350848648550843	0.007	0.005	0.27838807299806867	0.00024669666355887096	0.28839961986136003	0.23038250203257063	70.4243992003995
4.4614494390550155	0.007	0.005	0.27591776894313386	0.0002445070149591139	0.2936416841863691	0.2339059194294591	69.79948134009678
4.572056451595102	0.007	0.005	0.2734692482501303	0.0002423366765405599	0.29879100979553896	0.23733926781885634	69.1800740613373
4.682677767730521	0.007	0.005	0.271042143530423	0.00024018532223263187	0.3038495895387295	0.24068447162204154	68.56608442506732
4.793311220249179	0.007	0.005	0.26863631720105846	0.00023805283059534737	0.3088189055977339	0.24394310238123448	67.95747762664595
4.903950251799584	0.007	0.005	0.26625172577655615	0.000235939164003887	0.31370022780382156	0.24711658541822376	67.35424266546212
5.014588707424572	0.007	0.005	0.26388831379106054	0.00023384427417268166	0.31849483668294337	0.25020634851560114	66.75636551020517
5.125223150768117	0.007	0.005	0.261545965455136	0.00023176805907257683	0.32320411919751163	0.2532138821149367	66.1638168693851
5.235852959226879	0.007	0.005	0.2592245053003153	0.00022971036347946183	0.32782956214475706	0.2561407316352761	65.57655235438541
5.346479209943512	0.007	0.005	0.25692372389584217	0.0002276710018699335	0.33237269648265094	0.2589884592670884	64.99451898508016
5.4571034195385035	0.007	0.005	0.25464340526799767	0.00022564978284852973	0.33683504119883023	0.2617586073688252	64.41766212615669
5.567726745582513	0.007	0.005	0.25238334350898334	0.00022364652395220284	0.3412180710018779	0.2644526784312693	63.8459296886989
5.678349664286109	0.007	0.005	0.25014334891075546	0.00022166105712430976	0.34552320579239026	0.267072129431767	63.279273681875594
5.788972117041124	0.007	0.005	0.2479232443944851	0.00021969322553868297	0.3497518191401894	0.26961837801044247	62.7176493096938
5.899593810803342	0.007	0.005	0.24572285906618246	0.00021774287785888285	0.35390525175735743	0.2720928113320106	62.16101334075214
6.010214437883268	0.007	0.005	0.2435420236837378	0.00021580986419859465	0.3579848207284541	0.27449679197643184	61.609322961528555
6.120833822468105	0.007	0.005	0.24138056778454084	0.00021389403356057281	0.36199182520517753	0.2768316614399094	61.06253504974849
6.2314519279424845	0.007	0.005	0.23923831964905637	0.00021199523380380255	0.3659275466227598	0.27909874028250237	60.5206061651705
6.342068805601666	0.007	0.005	0.23711510738884228	0.00021011331261382054	0.36979324687523607	0.28129932711759814	59.983492824824445
6.452684543367792	0.007	0.005	0.23501075997922566	0.00020824811842426065	0.3735901666969724	0.2834346977980068	59.451151764249694
6.563299221834708	0.007	0.005	0.23292510810081987	0.0002063995011684067	0.3773195244826416	0.2855061049208129	58.92354015037526
6.6739128849660565	0.007	0.005	0.23085798466380247	0.00020456731274810037	0.3809825157435651	0.2875147777408107	58.40061571414766
6.784525547422198	0.007	0.005	0.22880922462805584	0.0002027514068744146	0.38458031383911195	0.2894619228067731	57.88233670503138
6.895137179910373	0.007	0.005	0.22677866523309123	0.000200951639274042	0.3881140699743912	0.29134872419179514	57.36866194917319
7.005747775114791	0.007	0.005	0.22476614475488554	0.0001991678665805028	0.3915849157421487	0.29317634506870066	56.859550534916934
7.116357340370493	0.007	0.005	0.22277150264254292	0.00019739994645668764	0.39499396319506	0.29494592791328844	56.354961847374575
7.226965890337563	0.007	0.005	0.2207945796475806	0.0001956477377108825	0.39834230493890294	0.29665859472669626	55.85485560113238
7.337573447000864	0.007	0.005	0.21883521781688808	0.00019391110029108198	0.40163101446095784	0.29831544738324767	55.35919183846944
7.448180010369317	0.007	0.005	0.21689326099779413	0.0001921898957367901	0.4048611456052649	0.2999175675555976	54.867931057125716
7.558785595101948	0.007	0.005	0.21496855417370728	0.0001904839865862665	0.40803373400752263	0.3014660176261783	54.38103404223762
7.669390208532405	0.007	0.005	0.2130609438403212	0.00018879323671316164	0.4111497967735483	0.30296184070693766	53.8984619615073
7.77999386531907	0.007	0.005	0.21117027773824434	0.00018711751108820267	0.41421033322385925	0.30440606118569324	53.42017629756569
7.890596572795082	0.007	0.005	0.2092964050933721	0.00018545667599453535	0.4172163247993979	0.3057996848630303	52.94613890877964
8.001198345618196	0.007	0.005	0.20743917635424874	0.00018381059879352696	0.4201687357798799	0.30714369947284076	52.47631196281209
8.111799198445794	0.007	0.005	0.20559844330682783	0.00018217914802780337	0.42306851338323614	0.3084390749051704	52.010657965653124
8.222399138610216	0.007	0.005	0.20377405918272845	0.00018056219351854984	0.4259165878808978	0.3096867634430351	51.54913978900577
8.33299816611899	0.007	0.005	0.20196587864197468	0.0001789596063506241	0.4287138729113165	0.3108877000899901	51.09172066591959
8.44359628097965	0.007	0.005	0.20017375763782672	0.00017737125875216415	0.43146126596765655	0.31204280296625114	50.638364156596715
8.554193490524227	0.007	0.005	0.1983975532881545	0.00017579702397992614	0.4341596488601685	0.31315297368082057	50.189034115852955
8.664789824057916	0.007	0.005	0.19663712363708366	0.00017423677610631035	0.43680988832850837	0.314219097750144	49.743694632821
8.775385281587656	0.007	0.005	0.19489232846431678	0.0001726903907438663	0.43941283507515333	0.31524204438137543	49.302310235685866
8.88597987044472	0.007	0.005	0.19316302868304278	0.00017115774450703286	0.4419693249379332	0.3162226671323383	48.86484573937305
8.99657360528448	0.007	0.005	0.1914490863338911	0.0001696387150070018	0.4444801791406514	0.31716180417724865	48.431266244018914
9.107166486113531	0.007	0.005	0.18975036491485028	0.00016813318114741418	0.446946204054257	0.31806027839376644	48.001537218430855
9.217758527586799	0.007	0.005	0.18806672891621065	0.00016664102270834321	0.44936819211891715	0.31891889788195504	47.57562438244103
9.328349729710654	0.007	0.005	0.18639804425968995	0.00016516212073981084	0.4517469214428861	0.3197384559913709	47.15349381799257
9.438940107139578	0.007	0.005	0.18474417784160124	0.00016369635715296176	0.45408315669202365	0.32051973180918975	46.735111853574075
9.54952965987972	0.007	0.005	0.18310499796421567	0.00016224361510674038	0.45637764870294417	0.32126349019887573	46.32044517334219
9.660118395261179	0.007	0.005	0.18148037399412587	0.00016080377870214711	0.4586311351932213	0.32197048221302443	45.90946073069717
9.77070632061389	0.007	0.005	0.1798701764627366	0.000159376733072507	0.46084434083730486	0.32264144528471045	45.50212577370414
9.881293450591471	0.007	0.005	0.17827427695062364	0.00015796236428004137	0.46301797763989894	0.32327710351096556	45.09840781583914
9.991879785199643	0.007	0.005	0.17669254839473894	0.00015656055959154187	0.4651527447295198	0.3238781677636245	44.69827471370343
10.102465331767865	0.007	0.005	0.17512486475875186	0.00015517120718309363	0.467249329019437	0.3244453360553743	44.301694583629214
10.213050090301753	0.007	0.005	0.1735711012324659	0.00015379419631913118	0.46930840514332106	0.3249792936896925	43.90863585212624
10.323634075454192	0.007	0.005	0.17203113391261945	0.00015242941706632344	0.4713306360803138	0.32548071359372016	43.51906717513347
10.43421729455418	0.007	0.005	0.1705048401039165	0.00015107676056379265	0.47331667295082464	0.3259502564285131	43.132957514171345
10.544799747607023	0.007	0.005	0.16899209830460746	0.0001497361190104792	0.47526715523590646	0.3263885708175298	42.75027613269422
10.655381441941511	0.007	0.005	0.1674927879945743	0.0001484073854751564	0.47718271124376765	0.32679629362262347	42.37099254248172
10.765962370239416	0.007	0.005	0.1660067899240276	0.00014709045415582178	0.4790639579277163	0.32717405007183825	41.99507657667122
10.8765425544762	0.007	0.005	0.1645339855125693	0.0001457852198402494	0.48091150183228637	0.32752245411779135	41.62249823773729
10.98712199465687	0.007	0.005	0.16307425753076812	0.00014449157851819508	0.48272593840842587	0.32784210846032225	41.253227869911335
11.097700698109723	0.007	0.005	0.1616274896961979	0.0001432094270188244	0.4845078527036695	0.32813360484768794	40.887236056990645
11.208278672162907	0.007	0.005	0.16019356676293808	0.00014193866309124718	0.4862578194226572	0.3283975242461943	40.524493644979366
11.318855916821233	0.007	0.005	0.15877237460600724	0.0001406791854806054	0.4879764029972856	0.32863443701754846	40.16497176344797
11.429432424766368	0.007	0.005	0.1573638002080195	0.00013943089391633913	0.48966415777652844	0.3288449031162775	39.808641822157554
11.54000821797251	0.007	0.005	0.15596773118580265	0.00013819368868662078	0.4913216287564347	0.32902947234016133	39.45547539130765
11.65058329644428	0.007	0.005	0.1545840564364672	0.00013696747121942393	0.4929493509660001	0.32918868441036864	39.10544436497345
11.761157660186297	0.007	0.005	0.1532126658449145	0.0001357521438197462	0.49454784998170104	0.3293230691997297	38.75852088711368
11.87173130920318	0.007	0.005	0.15185345027504907	0.00013454760966184864	0.4961176420944791	0.3294331469081008	38.41467734934741
11.98230425082246	0.007	0.005	0.1505063014722471	0.0001333537727015869	0.4976592345749493	0.3295194282395624	38.07388636628139
12.092876485048661	0.007	0.005	0.1491711122347297	0.00013217053783080558	0.49917312562673943	0.32958241455716286	37.73612081886285
12.203448026531943	0.007	0.005	0.14784777613927935	0.00013099781063048553	0.5006598048467386	0.32962259806267963	37.40135378499305
12.314018875276647	0.007	0.005	0.14653618788640807	0.0001298354976817193	0.50211975297979	0.3296404619434181	37.06955862684562
12.42458903128711	0.007	0.005	0.14523624311272507	0.00012868350639693717	0.5035534422774713	0.32963648054556216	36.740708943400485
12.535158538503776	0.007	0.005	0.14394783787292303	0.00012754174455299142	0.5049613372025129	0.32961111951743877	36.41477843940104
12.645727536060845	0.007	0.005	0.1426708680647872	0.0001264101197721046	0.5063438951614302	0.3295648358969016	36.09174077989744
12.7562959360892	0.007	0.005	0.1414052331408225	0.00012528854286894344	0.5077015626244801	0.3294980784016709	35.77157052918462
12.866863665366356	0.007	0.005	0.1401508332548091	0.00012417692527919632	0.5090347784094277	0.32941128757634663	35.454242428960455
12.97743066531623	0.007	0.005	0.13890756926190986	0.0001230751790595778	0.5103439738019695	0.32930489592266826	35.13973139835314
13.08799692862117	0.007	0.005	0.13767534231242448	0.00012198321652094732	0.511629573096494	0.32917932798344723	34.8280124311521
13.198562477253335	0.007	0.005	0.13645405411122083	0.00012090095046198147	0.5128919934269136	0.3290350004693448	34.519060661437116
13.309127333184465	0.007	0.005	0.13524360724349888	0.0001198282944631735	0.5141316445435617	0.3288723224190446	34.2128514459873
13.419691518385896	0.007	0.005	0.13404390516684334	0.00011876516287977929	0.5153489289441195	0.3286916953365875	33.90936036227079
13.530255047506271	0.007	0.005	0.13285485228174693	0.00011771147090569837	0.5165442419237718	0.32849351333995097	33.608563226285064
13.64081791322724	0.007	0.005	0.13167635407573147	0.00011666713470403326	0.5177179715545513	0.32827816332878784	33.31043612901551
13.75138011555278	0.007	0.005	0.13050831679728783	0.00011563207111261765	0.518870499132572	0.3280460250671125	33.014955353951464
13.86194164716472	0.007	0.005	0.12935064760453324	0.00011460619777853748	0.520002199143544	0.3277974713387341	32.722097414692264
13.972502508067125	0.007	0.005	0.12820325440311134	0.00011358943301165175	0.5211134395343355	0.32753286804124215	32.431839013940596
14.083062705586132	0.007	0.005	0.12706604584226427	0.00011258169578104827	0.5222045818230358	0.32725257430324006	32.14415704250872
14.193622232403698	0.007	0.005	0.12593893153381874	0.00011158290591339141	0.5232759809963812	0.3269569426599878	31.859028634715937
14.30418109584587	0.007	0.005	0.12482182174370118	0.00011059298381378844	0.5243279859116684	0.32664631909751785	31.5764310903504
14.41473929591663	0.007	0.005	0.12371462761038128	0.00010961185066366411	0.5253609391914766	0.32632104322506944	31.296341929929373
14.52529683261996	0.007	0.005	0.12261726106213458	0.00010863942834598889	0.5263751774054455	0.3259814483711854	31.01873887376893
14.635853713281685	0.007	0.005	0.12152963473830844	0.00010767563937400131	0.5273710312425569	0.32562786167195906	30.743599822066376
14.746409937905701	0.007	0.005	0.12045166212768833	0.00010672040701675	0.5283488254819196	0.3252606042262186	30.47090288990316
14.8569655064959	0.007	0.005	0.11938325748794529	0.0001057736552262307	0.5293088791649886	0.32487999118264294	30.200626386867274
14.967520411734457	0.007	0.005	0.11832433590861502	0.00010483530869469111	0.5302515056350683	0.3244863318725095	29.93274883298519
15.0780746682687	0.007	0.005	0.1172748130244323	0.00010390529259452069	0.5311770128854356	0.32407992980892797	29.667248886203527
15.188628268780805	0.007	0.005	0.11623460542938074	0.00010298353295421361	0.5320857032826183	0.32366108294579615	29.404105447132064
15.299181235239436	0.007	0.005	0.11520363018497422	0.00010206995621193316	0.532977874088954	0.3232300835882633	29.143297534652582
15.409733538362037	0.007	0.005	0.11418180556686242	0.00010116448989400975	0.5338538169031982	0.3227872188027699	28.884804474789377
15.52028518547409	0.007	0.005	0.11316905023592504	0.00010026706186193923	0.5347138184676348	0.32233277017564255	28.628605691019086
15.630836176579491	0.007	0.005	0.11216528364390296	9.93776006810193e-5	0.5355581604002777	0.3218670140765674	28.374680806884133
15.74138653364638	0.007	0.005	0.11117042576161154	9.849603537319409e-5	0.5363871195071629	0.3213902216283982	28.123009577238335
15.85193624935702	0.007	0.005	0.11018439753638491	9.762229583340437e-5	0.5372009674815331	0.32090265901713516	27.873572003967368
15.962485301751137	0.007	0.005	0.10920712074520394	9.675631269639744e-5	0.53799997111505	0.32040458752999157	27.626348298834397
16.0	0.007	0.005	0.1088774566263733	9.646686688418757e-5	0.5382677863667951	0.32023321888754297	27.542952493631432
