0.0	0.007	0.005	0.0	0.0	0.0	0.0	100.0
0.006627765227683414	0.007	0.005	0.018660547826006544	9.552427690836625e-5	1.563881604621112e-5	5.851260538044106e-5	99.9540703830695
0.011634200317902507	0.007	0.005	0.03218491701762841	0.00015589571619409028	4.761312705910066e-5	0.00017168716407243642	99.9193903755439
0.018826966185686737	0.007	0.005	0.05079193080126024	0.00022796181431990154	0.0001225669358533311	0.00041997646307227477	99.86958652707524
0.025997897688051413	0.007	0.005	0.06841865656885637	0.0002856466160500373	0.00022979064032754528	0.0007500472668520173	99.81995857454211
0.034449212969740926	0.007	0.005	0.08807015810427336	0.00033921898474210623	0.00039556921819735495	0.0012227685919830949	99.76150111318817
0.04341468462989015	0.007	0.005	0.1076639152875882	0.00038275417727725756	0.0006153387733509863	0.00180115128811698	99.69952467098317
0.053343180578653844	0.007	0.005	0.1279501351112972	0.0004188505760700386	0.0009080627606754853	0.0025113082365303937	99.63093596939568
0.06399621462032024	0.007	0.005	0.1481765418471258	0.00044707604412146194	0.001275817762259705	0.003333169847273541	99.55739444093658
0.07555219626120069	0.007	0.005	0.16844520226330686	0.0004688078074967097	0.001732822247090394	0.004274718315877897	99.47768093639169
0.0879674944582112	0.007	0.005	0.18843310042049366	0.00048489317349415754	0.002285685697887074	0.005326410175351232	99.39211095984024
0.10134272754142867	0.007	0.005	0.2080676336369096	0.0004964502684335267	0.002946733326886537	0.006490391972178116	99.30000718439545
0.11570266639547609	0.007	0.005	0.22715215529773275	0.0005044157173108948	0.0037248905560323033	0.007762796468195957	99.20121758804763
0.1311077927820194	0.007	0.005	0.2455490784283729	0.0005096525476834821	0.004630516796707654	0.009143396249525534	99.09534686483241
0.14756824196845697	0.007	0.005	0.263074516393705	0.0005128751198540632	0.005670425123900017	0.01062814072332649	98.98234836580085
0.16507447108577178	0.007	0.005	0.27956061694520756	0.0005146684479853863	0.006848807700226004	0.01221189250429245	98.86231213384615
0.1835804154788613	0.007	0.005	0.29485446535806065	0.0005154863725808685	0.008165613058308577	0.013886938347057448	98.7355793529394
0.2030369915616138	0.007	0.005	0.3088572861981415	0.0005156644801785057	0.009618565945240909	0.015645997058424278	98.60251162585945
0.22340145584110555	0.007	0.005	0.32152474610697845	0.0005154360359377037	0.01120410874310998	0.01748297910407065	98.46342673673173
0.24464732156886945	0.007	0.005	0.3328614392557027	0.0005149541674551664	0.012918586796280185	0.019393741119683464	98.31853117040369
0.266761686137084	0.007	0.005	0.342906163871199	0.0005143144106396469	0.014758490016771559	0.021375692171347598	98.16793896417403
0.2897443992536701	0.007	0.005	0.3517211105106191	0.0005135737445980415	0.016720738171041187	0.023427587223852856	98.01167798128168
0.31360561766691125	0.007	0.005	0.35938279739055895	0.0005127647313245336	0.018802743339093424	0.02554920590768047	97.84970715267323
0.33836492968616105	0.007	0.005	0.36597588253955354	0.0005119051063655387	0.02100252649068056	0.027741199703318706	97.68192299472555
0.36405041723318365	0.007	0.005	0.3715885252117582	0.0005110039115170386	0.02331877258777978	0.03000495407045976	97.50816654766517
0.3906983754917384	0.007	0.005	0.37630914820661243	0.0005100652107388953	0.025750900156982608	0.03234252263298686	97.32822586619795
0.41835313514045624	0.007	0.005	0.3802241063785737	0.000509090256184716	0.028299107584794363	0.03475657830663139	97.14183785376788
0.4470672123433723	0.007	0.005	0.38341608818608924	0.0005080786965085525	0.03096442383242047	0.037250397018612984	96.94868793835792
0.4769016279370355	0.007	0.005	0.3859630359332854	0.0005070292254346025	0.0337487549885857	0.039827856924631665	96.74840868817557
0.5079264554788092	0.007	0.005	0.3879374610928414	0.0005059399108357522	0.03665493612728312	0.04249345604761777	96.54057699244363
0.5402215769485437	0.007	0.005	0.3894060476473752	0.0005048083478374158	0.03968678931820975	0.04525234460480805	96.32470998338475
0.5738777167044528	0.007	0.005	0.39042946844933396	0.0005036317142322204	0.04284919613547193	0.048110376353313666	96.10025926660404
0.6089977100541969	0.007	0.005	0.39106235136396517	0.0005024067737984828	0.04614818139182355	0.051074173412824955	95.86660380117695
0.645698130886127	0.007	0.005	0.3913533545710693	0.0005011298464518009	0.049591019757126	0.05415121314425925	95.62304065901716
0.6841112980281107	0.007	0.005	0.3913453143566168	0.0004997967565777993	0.05318636626490976	0.057349936197843725	95.36877361220333
0.7243877632522924	0.007	0.005	0.39107543978197973	0.0004984027621514901	0.05694441862310438	0.06067988125142115	95.10289896452217
0.7667003868256004	0.007	0.005	0.39057551937530943	0.0004969424298484765	0.06087721122492075	0.0641519329596612	94.82438148385009
0.81124565381686	0.007	0.005	0.3898721770458324	0.0004954096082862633	0.06499863264950051	0.06777832102709673	94.53204922297506
0.8582505791536326	0.007	0.005	0.38898708123987974	0.0004937972125640579	0.06932493874963638	0.07157305113940156	94.22455242472454
0.9079773750037146	0.007	0.005	0.3879371668852862	0.0004920970924624308	0.0738750245032737	0.07555211343056553	93.90033841848877
0.9607316047927043	0.007	0.005	0.3867347971097453	0.000490299789098124	0.07867097531049429	0.07973392493446307	93.55760526499813
1.0168712440269674	0.007	0.005	0.38538789631894493	0.0004883942719039232	0.08373864385641766	0.08413977820914739	93.19425166815569
1.0768191282623825	0.007	0.005	0.3839000026689512	0.0004863675752529216	0.0891084588786851	0.0887944709918415	92.80780777090304
1.1410786672307642	0.007	0.005	0.3822702385293234	0.000484204345077159	0.09481642377212493	0.09372707152708193	92.39534881579617
1.210254763638588	0.007	0.005	0.3804931540451441	0.0004818862384627939	0.10090543627608345	0.0989719216919973	91.95338080805107
1.2850816238866405	0.007	0.005	0.37855840586536865	0.0004793911323397446	0.10742701504918997	0.10456993434573993	91.4776898293728
1.366460303781529	0.007	0.005	0.376450209161333	0.00047669206521430056	0.11444358857690193	0.11057029257905877	90.96314052593837
1.4555159003874862	0.007	0.005	0.37414632629095174	0.0004737556136676921	0.12203205132142715	0.1170331116019849	90.4033669500036
1.5536621914570137	0.007	0.005	0.37161694254212607	0.0004705401537272004	0.13028731338964142	0.12403191223775015	89.79044165118367
1.6627149417173162	0.007	0.005	0.36882241911990327	0.0004669927202638753	0.13932900281503555	0.1316584976163858	89.11427800385755
1.7850192520790247	0.007	0.005	0.36571090904407483	0.0004630457157985741	0.14930781220506617	0.1400270902929739	88.36200590555356
1.9233058359536392	0.007	0.005	0.36222310286995274	0.0004586226098808625	0.16038825530199663	0.14925826698476252	87.51907628027233
2.073533516628019	0.007	0.005	0.35847120209975	0.0004538640209171204	0.1721866466921455	0.15901435264156982	86.61246950806314
2.208607165456125	0.007	0.005	0.3551307611436319	0.00044962569185047203	0.18258662318879337	0.16754933788900167	85.80533662772888
2.326077980910561	0.007	0.005	0.35225090622467436	0.00044597339594844233	0.19147389286817515	0.1747932308679684	85.10950713589816
2.4345056238397604	0.007	0.005	0.3496134588651707	0.0004426304118473143	0.19954920934555484	0.1813344752878384	84.47225312593854
2.5412984082813996	0.007	0.005	0.34703507376961235	0.0004393619520876461	0.2073846793961319	0.18764328529619861	83.8492717703313
2.650539041860683	0.007	0.005	0.34441725718469873	0.00043604274097489953	0.21528030086083097	0.19396152594624935	83.21676414061932
2.7634183797558416	0.007	0.005	0.3417329844985564	0.00043263874900618824	0.22331392411060502	0.20034895088088464	82.56820013359183
2.879210236491446	0.007	0.005	0.33900118656694855	0.0004291741639640387	0.23142487260836206	0.20675449908037655	81.90815349863865
2.996345967425326	0.007	0.005	0.3362599018968517	0.0004256973458314346	0.23949816208292152	0.2130858391194378	81.24581482668778
3.1134322986798435	0.007	0.005	0.3335419261171934	0.00042224999406067717	0.24743769840347432	0.21926779759027942	80.58910800920907
3.2297696343338202	0.007	0.005	0.330863096322231	0.00041885227695768177	0.25519944404282396	0.22526747262681063	79.94185951518044
3.3453125468398675	0.007	0.005	0.32822385463189685	0.00041550478542014567	0.2627848887842662	0.23108780494962686	79.30417615532454
3.460365359100156	0.007	0.005	0.32561672712104683	0.0004121980250940357	0.27021800167059146	0.2367488013977941	78.67425210333778
3.5752830540687435	0.007	0.005	0.32303333376969745	0.0004089213401332753	0.2775245884233342	0.24227134303256936	78.05006260888635
3.6903021246038072	0.007	0.005	0.32046818478328143	0.00040566775163321353	0.2847215993217933	0.24766913197026807	77.43028124803708
3.805503764571357	0.007	0.005	0.31791938196186337	0.0004024348517716356	0.29181552343292116	0.2529477477375208	76.81444938461615
3.9208569072484076	0.007	0.005	0.3153875386999691	0.00039922342898502826	0.29880576601204195	0.258107432764325	76.20271522442768
4.036285076160838	0.007	0.005	0.312874231423986	0.00039603549726957777	0.3056891526968565	0.2631465874893877	75.59545965741643
4.151719310542689	0.007	0.005	0.3103808220736029	0.0003928727976643347	0.31246322026046586	0.26806422969052296	74.99301175013268
4.267122533282417	0.007	0.005	0.30790794548245154	0.00038973614553000727	0.3191275666136473	0.2728609426968369	74.39552488860096
4.382489054487207	0.007	0.005	0.3054555479420037	0.00038662547926841795	0.3256836674107084	0.27753868253351166	73.8029860959666
4.497831562258313	0.007	0.005	0.30302318741408474	0.0003835402423242753	0.33213400843683455	0.28210010822567977	73.21528856867488
4.613166915942707	0.007	0.005	0.3006103449840513	0.0003804797797331924	0.338481228537827	0.28654795098095515	72.63230692857829
4.728507207273511	0.007	0.005	0.29821661290838547	0.00037744357765264516	0.34472762356504466	0.290884665218071	72.05394265826719
4.843857081367699	0.007	0.005	0.29584174539146346	0.00037443132811092536	0.3508750279380873	0.2951123574553376	71.48013636955476
4.959215377663483	0.007	0.005	0.29348561895563374	0.0003714428786023009	0.3569249334333204	0.2992328810730907	70.91085822824924
5.074578375731865	0.007	0.005	0.29114816216561323	0.000368478142619825	0.36287868042820215	0.3032479753919698	70.34609097443413
5.189942461773487	0.007	0.005	0.2888293001937975	0.0003655370290621219	0.36873760290416857	0.30715936658864607	69.78581652855341
5.305305519445076	0.007	0.005	0.28652892732130825	0.00036261940720657565	0.3745030968619224	0.3109688124303899	69.23000934722141
5.420666975754354	0.007	0.005	0.28424690725496776	0.00035972510711292327	0.3801766165571108	0.31467809720016515	68.67863649980859
5.536027273838018	0.007	0.005	0.28198308466044186	0.0003568539343202073	0.385759643297246	0.3182890090439498	68.13166045503482
5.6513871394986985	0.007	0.005	0.27973730017263804	0.00035400568898094495	0.39125364720421574	0.32180331409562246	67.58904270772388
5.766747115175225	0.007	0.005	0.277509399563354	0.00035118017755567143	0.3966600649058617	0.32522274222773406	67.05074599385507
5.882107368948033	0.007	0.005	0.2752992372272142	0.00034837721726958283	0.4019802919259212	0.3285489829137519	66.51673513282165
5.997467793857268	0.007	0.005	0.27310667400130983	0.000345596633347598	0.4072156889388521	0.33178368996855584	65.98697650062077
6.112828137782358	0.007	0.005	0.2709315745077268	0.00034283825563966307	0.41236758887816194	0.33492848656195895	65.46143738776526
6.228188140963844	0.007	0.005	0.2687738044753086	0.00034010191521782935	0.41743730377419436	0.33798496977629633	64.94008535217841
6.34354762004432	0.007	0.005	0.266633229174905	0.00033738744239119207	0.4224261286944205	0.3409547131566549	64.42288784112505
6.458906490987471	0.007	0.005	0.2645097130496365	0.00033469466624333835	0.4273353427526938	0.3438392673791181	63.909812101877094
6.574264715597338	0.007	0.005	0.26240312075350364	0.0003320234159650485	0.4321662068602401	0.34664015900226697	63.400825432658436
6.6896222785979695	0.007	0.005	0.26031331759039883	0.0003293735214225282	0.43691996294997115	0.34935889016826577	62.895895288717476
6.804979172353417	0.007	0.005	0.2582401697958576	0.00032674481352494724	0.4415978336002623	0.351996938574125	62.394989350402525
6.9203353510294034	0.007	0.005	0.256183545348041	0.00032413712526676306	0.4462010205066298	0.3545557568361039	61.898075719108256
7.0356907611528845	0.007	0.005	0.25414331339394275	0.00032155029100385175	0.4507307060993148	0.35703677365095765	61.40512277863841
7.151045372170647	0.007	0.005	0.25211934370205297	0.00031898414576274976	0.4551880550362337	0.35944139482394105	60.91609906295992
7.266399122972035	0.007	0.005	0.25011150759760215	0.00031643852644059093	0.45957421240825497	0.3617710025013838	60.430973482173634
7.381751983005618	0.007	0.005	0.2481196768823603	0.0003139132704339762	0.4638903063897863	0.36402695680962277	59.94971506151988
7.497103929360079	0.007	0.005	0.24614372423899056	0.0003114082161610616	0.4681374475938168	0.3662105956904332	59.472293039076895
7.612454923845985	0.007	0.005	0.24418352361625786	0.0003089232035591542	0.4723167285071256	0.3683232348200409	58.99867695883371
7.72780494355339	0.007	0.005	0.242238949697744	0.0003064580734127382	0.4764292248923075	0.37036616853739013	58.528836542322765
7.843153973212132	0.007	0.005	0.24030987803163578	0.00030401266752458096	0.4804759957504592	0.3723406700140357	58.06274171997917
7.958501997552444	0.007	0.005	0.23839618515424443	0.0003015868288786419	0.4844580833071632	0.37424799144763843	57.60036266098471
8.073848986026839	0.007	0.005	0.23649774883265012	0.00029918040195487956	0.488376512762925	0.37608936415755106	57.14166983189491
8.189194938644617	0.007	0.005	0.23461444730161538	0.0002967932317601551	0.4922322941152499	0.37786599965051865	56.6866338122648
8.304539824859395	0.007	0.005	0.23274616026175707	0.0002944251651068551	0.4960264203392778	0.3795790889694803	56.235225535823496
8.419883644681033	0.007	0.005	0.23089276787408541	0.0002920760493338814	0.49975986968387076	0.3812298039549605	55.78741604753859
8.535226382841836	0.007	0.005	0.22905415149976371	0.0002897457332551077	0.5034336043927603	0.3828192968582946	55.343176682353956
8.650568031713243	0.007	0.005	0.22723019332184272	0.0002874340666804871	0.5070485717018727	0.3843487009902954	54.90247897379479
8.765908598944174	0.007	0.005	0.2254207762232573	0.00028514090026397196	0.5106057042951562	0.38581913110225735	54.46529462448957
8.881248061629094	0.007	0.005	0.2236257844992881	0.0002828660864169012	0.5141059191254636	0.38723168309884876	54.03159567831222
8.99658641977858	0.007	0.005	0.22184510300892502	0.00028060947822777126	0.5175501193073551	0.3885874350256742	53.60135431533805
9.1119236657648	0.007	0.005	0.22007861764780404	0.0002783709300694015	0.520939193401493	0.3898874469673194	53.17454296611259
9.227259799598478	0.007	0.005	0.21832621510501554	0.0002761502972914164	0.5242740160980149	0.3911327615141751	52.751134252892896
9.342594821290337	0.007	0.005	0.2165877829751543	0.0002739474363662652	0.5275554482066537	0.3923244039499485	52.33110101672036
9.457928738489292	0.007	0.005	0.2148632096373166	0.0002717622047373944	0.5307843370891064	0.39346338260386393	51.91441628818477
9.573261551205919	0.007	0.005	0.21315238447814802	0.0002695944611068318	0.5339615164413659	0.3945506889671441	51.50105334131595
9.688593251812751	0.007	0.005	0.21145519788014472	0.00026744406542281526	0.5370878065242934	0.3955872979800096	51.09098569075726
9.803923832682544	0.007	0.005	0.2097715410990621	0.0002653108787255404	0.5401640145920834	0.3965741683771697	50.68418706214564
9.919253316739857	0.007	0.005	0.20810130581628083	0.0002631947625772148	0.543190935893736	0.39751224319057354	50.28063128395596
10.034581696357296	0.007	0.005	0.206444385023835	0.00026109558019528405	0.5461693522468447	0.39840244948394643	49.88029250133802
10.149908971545438	0.007	0.005	0.20480067245776012	0.0002590131957302618	0.5491000332645718	0.39924569894077916	49.4831450392045
10.265235157590215	0.007	0.005	0.20317006248807862	0.0002569474741268797	0.5519837367260747	0.40004288814890154	49.08916337564934
10.380560254501914	0.007	0.005	0.20155245054738355	0.00025489828167378985	0.5548212079943214	0.4007948986225568	48.698322245500826
10.495884292840968	0.007	0.005	0.19994773248035433	0.0002528654851734838	0.5576131813381482	0.4015025973462765	48.310596483153944
10.611207257342159	0.007	0.005	0.19835580560401778	0.0002508489532997253	0.5603603782563945	0.40216683652941504	47.92596127874654
10.726529148015485	0.007	0.005	0.1967765678423824	0.00024884855549253	0.5630635091719323	0.4027884542439346	47.54439196907293
10.841849964870946	0.007	0.005	0.19520991793497758	0.00024686416222621376	0.5657232732345495	0.4033682745515855	47.16586408797061
10.95716970791854	0.007	0.005	0.19365575543033203	0.0002448956450023808	0.5683403584998284	0.4039071077300136	46.79035336474419
11.072488400079818	0.007	0.005	0.19211398037440422	0.00024294287595247492	0.570915442612678	0.4044057505904078	46.41783564888545
11.18780605663859	0.007	0.005	0.19058449371987488	0.000241005728362529	0.5734491922740573	0.40486498654118147	46.048287008964785
11.303122677604158	0.007	0.005	0.18906719741564978	0.00023908407678891247	0.5759422632623528	0.4052855857910325	45.68168375425672
11.418438278259783	0.007	0.005	0.18756199399529438	0.00023717779653267056	0.5783953012728823	0.4056683056832355	45.31800233529889
11.53375285097758	0.007	0.005	0.1860687870711591	0.00023528676427295644	0.5808089412643263	0.4060138907715199	44.95721946328091
11.649066418677254	0.007	0.005	0.18458748063229413	0.00023341085716919197	0.5831838087523068	0.40632307319715305	44.59931194040896
11.764378981367566	0.007	0.005	0.18311797973244304	0.00023154995374265134	0.5855205188442183	0.40659657272501526	44.24425682613644
11.87969054669399	0.007	0.005	0.18166019008752043	0.00022970393336195076	0.5878196770389289	0.4068350970368004	43.892031339907945
11.995001114665154	0.007	0.005	0.18021401826416591	0.0002278726764852407	0.5900818790722712	0.40703934189054153	43.54261290671689
12.110310700562856	0.007	0.005	0.17877937138596892	0.00022605606428460523	0.5923077115204196	0.4072099913551562	43.19597908612481
12.225619319668505	0.007	0.005	0.17735615732280044	0.00022425397888913058	0.5944977516386099	0.4073477179621438	42.85210761800683
12.340926979626667	0.007	0.005	0.1759442847779046	0.00022246630349710795	0.5966525673679189	0.40745318288687465	42.510976443594515
12.456233672808926	0.007	0.005	0.17454366337058821	0.00022069292248265638	0.5987727173533455	0.4075270361393057	42.17256372545489
12.571539414496053	0.007	0.005	0.1731542031647169	0.0002189337207919953	0.6008587517946735	0.4075699167742809	41.83684773356763
12.686844219968444	0.007	0.005	0.1717758149467178	0.00021718858430007325	0.6029112121491952	0.4075824530392834	41.50380691249491
12.802148089233702	0.007	0.005	0.17040841040012908	0.00021545740003482044	0.6049306310055171	0.40756526255415637	41.17341992355533
12.917451190294962	0.007	0.005	0.16905189994512232	0.0002137400534070191	0.6069175353743445	0.40751895240653035	40.845665122817834
13.032753561337959	0.007	0.005	0.16770619627314634	0.00021203643274241804	0.6088724415829353	0.40744411934478564	40.520521415128535
13.148055087826265	0.007	0.005	0.16637121454416215	0.00021034642953661988	0.6107958552111481	0.40734135013172573	40.197968301765876
13.263355701042048	0.007	0.005	0.16504687003938628	0.0002086699354455434	0.6126882746585667	0.4072112216421911	39.8779853133057
13.37865534754101	0.007	0.005	0.16373307852416177	0.00020700684275081263	0.6145501907179319	0.4070543010108259	39.56055209729641
13.49395403496712	0.007	0.005	0.16242975573408397	0.00020535704370027916	0.6163820874002693	0.40687114569218646	39.24564829409905
13.609251816779004	0.007	0.005	0.16113681756793985	0.00020372043075518432	0.6181844417420094	0.4066623035762374	38.93325358350439
13.724548708255279	0.007	0.005	0.15985418103332838	0.00020209689780388934	0.6199577225884494	0.4064283132722811	38.623347913210026
13.839844747581301	0.007	0.005	0.15858176355264708	0.00020048633927133194	0.6217023916795897	0.40616970415939624	38.31591133113553
13.95513994239901	0.007	0.005	0.15731948355057188	0.00019888865087343372	0.6234189029516177	0.4058869966486122	38.010924127367154
14.070434285079003	0.007	0.005	0.15606726027008547	0.0001973037293812907	0.62510770291271	0.40558070231963583	37.708366789707284
14.185727783263111	0.007	0.005	0.1548250134328816	0.00019573147218518848	0.6267692312120063	0.4052513239899218	37.40821992162248
14.301020444592995	0.007	0.005	0.15359266340336689	0.00019417177750525913	0.628403920519306	0.4048993558891994	37.11046428186926
14.416312276710148	0.007	0.005	0.15237013118349563	0.00019262454438493597	0.6300121966359444	0.4045252837990927	36.81508078324594
14.531603279620535	0.007	0.005	0.15115733848764543	0.00019108967278728264	0.6315944784999689	0.4041295852174073	36.52205051068361
14.646893460965433	0.007	0.005	0.14995420757562375	0.00018956706338044363	0.6331511785064359	0.40371272944364356	36.23135468089819
14.762182836021214	0.007	0.005	0.14876066125083842	0.00018805661753524454	0.6346827026045478	0.4032751777049174	35.94297464194816
14.877471412428724	0.007	0.005	0.14757662301463623	0.00018655823752364566	0.6361894501955592	0.4028173833421521	35.65689191052529
14.992759182558341	0.007	0.005	0.1464020171356615	0.00018507182660809526	0.6376718141460129	0.4023397919778938	35.37308818871283
15.108046161685909	0.007	0.005	0.14523676825445014	0.00018359728853296347	0.6391301813832038	0.40184284148798494	35.091545268449
15.223332365086954	0.007	0.005	0.14408080161658168	0.0001821345278243135	0.6405649326877803	0.40132696221140235	34.81224508786039
15.338617785131698	0.007	0.005	0.14293404329471868	0.000180683450075715	0.6419764425133776	0.40079257718117356	34.535169784910025
15.45390244473031	0.007	0.005	0.14179641964943254	0.00017924396125434963	0.6433650797439006	0.4002401020028785	34.2603015671246
15.569186336252908	0.007	0.005	0.14066785793203448	0.00017781596847689073	0.6447312070400321	0.3996699452563696	33.98762285724771
15.684469467339458	0.007	0.005	0.1395482858247956	0.00017639937941767186	0.6460751814914645	0.3990825083989852	33.717116182149894
15.799751845629775	0.007	0.005	0.1384376315887602	0.0001749941024988806	0.6473973545198963	0.39847818595007584	33.448764208542585
15.915033486398277	0.007	0.005	0.13733582398641736	0.00017360004679087222	0.6486980720545049	0.3978573655624748	33.18254972429438
16.0	0.007	0.005	0.13652937137762802	0.00017258295094434644	0.6496432152933507	0.3973894527899966	32.987697769322416
