0.0	0.007	0.005	0.0	0.0	0.0	0.0	100.0
0.00017807866458212053	0.007	0.005	2.2097325517425208e-5	0.00019285575538364894	8.937146521694158e-10	1.588845065395336e-6	99.99839268663082
0.0002592090869077323	0.007	0.005	3.216416836808403e-5	0.00024890221495116723	1.893509388117253e-9	3.105066172743828e-6	99.99766042323859
0.00040255995555588066	0.007	0.005	4.995081423392486e-5	0.00031713652038306556	4.566819908144784e-9	6.550723639572369e-6	99.9963665863902
0.0005231369108952988	0.007	0.005	6.491108449043187e-5	0.00035378534029737954	7.712078865001312e-9	9.965274437676073e-6	99.99527831220551
0.000675100556654871	0.007	0.005	8.376474223620946e-5	0.0003830532703263267	1.2842883228074044e-8	1.4689645173387762e-5	99.99390677252663
0.0008287671642867778	0.007	0.005	0.00010282873546588401	0.0004007195943869237	1.935420651474488e-8	1.9763684976367707e-5	99.99251988198682
0.0010051439874341045	0.007	0.005	0.00012470900273300355	0.00041237154765991457	2.8467497589699814e-8	2.58020524717619e-5	99.99092804816048
0.0011950409376683027	0.007	0.005	0.00014826509668702565	0.0004191427844334487	4.0238278217835515e-8	3.244673301116583e-5	99.98921422098725
0.0014089518875532922	0.007	0.005	0.000174798309428013	0.000423013384879998	5.593000363903671e-8	4.0024884281419066e-5	99.98728370173856
0.0016464926481467596	0.007	0.005	0.0002042603716116684	0.00042502407561883723	7.637451361472089e-8	4.849672706484069e-5	99.98513997011551
0.0019162895357433534	0.007	0.005	0.0002377203896275253	0.0004259951985950508	1.0344851346775949e-7	5.8151191685104116e-5	99.98270519270699
0.0022240510192158497	0.007	0.005	0.0002758851717255783	0.0004264099206896137	1.3933519871258703e-7	6.918085515166587e-5	99.97992787684248
0.0025818967076137976	0.007	0.005	0.0003202559847616097	0.00042655987644471495	1.877644812600914e-7	8.201294769565069e-5	99.97669868570794
0.0030044047564213817	0.007	0.005	0.0003726379238734649	0.00042659662027153824	2.5422047221788544e-7	9.716620833215815e-5	99.9728861172132
0.0035156105325010083	0.007	0.005	0.000436006873792395	0.0004265907378947785	3.4805208965673144e-7	0.00011550031997457272	99.96827336506362
0.004151411980675226	0.007	0.005	0.0005148060005795266	0.00042656893500924126	4.852561914124327e-7	0.00013830098291070292	99.96253664841306
0.00497054699648138	0.007	0.005	0.0006163029065295102	0.0004265377562571199	6.955145404084581e-7	0.00016767243928156086	99.95514623280673
0.0060508673076515255	0.007	0.005	0.0007501213350957937	0.00042649613022655903	1.0304466763480393e-6	0.00020640249460367297	99.94540018171628
0.007374823259200719	0.007	0.005	0.0009140547125330611	0.00042644453467394243	1.5302474220847025e-6	0.0002538567184716575	99.93345748081207
0.008726729089625563	0.007	0.005	0.001081376151322225	0.00042638888043993324	2.142036109564189e-6	0.00030230109948538704	99.92126413151594
0.009949627632459839	0.007	0.005	0.0012326674623349993	0.00042633353563754277	2.7836567297250523e-6	0.00034611254335660687	99.9102356292608
0.011034439919408563	0.007	0.005	0.0013668250954853491	0.00042628771042301715	3.4229029673745547e-6	0.0003849687361604605	99.90045345321982
0.01203657068943248	0.007	0.005	0.0014907155891621577	0.00042625250170707813	4.071924811865282e-6	0.0004208564662177872	99.89141769976186
0.013013518675562498	0.007	0.005	0.0016114539906571853	0.00042621915548764336	4.758678951416854e-6	0.00045583608335424944	99.8826097946293
0.014001835261881394	0.007	0.005	0.0017335584212626995	0.0004261835752823152	5.507676708803534e-6	0.0004912165142586948	99.87370018344262
0.015015674073901442	0.007	0.005	0.0018587753361235444	0.0004261455196763903	6.3326753510392545e-6	0.0005275040789554052	99.86456131680819
0.01605293547219784	0.007	0.005	0.0019868424395789864	0.0004261056636461541	7.2360772039338865e-6	0.0005646231318019797	99.85521218157301
0.01710313671504332	0.007	0.005	0.0021164632129374514	0.0004260648452183699	8.21185424748969e-6	0.0006021981670173759	99.84574730749279
0.01815528668850443	0.007	0.005	0.0022462801557925883	0.00042602384490378765	9.251052655110085e-6	0.0006398357761410207	99.83626577023371
0.02025029260052042	0.007	0.005	0.0025046351709703454	0.00042595141364743183	1.1503730053251188e-5	0.000714756985433777	99.81738913087963
0.0229717788390583	0.007	0.005	0.0028399848137780582	0.00042584513333762024	1.4794284979864377e-5	0.0008120402125066605	99.79287304308222
0.028339080632820618	0.007	0.005	0.0035004908021643295	0.0004256392132766926	2.2487434743672567e-5	0.0010037614183526812	99.74454018129886
0.04000799896505379	0.007	0.005	0.004932508890234711	0.00042519110283776977	4.4698261441553056e-5	0.00141993654105732	99.63954165010709
0.05231173335093551	0.007	0.005	0.0064365534835326465	0.00042471918366298304	7.620226744484975e-5	0.0018578028158450389	99.52895066636725
0.06880563665462355	0.007	0.005	0.008443383692096067	0.00042408736187810617	0.00013133232080001097	0.0024432634446321607	99.38088927295112
0.08560491137863097	0.007	0.005	0.010476304212040303	0.00042344480907481526	0.00020251091519068068	0.0030377717868463644	99.23031305266815
0.1056433905003534	0.007	0.005	0.01288667367338995	0.00042267963350560347	0.00030700129073011684	0.003744555070358281	99.05100134519601
0.12575855278688447	0.007	0.005	0.015290440407251783	0.0004219129203913949	0.00043304134270799317	0.004451472858861815	98.87132933067262
0.14814965295051252	0.007	0.005	0.017947634253751003	0.00042106109280074444	0.0005978989285253215	0.005235357859221929	98.67171153620676
0.17051221752627216	0.007	0.005	0.020582046333449743	0.0004202120673129611	0.0007879769599207495	0.006015083459429582	98.47275038970876
0.194402671119173	0.007	0.005	0.023375163735214477	0.00041930692473618426	0.0010186644108746376	0.006844607578678148	98.26063872915248
0.21823945132600867	0.007	0.005	0.026140221999666563	0.00041840575881639644	0.0012768012319082937	0.00766870532197371	98.04945896215163
0.24308865386931028	0.007	0.005	0.028999701443188614	0.0004174683794042594	0.0015751278176224831	0.008524032906784147	97.829792902205
0.26790082161548673	0.007	0.005	0.031831622126688976	0.00041653449241119947	0.001902253078272247	0.009374260676930467	97.610945260565
0.29338964819943913	0.007	0.005	0.03471669025955826	0.0004155773124788375	0.0022681751407716173	0.010243713195019388	97.38663913348165
0.3188709017037773	0.007	0.005	0.037576665296006805	0.00041462261551288184	0.002663696565923488	0.01110891210260142	97.16291486796113
0.344817605515285	0.007	0.005	0.04046414760256979	0.0004136527333078759	0.0030963915148631144	0.01198582919786932	96.93563208535755
0.3707874652418307	0.007	0.005	0.0433293828289074	0.00041268425732074053	0.003559157539843389	0.012859419696548932	96.70867883585986
0.3970918784852324	0.007	0.005	0.0462063839447792	0.0004117056165024212	0.004057573294338965	0.013740092977941468	96.47934355482234
0.42344638511998767	0.007	0.005	0.049063658475223336	0.0004107274393741918	0.004586314966245071	0.014618253416332555	96.25011693400731
0.45005517171904685	0.007	0.005	0.051923081687223024	0.0004097421821513347	0.005149396213154479	0.015500652119991168	96.01923115810352
0.47673585793046774	0.007	0.005	0.05476476335437988	0.00040875663567447505	0.0057429028621384754	0.016381183359964534	95.78827760221479
0.5036220835772588	0.007	0.005	0.05760271835118824	0.00040776589483985525	0.0063696620349502995	0.01726421179221897	95.5561067946672
0.5305971932213953	0.007	0.005	0.06042439221759013	0.00040677429195520436	0.00702682870746876	0.01814585640614681	95.32373397188314
0.5577486483005645	0.007	0.005	0.06323873702100641	0.0004057786416775903	0.007716352199576355	0.019028933276878737	95.0904126816891
0.5850020315582481	0.007	0.005	0.0660378260045053	0.0004047817044144058	0.008436174626806098	0.019910976641665572	94.85678980132838
0.6124146774549741	0.007	0.005	0.06882736145528384	0.000403781412101952	0.009187607586728314	0.020793801001874397	94.62238069543875
0.6399393001828433	0.007	0.005	0.07160233312981354	0.00040277952079851507	0.00996916044919349	0.021675840215697063	94.38759688215475
0.6676136266022259	0.007	0.005	0.07436636218410737	0.00040177468658635746	0.010781687934011564	0.022558262463997357	94.15212342346737
0.6954077948117381	0.007	0.005	0.07711627486290026	0.0004007680241129913	0.011624101340052179	0.023440073109148	93.91622152909474
0.7233467981131471	0.007	0.005	0.07985436205590402	0.00039975865789669405	0.012496931677466705	0.024322024027490553	93.67968603907009
0.7514119770188801	0.007	0.005	0.08257860661030128	0.000398747292674492	0.01339937144383169	0.025203483827854724	93.44268210115132
0.7796200662523535	0.007	0.005	0.08529044964455379	0.00039773335576381185	0.014331724072466034	0.026084936430942514	93.2050755086411
0.8079596091975589	0.007	0.005	0.08798860148554667	0.000396717290035907	0.01529337630384916	0.02696598112753762	92.96697004997247
0.8364419978022071	0.007	0.005	0.09067396108280694	0.00039569871814520925	0.016284472630778604	0.02784692962108013	92.72827729642854
0.8650604163899405	0.007	0.005	0.09334569630859177	0.0003946779155511302	0.017304532608935348	0.028727527788136982	92.48906180025554
0.8938228010573158	0.007	0.005	0.09600435953599644	0.00039365463108421745	0.018353589850735076	0.02960797648156117	92.2492646976875
0.9227253340144602	0.007	0.005	0.0986494062097788	0.00039262903302606357	0.01943125372686569	0.030488114750548242	92.00892542600528
0.9517737205336488	0.007	0.005	0.10128116682428764	0.0003916009516447184	0.020537480445563944	0.031368072045332804	91.76800421384463
0.9809660831931377	0.007	0.005	0.10389927702582956	0.00039057048667917913	0.021671939201248103	0.032247746544004634	91.52652442954931
1.0103066916173014	0.007	0.005	0.10650392488718857	0.00038953752102542096	0.022834531905963358	0.03312722164122993	91.28445863215772
1.0397949246412534	0.007	0.005	0.10909485813881845	0.00038850211067441363	0.024024966641911207	0.03400643284068511	91.04181994522307
1.0694341389898865	0.007	0.005	0.1116721736198037	0.00038746417231380403	0.025243107104047105	0.03488543395869335	90.79858883915004
1.099224532613633	0.007	0.005	0.11423568840358597	0.00038642373401116966	0.026488685934485705	0.035764184017861494	90.55477189908368
1.1291688778490547	0.007	0.005	0.11678543972482718	0.00038538073443157746	0.027761539080952063	0.03664271751072569	90.31035474476454
1.1592679101810575	0.007	0.005	0.11932128700505411	0.00038433518391138636	0.029061413840776183	0.037521008168973254	90.06533980071073
1.1895240299325147	0.007	0.005	0.12184322795418094	0.00038328703547736476	0.030388125377450618	0.03839907771944276	89.8197160615853
1.2199383302898592	0.007	0.005	0.12435114742823405	0.0003822362881783261	0.031741428852929784	0.03927690902409252	89.57348330508
1.2505129816368388	0.007	0.005	0.12684501675041665	0.0003811829044541172	0.03312112342530965	0.04015451537244537	89.32663272326148
1.2812493143573034	0.007	0.005	0.12932473514665074	0.0003801268763451105	0.034526967190851625	0.04103188505702211	89.07916245768182
1.3121493560690325	0.007	0.005	0.13179025551448464	0.0003790681726060739	0.03595874616370896	0.041909025559318025	88.8310651807222
1.3432146012916144	0.007	0.005	0.13424148485692963	0.0003780067809167977	0.03741621811483391	0.04278592836966032	88.58233801105516
1.3744469917311384	0.007	0.005	0.13667836275416786	0.00037694267437396846	0.03889915770906934	0.04366259685315869	88.3329746385583
1.4058481313064048	0.007	0.005	0.13910079924368823	0.0003758758382500085	0.04040731969545079	0.04453902405334585	88.08297161585173
1.43741991560797	0.007	0.005	0.14150872409985993	0.0003748062486149849	0.04194046857818365	0.0454152103841868	87.83232333047293
1.4691640244751354	0.007	0.005	0.14390204758522068	0.00037373388950875404	0.04349835420994085	0.04629114944278568	87.581026049482
1.5010823251627357	0.007	0.005	0.14628069132742455	0.00037265873938183884	0.04508073118664608	0.04716683921487927	87.32907471756467
1.5331765535973603	0.007	0.005	0.1486445642304441	0.00037158078179147085	0.04668734313944617	0.04804227326283479	87.07646548392705
1.565448560579162	0.007	0.005	0.15099358092528067	0.0003704999971564906	0.04831793477986864	0.04891744749251023	86.82319375837206
1.597900126151315	0.007	0.005	0.15332764806872673	0.0003694163689848465	0.049972242526343365	0.04979235507813353	86.5692556753131
1.6305330882249904	0.007	0.005	0.15564667380204422	0.00036832987955319463	0.051650000854197284	0.050666989961474805	86.3146470840142
1.6633492519059963	0.007	0.005	0.15795056124383255	0.00036724051298588566	0.05335093757241231	0.05154134440336592	86.05936425997672
1.6963504544990078	0.007	0.005	0.16023921318044465	0.0003661482530154198	0.055074777037608484	0.052415410732360106	85.80340339814609
1.7295385152075	0.007	0.005	0.16251252857445012	0.0003650530847690204	0.056821237438458634	0.05328918000523167	85.54676100542463
1.7629152723150712	0.007	0.005	0.1647704052120032	0.0003639549933923446	0.058590032618416506	0.05416264299777656	85.28943361274791
1.7964825431795435	0.007	0.005	0.16701273703771738	0.0003628539655727026	0.060380869853142664	0.055035789158788685	85.03141808473293
1.8302421662725636	0.007	0.005	0.16923941707020634	0.00036174998792639013	0.062193451966329055	0.05590860771681094	84.77271129595451
1.86419595623007	0.007	0.005	0.17145033447751137	0.00036064304866291003	0.0640274748221631	0.05678108651875621	84.51331047666099
1.8983457394870062	0.007	0.005	0.17364537702583865	0.00035953313629197997	0.06588262912554495	0.05765321296286276	84.25321293935221
1.9326933223110534	0.007	0.005	0.17582442908888046	0.00035842024074393865	0.0677585985915517	0.05852497318761121	83.99241632284658
1.9672405177351395	0.007	0.005	0.17798737348079524	0.0003573043524604488	0.0696550613058585	0.05939635277197887	83.73091838669248
2.0019891130963305	0.007	0.005	0.18013408951025306	0.0003561854634366039	0.0715716878520255	0.060267335926300646	83.4687172568342
2.03694090414216	0.007	0.005	0.18226445522608026	0.0003550635661603194	0.07350814309111776	0.061137906366751905	83.20581116672076
2.072097652857423	0.007	0.005	0.18437834493873326	0.00035393865487323066	0.0754640837454418	0.06200804627578236	82.9421987742987
2.1074611194320028	0.007	0.005	0.1864756313167796	0.0003528107246389925	0.07743916008073207	0.06287773712002005	82.67787891968752
2.1430330383059184	0.007	0.005	0.18855618407764735	0.0003516797720465358	0.079433014497995	0.06374695907599442	82.41285080338055
2.178815129261996	0.007	0.005	0.19061987080277829	0.00035054579484701943	0.08144528207900822	0.06461569132672795	82.14711390111962
2.214809084874319	0.007	0.005	0.192666556363202	0.000349408792372042	0.08347558981776869	0.06548391177949832	81.88066805507303
2.2510165744725366	0.007	0.005	0.1946961033247496	0.0003482687653942588	0.08552355678439497	0.06635159719003034	81.61351344150584
2.287439240951755	0.007	0.005	0.19670837194085528	0.00034712571616819646	0.08758879389711911	0.0672187231132815	81.34565059151251
2.3240786974940053	0.007	0.005	0.19870322015515762	0.000345979648549163	0.08967090369718114	0.06808526385523576	81.07708041189406
2.36093651683322	0.007	0.005	0.20068050322179265	0.0003448305683403124	0.0917694797076838	0.06895119225326624	80.80780425990065
2.3980142473813864	0.007	0.005	0.2026400747846782	0.00034367848273095095	0.09388410733150176	0.06981648009141991	80.53782382109735
2.4353133851201925	0.007	0.005	0.20458178559321066	0.0003425234011748754	0.09601436224234608	0.07068109747868598	80.2671413100116
2.4728353996574857	0.007	0.005	0.2065054851054733	0.0003413653345473622	0.09815981187490116	0.07154501349657431	79.99575927551918
2.510581698211766	0.007	0.005	0.2084110198570572	0.0003402042962490635	0.10032001338471201	0.07240819540766703	79.72368085666105
2.548553656835297	0.007	0.005	0.21029823531297392	0.00033904030119414046	0.10249451546383513	0.0732706094198192	79.45090955091656
2.5867525889707244	0.007	0.005	0.21216697452933586	0.0003378733667953697	0.1046828565873465	0.07413222001250085	79.17744943487179
2.625179759163931	0.007	0.005	0.214017079116047	0.0003367035124488427	0.10688456585856039	0.0749929903005396	78.90330505858122
2.6638363688823183	0.007	0.005	0.2158483888219804	0.00033553075999019156	0.10909916227355429	0.07585288176667088	78.6284815398622
2.7027235652483164	0.007	0.005	0.21766074224185003	0.0003343551334145946	0.11132615531518233	0.07671185451166622	78.35298449435312
2.7418424239988615	0.007	0.005	0.2194539763077765	0.0003331766592552133	0.1135650440883378	0.07756986693292045	78.07682014843832
2.7811939529366674	0.007	0.005	0.22122792677122677	0.0003319953665875804	0.11581531764808316	0.07842687586349474	77.79999530565605
2.8207791007915213	0.007	0.005	0.22298242890272904	0.0003308112865653305	0.11807645565444916	0.07928283682437183	77.52251727569177
2.860598723931886	0.007	0.005	0.22471731632673334	0.00032962445350831314	0.12034792663851344	0.08013770336668545	77.24439409850075
2.900653618834121	0.007	0.005	0.2264324227931194	0.00032843490382895597	0.12262919004594215	0.08099142784113299	76.96563430653033
2.940944483082692	0.007	0.005	0.22812758081739043	0.0003272426771641837	0.12491969422270821	0.08184396063030765	76.68624718644712
2.9814719562524727	0.007	0.005	0.229802623761982	0.0003260478150802653	0.1272188789723802	0.08269525108867999	76.40624248399025
3.022236561561803	0.007	0.005	0.23145738373873384	0.00032485036282884375	0.1295261724933702	0.08354524638304535	76.12563079675516
3.0632387605753153	0.007	0.005	0.23309169422807183	0.0003236503675781589	0.13184099475727235	0.08439389271768798	75.84442318413298
3.1044789051648527	0.007	0.005	0.23470538846826805	0.00032244787986844943	0.1341627550833958	0.0852411344058507	75.56263148622244
3.145957262718882	0.007	0.005	0.23629830083499342	0.0003212429527564041	0.1364908538834548	0.08608691447302189	75.28026813763621
3.187673997678165	0.007	0.005	0.2378702664739503	0.0003200356423353176	0.13882468196169653	0.08693117435604115	74.99734628071921
3.229629186127948	0.007	0.005	0.2394211222162536	0.00031882600720758205	0.14116362169472219	0.08777385428007012	74.7138796529465
3.2718228027613305	0.007	0.005	0.24095070643178046	0.0003176141088752958	0.14350704668170433	0.08861489307303244	74.4298826621016
3.3142547131802695	0.007	0.005	0.242458859118404	0.00031640001182953794	0.1458543217243562	0.08945422809656713	74.14537042366543
3.3569246916189948	0.007	0.005	0.24394542289221147	0.00031518378300520404	0.14820480423436333	0.09029179568042808	73.86035862747148
3.399832404935728	0.007	0.005	0.2454102427547658	0.00031396549223745835	0.15055784378824338	0.09112753088560914	73.5748636310435
3.442977422078122	0.007	0.005	0.24685316676215263	0.0003127452118360121	0.15291278311031012	0.09196136777168874	73.28890238189705
3.486359206540918	0.007	0.005	0.24827404609453918	0.0003115230167870727	0.1552689581364911	0.09279323932996641	73.0024924533239
3.5299771173933596	0.007	0.005	0.24967273541987792	0.00031029898467080613	0.15762569856830272	0.09362307758501007	72.71565202271775
3.5738304220803263	0.007	0.005	0.25104909360959976	0.00030907319518230666	0.1599823290717837	0.09445081391576114	72.42839977305081
3.6179182773392706	0.007	0.005	0.25240298342465023	0.0003078457307140056	0.16233816876869503	0.09527637876958692	72.14075500392143
3.662239748032259	0.007	0.005	0.2537342723957168	0.0003066166756214816	0.1646925327841432	0.09609970209403336	71.85273749371
3.706793805775924	0.007	0.005	0.2550428330315378	0.00030538611638839577	0.16704473270764228	0.0969207133799844	71.56436749514398
3.751579321629162	0.007	0.005	0.2563285428550539	0.0003041541415498549	0.16939407675636198	0.09773934159692574	71.27566576886798
3.7965950886173214	0.007	0.005	0.2575912852863694	0.0003029208412486011	0.17173987151276476	0.09855551567245899	70.98665342469603
3.8418397966999738	0.007	0.005	0.25883094914052546	0.0003016863076338984	0.1740814211703635	0.09936916409912044	70.69735206985457
3.8873120676918944	0.007	0.005	0.2600474297985427	0.0003004506340376212	0.17641802991024622	0.10018021562724343	70.4077835723124
3.933010439402441	0.007	0.005	0.2612406289246218	0.0002992139152843491	0.17874900162514246	0.10098859903140715	70.11797015098888
3.978933370818129	0.007	0.005	0.2624104547655873	0.00029797624750091986	0.1810736407440295	0.1017942432574729	69.82793433087093
4.0250792535995945	0.007	0.005	0.2635568225769005	0.0002967377277223992	0.18339125336375886	0.1025970776734255	69.53769885934013
4.071446417723675	0.007	0.005	0.2646796548573158	0.0002954984538252029	0.1857011480639515	0.10339703220857338	69.2472866609365
4.1180331310911535	0.007	0.005	0.26577888141460315	0.0002942585243213076	0.1880026364105408	0.10419403738407766	68.9567208306097
4.164837608496377	0.007	0.005	0.26685443963798233	0.0002930180382363592	0.19029503391506292	0.1049880245009977	68.66602456893261
4.211858017701466	0.007	0.005	0.26790627466695893	0.00029177709480564105	0.1925776608280877	0.10577892577116123	68.37522113664751
4.259092485667874	0.007	0.005	0.2689343395353527	0.00029053579339769273	0.19484984291974916	0.10656667444453234	68.08433380925757
4.306539101785361	0.007	0.005	0.26993859522467006	0.00028929423322288344	0.1971109120953674	0.10735120488096894	67.79338585103255
4.354195930692386	0.007	0.005	0.2709190108954184	0.00028805251322943157	0.19936020744578925	0.1081324527749723	67.50240043114752
4.402061012645616	0.007	0.005	0.27187556382343525	0.0002868107317829732	0.20159707567506055	0.1089103551673417	67.21140061743937
4.450132367091948	0.007	0.005	0.2728082393925452	0.00028556898682918406	0.2038208716649007	0.10968485050721158	66.92040935094394
4.498408018787994	0.007	0.005	0.273717031489459	0.00028432737500880083	0.2060309600457106	0.11045587906898395	66.62944928546409
4.546885963198728	0.007	0.005	0.2746019417153265	0.0002830859926597012	0.20822671394483605	0.11122338238972715	66.3385429948976
4.595564228279048	0.007	0.005	0.27546298039124567	0.0002818449341887169	0.21040751811856495	0.11198730424085618	66.04771260060042
4.644440830245823	0.007	0.005	0.276300165567346	0.00028060429319423994	0.21257276721792998	0.11274758990635991	65.75698003773338
4.69351381000377	0.007	0.005	0.27711352349467755	0.00027936416155623144	0.21472186768514717	0.11350418673532932	65.46636683812751
4.742781221137447	0.007	0.005	0.2779030882130034	0.00027812462974594125	0.21685423744167553	0.11425704392737047	65.17589420386894
4.792241153807921	0.007	0.005	0.2786689017252123	0.00027688578624731117	0.21896930712468124	0.11500611286904226	64.88558286877584
4.841891716166754	0.007	0.005	0.2794110134720194	0.00027564771802732766	0.22106651945076522	0.11575134681595121	64.59545321137679
4.891731075018225	0.007	0.005	0.28012948070682075	0.0002744105095305308	0.22314533107874426	0.1164927014672351	64.30552502113225
4.941757414069591	0.007	0.005	0.28082436762102037	0.0002731742437371708	0.22520521095619497	0.11723013429801342	64.01581774726696
4.99196898815744	0.007	0.005	0.28149574586225834	0.0002719390008856756	0.2272456426590699	0.11796360532109917	63.72635018904775
5.042364077937682	0.007	0.005	0.282143693633336	0.0002707048595684096	0.22926612257676565	0.11869307637140382	63.4371407645274
5.092941037837064	0.007	0.005	0.28276829606289106	0.0002694718955911409	0.2312661618924701	0.1194185117581693	63.1482072406577
5.143698270605835	0.007	0.005	0.2833696445834205	0.00026824018266117795	0.23324528554911467	0.12013987784129097	62.85956688737713
5.19463424876685	0.007	0.005	0.2839478369120291	0.0002670097918677726	0.23520303307424548	0.12085714328544572	62.571236362885614
5.245747488840806	0.007	0.005	0.28450297647142814	0.00026578079233505837	0.23713895754355793	0.12157027864211856	62.28323186776302
5.297036606887859	0.007	0.005	0.2850351727160762	0.0002645532499465362	0.2390526276286305	0.12227925707095544	61.99556884005965
5.348500251837533	0.007	0.005	0.28554454012322983	0.0002633272289543974	0.2409436249869048	0.12298405335298972	61.70826233973574
5.400137178332332	0.007	0.005	0.28603119866333165	0.00026210279033352145	0.24281154687281	0.1236846448396961	61.421326649282605
5.451946183047118	0.007	0.005	0.2864952728793758	0.0002608799932395503	0.2446560036658084	0.12438101052070627	61.13477563900462
5.503926164250923	0.007	0.005	0.2869368921700642	0.00025965889375340057	0.24647662088671632	0.12507313177384385	60.848622445538886
5.5560760714287465	0.007	0.005	0.2873561900560822	0.00025843954602371415	0.2482730372415888	0.12576099162771556	60.562879760570986
5.608394951378744	0.007	0.005	0.28775330430161633	0.0002572220012660867	0.2500449060690316	0.12644457531740835	60.27755958684873
5.6608819078382115	0.007	0.005	0.28812837631977944	0.0002560063087811586	0.2517918937639341	0.1271238696928366	59.99267346953613
5.713536137391598	0.007	0.005	0.28848155118758695	0.00025479251503621815	0.2535136808050384	0.1277988636310378	59.70823231021003
5.766356902751909	0.007	0.005	0.28881297719412213	0.00025358066450458883	0.2552099606549675	0.128469547631483	59.424246522268945
5.8193435513526985	0.007	0.005	0.28912280572054844	0.000252370799144416	0.2568804401611619	0.12913591399890156	59.140725940331144
5.872495502424222	0.007	0.005	0.28941119091510054	0.0002511629587930445	0.25852483891798783	0.12979795662278362	58.85767989988374
5.925812255093824	0.007	0.005	0.28967828950877245	0.00024995718100710804	0.2601428892993776	0.130455671025196	58.57511720375965
5.979293378823518	0.007	0.005	0.2899242605400611	0.0002487535013437253	0.26173433593608014	0.13110905418890956	58.29304618275063
6.032938521496434	0.007	0.005	0.2901492651804128	0.0002475519531953959	0.2632989357305791	0.13175810460569115	58.01147466230931
6.0867474033086015	0.007	0.005	0.29035346649565286	0.00024635256798413984	0.2648364574367216	0.1324028221504801	57.73041000440915
6.140719821304118	0.007	0.005	0.29053702926277164	0.00024515537507763566	0.2663466815510487	0.13304320808639275	57.44985909324112
6.194855635980811	0.007	0.005	0.2907001197319659	0.00024396040214831767	0.2678293996981133	0.13367926485779325	57.16982841407422
6.249154779319144	0.007	0.005	0.29084290547815855	0.0002427676750373745	0.2692844146275133	0.13431099614148062	56.890324020034946
6.303617252065108	0.007	0.005	0.29096555521772755	0.00024157721782330153	0.27071153990082414	0.1349384067699388	56.611351554969644
6.358243128216054	0.007	0.005	0.29106823864952724	0.00024038905277619743	0.2721105997678325	0.13556150273900686	56.332916239226705
6.4130325377250115	0.007	0.005	0.2911511262628597	0.00023920320079216925	0.2734814284860357	0.13618029096853973	56.055022966271814
6.467985681787856	0.007	0.005	0.29121438922042875	0.0002380196810479397	0.2748238704859944	0.13679477943801074	55.777676232617935
6.523102811738384	0.007	0.005	0.2912581991909184	0.00023683851152111974	0.2761377796241685	0.1374049769117113	55.50088025231414
6.578384255356404	0.007	0.005	0.2912827282442555	0.00023565970848423844	0.27742301959765703	0.13801089319575857	55.22463883189377
6.63383038095033	0.007	0.005	0.29128814870121195	0.00023448328720846224	0.2786794628733375	0.13861253870661616	54.948955557832775
6.689441631081995	0.007	0.005	0.2912746330332384	0.00023330926138588512	0.27990699126003404	0.1392099248081835	54.6738336349272
6.745218627183863	0.007	0.005	0.2912423536452533	0.00023213764090031385	0.2811054978642725	0.1398030648776193	54.39927538156978
6.80116187811585	0.007	0.005	0.2911914828828624	0.00023096843804307858	0.28227488051657	0.14039197115675636	54.125283675378796
6.8572720285189295	0.007	0.005	0.2911221928646814	0.00022980166225584466	0.2834150470307827	0.14097665738740311	53.85186073177216
6.913549695939883	0.007	0.005	0.2910346555367407	0.0002286373236112054	0.284525911597014	0.14155713706828327	53.5790089080379
6.969995594218467	0.007	0.005	0.29092904246273305	0.00022747543022001363	0.28560739714475286	0.142133424723403	53.30673010594688
7.0266104443656365	0.007	0.005	0.2908055248800784	0.00022631599011807763	0.2866594333901471	0.14270553495672858	53.035026209805864
7.083395038750466	0.007	0.005	0.2906642735206119	0.0002251590099643585	0.28768195790947027	0.14327348308853508	52.763898781224384
7.140350181402258	0.007	0.005	0.29050545868041405	0.00022400449630338967	0.2886749148676847	0.1438372845323615	52.49334935025033
7.1974767450469805	0.007	0.005	0.2903292500226399	0.00022285245437871312	0.28963825588847664	0.14439695534686203	52.223379147474695
7.25477560720635	0.007	0.005	0.2901358167076395	0.0002217028894733093	0.2905719387939327	0.14495251158672928	51.95398941156508
7.312247715130366	0.007	0.005	0.2899253271465956	0.00022055580561984638	0.2914759285532035	0.145503969922488	51.68518108642302
7.369894013859362	0.007	0.005	0.2896979492051156	0.00021941120704813534	0.2923501959749305	0.14605134692871066	51.4169551629678
7.4277155114655855	0.007	0.005	0.2894538499321596	0.0002182690968913511	0.29319471860906443	0.14659465969778793	51.14931237711827
7.485713225855741	0.007	0.005	0.289193195730807	0.00021712947827114286	0.2940094797998849	0.14713392531981925	50.882253461156
7.543888211913582	0.007	0.005	0.2889161522245839	0.00021599235379070263	0.29479446898023315	0.14766916112944561	50.61577902032228
7.602241550294771	0.007	0.005	0.28862288427919375	0.00021485772570679259	0.29554968139088916	0.1482003845897676	50.3498895875884
7.6607743399370065	0.007	0.005	0.2883135560234703	0.0002137255961325693	0.29627511788352767	0.1487276132163383	50.08458565999048
7.719487709956095	0.007	0.005	0.28798833077312697	0.00021259596684640168	0.29697078497387003	0.1492508646775013	49.819867646695855
7.778382808250978	0.007	0.005	0.2876473710752724	0.00021146883941855227	0.2976366946002022	0.1497701566838698	49.555735922933636
7.837460801705266	0.007	0.005	0.28729083869969774	0.0002103442153191969	0.2982728640419973	0.15028550698509002	49.292190830680035
7.896722872454555	0.007	0.005	0.2869188946557699	0.0002092220959535685	0.2988793157997625	0.15079693333286742	49.02923269676661
7.956170218044242	0.007	0.005	0.2865316991895202	0.00020810248262405598	0.2994560775245847	0.15130445347923654	48.76686183331729
8.015804039704083	0.007	0.005	0.2861294118625154	0.00020698537685992117	0.30000318184219726	0.15180808507502894	48.50507859021989
8.075625570180256	0.007	0.005	0.285712191366781	0.00020587077977464525	0.3005206665466146	0.1523078459035144	48.24388323367353
8.135636034230536	0.007	0.005	0.2852801957945077	0.0002047586928862667	0.30100857417742855	0.15280375354554102	47.983276120292935
8.195836668484988	0.007	0.005	0.28483358251404156	0.00020364911774921736	0.30146695215768077	0.15329582554874574	47.7232576099074
8.256228717548726	0.007	0.005	0.28437250820327203	0.0002025420559725766	0.3018958527078066	0.15378407939501734	47.46382808293592
8.316813426016722	0.007	0.005	0.2838971289206369	0.00020143750941611606	0.30229533274620846	0.1542685324375702	47.20498797462296
8.377592034398067	0.007	0.005	0.28340760015406286	0.00020033548024295236	0.30266545383717763	0.15474920187297564	46.946737791583786
8.43856579522963	0.007	0.005	0.28290407670557544	0.00019923597064136885	0.30300628225877996	0.1552261048722884	46.6890780426989
8.499735940679136	0.007	0.005	0.2823867129710809	0.00019813898333307064	0.30331788878749444	0.15569925833060233	46.432009375558685
8.561103714860797	0.007	0.005	0.2818556626918169	0.0001970445211342484	0.30360034886067383	0.1561686791255122	46.175532438688975
8.622670341225737	0.007	0.005	0.2813110792476826	0.0001959525873677337	0.30385374239199253	0.15663438387052034	45.91964801736491
8.684437030460137	0.007	0.005	0.2807531156175187	0.00019486318580368072	0.30407815381894915	0.1570963889862393	45.66435699794685
8.746404988512252	0.007	0.005	0.2801819243278736	0.00019377632054237457	0.30427367212657896	0.1575547107683251	45.40966033279288
8.808575399965676	0.007	0.005	0.27959765762585204	0.00019269199618854476	0.3044403907870058	0.1580093652719663	45.155559106766816
8.870949436005903	0.007	0.005	0.27900046743106766	0.00019161021779396994	0.30457840779360157	0.1584603683812717	44.90205450179343
8.933528250044072	0.007	0.005	0.2783905053991368	0.00019053099087106115	0.30468782565248326	0.15890773578676537	44.649147812262655
8.996312969096959	0.007	0.005	0.2777679230308246	0.0001894543215720409	0.30476875138017273	0.15935148293499177	44.39684047685129
9.05930469758162	0.007	0.005	0.277132871662094	0.0001883802165732515	0.3048212965305094	0.1597916250682867	44.14513405971655
9.122504500176797	0.007	0.005	0.2764855026647642	0.00018730868334337935	0.3048455772056244	0.16022817711866266	43.89403031516078
9.18591342232101	0.007	0.005	0.2758259672672606	0.0001862397298361927	0.3048417140996808	0.16066115386504579	43.64353110172824
9.249532485689098	0.007	0.005	0.27515441662011986	0.00018517336448552706	0.30480983250329324	0.16109056991254933	43.39363839710957
9.313362764180166	0.007	0.005	0.27447100099623	0.0001841095949466396	0.30475006222491846	0.16151644020766712	43.14435399892353
9.377405120734549	0.007	0.005	0.27377587262901415	0.00018304843248878372	0.304662537850614	0.16193877829442005	42.895680548936895
9.44166051616447	0.007	0.005	0.27306918244622796	0.0001819898868361545	0.3045473985291792	0.1623575983980709	42.64762031999722
9.506129753394625	0.007	0.005	0.2723510828629868	0.00018093397033063806	0.30440478833307627	0.1627729137507757	42.40017620522758
9.570813660138775	0.007	0.005	0.27162172581428884	0.00017988069490751892	0.30423485601718986	0.16318473780825135	42.153351004813075
9.635712951202962	0.007	0.005	0.27088126431084386	0.00017883007436588584	0.30403775535617006	0.16359308337946815	41.90714794909808
9.700828339446604	0.007	0.005	0.2701298512170332	0.00017778212246984083	0.3038136449094997	0.16399796335447564	41.661570268306725
9.76616043154448	0.007	0.005	0.2693676404636949	0.00017673685467018918	0.30356268838184036	0.16439939006801338	41.41662158154816
9.831709809306934	0.007	0.005	0.26859478613808074	0.000175694286764372	0.30328505440517783	0.16479737582835785	41.17230558246132
9.897476959412671	0.007	0.005	0.26781144332505447	0.00017465443587104715	0.30298091685336687	0.1651919325060831	40.928626295679265
9.96346232036277	0.007	0.005	0.2670177675792021	0.00017361731981594246	0.30265045470513713	0.16558307184331236	40.685587893600605
10.029666242245584	0.007	0.005	0.26621391542426504	0.00017258295766341066	0.30229385227870087	0.16597080523459576	40.443194837684295
10.096089003221405	0.007	0.005	0.26540004417872093	0.00017155136935445803	0.3019112992138304	0.16635514385046188	40.2014518087106
10.162730808581703	0.007	0.005	0.2645763119831655	0.00017052257578857832	0.30150299051972024	0.16673609865426592	39.960363702126116
10.229591776478294	0.007	0.005	0.2637428779919709	0.00016949659896058923	0.3010691267070055	0.16711368034394317	39.71993567112444
10.296671941261536	0.007	0.005	0.2628999023482416	0.00016847346187840974	0.3006099138195979	0.16748789939657616	39.480173105194794
10.363971247947406	0.007	0.005	0.2620475462659389	0.0001674531885712815	0.30012556351690267	0.16785876606222935	39.241081640607725
10.431489546612648	0.007	0.005	0.2611859721126204	0.00016643580418829477	0.2996162931602248	0.16822629035886702	39.00266717052242
10.499226591219932	0.007	0.005	0.26031534343452667	0.00016542133498100966	0.2990823258666552	0.16859048209238203	38.76493583896145
10.567182042961415	0.007	0.005	0.25943582491989087	0.00016440980810876387	0.2985238905187621	0.1689513509000952	38.527894019017964
10.635355446502562	0.007	0.005	0.25854758271109834	0.00016340125207006057	0.2979412219950199	0.16930890615085029	38.291548385251566
10.703746260397747	0.007	0.005	0.2576507840126072	0.0001623956961178608	0.29733456094837013	0.16966315713237662	38.05590579707444
10.772353828761496	0.007	0.005	0.25674559745741404	0.00016139317072249375	0.29670415406586587	0.17001411292732063	37.82097338666578
10.841177370808591	0.007	0.005	0.2558321932457919	0.00016039370755775503	0.2960502542006607	0.17036178238904232	37.586758582766485
10.910216020716451	0.007	0.005	0.25491074261119234	0.00015939733895919733	0.2953731200118239	0.170706174369832	37.35326896361425
10.979468766925054	0.007	0.005	0.2539814186178458	0.00015840409875772445	0.2946730165534205	0.1710472974409426	37.12051245197382
11.048934510516077	0.007	0.005	0.25304439537044177	0.0001574140213181172	0.2939502147064364	0.17138516020991318	36.888497106160344
11.118612004178857	0.007	0.005	0.25209984881855024	0.00015642714244596458	0.29320499179181503	0.1717197710454343	36.65723131363657
11.188499906350414	0.007	0.005	0.2511479560094283	0.0001554434985133728	0.2924376309984909	0.17205113836630448	36.42672359842045
11.25859673377314	0.007	0.005	0.2501888957093698	0.00015446312709680257	0.2916484218669074	0.17237927043719292	36.19698276728313
11.328900892774987	0.007	0.005	0.24922284795510116	0.00015348606650194565	0.29083765992334343	0.17270417554204903	35.96801779461257
11.39941065485441	0.007	0.005	0.24824999436061926	0.00015251235601976618	0.2900056469174361	0.1730258618928613	35.73983789097866
11.47012417892232	0.007	0.005	0.24727051778146864	0.00015154203561616058	0.28915269052007325	0.1733443377548623	35.512452419280216
11.54103948680984	0.007	0.005	0.24628460261959786	0.00015057514617413157	0.2882791045583169	0.17365961135654823	35.28587096263385
11.612154485707162	0.007	0.005	0.24529243447673282	0.00014961172918559059	0.2873852086824479	0.17397169101184418	35.06010324090191
11.683466962549122	0.007	0.005	0.24429420019157433	0.0001486518267264017	0.28647132835272493	0.17428058511287567	34.83515911833685
11.754974564123412	0.007	0.005	0.24329008807677774	0.0001476954817461492	0.2855377950137879	0.17458630206312786	34.61104865530205
11.826674834098178	0.007	0.005	0.24228028735549126	0.00014674273745484418	0.2845849455250522	0.17488885045493135	34.38778198108333
11.898565174213562	0.007	0.005	0.24126498865879162	0.00014579363784560353	0.28361312256448135	0.17518823891997085	34.16536940521051
11.970642905520753	0.007	0.005	0.24024438311140883	0.0001448482268445055	0.2826226736911762	0.1754844764001924	33.943821217750646
12.042905181718227	0.007	0.005	0.23921866350410567	0.00014390654937599173	0.28161395239962905	0.17577757180201234	33.72314794731055
12.115349108268223	0.007	0.005	0.23818802255094876	0.00014296864976533417	0.2805873163408813	0.17606753449584392	33.50335998657081
12.187971607499465	0.007	0.005	0.23715265474744618	0.0001420345735200475	0.27954312906458106	0.1763543737802032	33.28446799529441
12.260769572092155	0.007	0.005	0.23611275412782706	0.00014110436526592574	0.27848175768760214	0.17663809950417242	33.06648242680378
12.333739729793317	0.007	0.005	0.23506851613184573	0.000140178070403116	0.27740357466719356	0.17691872153804009	32.849413928956345
12.406878768768378	0.007	0.005	0.2340201357525007	0.00013925573359177296	0.2763089558023447	0.17719625026759772	32.63327296165814
12.480183230869354	0.007	0.005	0.23296780899957084	0.00013833739999163973	0.27519828162542026	0.17747069618635763	32.41807010831513
12.553649623186303	0.007	0.005	0.23191173123644523	0.0001374231138515581	0.274071935541971	0.17774207032044723	32.20381574049828
12.627274320729706	0.007	0.005	0.23085209851181623	0.00013651291972923758	0.2729303051042475	0.17801038386352686	31.990520298816673
12.701053683563327	0.007	0.005	0.2297891058100926	0.00013560686099666709	0.27177378000407465	0.17827564860593134	31.77819394757175
12.774983939674867	0.007	0.005	0.22872294867149975	0.00013470498128493862	0.2706027536755688	0.1785378765038673	31.5668469104887
12.849061317403557	0.007	0.005	0.2276538212187925	0.00013380732283942192	0.2694176209992229	0.17879708014951448	31.356489086852303
12.923281932936613	0.007	0.005	0.22658191771433892	0.0001329139278927159	0.2682187798549703	0.17905327236325358	31.14713037144921
12.997641908654925	0.007	0.005	0.22550743078803845	0.000132024837188004	0.26700662899908023	0.17930646659827326	30.938780317192514
13.072137260280353	0.007	0.005	0.22443055300398537	0.0001311400913915968	0.26578156965566685	0.17955667654069618	30.73144845251854
13.146764045442293	0.007	0.005	0.22335147465178046	0.00013025972929761975	0.2645440028533254	0.17980391660100067	30.525143865933295
13.221518220935346	0.007	0.005	0.2222703857495069	0.00012938378951140737	0.26329433153117215	0.18004820141944924	30.319875604464762
13.296395791854687	0.007	0.005	0.22118747382910423	0.00012851230869923252	0.2620329578266372	0.18028954634450617	30.115652262901918
13.37139268334698	0.007	0.005	0.2201029257346541	0.00012764532312033159	0.2607602849768559	0.1805279669957889	29.912482338517965
13.446504880399461	0.007	0.005	0.21901692554690855	0.00012678286701106088	0.25947671472335204	0.18076347969571768	29.710373852922928
13.521728314217569	0.007	0.005	0.21792965617501428	0.00012592497391435045	0.2581826489966929	0.18099610108673495	29.509334664233634
13.597058962603477	0.007	0.005	0.21684129785657597	0.00012507167551635548	0.2568784879683826	0.18122584842632883	29.309372200739308
13.67249280094152	0.007	0.005	0.21575202882072714	0.00012422300227336974	0.25556463065308616	0.18145273941059384	29.11049359800384
13.748025837987688	0.007	0.005	0.21466202472855642	0.00012337898299540014	0.25424147405953457	0.18167679226044864	28.912705609353424
13.823654096704178	0.007	0.005	0.2135714589105849	0.00012253964511659845	0.25290941329802824	0.18189802563979549	28.71601466262906
13.899373665245706	0.007	0.005	0.2124805015956844	0.00012170501414083403	0.2515688404617214	0.18211645877988053	28.520426734280214
13.9751806275821	0.007	0.005	0.2113893208787503	0.00012087511444327968	0.2502201456358332	0.18233211125193519	28.325947536547805
14.05107116981525	0.007	0.005	0.21029808116062138	0.00012004996814058702	0.2488637148036552	0.1825450032464275	28.13258225115809
14.127041485563486	0.007	0.005	0.20920694448526528	0.00011922959613813652	0.24749993132482911	0.18275515527596367	27.940335780824725
14.20308785223932	0.007	0.005	0.2081160694209242	0.00011841401738695962	0.24612917438069237	0.1829625883639067	27.749212562777142
14.279206601699853	0.007	0.005	0.2070256114646879	0.00011760324919344368	0.24475181931029097	0.18316732393398671	27.559216652871836
14.355394146275655	0.007	0.005	0.20593572265540794	0.00011679730700109005	0.24336823696152254	0.18336938385327048	27.370351669761302
14.431646949276368	0.007	0.005	0.20484655198551543	0.00011599620471390156	0.2419787940557764	0.18356879032592907	27.18262087784714
14.507961571212341	0.007	0.005	0.20375824473316476	0.00011519995434799724	0.24058385218711897	0.18376556598820087	26.996027082628352
14.584334630104893	0.007	0.005	0.20267094302592906	0.00011440856634561795	0.23918376839322616	0.18395973377720637	26.810572738503794
14.660762847722404	0.007	0.005	0.20158478518173745	0.00011362204925181552	0.23777889416757156	0.18415131702306523	26.626259845949043
14.737243030045605	0.007	0.005	0.20049990599193182	0.00011284040991239848	0.23636957568175643	0.1843403393706152	26.443090010158286
14.813772057769334	0.007	0.005	0.1994164368623285	0.00011206365363964873	0.2349561538382596	0.18452682473047058	26.261064473797873
14.890346912260293	0.007	0.005	0.19833450545495943	0.00011129178395874773	0.2335389636783634	0.18471079731746393	26.08018406522232
14.966964671088366	0.007	0.005	0.197254235765548	0.00011052480272841042	0.23211833435879592	0.18489228161307597	25.900449220216707
15.043622488267046	0.007	0.005	0.19617574841781646	0.00010976271038692012	0.23069458942368554	0.18507130229423963	25.72186003863552
15.12031763539197	0.007	0.005	0.19509916010271877	0.00010900550555309233	0.22926804595586892	0.1852478843061332	25.544416198568573
15.197047461494309	0.007	0.005	0.19402458416501595	0.00010825318549374765	0.22783901524593686	0.18542205274455273	25.368117060420023
15.273809429061181	0.007	0.005	0.19295213012146706	0.00010750574581439686	0.22640780205533706	0.18559383291619216	25.19296159378256
15.350601073778275	0.007	0.005	0.19188190425023058	0.00010676318088705922	0.2249747053081696	0.1857632502257639	25.01894847981988
15.427420050686807	0.007	0.005	0.19081400897421935	0.00010602548345188415	0.2235400171810712	0.18593033025815214	24.84607601589405
15.504264093841938	0.007	0.005	0.1897485434539972	0.00010529264503597957	0.22210402381456265	0.18609509866860569	24.67434221699583
15.581131042078374	0.007	0.005	0.18868560326086223	0.00010456465574899542	0.22066700479900142	0.1862575812199062	24.503744767036668
15.658018829130429	0.007	0.005	0.1876252805482586	0.00010384150444088599	0.21922923333362856	0.1864178037418455	24.334281050658188
15.734925478806545	0.007	0.005	0.18656766415320092	0.00010312317874805532	0.21779097629898328	0.18657579210355343	24.165948172937807
15.811849105229426	0.007	0.005	0.18551283962871246	0.00010240966516525044	0.21635249424166741	0.18673157219757158	23.998742967522112
15.88878792324654	0.007	0.005	0.18446088913883102	0.00010170094896441889	0.21491404117565852	0.18688516994472	23.832661982749613
15.965740233340961	0.007	0.005	0.1834118917045353	0.00010099701436137303	0.213475864867001	0.18703661124803883	23.66770152302305
16.0	0.007	0.005	0.1829458924040148	0.00010068518718968613	0.21283580379411948	0.18710333953693295	23.59462775441311
