0.0	0.007	0.005	0.0	0.0	0.0	0.0	100.0
0.0060910689780630115	0.007	0.005	0.017908158813616654	6.454425682829638e-5	1.3223568133983732e-5	2.7909720555863985e-5	99.94185217253244
0.011627225095265582	0.007	0.005	0.033230250170607566	0.00011739695912950019	4.7264866954806156e-5	9.843072190913695e-5	99.8890311014671
0.019047813488606527	0.007	0.005	0.052432033942275004	0.00018048684321176988	0.0001236439298760114	0.00025304964035283834	99.81827424125612
0.026871212333028943	0.007	0.005	0.07113307227103738	0.0002384977839681932	0.000239607737266479	0.00048177980987181837	99.74373077442131
0.03587692790476098	0.007	0.005	0.09085565671179678	0.00029591577975661	0.00041442185697609506	0.0008171384394026285	99.65799079398376
0.04552868768815783	0.007	0.005	0.11003474085847217	0.0003479462939204278	0.0006464698437623716	0.001249402179850051	99.56618189427499
0.05603462430418517	0.007	0.005	0.12882708407476023	0.00039517611663832016	0.0009464287863711601	0.0017915651370191787	99.4663440784032
0.0671958294211347	0.007	0.005	0.1466537902815387	0.0004364307436211216	0.0013134693960786688	0.0024349896802061213	99.36038892081635
0.07904919070823176	0.007	0.005	0.1634361722593246	0.00047199393611085884	0.00175166088858798	0.0031800963308801764	99.24798659145324
0.09151578480803102	0.007	0.005	0.17897100771630717	0.0005019680974463164	0.0022598525958780467	0.0040187133926774515	99.12990632673625
0.10459271473232236	0.007	0.005	0.1932157518354704	0.0005268538220401988	0.0028384697558270977	0.004946137545312512	99.0061960915627
0.11824865266014653	0.007	0.005	0.20613179452148198	0.0005471636351867197	0.0034858624430228894	0.005955139293382329	98.87717311837713
0.13247930816273076	0.007	0.005	0.21774041225818433	0.0005634882159509354	0.004200868775682114	0.007040206879330149	98.74289904349799
0.14727657630636712	0.007	0.005	0.22808043964220473	0.0005763964659098458	0.00498165116913628	0.008195673767529438	98.60347204022418
0.16264429642727335	0.007	0.005	0.23721482836754718	0.0005864303557879228	0.005826632607990968	0.00941709548934868	98.45887836393672
0.17858902753635617	0.007	0.005	0.2452169793141386	0.0005940787666175973	0.0067341715272252025	0.01070065831118253	98.30907975805178
0.1951244107015444	0.007	0.005	0.2521687212196565	0.0005997737394618123	0.0077029039275068115	0.01204356750048428	98.15397277976969
0.21226837078368777	0.007	0.005	0.25815487126776027	0.000603887150170529	0.008731671132432383	0.01344382533696856	97.99341555358218
0.23004435953229538	0.007	0.005	0.26326094896453933	0.0006067334902833799	0.009819651152476438	0.014900301976627464	97.82721656083812
0.2484805830280742	0.007	0.005	0.26757071859048265	0.0006085740653862497	0.010966355420731285	0.01641262528907743	97.65514238423246
0.2676105197713218	0.007	0.005	0.2711648017126922	0.0006096227223169009	0.012171687894278103	0.017981165910019407	97.47691340899581
0.2874728859285085	0.007	0.005	0.27411956110160124	0.000610051875417883	0.013435959324092056	0.01960697274837362	97.29220476147562
0.30811211886997253	0.007	0.005	0.2765064480800881	0.0006099985190145969	0.014759924644455753	0.02129174997060237	97.10064249366609
0.32957877318050577	0.007	0.005	0.27839157641802786	0.000609569857075719	0.016144807685237475	0.023037827602177402	96.90180069330279
0.35193016733416116	0.007	0.005	0.2798355184611799	0.0006088484048352978	0.01759233569862648	0.024848154085896218	96.69519639825475
0.37523115706895327	0.007	0.005	0.28089324485356176	0.0006078964785795481	0.019104776671870237	0.02672630040128535	96.48028350739904
0.3995551152931364	0.007	0.005	0.2816141743498168	0.0006067600570066311	0.02068498490533272	0.02867648136032397	96.25644499368605
0.42498512288322965	0.007	0.005	0.2820423001340598	0.0006054720348790385	0.02233645512720181	0.030703592992846036	96.02298343771274
0.45161545696189725	0.007	0.005	0.2822163698868711	0.0006040549091693258	0.024063390359251365	0.03281327103314613	95.77910915862736
0.47955340168437266	0.007	0.005	0.28217009921603864	0.0006025229524833942	0.025870784328986228	0.0350119699960729	95.52392580949224
0.5089216399489516	0.007	0.005	0.2819324024654865	0.0006008839211784417	0.02776453379381466	0.03730708001011378	95.2564112036415
0.5398611830224589	0.007	0.005	0.281527625557439	0.0005991403621851859	0.029751575850728268	0.03970707362826688	94.97539394973681
0.5725339474888372	0.007	0.005	0.2809757922393422	0.0005972906293795125	0.03183999068214636	0.042221609368171015	94.67953416379696
0.6071279687744774	0.007	0.005	0.280292814366786	0.0005953294957219187	0.03403925810758275	0.04486181743086682	94.3672813961907
0.6438623901112519	0.007	0.005	0.2794906904763851	0.0005932485726876406	0.03636047842861006	0.04764053581224642	94.0368362138033
0.6829947556880418	0.007	0.005	0.2785776541525027	0.0005910364406073259	0.03881671218459456	0.050572680275270884	93.68609306546577
0.7248298751819052	0.007	0.005	0.2775582783037824	0.0005886785725482082	0.04142338114674068	0.053675674374582046	93.31257189740889
0.7697317126575585	0.007	0.005	0.2764335027777545	0.0005861570073302532	0.04419880720601343	0.05697002553248473	92.91332660555105
0.8181389178666499	0.007	0.005	0.2752005694670195	0.0005834497726927193	0.047164905341547686	0.06048005798881626	92.48482651661521
0.8705857080293062	0.007	0.005	0.2738528258548976	0.0005805299985792968	0.05034810397843467	0.06423487766125226	92.02279819204524
0.9277309371913985	0.007	0.005	0.27237933170884837	0.0005773646020600931	0.053780616331580766	0.06826969655390747	91.52200631779418
0.9903996677528412	0.007	0.005	0.27076417216043797	0.0005739123547889561	0.05750224394464295	0.0726277005395078	90.97594191737936
1.059635389846793	0.007	0.005	0.268985550555082	0.0005701215016666261	0.06156248429641548	0.07736214913351432	90.37644329031453
1.1367886356899826	0.007	0.005	0.2670140412332554	0.0005659256169276698	0.06602427053520467	0.08254018737006728	89.71304114940226
1.223637569020632	0.007	0.005	0.2648101963089595	0.0005612381215810489	0.07096872145957224	0.0882475078664601	88.97209490068681
1.3225771645791837	0.007	0.005	0.26232070904705324	0.0005559437623454474	0.07650244018469546	0.09459542949049575	88.13545178037147
1.4369103839373998	0.007	0.005	0.25947254733179376	0.0005498858001515549	0.08276817035869186	0.1017309082694541	87.17843245594848
1.5711614508843428	0.007	0.005	0.2561674543589609	0.0005428539926615852	0.08995279705758515	0.10984199537584177	86.06794860774448
1.7296248630359412	0.007	0.005	0.2523203410983705	0.0005346660127858249	0.09819934040922335	0.11905435543134808	84.77537582469627
1.904763843731703	0.007	0.005	0.24813554516186212	0.0005257557549111811	0.1070277710757229	0.12879502641921314	83.36935345510707
2.088111340878881	0.007	0.005	0.24382895199340934	0.0005165825720888205	0.11595872809252675	0.13851321632481997	81.92241058699665
2.278017360132782	0.007	0.005	0.23944709337848513	0.0005072456492956989	0.12488499359669308	0.1480815224648269	80.45018003720661
2.471572887220207	0.007	0.005	0.23506204820016763	0.0004978988798681038	0.13365538930679177	0.1573326862605263	78.9768788961872
2.6666547080635263	0.007	0.005	0.2307236771571631	0.000488649010727141	0.14217258055812448	0.16616503964141527	77.51925948302451
2.8619603411353722	0.007	0.005	0.22646053628197324	0.0004795574579415883	0.15038717551221403	0.17453257077397283	76.08691613693841
3.056955423164225	0.007	0.005	0.22228275827726168	0.0004706463456756662	0.15828830250731865	0.18243158150843158	74.68325327404439
3.2516384655317916	0.007	0.005	0.21818855386923558	0.0004619123157158753	0.16588827595735176	0.18988230293770622	73.30766972842376
3.4462625309660777	0.007	0.005	0.21417096638027389	0.00045334092493777757	0.17320831182740057	0.19691306693792898	71.95782817384567
3.641115245005209	0.007	0.005	0.21022276616305918	0.000444917098367951	0.1802690078465757	0.203550498903815	70.63129957088883
3.836397029476947	0.007	0.005	0.20633889581065382	0.0004366303592451687	0.18708608965011303	0.20981562955385916	69.32638471622236
4.032188607455735	0.007	0.005	0.2025169210599656	0.0004284757979758087	0.19367003262735139	0.2157239995859734	68.04226573855257
4.228472945817526	0.007	0.005	0.19875638737354073	0.0004204527007468222	0.20002758324534967	0.22128749640165213	66.77878992097034
4.425177508698003	0.007	0.005	0.1950578555397387	0.00041256249088182526	0.20616366621593332	0.22651635083696645	65.53614567889457
4.622213486751496	0.007	0.005	0.19142208922830203	0.0004048069944339957	0.21208285319516723	0.23142053757731804	64.31458959246379
4.819501680728432	0.007	0.005	0.18784956718187965	0.0003971873995588395	0.2177901624307469	0.23601044633247828	63.11428251112346
5.016983261421996	0.007	0.005	0.18434031511371857	0.00038970389929130996	0.22329127343924854	0.24029698601770447	61.93523307409047
5.214619335874052	0.007	0.005	0.18089395129536678	0.0003823557911091232	0.22859238894997094	0.24429138874572243	60.77731302705112
5.41238477945203	0.007	0.005	0.17750982660648934	0.00037514177835266434	0.2336999670601112	0.2480049353446346	59.64030427653394
5.610261252484752	0.007	0.005	0.1741871645730675	0.00036806027152157917	0.2386204802298182	0.2514487366402593	58.52394594038008
5.808232196219617	0.007	0.005	0.17092515479335788	0.00036110958985138353	0.2433602666073947	0.2546336121964889	57.427965737288766
6.006280583401679	0.007	0.005	0.1677229924445904	0.00035428804759186406	0.24792547361889145	0.2575700514118518	56.352093260399165
6.204388895762818	0.007	0.005	0.16457987856236964	0.0003475939564193443	0.2523220624182146	0.26026822128824884	55.29606007116618
6.402540256964406	0.007	0.005	0.16149500247614038	0.00034102558968098515	0.2565558365420809	0.2627379879539905	54.25959379797229
6.600719618828758	0.007	0.005	0.15846752541906028	0.0003345811490758189	0.2606324661998901	0.26498893124576706	53.24241262932212
6.798914448283006	0.007	0.005	0.15549657349365018	0.00032825875121405727	0.26455749787629645	0.2670303476784023	52.244222950419385
6.99711469101653	0.007	0.005	0.1525812421537324	0.000322056438633928	0.2683363482484793	0.2688712443521823	51.2647208490228
7.195312471289882	0.007	0.005	0.1497206041813075	0.0003159721981466105	0.2719742945368512	0.27052033269086545	50.3035947955416
7.393501475827774	0.007	0.005	0.14691372140563272	0.0003100039870271229	0.27547646151381616	0.2719860231234956	49.360529580448365
7.59167652102554	0.007	0.005	0.14415965275023226	0.00030414975124722966	0.27884781468906444	0.2732764252530666	48.435209017938476
7.789833198715178	0.007	0.005	0.14145746042508758	0.00029840743963645755	0.2820931568072415	0.2743993512775768	47.5273180264014
7.987967810555826	0.007	0.005	0.1388062116681189	0.0002927750084539054	0.28521713032026696	0.27536232274797046	46.63654321352907
8.186077262965577	0.007	0.005	0.13620498084418362	0.00028725042662753865	0.2882242195860054	0.2761725776025761	45.762573581544075
8.384159080068816	0.007	0.005	0.13365284983342154	0.00028183167726338255	0.2911187551565336	0.2768370780681334	44.9051006576768
8.58221135098106	0.007	0.005	0.1311489092191745	0.0002765167607784432	0.29390491711855726	0.2773625183365112	44.0638188932868
8.78023271641148	0.007	0.005	0.12869225887818303	0.0002713036966876999	0.2965867391121596	0.27775533248055884	43.23842586215858
8.978222329014075	0.007	0.005	0.1262820088338465	0.00026619052588416637	0.2991681120214304	0.27802170231760664	42.42862254718247
9.176179630232484	0.007	0.005	0.1239172821947288	0.0002611753172936576	0.3016527854751906	0.27816756523781555	41.6341143276434
9.374104389433647	0.007	0.005	0.12159721472246021	0.00025625616730002497	0.30404437301147735	0.27819862263405376	40.85461083404287
9.571996638174577	0.007	0.005	0.11932095563255123	0.00025143120174441624	0.3063463558183475	0.2781203480517607	40.08982621715896
9.769858019506472	0.007	0.005	0.11708765247499918	0.0002466985440243253	0.30856210207686113	0.2779379936702953	39.33947406818506
9.96768877403991	0.007	0.005	0.11489648557098193	0.00024205638854384132	0.31069483670707077	0.277656599860153	38.60327898887851
10.165488408802057	0.007	0.005	0.1127466589975895	0.00023750298169772116	0.31274765593344084	0.2772810055549494	37.880973562581495
10.36325675844515	0.007	0.005	0.11063738832565992	0.00023303659593829477	0.31472354366418465	0.27681585501948724	37.172294234341706
10.560994220724323	0.007	0.005	0.10856789822458812	0.0002286555248036907	0.31662537741902286	0.27626560387035237	36.47698050616818
10.75870167760092	0.007	0.005	0.1065374235260901	0.0002243580852741739	0.3184559308103837	0.27563452542409345	35.794775294438324
10.956380233166803	0.007	0.005	0.10454521200118304	0.0002201426237446841	0.32021787453664013	0.2749267178119907	35.125425862915904
11.154030951772913	0.007	0.005	0.10259052682172802	0.00021600752130407716	0.3219137778252649	0.27414611152701795	34.46868464978884
11.351654871154718	0.007	0.005	0.10067264608549528	0.00021195119275556367	0.32354611248351467	0.27329647606949575	33.824309108097836
11.54925293703914	0.007	0.005	0.09879086310494681	0.00020797208724560262	0.32511725615443365	0.27238142667019793	33.19206180276356
11.746826003205676	0.007	0.005	0.09694448602884882	0.00020406868746249872	0.3266294960292555	0.2714044305412881	32.57171028345407
11.944374910032721	0.007	0.005	0.09513283676193435	0.0002002395073330594	0.32808503297304387	0.27036881244044003	31.96302672161013
12.141900484514636	0.007	0.005	0.09335525067525714	0.00019648309139009822	0.32948598482934366	0.2692777602981436	31.36578781312883
12.339403579514121	0.007	0.005	0.09161107597986064	0.00019279801341664208	0.3308343898587153	0.2681343303894648	30.779774567927046
12.53688507376147	0.007	0.005	0.08989967348228745	0.00018918287589453443	0.3321322097414306	0.26694145247581436	30.204772227796575
12.734345819551224	0.007	0.005	0.08822041678511444	0.00018563631039268563	0.3333813321422451	0.26570193508335704	29.640570333780705
12.931786629689416	0.007	0.005	0.08657269211796981	0.00018215697716559307	0.3345835734734824	0.2644184703999029	29.086962669398787
13.129208290592745	0.007	0.005	0.08495589795089055	0.00017874356428563854	0.3357406817142713	0.2630936388166654	28.543747130740826
13.32661154923574	0.007	0.005	0.08336944483477293	0.0001753947872547867	0.3368543389592797	0.26172991345064944	28.01072567286141
13.523997152387196	0.007	0.005	0.08181275482790937	0.00017210938773448044	0.33792616415946364	0.26032966412821423	27.487704117106098
13.721365807408382	0.007	0.005	0.0802852615648411	0.0001688861336383565	0.33895771531348334	0.25889516173329824	26.97449217424446
13.918718156135878	0.007	0.005	0.07878641019793294	0.00016572381895345992	0.339950491677275	0.2574285823357501	26.47090342484038
14.116054853317548	0.007	0.005	0.07731565655132773	0.00016262126188696304	0.3409059364069454	0.25593201038367164	25.976755034994817
14.313376475145242	0.007	0.005	0.07587246757790243	0.0001595773057812579	0.3418254382498399	0.25440744299939694	25.491867909875673
14.510683597680618	0.007	0.005	0.07445632053798831	0.00015659081731269532	0.34271033399774686	0.2528567928618327	25.016066417781254
14.707976783794896	0.007	0.005	0.07306670288617026	0.0001536606861950626	0.3435619103896068	0.25128189162328424	24.549178352106996
14.905256557048462	0.007	0.005	0.0717031122414754	0.00015078582506093322	0.34438140589904015	0.24968449331276774	24.09103492132938
15.102523414769204	0.007	0.005	0.07036505607870816	0.00014796516875101746	0.3451700126268881	0.2480662773065608	23.64147064529954
15.299777828063057	0.007	0.005	0.06905205152117988	0.0001451976738198559	0.34592887806073125	0.24642885127710448	23.200323285604014
15.497020241823915	0.007	0.005	0.06776362513823343	0.00014248231805272048	0.34665910676627804	0.2447737540251483	22.767433777536475
15.694251074742935	0.007	0.005	0.06649931274744057	0.00013981809999358987	0.34736176201333674	0.2431024581998722	22.34264616363925
15.891470706256696	0.007	0.005	0.06525865930274131	0.00013720403865723953	0.3480378672950519	0.24141637302363994	21.925807556120233
16.0	0.007	0.005	0.06458583309525301	0.00013578997007680416	0.3483989746430449	0.24048266287158676	21.699749311869976
