0.0	0.007	0.005	0.0	0.0	0.0	0.0	100.0
0.006537812237779423	0.007	0.005	0.017703382832367776	7.4640438728411e-5	1.4001375757275705e-5	5.4785483687436307e-5	99.93154295004013
0.011358283949729188	0.007	0.005	0.030182418272776415	0.00012010984110636357	4.171689464440191e-5	0.00015705634827077854	99.88109808955991
0.018347528590090673	0.007	0.005	0.047450787041017545	0.00017427353169255252	0.00010684522701395004	0.00038123663829521775	99.80800286241468
0.02526309270963249	0.007	0.005	0.063621512296142	0.00021672280253877649	0.0001989033741809231	0.0006747305458166792	99.7357308541028
0.03343662340316177	0.007	0.005	0.08162491398607088	0.00025570150977201854	0.0003410593654868953	0.0010932861127769145	99.65037977648949
0.04209131027186435	0.007	0.005	0.09945702442600816	0.0002868093169854132	0.0005284991352451822	0.0016011993491775417	99.56008390130633
0.05169085500412109	0.007	0.005	0.11785299684419669	0.0003121838878591778	0.0007777211473345473	0.002222201530661315	99.46002585997903
0.06199414877270858	0.007	0.005	0.13609495928253665	0.00033162831780357294	0.0010899269142754095	0.00293733036088914	99.35274438078768
0.07318654143047244	0.007	0.005	0.15428496799006614	0.0003462708413517456	0.0014772351079984794	0.0037538776177623396	99.23633641785315
0.08522123494421566	0.007	0.005	0.17211220413570344	0.0003568189337540836	0.0019447053005398874	0.004662851680795096	99.11132016241096
0.09819458651293671	0.007	0.005	0.1895004178224649	0.00036414791562990983	0.002502198843339234	0.005665762975029093	98.9767295304813
0.11211553701271632	0.007	0.005	0.20625060055893576	0.00036897910927340794	0.0031558773518725776	0.0067579485018927745	98.83251141232844
0.12701914108846823	0.007	0.005	0.22221903756417438	0.0003719587510758076	0.0039123130090335505	0.00793728261075347	98.6783461143347
0.14288346555995968	0.007	0.005	0.2372297917994216	0.00037361044670600267	0.004774224207863532	0.009197795556055766	98.51450718898295
0.15967578279210634	0.007	0.005	0.25114572632585663	0.0003743496463586717	0.005742210514921139	0.010533342633012347	98.34138076328176
0.17734637346973714	0.007	0.005	0.26386718072871346	0.00037448557411506666	0.006814309657375505	0.011937119792462193	98.15952798442636
0.195857601117644	0.007	0.005	0.2753515588336982	0.00037423553988845306	0.007987829527797176	0.013403900503795103	97.96938463414105
0.2151826496795978	0.007	0.005	0.2855998445609485	0.0003737433139934573	0.009259651140681703	0.01492980227650935	97.77127484831223
0.2353094840671549	0.007	0.005	0.29464715309051454	0.00037309918774126817	0.0106268317001835	0.016512451691170403	97.56537146870615
0.2562368984114481	0.007	0.005	0.30255044483969307	0.00037235734020144034	0.012086639570135133	0.018150539852799616	97.35173775181633
0.27797402987666975	0.007	0.005	0.30938074978928276	0.00037154887379575936	0.01363673594082513	0.019843681117142117	97.13033345194084
0.30053856851359206	0.007	0.005	0.315216785862525	0.00037069081274193237	0.015275207248437426	0.02159219669388739	96.9010342007263
0.3239563902662809	0.007	0.005	0.32014068701544846	0.00036979186737912817	0.017000648658103752	0.02339703078988305	96.6636363369864
0.34826099672691063	0.007	0.005	0.3242348022541227	0.00036885597096011685	0.018812198349244736	0.025259665686764268	96.41786373989218
0.373493511355675	0.007	0.005	0.32757950083395515	0.0003678843401331678	0.02070958466368913	0.027182088298140283	96.16336907696146
0.39970272940342344	0.007	0.005	0.330251623971437	0.000366876636616892	0.022693156045201307	0.029166764889997747	95.89973462138987
0.4269454619997411	0.007	0.005	0.33232346261381823	0.00036583158995683425	0.024763916055227275	0.031216639326488587	95.62647024988017
0.45528703882737664	0.007	0.005	0.33386210477952327	0.0003647473162115352	0.026923556658151063	0.03333514207566383	95.34301004797133
0.48480204533471244	0.007	0.005	0.33492906200081196	0.0003636214657876399	0.02917449763523682	0.03552621385925574	95.04870682158835
0.5155752841298583	0.007	0.005	0.3355800957368446	0.00036245127827110594	0.031519932591428546	0.037794341421544086	94.74282469783184
0.5477030124528828	0.007	0.005	0.33586518781430535	0.0003612335847686798	0.033963885918283886	0.04014460752012819	94.42452939196168
0.5812944845717923	0.007	0.005	0.33582861079245574	0.00035996477929420864	0.036511282554243296	0.042582755258092214	94.09287597338964
0.6164740123503356	0.007	0.005	0.3355090637984666	0.00035864076299190633	0.03916804552912203	0.045115279755567624	93.74679218023333
0.6533839952679034	0.007	0.005	0.33493983570640135	0.0003572568506731777	0.041941252773619396	0.047749575694607096	93.38505309251046
0.6921858838882616	0.007	0.005	0.3341490339221082	0.00035580775690362894	0.04483912240717024	0.05049392085294602	93.00627713014218
0.733065664977563	0.007	0.005	0.3331597701096051	0.0003542874167091812	0.04787131846595473	0.053357762302245634	92.60887904634379
0.7762374058933532	0.007	0.005	0.3319903696090149	0.0003526888859175843	0.051049084217464104	0.05635183509770567	92.19104382756784
0.8219495540268481	0.007	0.005	0.3306545266023458	0.00035100414767796743	0.05438554725925206	0.059488439113742755	91.75067610486006
0.870491876701923	0.007	0.005	0.32916143831611067	0.0003492239074512164	0.05789602696129642	0.06278171171829036	91.2853465652277
0.9222048972733622	0.007	0.005	0.3275158690316405	0.0003473373120039757	0.061598465650244946	0.06624800860939477	90.79221850412294
0.9774917519701812	0.007	0.005	0.32571814267596355	0.00034533160157073793	0.0655139551609204	0.06990636284467916	90.26795691199126
1.0368338657537384	0.007	0.005	0.32376402359420925	0.00034319165279347267	0.0696674280737782	0.0737790826915827	89.70860901416276
1.1008115346408016	0.007	0.005	0.32164445679905157	0.0003408993858350641	0.07408854495299862	0.07789251116207424	89.10944931075173
1.1701315868635096	0.007	0.005	0.319345109751686	0.0003384329761643495	0.07881286311925069	0.08227801769280205	88.46477356466413
1.245665913117405	0.007	0.005	0.3168456130017586	0.0003357657644897953	0.0838834460633725	0.08697335551916106	87.76761389621998
1.3285064149932673	0.007	0.005	0.3141183553732365	0.000332864714407221	0.08935312760069405	0.09202456016302817	87.00933566696555
1.4200344446071138	0.007	0.005	0.3111269604904985	0.0003296885544596816	0.09528706611709968	0.09748801773293506	86.17915189088825
1.5220381261594076	0.007	0.005	0.30782345382137255	0.0003261845538125081	0.1017673894968543	0.10343430718835908	85.26328054706765
1.6368726568602852	0.007	0.005	0.3041444777921695	0.00032228431517301946	0.10889888759735138	0.109952749066675	84.24384526698952
1.7677109383470315	0.007	0.005	0.30000534741735857	0.0003178972962765475	0.11681761897272555	0.11715820308361649	83.09718462238932
1.918817286615302	0.007	0.005	0.29529459141073	0.0003129047175084026	0.12569660170277439	0.1251945367758145	81.79230319857197
2.0823493398013224	0.007	0.005	0.2902795837548742	0.00030758600973617	0.13499376649792966	0.13355789969629336	80.40319681433792
2.1899804373709104	0.007	0.005	0.287025411612694	0.0003041367837543785	0.14094102857718815	0.13887862050707422	79.50183380413483
2.2874291778133644	0.007	0.005	0.28411056751558716	0.00030104972396160357	0.14621099874202073	0.1435734139998999	78.6944626903442
2.384056471724162	0.007	0.005	0.2812495192986787	0.0002980190534922994	0.15133119725399244	0.14811608478495816	77.90199333966652
2.4836850714698326	0.007	0.005	0.2783297676673058	0.0002949254286234844	0.1565028191366213	0.1526849397819807	77.09326449779458
2.5871773126166566	0.007	0.005	0.2753288785386981	0.0002917454150465397	0.1617616956104975	0.1573100425669493	76.26206200026215
2.693564910994409	0.007	0.005	0.2722777563616991	0.0002885119495330671	0.16704991871940497	0.16193889034222458	75.41694580237748
2.8011257841968575	0.007	0.005	0.26922735700082073	0.00028527914318100323	0.17227773415365463	0.16649219007716168	74.57202986873511
2.908432363559725	0.007	0.005	0.2662182228969433	0.0002820900619765811	0.17737687022027965	0.17091076260434174	73.7385438305419
3.0148427989286444	0.007	0.005	0.26326743254811	0.00027896288022734035	0.18232123401563669	0.17517294079885723	72.92121816746075
3.120398604905091	0.007	0.005	0.26037265614679356	0.0002758951440054948	0.18711794316325628	0.17928597802489615	72.11940755094685
3.225471666804101	0.007	0.005	0.25752273081424115	0.0002728749902145755	0.19178827813647148	0.1832690916545149	71.33002002471278
3.330447392785084	0.007	0.005	0.25470659635832715	0.0002698906566150056	0.19635249950998837	0.18714028375382372	70.54999207663273
3.4355617239619773	0.007	0.005	0.25191760025428794	0.00026693506849753923	0.2008230224892309	0.1909106102938951	69.77748105442733
3.54087950940889	0.007	0.005	0.2491538334644202	0.0002640061966146876	0.2052042959254832	0.19458425595199413	69.01195818243956
3.6463511586969344	0.007	0.005	0.24641641632250488	0.00026110523359880114	0.2094958988881927	0.19816129671568494	68.25373377660605
3.7518877494097027	0.007	0.005	0.2437074170084362	0.00025823438056449494	0.213696014371089	0.20164069040045385	67.5033806923881
3.8574161240091436	0.007	0.005	0.24102840673172402	0.0002553953106711673	0.21780371121039432	0.2050221873585333	66.76133413176125
3.962901174238233	0.007	0.005	0.23837992786763063	0.0002525886029984657	0.22181970039232143	0.20830692636412215	66.02774432471169
4.0683418150135155	0.007	0.005	0.23576164781990858	0.0002498139056755111	0.22574601689453383	0.21149713433725004	65.30251914695272
4.1737549664693425	0.007	0.005	0.23317279741698926	0.00024707040202659794	0.22958530004384514	0.214595511254968	64.58544554923768
4.279159932362148	0.007	0.005	0.23061257237741073	0.0002443572377518688	0.23334017304962676	0.2176047165852055	63.87630075739523
4.384569424732002	0.007	0.005	0.22808035033488094	0.00024167375199036297	0.2370129285553047	0.2205271187707383	63.17491238508887
4.489987556092825	0.007	0.005	0.22557572902237902	0.00023901951807312334	0.2406054901105288	0.22336477288980686	62.48116901025256
4.595412337117457	0.007	0.005	0.22309845634324255	0.00023639426916925306	0.24411952926351294	0.22611952172322158	61.79500080580779
4.700839445994742	0.007	0.005	0.22064833527188674	0.00023379779708564746	0.24755661063795276	0.22879311479221634	61.11635319855663
4.806265126341135	0.007	0.005	0.21822515467467507	0.0002312298786138642	0.2509182920534396	0.23138728781734302	60.44516770757802
4.911687444231346	0.007	0.005	0.2158286616879265	0.0002286902460974211	0.25420616146904657	0.2339037903581917	59.78137429334032
5.01710620429381	0.007	0.005	0.21345856592455145	0.0002261785918882541	0.2574218285135693	0.23634437767142477	59.12489252287806
5.122522181560545	0.007	0.005	0.21111455861141856	0.00022369458871480103	0.26056689657146176	0.23871078824327524	58.47563687056188
5.227936367424245	0.007	0.005	0.20879633022779195	0.00022123790846660814	0.2636429386305824	0.24100472516037916	57.833521603686805
5.333349439083338	0.007	0.005	0.2065035821845591	0.0002188082346408021	0.26665148249159054	0.24322784533041988	57.19846401744737
5.438761654850351	0.007	0.005	0.204236028629286	0.00021640526427224913	0.2695940097280691	0.24538175935788545	56.57038493491114
5.544172972845881	0.007	0.005	0.20199339339063407	0.00021402870468343853	0.2724719609726392	0.24746803607514714	55.94920786066722
5.649583197610024	0.007	0.005	0.19977540652103593	0.00021167826980374345	0.2752867414155708	0.2494882070464552	55.33485802319811
5.754992133689322	0.007	0.005	0.19758180090914856	0.00020935367656032207	0.2780397258987157	0.2514437705845478	54.72726143657876
5.860399697330149	0.007	0.005	0.19541230996538003	0.00020705464241060719	0.28073226238488225	0.25333619443405664	54.12634425940156
5.965805874589005	0.007	0.005	0.19326666856739105	0.00020478088635012017	0.2833656712474288	0.2551669154290207	53.53203305666644
6.071210714348289	0.007	0.005	0.19114461324698734	0.00020253212911170029	0.28594124554662004	0.25693733987637574	52.94425485154712
6.176614279449596	0.007	0.005	0.18904588319489676	0.00020030809423754036	0.2884602503371122	0.2586488432925228	52.36293740369989
6.282016611790957	0.007	0.005	0.18697022092639998	0.00019810850879017932	0.29092392244757587	0.2603027705103393	51.788009393633345
6.387417739308228	0.007	0.005	0.1849173720905453	0.00019593310315004097	0.29333347130217347	0.2619004365080401	51.2194003698637
6.492817675975744	0.007	0.005	0.18288708542312132	0.00019378161096625317	0.29569007954991083	0.26344312709745243	50.6570407358891
6.598216421806961	0.007	0.005	0.180879112700488	0.000191653769108342	0.2979949036786249	0.26493209959543434	50.100861737401274
6.703613976815332	0.007	0.005	0.17889320843265583	0.0001895493173394435	0.3002490749092809	0.266368583665735	49.55079537727304
6.809010341014313	0.007	0.005	0.1769291298331497	0.0001874679982848184	0.3024536997479867	0.2677537819244535	49.006774407211196
6.914405514417356	0.007	0.005	0.1749866367892067	0.00018540955740068755	0.3046098605259513	0.2690888705322491	48.46873231950152
7.019799524957479	0.007	0.005	0.17306549132618196	0.0001833737424026551	0.3067186164800881	0.27037500010792836	47.93660319865704
7.125192372647512	0.007	0.005	0.1711654586073196	0.0001813603043341872	0.3087810031283255	0.2716132955887809	47.41032199834018
7.230584057500285	0.007	0.005	0.16928630638175868	0.00017936899697773386	0.31079803336542156	0.2728048571583924	46.88982438846827
7.33597460744728	0.007	0.005	0.16742780446641356	0.00017739957630146053	0.31277069847399663	0.2739507610862511	46.375046611702054
7.4413640225007205	0.007	0.005	0.16558972571315553	0.00017545180149338343	0.31469996754031454	0.2750520596276037	45.86592575134094
7.546752309652342	0.007	0.005	0.16377184535510006	0.0001735254342633447	0.316586788603127	0.27610978194488467	45.36239955025387
7.652139475893656	0.007	0.005	0.16197394110403293	0.00017162023894761158	0.3184320889817338	0.27712493453505893	44.86440643786527
7.757525528215954	0.007	0.005	0.16019579312300733	0.00016973598248006254	0.3202367757289855	0.2780985017262896	44.37188552256467
7.862910473610304	0.007	0.005	0.15843718399924422	0.0001678724343636788	0.3220017360743788	0.27903144616372283	43.88477658420051
7.9682943190675575	0.007	0.005	0.15669789871733336	0.00016602936664233554	0.3237278378574618	0.2799247092846285	43.40302006665718
8.073677057620044	0.007	0.005	0.15497772485931854	0.00016420655411543072	0.3254159297306462	0.2807792116724674	42.92655713327583
8.179058717195701	0.007	0.005	0.15327645178170096	0.00016240377345746546	0.32706684235506595	0.28159585390618785	42.45532943889621
8.28443929082657	0.007	0.005	0.1515938717287465	0.00016062080441002304	0.32868138768815636	0.28237551643882636	41.989279438226596
8.389818778523841	0.007	0.005	0.14992977911841074	0.00015885742901800435	0.3302603600606586	0.2831190603815779	41.52835018805542
8.495197187277569	0.007	0.005	0.14828397052328204	0.00015711343160949645	0.33180453655223685	0.2838273279164539	41.07248534197279
8.600574524077594	0.007	0.005	0.1466562447588063	0.00015538859889058034	0.3333146772604986	0.28450114265697324	40.62162917480748
8.705950802892268	0.007	0.005	0.14504640275246977	0.00015368271980552	0.3347915257689913	0.2851413100963716	40.17572654639242
8.811326023732214	0.007	0.005	0.14345424783969382	0.00015199558585423157	0.33623580921592916	0.2857486178773813	39.734722983523355
8.916700186608054	0.007	0.005	0.14187958552052474	0.00015032699083202932	0.33764823885573775	0.2863238362771098	39.29856461256532
9.022073291530411	0.007	0.005	0.14032222343578718	0.00014867673080442187	0.3390295104060325	0.2868677185872748	38.86719815284747
9.127445338509906	0.007	0.005	0.1387819713434992	0.0001470446040821835	0.3403803043870194	0.28738100148611956	38.44057091013073
9.23281632755716	0.007	0.005	0.13725864109555028	0.00014543041119668428	0.34170128645348224	0.28786440540218927	38.01863077014749
9.3381862656611	0.007	0.005	0.1357520465154065	0.00014383395476898848	0.34299310780412146	0.2883186348992821	37.601326164728015
9.443555152832209	0.007	0.005	0.1342620035770224	0.00014225503970215775	0.34425640532438956	0.28874437896061783	37.18860612135638
9.548922996059135	0.007	0.005	0.13278833018265332	0.0001406934729431321	0.3454918020685541	0.2891423113896942	36.7804202016276
9.65428981628652	0.007	0.005	0.13133084604988166	0.00013914906336158495	0.34669990763379	0.2895130911580328	36.37671846995579
9.759655606546263	0.007	0.005	0.1298893732696087	0.00013762162234954138	0.3478813179761367	0.28985736258228784	35.97745164812946
9.865020359870467	0.007	0.005	0.12846373588744966	0.00013611096337237902	0.34903661603925795	0.2901757557588675	35.582570999364364
9.970384069291445	0.007	0.005	0.12705375988227344	0.00013461690194609848	0.35016637203846296	0.2904688868750666	35.192028322359114
10.075746720863892	0.007	0.005	0.12565927323682055	0.00013313925571360112	0.35127114366618173	0.2907373584964203	34.805775970855294
10.181108349487202	0.007	0.005	0.12428010518498829	0.0001316778436354968	0.3523514769377329	0.29098175999550113	34.423766645146664
10.286468955171307	0.007	0.005	0.12291608730413937	0.00013023248716474814	0.35340790557180607	0.29120266762250635	34.045953694632544
10.391828523970897	0.007	0.005	0.12156705320269112	0.00012880300991148055	0.35444095149380217	0.2914006448669027	33.67229103128449
10.49718706287373	0.007	0.005	0.12023283805057389	0.00012738923713809014	0.35545112543624874	0.2915762428054952	33.30273299959035
10.602544578867354	0.007	0.005	0.11891327883446128	0.00012599099603401447	0.35643892697120005	0.2917300003246723	32.93723444724925
10.707901064984286	0.007	0.005	0.11760821450960574	0.00012460811587963988	0.35740484462771926	0.2918624443714437	32.57575076722771
10.813256521234592	0.007	0.005	0.11631748571551725	0.00012324042774054466	0.3583493563301162	0.2919740902485494	32.21823781900694
10.918610947628341	0.007	0.005	0.11504093484528499	0.000121887764542415	0.3592729295634337	0.2920654418573875	31.864651947783784
11.023964351152811	0.007	0.005	0.11377840594311081	0.0001205499609608914	0.360176021660634	0.29213699195181975	31.514949956089257
11.129316731817932	0.007	0.005	0.11252974485425489	0.00011922685358350631	0.3610590799034454	0.2921892223704324	31.169089145320957
11.234668082656558	0.007	0.005	0.11129479920152942	0.00011791828088481206	0.3619225417472576	0.2922226042819093	30.827027309232367
11.340018403678757	0.007	0.005	0.11007341820126706	0.00011662408302822966	0.3627668351513975	0.2922375984255072	30.488722682958798
11.445367694894594	0.007	0.005	0.10886545272892109	0.00011534410193707434	0.36359237872741135	0.29223465533422316	30.15413396118763
11.550715991198507	0.007	0.005	0.1076707549073677	0.0001140781808502065	0.3643995822075694	0.29221421554875254	29.823220184124068
11.656063390275321	0.007	0.005	0.10648917779915214	0.00011282616398908042	0.365188846821978	0.29217670979610477	29.49594065224793
11.761409829341845	0.007	0.005	0.10532057788952262	0.0001115878992407285	0.3659605638263736	0.2921225592878821	29.172255614077518
11.866755238639954	0.007	0.005	0.10416481329558788	0.00011036323622516722	0.3667151159130562	0.2920521759412067	28.852125770132584
11.972099576320044	0.007	0.005	0.10302174336908816	0.0001091520258661919	0.3674528776425724	0.2919659625549249	28.535512162907676
12.077442842393017	0.007	0.005	0.10189122854765564	0.00010795412023013954	0.3681742156970752	0.2918643129724671	28.222376135673496
12.182785050822709	0.007	0.005	0.10077313065735377	0.00010676937285282157	0.3688794888414761	0.29174761227944035	27.912679416275857
12.288126229525341	0.007	0.005	0.09966731290384968	0.00010559763873001706	0.36956904808813773	0.29161623698555234	27.6063841146906
12.393466385487313	0.007	0.005	0.09857364022366444	0.00010443877469807699	0.37024323663767844	0.29147055525362214	27.303452820314643
12.498805511742288	0.007	0.005	0.09749197918417503	0.000103292639326389	0.37090239010519754	0.2913109270863983	27.00384857426812
12.60414361527653	0.007	0.005	0.09642219767751782	0.00010215909258616886	0.3715468368626577	0.2911377044672209	26.707534784610104
12.709480682147708	0.007	0.005	0.09536416526065877	0.00010103799621940125	0.3721768979831191	0.29095123159028574	26.41447532053301
12.814816719342085	0.007	0.005	0.09431775271432075	9.992921326104601e-5	0.3727928876534451	0.2907518449632296	26.124634390192032
12.920151726869726	0.007	0.005	0.09328283231133237	9.883260833026922e-5	0.3733951131558736	0.29053987361981526	25.83797661503369
13.025485704740696	0.007	0.005	0.09225927772974203	9.774804753661782e-5	0.3739838750610701	0.2903156392729225	25.554467005729837
13.130818645989203	0.007	0.005	0.0912469641040179	9.667539853603766e-5	0.3745594673370535	0.2900794564910003	25.27407097635924
13.23615055062545	0.007	0.005	0.09024576787420294	9.561453036744305e-5	0.3751221775705201	0.28983163282520974	24.996754302625746
13.341481425635356	0.007	0.005	0.08925556677448154	9.456531344050956e-5	0.3756722871028131	0.28957246895900207	24.72248311869136
13.446811271028988	0.007	0.005	0.08827623995079241	9.352761966387542e-5	0.37621007109267834	0.2893022588911398	24.45122394975336
13.55214008681641	0.007	0.005	0.08730766787861352	9.250132235620702e-5	0.37673579868903456	0.28902129006728894	24.18294368927189
13.657467879983201	0.007	0.005	0.08634973228523114	9.148629616194455e-5	0.3772497331959101	0.28872984350400505	23.917609577439666
13.762794636588396	0.007	0.005	0.0854023163883208	9.048241731149671e-5	0.3777521320654991	0.288428194007108	23.655189267265335
13.868120370592951	0.007	0.005	0.0844653044392812	8.948956312432438e-5	0.3782432472601222	0.2881166101723169	23.3956506980837
13.973445075031487	0.007	0.005	0.08353858215002731	8.850761247416558e-5	0.37872332514027235	0.28779535465777734	23.13896221377122
14.078768756889309	0.007	0.005	0.08262203636695664	8.753644543418591e-5	0.37919260674935834	0.28746468421407895	22.885092472439286
14.184091416176344	0.007	0.005	0.0817155552429088	8.657594346479436e-5	0.3796513278340833	0.28712484987508974	22.63401049406465
14.289413052902521	0.007	0.005	0.08081902816107073	8.562598933111351e-5	0.3800997189923264	0.28677609706341894	22.385685639412227
14.394733660102728	0.007	0.005	0.07993234577982958	8.468646715241755e-5	0.380538005756921	0.2864186657373855	22.1400876224587
14.500053244762002	0.007	0.005	0.07905539984289793	8.37572621951135e-5	0.3809664087930561	0.2860527904405943	21.897186457799975
14.605371813865174	0.007	0.005	0.07818808328672301	8.28382609903371e-5	0.38138514394458506	0.2856787004641914	21.656952490401913
14.7106893604472	0.007	0.005	0.07733029034030495	8.192935144364451e-5	0.3817944222858361	0.28529662001325484	21.419356423248647
14.816005898467548	0.007	0.005	0.07648191622658869	8.103042250876185e-5	0.3821944503617232	0.28490676819427047	21.18436923463242
14.921321427935878	0.007	0.005	0.0756428574352294	8.014136448639986e-5	0.3825854301514448	0.28450935925053183	20.951962253705595
15.026635934912571	0.007	0.005	0.074813011703716	7.926206900434133e-5	0.3829675591730524	0.28410460267493937	20.722107155252235
15.131949433356697	0.007	0.005	0.07399227767450597	7.839242864210611e-5	0.38334103073218534	0.28369270315497874	20.49477586471942
15.237261930252416	0.007	0.005	0.07318055516193918	7.753233722368074e-5	0.38370603388549723	0.2832738608062582	20.269940632148437
15.342573411660378	0.007	0.005	0.07237774524266208	7.66816899174519e-5	0.3840627534890998	0.2828482713325811	20.047574057221038
15.447883884564746	0.007	0.005	0.07158374992096778	7.584038286941909e-5	0.3844113704337596	0.2824161259581095	19.827648996563425
15.553193348975176	0.007	0.005	0.07079847233242498	7.500831342703145e-5	0.38475206163586806	0.2819776116343042	19.61013862014862
15.658501825824041	0.007	0.005	0.07002181652450906	7.418537989847305e-5	0.3850850002135626	0.2815329110177995	19.395016350534327
15.76380930814643	0.007	0.005	0.06925368780743092	7.337148193882344e-5	0.3854103554145737	0.2810822027670798	19.182255960037587
15.869115809899949	0.007	0.005	0.06849399238100128	7.256652014019705e-5	0.3857282928545164	0.2806256614277302	18.97183146738148
15.974421317145643	0.007	0.005	0.06774263767786264	7.177039641000538e-5	0.3860389744480263	0.28016345773059004	18.763717232765412
16.0	0.007	0.005	0.06756138140302816	7.158123806401683e-5	0.38611336205203645	0.2800503485531429	18.713511902647745
