0.0	0.007	0.005	0.0	0.0	0.0	0.0	100.0
0.006251776088117838	0.007	0.005	0.019772019645984688	8.318935846891717e-5	1.727771540517793e-5	3.829244942422768e-5	99.95667537813618
0.011653224911900687	0.007	0.005	0.0360283569922511	0.0001447074819776106	5.911112940374198e-5	0.00012700611929490987	99.91925861349253
0.019073622326434274	0.007	0.005	0.05717696610287838	0.00021599335138990057	0.00015506644773873425	0.0003197846137451668	99.86787908125227
0.0267965882634442	0.007	0.005	0.07781405347209751	0.00027661986185692884	0.0002995111710821976	0.0005929727099114524	99.81443259357629
0.035806026571352026	0.007	0.005	0.10023403831434056	0.0003332159188906438	0.0005215922492702227	0.000986974968439226	99.75211926927906
0.04548654292244007	0.007	0.005	0.12247988005468372	0.0003805928058946023	0.0008197737058032405	0.001481609911857838	99.68520782303517
0.056153288287145886	0.007	0.005	0.14495492848935995	0.00042035785089403167	0.0012139376433660115	0.0020922282883416494	99.61153156388258
0.06759174505373558	0.007	0.005	0.16688533868818278	0.00045205259405150535	0.0017062941300801668	0.0028042592513838316	99.53258552228255
0.07989326319436271	0.007	0.005	0.1881942589580762	0.00047680666583273685	0.0023085902615340476	0.003618217990762716	99.44775262199418
0.09297762535197587	0.007	0.005	0.20852464833421655	0.0004954677007782046	0.003023552297983761	0.004522892383799706	99.35760047664161
0.10685951147146026	0.007	0.005	0.22773783786582888	0.0005091561107088531	0.00385675339672587	0.0055129077752637656	99.26204268457269
0.12149745361792626	0.007	0.005	0.24565933140253327	0.0005188709378431112	0.004808992399154658	0.006579231239412664	99.16138002716193
0.13687934539495017	0.007	0.005	0.26220546390143906	0.0005255372629838034	0.005881173870141507	0.007715482767609929	99.05571134900534
0.15297849024548982	0.007	0.005	0.2773187124696285	0.0005299273106008942	0.007071805998884979	0.008914994536770107	98.94523597096912
0.16978146564204438	0.007	0.005	0.2909929834661751	0.0005326670399478084	0.008379103643249916	0.010172899427612007	98.83006218167014
0.18727599803449074	0.007	0.005	0.3032519896847308	0.0005342385841930385	0.009800423949587557	0.011485188213269765	98.71029065753876
0.20545931389228803	0.007	0.005	0.3141481059789559	0.0005350010191348517	0.011333173136547	0.012849223402105184	98.5859573986247
0.22433428095192867	0.007	0.005	0.32375153183676386	0.0005352127074697681	0.012974751583789738	0.014263317680037326	98.45706044413328
0.24391143318483324	0.007	0.005	0.3321452009176575	0.0005350542492862452	0.014722922568983884	0.015726753409712635	98.3235463197078
0.26420751610214915	0.007	0.005	0.33941880064646573	0.0005346484646459816	0.016575847015325752	0.017239555768736713	98.18532030935008
0.2852458628776334	0.007	0.005	0.34566501269024263	0.0005340767160591222	0.018532234553262302	0.0188024228310242	98.04224423640211
0.307055935665552	0.007	0.005	0.3509763568314998	0.0005333914736169993	0.020591387566873127	0.020416612951287407	97.89413996397366
0.3296733364973609	0.007	0.005	0.35544304024214535	0.000532625577947094	0.022753259938601014	0.022083884344424848	97.74078972051511
0.353139904939992	0.007	0.005	0.35915143702309976	0.0005317988284154705	0.025018502875103793	0.023806454435388275	97.58193587517343
0.3775041473153974	0.007	0.005	0.3621830861382063	0.0005309225188257084	0.027388526004499564	0.02558699311985222	97.41727852005987
0.4028214319311885	0.007	0.005	0.36461400141649425	0.0005300024883434897	0.029865522555968176	0.027428605016176843	97.24647470358073
0.4291547245726383	0.007	0.005	0.3665143196809264	0.0005290410990033124	0.032452535951348865	0.029334854616844465	97.06913409362629
0.4565752812333314	0.007	0.005	0.3679481201497548	0.0005280384927487205	0.035153513288193085	0.03130978908144816	96.88481504143334
0.4851636797554429	0.007	0.005	0.36897340511396093	0.000526993355755574	0.03797338382297678	0.03335798439571689	96.69301849807087
0.5150110001532375	0.007	0.005	0.36964217956522655	0.000525903366098533	0.04091814421449956	0.035484599119805546	96.4931811043083
0.5462203599811929	0.007	0.005	0.3700006082799997	0.000524765432228725	0.04399497056595417	0.03769544867777008	96.2846661138258
0.5789087510395761	0.007	0.005	0.37008922025601204	0.0005235758002604845	0.04721235110347794	0.03999709421621228	96.0667525726236
0.6132093167620158	0.007	0.005	0.3699431441142228	0.000522330073987341	0.05058025166092451	0.04239695356655754	95.83862189974009
0.6492746980692431	0.007	0.005	0.3695923517300438	0.000521023155769325	0.054110372986286404	0.044903474913748125	95.59933780912095
0.6872795505643653	0.007	0.005	0.3690619152394587	0.0005196491962220051	0.05781631046264306	0.047526237227919266	95.3478323061458
0.7274252884913239	0.007	0.005	0.36837225222950665	0.0005182014535090343	0.061713911720381195	0.05027618643517967	95.0828776128868
0.7699455332601527	0.007	0.005	0.36753934640891733	0.0005166721251715538	0.06582167538285486	0.05316589316948501	94.8030544265891
0.8151129983897412	0.007	0.005	0.36657493503323313	0.0005150521311263267	0.07016125333238576	0.05620987400143228	94.50671198945928
0.8632483101557531	0.007	0.005	0.3654866487955359	0.0005133308341293842	0.07475809176869164	0.05942499745986161	94.19191715548101
0.9147313756882222	0.007	0.005	0.3642780879675237	0.0005114956801347724	0.07964225145068961	0.06283099830226552	93.85638910809627
0.970016258766115	0.007	0.005	0.36294881171946336	0.0005095317295972657	0.08484947247180115	0.06645113881961702	93.49741440613778
1.0296508548361443	0.007	0.005	0.36149421092970874	0.0005074210411244647	0.09042256756495809	0.07031306566323205	93.11173534342102
1.0943032687898926	0.007	0.005	0.35990522246670686	0.0005051418507177271	0.09641326612387759	0.0744499322039951	92.69540134793603
1.1647991025200568	0.007	0.005	0.3581677902084037	0.0005026674146475325	0.10288481276406185	0.07890197351466907	92.24355948522161
1.2421723317776117	0.007	0.005	0.3562620227918054	0.0004999644480917952	0.10991542913555023	0.08371857232799884	91.75017194877091
1.3277326698868777	0.007	0.005	0.354161004541759	0.0004969910971982665	0.11760270085475563	0.0889608048583146	91.207649560359
1.4231678484479198	0.007	0.005	0.3518288513569412	0.0004936938662883748	0.1260702251558203	0.09470529172950691	90.60629644563612
1.5306417401472456	0.007	0.005	0.3492190359651628	0.0004900049451995813	0.13547256394298968	0.1010465397933733	89.93383068578247
1.6525838388810474	0.007	0.005	0.3462803534833716	0.0004858503454117751	0.14597211815032307	0.10808006322302802	89.17687910533942
1.7885600272562623	0.007	0.005	0.3430321731700283	0.0004812560884505152	0.15747227633153865	0.11572443704588525	88.340322070932
1.9285345636271618	0.007	0.005	0.33972014207694307	0.00047656889762973635	0.16908591300412049	0.12337918666997022	87.48736268264776
2.065982587820298	0.007	0.005	0.3364989618686647	0.00047200786384105764	0.18027231087787632	0.13068849691134815	86.65781351718037
2.2000907313688667	0.007	0.005	0.33338547967674814	0.00046759732084901965	0.1909829591985564	0.13762632912155315	85.8560036920174
2.3315818817651883	0.007	0.005	0.33036072118242615	0.00046331075306831586	0.20129263943964126	0.14424663474799057	85.07704393799445
2.4616467533183046	0.007	0.005	0.32739576982237334	0.0004591073469831482	0.21130688663553163	0.15062125076110672	84.31348657672122
2.5913406398357295	0.007	0.005	0.32446577152713313	0.0004549519499111204	0.22111400049151292	0.156808900527769	83.5589307281657
2.721298740880039	0.007	0.005	0.32155610580069743	0.00045082391692045714	0.2307654213034854	0.1628434375045982	82.80961112285512
2.8517333189799428	0.007	0.005	0.31866200803316613	0.00044671660468255197	0.24027856289624192	0.16873660394802176	82.06430071301664
2.98259085319172	0.007	0.005	0.3157846999403315	0.0004426318801067499	0.24965085040499607	0.17448756525359846	81.32331411471036
3.1137192974194687	0.007	0.005	0.3129274958149372	0.000438574586975233	0.2588731223843735	0.18009159837431662	80.58750484695253
3.2449800360387835	0.007	0.005	0.3100932999744885	0.0004345489854468085	0.26793790240411547	0.18554524649209492	79.85762085092442
3.376292826704109	0.007	0.005	0.3072836648762069	0.00043055740867778956	0.2768423037192476	0.19084799652479773	79.13406192703366
3.5076334729568086	0.007	0.005	0.3044988988636925	0.0004266004132862552	0.2855874911036903	0.19600182755995427	78.41690748218434
3.639011144591224	0.007	0.005	0.3017385954796756	0.00042267753162020634	0.2941768601661684	0.201010030496254	77.70605284232224
3.7704451031798443	0.007	0.005	0.29900214787151075	0.00041878800428126427	0.302614356789529	0.20587617304654826	77.00134172605534
3.9019500018922595	0.007	0.005	0.29628906001333744	0.0004149312239236013	0.31090350356873103	0.21060352814389927	76.30264639296992
4.033530848824063	0.007	0.005	0.2935990445852934	0.0004111068751839995	0.31904712170650495	0.21519492967372214	75.60989285023524
4.1651844250215895	0.007	0.005	0.2909319852188391	0.00040731488117701816	0.3270474736595994	0.2196528727850546	74.92305112972593
4.2969032731469765	0.007	0.005	0.2882878491657649	0.00040355527916319044	0.334906545532508	0.22397968576272997	74.24211279787008
4.428679305258127	0.007	0.005	0.28566661205295435	0.00039982811335544555	0.3426262792526447	0.22817766392644653	73.56707157791436
4.560505855693351	0.007	0.005	0.2830682171439792	0.00039613337690699873	0.35020869210219874	0.23224913418149012	72.89791285865581
4.69237825209794	0.007	0.005	0.28049256562419	0.00039247099816076874	0.357655900428352	0.23619646416001783	72.23461119258313
4.8242933030462956	0.007	0.005	0.2779395283294573	0.00038884085751618084	0.36497008077751986	0.24002203773764938	71.57713331635209
4.956248574609048	0.007	0.005	0.27540896091687206	0.00038524280922828854	0.372153423289325	0.2437282281015636	70.92544205766252
5.0882418055491705	0.007	0.005	0.27290071562320284	0.00038167669834991366	0.3792080971061021	0.2473173788091727	70.279499363386
5.2202705490385615	0.007	0.005	0.2704146481547707	0.0003781423707306957	0.38613623115027873	0.2507917939755237	69.63926807390028
5.352332198845083	0.007	0.005	0.2679506170650037	0.00037463967229526586	0.39293991661153005	0.2541537399673371	69.00471176279206
5.4844240680841905	0.007	0.005	0.2655084821949952	0.0003711684469832868	0.3996212118774808	0.2574054481972829	68.3757943352575
5.61654355559576	0.007	0.005	0.2630881015985482	0.00036772853252567807	0.406182151307848	0.26054911955005744	67.75247923621615
5.748688233701887	0.007	0.005	0.2606893300551336	0.0003643197584862299	0.4126247492995851	0.26358692622500823	67.13472906735592
5.880855883489775	0.007	0.005	0.25831201860674174	0.0003609419457631245	0.4189510014244794	0.2665210120539421	66.52250546786011
6.0130444863105	0.007	0.005	0.25595601490177233	0.0003575949072400816	0.4251628833896983	0.26935349178661255	65.91576920296829
6.1452521539401435	0.007	0.005	0.2536211646039206	0.00035427844995416206	0.4312623472888746	0.2720864492264835	65.31448052680366
6.2774771725250496	0.007	0.005	0.2513073107470429	0.00035099237432925905	0.43725132335610273	0.27472193795236965	64.71859901623283
6.409717897630328	0.007	0.005	0.24901429569875405	0.00034773647712771816	0.4431317149730019	0.27726197907827654	64.12808407654698
6.541972771853329	0.007	0.005	0.2467419609245583	0.0003445105512594147	0.44890539952143627	0.2797085617216993	63.54289488071873
6.67424033367576	0.007	0.005	0.2444901469151831	0.00034131438581954136	0.4545742287939095	0.2820636432631613	62.962990350688706
6.8065191912644245	0.007	0.005	0.2422586937086069	0.00033814776697015624	0.4601400279177603	0.2843291490011843	62.388329291801824
6.938808083871055	0.007	0.005	0.2400474399281843	0.00033501047670097406	0.46560459800164433	0.28650697334452296	61.81887014509852
7.071105829333184	0.007	0.005	0.2378562237529019	0.0003319022943411033	0.470969713941083	0.2885989790167906	61.254571237182105
7.203411315363524	0.007	0.005	0.23568488312196526	0.0003288229969737938	0.47623712420543757	0.29060699713580673	60.69539083290529
7.335723525883284	0.007	0.005	0.23353325536253983	0.000325772359024186	0.48140855203095895	0.2925328278380643	60.14128703950382
7.468041506010676	0.007	0.005	0.2314011778232148	0.0003227501532760651	0.4864856941787586	0.2943782399819262	59.592217969730626
7.600364379619311	0.007	0.005	0.22928848763913437	0.00031975615064607323	0.4914702218143004	0.29614497167639875	59.04814168137044
7.7326913143110465	0.007	0.005	0.2271950223391969	0.0003167901211533002	0.49636377939434856	0.2978347301005147	58.509016333610724
7.865021574021435	0.007	0.005	0.22512061905394756	0.0003138518328904365	0.5011679868558548	0.2994491924960371	57.97479998305202
7.997354457691562	0.007	0.005	0.2230651155291146	0.00031094105356314493	0.5058844375758755	0.3009900056941218	57.44545084472151
8.12968930804611	0.007	0.005	0.22102835001119217	0.0003080575504176469	0.5105146990106539	0.30245878661173864	56.92092726260738
8.262025529134304	0.007	0.005	0.2190101610066474	0.0003052010899843112	0.5150603135992172	0.3038571228111361	56.40118764764815
8.394362568811463	0.007	0.005	0.21701038758221095	0.000302371438587694	0.5195227984311238	0.30518657266360366	55.88619055506577
8.526699927511215	0.007	0.005	0.2150288692576922	0.0002995683622722413	0.5239036458445328	0.3064486658146414	55.375894656762476
8.659037140722802	0.007	0.005	0.2130654462934648	0.0002967916272859001	0.528204323146512	0.30764490339288786	54.87025881535635
8.791373778995702	0.007	0.005	0.21111995970630826	0.0002940410001731061	0.5324262729510447	0.30877675841736174	54.369242088260876
8.923709465471465	0.007	0.005	0.20919225103047412	0.00029131624750163747	0.5365709140595325	0.3098456763409686	53.87280366615302
9.056043840828984	0.007	0.005	0.20728216284760945	0.0002886171366799492	0.5406396406781113	0.3108530751559401	53.38090300944317
9.18837658957852	0.007	0.005	0.20538953841477336	0.00028594343548772193	0.5446338235879902	0.31180034602026946	52.89349975247892
9.320707405006507	0.007	0.005	0.20351422217811135	0.00028329491286306125	0.5485548094238664	0.3126888534117662	52.41055383583058
9.453036032995321	0.007	0.005	0.2016560591562129	0.00028067133807882836	0.5524039223380095	0.3135199358501318	51.932025347488725
9.58536223696734	0.007	0.005	0.19981489544936168	0.000278072481517297	0.556182463288163	0.3142949060572183	51.457874654010155
9.717685780358368	0.007	0.005	0.19799057848075824	0.0002754981150603401	0.5598917099218179	0.31501505129542795	50.988062462639405
9.850006496723406	0.007	0.005	0.19618295603267424	0.0002729480107639533	0.5635329188985859	0.31568163416716405	50.522549573091844
9.982324202102621	0.007	0.005	0.19439187746032172	0.00027042194262575075	0.5671073237734647	0.3162958925407754	50.06129719015847
10.1146387388369	0.007	0.005	0.192617193084907	0.00026791968576156573	0.5706161365943649	0.3168590402138108	49.60426676740068
10.246949984328275	0.007	0.005	0.19085875408286623	0.0002654410162851902	0.5740605484594385	0.3173722673388569	49.15141997862528
10.37925780722587	0.007	0.005	0.18911641307026592	0.0002629857121733447	0.5774417287149395	0.3178367406511774	48.70271886838376
10.51156210247493	0.007	0.005	0.18739002363090745	0.0002605535526276675	0.5807608262329697	0.31825360402140335	48.25812573044608
10.643862773790882	0.007	0.005	0.1856794405462582	0.0002581443184317229	0.5840189693025947	0.3186239787885403	47.81760316701454
10.77615977746577	0.007	0.005	0.18398451923053133	0.0002557577911772358	0.5872172670336194	0.31894896426484587	47.38111394324105
10.908453025989338	0.007	0.005	0.182305116967758	0.0002533937550471641	0.5903568073431446	0.3192296378730993	46.94862130580725
11.040742466902566	0.007	0.005	0.1806410918873135	0.0002510519953855809	0.5934386592359002	0.31946705575598333	46.520088719094545
11.173028047750988	0.007	0.005	0.17899230340745348	0.00024873229935037813	0.5964638722916998	0.3196622530736879	46.095479979406704
11.30530973360558	0.007	0.005	0.17735861200834127	0.0002464344556123916	0.5994334774072169	0.3198162444162885	45.67475915651811
11.43758751582087	0.007	0.005	0.17573987912371425	0.0002441582542215474	0.6023484872971618	0.31993002417125854	45.25789056577501
11.56986137699227	0.007	0.005	0.17413596756690922	0.00024190348722977304	0.6052098960313369	0.3200045668522259	44.84483887780861
11.702131299716747	0.007	0.005	0.17254674140953796	0.0002396699485356736	0.6080186795727219	0.3200408274895263	44.435569087290865
11.834397292870939	0.007	0.005	0.1709720656585443	0.00023745743344200768	0.6107757966499527	0.3200397419957385	44.03004642976767
11.966659365330697	0.007	0.005	0.16941180656759938	0.00023526573911190725	0.6134821884984475	0.3200022275035988	43.62823646185178
12.098917893843936	0.007	0.005	0.16786582734511407	0.00023309465849494988	0.6161387865010326	0.31992918247216207	43.230103955917
12.231172720849798	0.007	0.005	0.16633399873967006	0.0002309439953529775	0.6187464942049792	0.31982148741261845	42.83561562614013
12.363423653767342	0.007	0.005	0.16481619304005318	0.0002288135557597116	0.6213061981881719	0.3196800053340472	42.44473858334315
12.495670613888212	0.007	0.005	0.1633122823619235	0.00022670314568148768	0.6238187712146455	0.3195055818992854	42.05743989376357
12.627913610089596	0.007	0.005	0.16182213899226952	0.00022461257147554057	0.626285071835566	0.3192990456519409	41.67368666776049
12.760152703793414	0.007	0.005	0.16034563581346298	0.00022254164049996379	0.6287059438908358	0.31906120830173257	41.293446169020804
12.892387973930866	0.007	0.005	0.1588826467047931	0.00022049016169062343	0.6310822160839287	0.3187928650596727	40.91668591796537
13.024619473155063	0.007	0.005	0.15743304701775504	0.0002184579462416236	0.6334147014721854	0.3184947950392337	40.543373814148765
13.15684727162835	0.007	0.005	0.1559967130781156	0.00021644480690537023	0.6357041985402127	0.3181677614838648	40.17347800802757
13.289071404480755	0.007	0.005	0.15457352274645714	0.00021445055879239594	0.6379514905607621	0.31781251219992096	39.80696704531588
13.42129191559577	0.007	0.005	0.15316335492511918	0.0002124750186771022	0.6401573466419718	0.3174297797613383	39.443809740009186
13.553508822584881	0.007	0.005	0.15176608992022844	0.00021051800551492294	0.6423225214080334	0.31702028190521	39.08397526761714
13.685722178081765	0.007	0.005	0.15038160877954362	0.00020857933950740393	0.6444477562724928	0.31658472163683643	38.72743299463999
13.817932008448846	0.007	0.005	0.14900979393187072	0.0002066588430113806	0.6465337786804647	0.31612378769655475	38.37415264323625
13.9501383663128	0.007	0.005	0.14765052862650754	0.00020475633974708978	0.6485813032015548	0.3156381546632293	38.024104146863465
14.082341321806638	0.007	0.005	0.14630369702412716	0.00020287165492903063	0.650591031603825	0.31512848323573006	37.67725767368391
14.214540918792963	0.007	0.005	0.14496918463445194	0.00020100461588775642	0.6525636524222304	0.3145954206646295	37.33358373927734
14.34673720113105	0.007	0.005	0.1436468780323138	0.0001991550516687295	0.6544998416119447	0.31403960092431	36.993053133518515
14.478930212676898	0.007	0.005	0.14233666484760768	0.00019732279301892775	0.6564002627790475	0.31346164496919054	36.65563691799058
14.611119988528896	0.007	0.005	0.1410384338409294	0.0001955076724945108	0.6582655672845766	0.31286216102549225	36.32130644546318
14.743306607553682	0.007	0.005	0.1397520743810079	0.00019370952372054574	0.6600963951988357	0.3122417445940807	35.99003322531717
14.875490104842475	0.007	0.005	0.13847747729464457	0.00019192818259518185	0.6618933742846356	0.31160097908971646	35.6617891424276
15.007670550499066	0.007	0.005	0.13721453408825557	0.00019016348618622277	0.6636571213090593	0.3109404357127008	35.33654625668907
15.139847970854593	0.007	0.005	0.1359631376960498	0.00018841527379059354	0.6653882411882371	0.3102606740669561	35.01427699569233
15.272022427251873	0.007	0.005	0.1347231817158203	0.00018668338585060796	0.6670873282506756	0.3095622419982191	34.69495395791955
15.404193954770085	0.007	0.005	0.13349456098159482	0.0001849676647642808	0.6687549656318459	0.3088456761299561	34.3785500602176
15.536362623498057	0.007	0.005	0.1322771709813229	0.00018326795405886813	0.6703917262558275	0.3081115017567104	34.065038387836196
15.668528459756049	0.007	0.005	0.1310709085780837	0.0001815840994113482	0.6719981720417078	0.30736023348976244	33.754392380159295
15.800691524873146	0.007	0.005	0.1298756712734606	0.00017991594760292338	0.6735748550760278	0.30659237503414755	33.44658564100314
15.9328518626697	0.007	0.005	0.1286913576814796	0.00017826334718879747	0.6751223171525639	0.3058084196890435	33.141592060668955
16.0	0.007	0.005	0.1280937742806413	0.00017743297695358006	0.6758975406572912	0.30540408289399584	32.987697769322466
