0.0	0.007	0.005	0.0	0.0	0.0	0.0	100.0
0.0063225775732351965	0.007	0.005	0.01928717635671987	7.47018358231351e-5	1.4762625021806548e-5	5.7371433257121386e-5	99.91097076022581
0.01142285703806174	0.007	0.005	0.034124008353426154	0.00012610837698422513	4.749372763825592e-5	0.0001788822644489064	99.83921066005456
0.018583862240776204	0.007	0.005	0.0539214830774966	0.00018703387076860343	0.0001231970883359711	0.0004447674220160623	99.73854346156764
0.025873383299511055	0.007	0.005	0.07289788075581052	0.00023776472189227535	0.00023399358804693566	0.0008106258898019716	99.63617387708493
0.034412369793685865	0.007	0.005	0.09370897940886183	0.00028545886797141283	0.0004042866294109058	0.0013375924148227025	99.51639118272615
0.04352237831343912	0.007	0.005	0.11433553658714705	0.0003252347969591396	0.0006307974361963669	0.001992285534903591	99.38875710435819
0.05357598129234865	0.007	0.005	0.13534680101680796	0.0003588040522971233	0.0009303381264726132	0.0027999249152682575	99.24809297033457
0.06435197421928678	0.007	0.005	0.15598648364682272	0.00038563982595748964	0.001304328070478755	0.0037399735912531287	99.09754262294385
0.07598079853674904	0.007	0.005	0.1762603298841517	0.00040671423176377036	0.0017637852905736796	0.004817314619603437	98.93533363798586
0.08840040958700357	0.007	0.005	0.19582798387383063	0.000422651276347398	0.0023122992704544248	0.0060188646348697415	98.76238726993837
0.10166121450384337	0.007	0.005	0.21457314910060948	0.0004343449642553473	0.002956994551532624	0.007341341402112175	98.57806077335314
0.11574470506156645	0.007	0.005	0.23230127889477895	0.0004425825433835735	0.003700982077925451	0.008774903738187605	98.38267554684957
0.13065951824826874	0.007	0.005	0.24889335196396745	0.0004481178500030219	0.004547537794152933	0.010312872276918864	98.17617929620324
0.14638424597174127	0.007	0.005	0.2642335773623355	0.0004515962679483909	0.00549710257483229	0.011946265498546629	97.95893908434604
0.16290218214188834	0.007	0.005	0.27825431858445615	0.00045355905380588366	0.006549104627586422	0.013667486646976226	97.73125820623689
0.18018949641831133	0.007	0.005	0.2909206852243154	0.00045443538664443554	0.007701373752533118	0.015469144616553526	97.4935390433616
0.19822995754276967	0.007	0.005	0.3022376533092098	0.00045455210482136263	0.008951247327619451	0.017345520452389164	97.24607983732649
0.21701269035138818	0.007	0.005	0.31223951201049666	0.0004541474766565432	0.010295676648113539	0.019292198136275494	96.98910634163278
0.23653612491880868	0.007	0.005	0.3209840630657577	0.0004533887354303044	0.011731732210994605	0.02130630547307125	96.72271875736872
0.2568064470646305	0.007	0.005	0.32854423927880905	0.00045238921473286163	0.013256696991441965	0.023386182181073776	96.44691440853573
0.27783800101299466	0.007	0.005	0.3350023527966373	0.0004512232037504674	0.014868250900181259	0.02553126922747407	96.16158378287567
0.29965238289935464	0.007	0.005	0.3404451326541765	0.00044993779248535455	0.016564517109589824	0.02774188876715408	95.86652450678552
0.3222783251719613	0.007	0.005	0.3449602790825426	0.00044856169208185525	0.018344131232536417	0.03001913046222641	95.56144460495908
0.34575140248333486	0.007	0.005	0.34863389296850217	0.00044711152282397566	0.020206268313387198	0.032364740062860775	95.24596827815812
0.37011411382605647	0.007	0.005	0.3515487206518447	0.00044559610278107297	0.02215067634220182	0.03478106103380664	94.91963672965235
0.3954160500806591	0.007	0.005	0.3537829479644296	0.00044401928238353797	0.02417769861581961	0.037270994128327656	94.58190804306382
0.421714302697501	0.007	0.005	0.3554094270396292	0.00044238175094220744	0.026288300648060495	0.039837985641599204	94.23215409073502
0.4490740256208632	0.007	0.005	0.35649520887827624	0.00044068215167951624	0.028484096967922028	0.04248603137404143	93.86965574378314
0.47756923262438217	0.007	0.005	0.35710130376193705	0.0004389177384570692	0.030767385680280188	0.04521970076343034	93.49359539387643
0.5072837833964068	0.007	0.005	0.3572826015258193	0.00043708474136052014	0.03314118750008816	0.04804417332344641	93.10304753618905
0.538312661589102	0.007	0.005	0.357087906704812	0.0004351785440639618	0.035609297195899524	0.0509652941052179	92.69696620523328
0.5707641879745701	0.007	0.005	0.3565600366454889	0.00043319370440650547	0.038176397012980846	0.053989704219593516	92.2741611073438
0.604761012746213	0.007	0.005	0.35573598506841414	0.00043112399496349235	0.0408480588827584	0.05712484038923745	91.83329085775377
0.6404425229410413	0.007	0.005	0.3546471265252146	0.0004289623288243216	0.04363084337776756	0.0603790488726953	91.37283901805533
0.6779682152613596	0.007	0.005	0.35331940412215995	0.000426700616779026	0.04653245357929811	0.06376176104374605	90.89107949964787
0.7175211398562119	0.007	0.005	0.35177352124443695	0.00042432962157720045	0.049561868020172165	0.0672836406939721	90.38604345313117
0.7593126077751707	0.007	0.005	0.35002509964862116	0.00042183874509474204	0.05272953834701893	0.07095680199931569	89.8554729485235
0.8035878796348597	0.007	0.005	0.3480848046325145	0.0004192157729851208	0.056047618707000826	0.07479505758974149	89.29676613452014
0.850633500397591	0.007	0.005	0.34595840954191875	0.0004164465447829886	0.05953026313724431	0.07881423650603221	88.7069067730626
0.900786617343999	0.007	0.005	0.3436467848602989	0.00041351453926146705	0.0631939957481988	0.0830325742337767	88.08237583847372
0.9544470606321652	0.007	0.005	0.34114578179246785	0.0004104003420988553	0.06705818321986913	0.08747120439223477	87.41903809859375
1.0120931481386712	0.007	0.005	0.33844597579387764	0.000407080958006457	0.07114563941722415	0.092154779946989	86.71199558679368
1.0743026329555212	0.007	0.005	0.33553222128254456	0.00040352891158757225	0.07548340591823034	0.09711226492622024	85.95539608181954
1.1417808038710864	0.007	0.005	0.33238295178171107	0.0003997110605329964	0.08010376530482988	0.10237794798369527	85.14218031834743
1.2154008493617792	0.007	0.005	0.3289690329806621	0.00039558689169060543	0.08504570857674142	0.1079929087634174	84.26371905047185
1.2962573282980405	0.007	0.005	0.3252522053108528	0.0003911063480784325	0.09035670983063118	0.1140067359292898	83.30935020702651
1.3857422854984423	0.007	0.005	0.3211827922314831	0.00038620679726904315	0.09609514568777759	0.12047982971643217	82.26573315908098
1.4856632769550044	0.007	0.005	0.3166959988439812	0.00038080833207268375	0.10233408611377383	0.12748701978785132	81.11584776692472
1.598412888839492	0.007	0.005	0.3117067283068624	0.00037480731917551664	0.10916616893320419	0.13512201685619613	79.83762024881995
1.7272328942899287	0.007	0.005	0.3061016030537497	0.000368066616946307	0.11671074867125192	0.1435037685346312	78.40183963364863
1.8766544640828395	0.007	0.005	0.29972581023089284	0.0003603995992059378	0.12512535152505908	0.1527864610523568	76.76875540824841
2.05315108216753	0.007	0.005	0.2923654224134675	0.0003515487277186512	0.13461844392742814	0.16316888248159106	74.88352318545364
2.259874710467288	0.007	0.005	0.28397393881093114	0.00034145645617473434	0.1451527009683051	0.17456725758495856	72.73420924420617
2.4078994213789446	0.007	0.005	0.2781135811616207	0.0003344066213327244	0.15232709481575454	0.1822489405431278	71.23319587473522
2.534231975844939	0.007	0.005	0.2732077741265374	0.0003285076571847839	0.15821753767743518	0.18850227414573165	69.9766719546539
2.651780144869409	0.007	0.005	0.2687208378743821	0.0003231138825526155	0.16351297173909482	0.1940797075878518	68.82743348478346
2.76900348103441	0.007	0.005	0.26431968631417185	0.00031782264284966553	0.16862169820537976	0.19941818246740226	67.70016707896859
2.8899951313717285	0.007	0.005	0.25985263576586964	0.000312451533569008	0.1737203564528006	0.2047020101681416	66.55602198970222
3.015574399197608	0.007	0.005	0.25529603372585347	0.0003069723990885211	0.17883137151771708	0.20995144717006858	65.38894009476101
3.144463175566218	0.007	0.005	0.25070242225681283	0.000301448576208128	0.18389202952464326	0.21509939544007606	64.21237898201943
3.274592700073093	0.007	0.005	0.2461484369528495	0.0002959723165614217	0.1888179684727396	0.22005937633077868	63.04596731473077
3.4043212245795043	0.007	0.005	0.24169082722794355	0.0002906119533623555	0.19355183573753065	0.22477523494185764	61.904240312364294
3.5329557093839132	0.007	0.005	0.23735052045398333	0.0002853927188292568	0.19807763204965498	0.22923400565465152	60.79255809976147
3.660591687321793	0.007	0.005	0.23312094673784234	0.0002803067234133734	0.2024086919669791	0.23345209344198894	59.70923793097189
3.787686319950807	0.007	0.005	0.2289842058520082	0.00027533240971041456	0.20656899046954966	0.2374557317994838	58.64969502301312
3.9146915614473254	0.007	0.005	0.2249237040327109	0.00027044978545511504	0.21057980001991145	0.24126771067591885	57.60967921730875
4.041873747083545	0.007	0.005	0.22092969860169764	0.00026564711247996207	0.2144545396189688	0.2449026728645412	56.58669512293513
4.169297264064244	0.007	0.005	0.21699923781652933	0.00026092083579010394	0.21819947182674132	0.24836819004428215	55.5799867104821
4.296896158499686	0.007	0.005	0.2131334363105649	0.0002562723007266465	0.22181683143355382	0.25166802930771404	54.589839470847295
4.424563432463879	0.007	0.005	0.20933448683505268	0.00025170415266256163	0.2253078932883643	0.254805151171347	53.61681503312423
4.55221432598746	0.007	0.005	0.20560372533579707	0.0002472180053253171	0.22867478763199797	0.2577833723798704	52.66125557293881
4.679810244954382	0.007	0.005	0.20194101743556467	0.00024281370073334538	0.23192096377380256	0.2606077085985846	51.72312667226767
4.807352285318674	0.007	0.005	0.19834506395055873	0.00023848967669258447	0.23505080685952848	0.2632839510407359	50.802095571333034
4.934861589317444	0.007	0.005	0.19481404185195897	0.00023424373907424817	0.23806900528383484	0.2658180620527045	49.897695337998854
5.062361067928067	0.007	0.005	0.19134614534180905	0.00023007371412107056	0.24098006452571555	0.26821574407988863	49.00946345346838
5.189865261818552	0.007	0.005	0.1879398562252844	0.00022597777459739223	0.2437880926259611	0.27048227125374313	48.13701106269747
5.317378478204544	0.007	0.005	0.1845939702630608	0.00022195447174149643	0.24649680501474946	0.2726225151803402	47.280029724023805
5.444897972813488	0.007	0.005	0.18130749062293253	0.00021800260689594205	0.24910963508314324	0.27464105336594113	46.4382641189435
5.572418526469642	0.007	0.005	0.1780794963390215	0.00021412107290863367	0.2516298537560037	0.27654227468318476	45.61147836058529
5.699935773011503	0.007	0.005	0.17490905467708645	0.0002103087484185058	0.2540606438935568	0.27833044015133346	44.79943354784864
5.827447567608258	0.007	0.005	0.17179518997828525	0.00020656446023415117	0.25640512504855495	0.28000970067284603	44.00187978536063
5.954953826052556	0.007	0.005	0.16873689227737315	0.00020288699369582066	0.25866634657886206	0.28158409020176073	43.21855839085364
6.082455553389713	0.007	0.005	0.16573314417751123	0.00019927512508474652	0.2608472684215657	0.283057511507236	42.44920877860705
6.2099539487698205	0.007	0.005	0.16278294332159304	0.00019572764873931724	0.26295074714549627	0.28443372784046905	41.69357421502475
6.337449805968605	0.007	0.005	0.15988531589620364	0.000192243393363231	0.2649795299224881	0.285716361612582	40.95140527740276
6.46494340366877	0.007	0.005	0.157039317845898	0.00018882122350341856	0.2669362577893673	0.28690889986211177	40.22246016494217
6.592434657477735	0.007	0.005	0.15424403019316904	0.00018546003390941345	0.2688234728053282	0.28801470199754864	39.50650350005282
6.719923347918325	0.007	0.005	0.15149855315147306	0.00018215874243014877	0.2706436255260287	0.28903700717058234	38.803304820523735
6.847409238641239	0.007	0.005	0.1488020031027091	0.00017891628636633241	0.2723990800928341	0.28997893973515904	38.11263780536508
6.974892253723832	0.007	0.005	0.14615350864155185	0.00017573161769161665	0.2740921196053959	0.29084351447274825	37.434279261643496
7.102372393230967	0.007	0.005	0.1435522123090114	0.0001726037051468742	0.27572494759937194	0.29163363951424953	36.76800956849894
7.229849690996697	0.007	0.005	0.1409972712938198	0.00016953153508865023	0.2772996902008705	0.29235211968409586	36.11361285679037
7.357324214621297	0.007	0.005	0.13848785721817872	0.0001665141112313417	0.27881839880232323	0.29300166007326267	35.47087695421934
7.484796031700666	0.007	0.005	0.13602315657227737	0.00016355045517406976	0.28028305226797917	0.29358486934690237	34.83959349662334
7.61226514229227	0.007	0.005	0.13360237171694087	0.00016063960761579355	0.2816955587667737	0.29410426290640296	34.219558184783715
7.73973156333675	0.007	0.005	0.1312247189463536	0.00015778062601459462	0.28305775926577537	0.2945622666317065	33.61057028823124
7.867195278008032	0.007	0.005	0.12888942918078009	0.0001549725854277269	0.2843714293656854	0.2949612198657748	33.01243282267273
7.994656269481124	0.007	0.005	0.12659574705865248	0.0001522145774152832	0.28563828198911223	0.2953033786324026	32.4249523174476
8.122114529373157	0.007	0.005	0.12434293054402955	0.00014950570956686078	0.286859969672323	0.29559091860018	31.84793871498618
8.249570066183535	0.007	0.005	0.12213025055421924	0.00014684510505233797	0.28803808676193565	0.2958259379218512	31.281205275432896
8.377022854648386	0.007	0.005	0.1199569916049688	0.00014423190340511236	0.28917417100424214	0.29601045988134667	30.724568741898608
8.504472911707973	0.007	0.005	0.11782245026558019	0.00014166525865292803	0.29026970622828785	0.29614643567273224	30.17784894476963
8.631920228980512	0.007	0.005	0.11572593609489086	0.00013914434045334182	0.29132612364781985	0.29623574683943565	29.64086904144034
8.7593648065249	0.007	0.005	0.11366677083852485	0.00013666833312320028	0.2923448040151594	0.29628020779001357	29.113455310705163
8.886806635960076	0.007	0.005	0.1116442884863835	0.00013423643571023371	0.29332707926561596	0.2962815681621017	28.59543716748364
9.014245683586207	0.007	0.005	0.10965783530505205	0.00013184786203471213	0.2942742341275825	0.29624151513628044	28.08664717112086
9.14168236300508	0.007	0.005	0.1077067624196484	0.00012950183169104556	0.2951875111415494	0.29616167531737614	27.586919125377207
9.269116497031781	0.007	0.005	0.10579044168118594	0.00012719758929710242	0.2960681046528499	0.2960436173190406	27.096092142533998
9.396547857856676	0.007	0.005	0.10390825675140847	0.0001249343936884803	0.2969171666455697	0.2958888539720504	26.61400835995339
9.523976276758772	0.007	0.005	0.1020596012667098	0.00012271151569213335	0.2977358089687367	0.29569884417803577	26.140512469803397
9.651401711611694	0.007	0.005	0.1002438777733003	0.00012052823683326354	0.29852510509919816	0.29547499459456644	25.675451446322107
9.778824170923983	0.007	0.005	0.09846049875320041	0.00011838385058087801	0.29928609093253916	0.29521866146874265	25.218674808605495
9.90624370539591	0.007	0.005	0.09670888661264807	0.00011627766233459326	0.30001976601811287	0.29493115237471973	24.77003461763795
10.033660340409444	0.007	0.005	0.09498847444863974	0.00011420899035799628	0.3007270944409619	0.29461372806137237	24.329385672626554
10.161074092906736	0.007	0.005	0.09329870561053875	0.00011217716524848912	0.30140900618531624	0.294267604095906	23.896585398715704
10.288484929201413	0.007	0.005	0.09163903405287996	0.00011018153036932677	0.3020663981328278	0.2938939526029964	23.471493937351074
10.415892840922524	0.007	0.005	0.09000892313593396	0.00010822144039338241	0.30270013564039494	0.29349390361465383	23.05397383906817
10.543297794387186	0.007	0.005	0.08840784611172571	0.00010629626189679804	0.3033110533960887	0.29306854670512816	22.643890187976307
10.670699755914876	0.007	0.005	0.08683528561532403	0.00010440537274249509	0.30389995663421693	0.2926189323580667	22.24111047146259
10.798098725575855	0.007	0.005	0.08529073309239396	0.00010254816138503723	0.30446762232206914	0.292146073220779	21.84550443357098
10.925494686566577	0.007	0.005	0.08377368926872186	0.00010072402744471461	0.30501479992228847	0.29165094561009075	21.45694419526175
11.052887630521393	0.007	0.005	0.08228366367674061	9.893238113315994e-5	0.3055422124776006	0.29113449071056463	21.075304133140346
11.180277540638754	0.007	0.005	0.0808201746975199	9.717264330701956e-5	0.3060505574723761	0.29059761588257776	20.700460890212486
11.307664408554611	0.007	0.005	0.07938274920722897	9.544424503931638e-5	0.3065405078036551	0.29004119579264326	20.33229328533258
11.435048217469426	0.007	0.005	0.07797092261765681	9.37466276714385e-5	0.30701271258306384	0.28946607364072485	19.970682323582253
11.562428950584875	0.007	0.005	0.07658423862618002	9.207924251066934e-5	0.30746779801078183	0.2888730622418589	19.615511132229557
11.689806607975227	0.007	0.005	0.07522224888919476	9.044155043377755e-5	0.3079063682413634	0.2882629450199642	19.266664877085308
11.817181164408307	0.007	0.005	0.07388451333188416	8.883302226823768e-5	0.30832900601625224	0.2876364772450098	18.92403084184358
11.944552628394883	0.007	0.005	0.07257059937798863	8.725313785339687e-5	0.30873627361754036	0.286994386749001	18.587498230802897
12.071920983139895	0.007	0.005	0.07128008243368673	8.57013866347712e-5	0.30912871339586745	0.2863373751797366	18.25695829280277
12.199286237154107	0.007	0.005	0.07001254522748501	8.417726685923788e-5	0.3095068486333711	0.2856661186780029	17.932304152149516
12.326648365209037	0.007	0.005	0.0687675782693618	8.26802861399618e-5	0.30987118404017755	0.28498126908343885	17.6134309262169
12.454007358946962	0.007	0.005	0.06754477920670472	8.12099606707539e-5	0.3102222065614464	0.28428345453955345	17.300235560482324
12.581363226879253	0.007	0.005	0.06634375270859318	7.976581508662579e-5	0.31056038599754604	0.28357328032144524	16.99261679888827
12.708715969082629	0.007	0.005	0.06516411058390324	7.834738261135781e-5	0.3108861755394122	0.2828513297797012	16.690475214092366
12.836065585633804	0.007	0.005	0.06400547157196287	7.695420480379809e-5	0.3112000123789083	0.282118165074259	16.393713153847983
12.963412076609492	0.007	0.005	0.06286746121865613	7.558583140878993e-5	0.31150231827390845	0.28137432792562916	16.102234709270867
13.090755433652996	0.007	0.005	0.06174971182810744	7.424182030098496e-5	0.3117935000744903	0.28062034038979894	15.815945702463988
13.218095665274642	0.007	0.005	0.06065186212048616	7.292173706731e-5	0.3120739503069603	0.27985670540772484	15.53475359887104
13.345432771551138	0.007	0.005	0.059573557340021614	7.162515514269878e-5	0.31234404762149204	0.2790839076278015	15.258567534942378
13.47276676099198	0.007	0.005	0.058514448994186646	7.035165549236865e-5	0.31260415731878066	0.2783024139553563	14.987298251332092
13.60009765053863	0.007	0.005	0.057474194746686184	6.910082648297837e-5	0.31285463181897316	0.2775126741774187	14.720858065489217
13.727425440266554	0.007	0.005	0.05645245851332198	6.787226400401601e-5	0.3130958110672357	0.276715121724916	14.459160896211532
13.854750138683391	0.007	0.005	0.05544891014284892	6.666557107782054e-5	0.3133280230245664	0.27591017410117114	14.202122181903334
13.982071754296166	0.007	0.005	0.05446322538031423	6.548035781747116e-5	0.3135515840742085	0.2750982334967887	13.949658871185528
14.109390312474833	0.007	0.005	0.053495085634467	6.431624114275469e-5	0.3137667994585973	0.27427968722429946	13.701689363322222
14.236705821724382	0.007	0.005	0.05254417813509754	6.317284497777488e-5	0.31397396361480984	0.2734549084576695	13.45813354852007
14.364018290549195	0.007	0.005	0.05161019569717184	6.204979996309016e-5	0.3141733605864742	0.27262425663184753	13.218912747516036
14.491327744315395	0.007	0.005	0.050692836500487753	6.094674318631752e-5	0.31436526441581863	0.27178807781944697	12.983949655140803
14.61863419995633	0.007	0.005	0.0497918041796698	5.9863318296762224e-5	0.3145499394571198	0.27094670536558463	12.753168363369083
14.745937674404164	0.007	0.005	0.04890680766406712	5.879917531070936e-5	0.31472764073246917	0.27010046028753804	12.52649432031274
14.873238209881626	0.007	0.005	0.048037560911771325	5.77539702848209e-5	0.31489861429478816	0.2692496515432789	12.303854262094756
15.000535806456565	0.007	0.005	0.04718378328001171	5.672736577930231e-5	0.3150630974540704	0.2683945769039579	12.085176307718578
15.12783049791763	0.007	0.005	0.046345198912883065	5.5719030101565405e-5	0.31522131918729	0.2675355228552241	11.870389802246912
15.255122309621154	0.007	0.005	0.04552153694178591	5.472863755834302e-5	0.31537350037677464	0.26667276527148176	11.659425368140399
15.382411266921755	0.007	0.005	0.04471253133897795	5.3755868277330083e-5	0.31551985410736294	0.2658065697390492	11.452214867747818
15.509697386742717	0.007	0.005	0.04391792088295325	5.280040816783925e-5	0.3156605859327785	0.26493719197975046	11.248691394438646
15.636980702865102	0.007	0.005	0.043137448914913924	5.1861948621012726e-5	0.3157958941695187	0.2640648780312282	11.048789210228191
15.764261249067756	0.007	0.005	0.04237086336499511	5.0940186545877314e-5	0.3159259701328048	0.2631898647015979	10.85244375249455
15.891539059127327	0.007	0.005	0.04161791666992402	5.003482427030823e-5	0.3160509983840084	0.26231237989800466	10.659591612888713
16.0	0.007	0.005	0.04098685478332352	4.927950456822701e-5	0.316153694600747	0.26156281975446716	10.497957813509197
