0.0	0.007	0.005	0.0	0.0	0.0	0.0	100.0
0.006744277602442632	0.007	0.005	0.017096536306872762	5.857485592070194e-5	1.422780991111649e-5	5.0042227323291e-5	99.94408530362799
0.012066375497204976	0.007	0.005	0.03001053992808348	9.74479279960744e-5	4.495277137180178e-5	0.00015254144131130173	99.89998352573078
0.01960803404841872	0.007	0.005	0.04747792649992833	0.00014331385206765542	0.00011654792095478432	0.00037663360346569557	99.83752259412395
0.02723590272815298	0.007	0.005	0.06419952203580104	0.00018064416745673214	0.00022076688914101424	0.0006805534811138686	99.77438738459236
0.03620695201995515	0.007	0.005	0.08271691576922799	0.00021527158003420546	0.00038188544556222134	0.0011167888869874625	99.70018587339322
0.045774293073485454	0.007	0.005	0.10117966919906474	0.00024357424534514276	0.000596733512262069	0.001654913916033015	99.62111310853693
0.05637147884028789	0.007	0.005	0.12018496262003076	0.0002670355380080776	0.0008829086247012312	0.0023171272086387217	99.53360201810987
0.0677634391860043	0.007	0.005	0.13904461537336266	0.0002853964563571256	0.001242768574216502	0.003085950412280222	99.43961344999441
0.08011985001757012	0.007	0.005	0.1578052464439578	0.000299505777116509	0.0016892288746179042	0.00396732794885191	99.337768089529
0.09339169777588666	0.007	0.005	0.17615627367443376	0.00030991916591588343	0.0022280558741865	0.004951880556686727	99.22849359914879
0.10766469807269888	0.007	0.005	0.1940003109242106	0.00031736100510266466	0.0028695047690577903	0.0060396497675675115	99.11111020899746
0.12294360026174037	0.007	0.005	0.21114057177622456	0.0003224496162666183	0.003620028244899672	0.00722497129834437	98.98560800401395
0.13925904020130983	0.007	0.005	0.22743635396043693	0.00032575459181726255	0.004486353747227736	0.00850463113124233	98.85176704297149
0.15659195565804895	0.007	0.005	0.24272725374628545	0.0003277494870185248	0.005471479095430008	0.009872204414050038	98.7097776378117
0.17491461469559372	0.007	0.005	0.25689107572773456	0.0003288197166407045	0.006576313953345628	0.011321316073138195	98.55990210547024
0.19418223730920048	0.007	0.005	0.2698399881072772	0.00032926063504953206	0.0077991104480726265	0.012845009182680658	98.40254243137686
0.21435892272904	0.007	0.005	0.28153720960209705	0.0003292872817650811	0.009137158721267715	0.014437734842370313	98.23802768626378
0.23541807386792493	0.007	0.005	0.2919866552506623	0.00032904772887840783	0.010587174464923722	0.016095260738293638	98.0666109208755
0.25734744257364156	0.007	0.005	0.30122500894851206	0.00032863910881993357	0.01214599338130111	0.01781491530152189	97.8884286745324
0.28014616221134225	0.007	0.005	0.3093105087381262	0.00032812244152669284	0.01381068340284956	0.01959520693645066	97.70352595527781
0.303824400084968	0.007	0.005	0.3163153396959371	0.00032753454858445915	0.01557875801724158	0.02143567526815358	97.51185987299343
0.3284016525216402	0.007	0.005	0.32231934057076644	0.00032689676443128766	0.017448228432315766	0.023336664329638983	97.3133142873067
0.3539062938915631	0.007	0.005	0.32740570679574255	0.00032622085395998823	0.01941769422232072	0.025299217837859864	97.10770427645156
0.3803749805997233	0.007	0.005	0.3316577923447646	0.00032551284352390206	0.021486383507012163	0.02732498067484113	96.89478180564403
0.40785263393749294	0.007	0.005	0.3351569176899238	0.0003247753838168966	0.02365420656045535	0.029416156495858433	96.67423677174621
0.4363924842117449	0.007	0.005	0.3379808277226925	0.0003240091584592546	0.025921790728713097	0.03157547636486392	96.445697638665
0.4660564526519123	0.007	0.005	0.3402026790717865	0.00032321368790395107	0.028290523289251832	0.03380619576386205	96.20872947260384
0.49691568921096085	0.007	0.005	0.34189039437189844	0.0003223877714599075	0.030762591790759745	0.0361121030855481	95.96283088185143
0.5290513887045878	0.007	0.005	0.3431062969394534	0.0003215297148549001	0.033341034050839644	0.03849754652372764	95.70742892831014
0.5625558336499915	0.007	0.005	0.34390694334507205	0.000320637436191996	0.03602979520282429	0.04096747336411998	95.44187248336557
0.5975337371384075	0.007	0.005	0.3443431004219918	0.00031970850183340375	0.038833798249377674	0.043527485132320486	95.16542351493604
0.634103924542283	0.007	0.005	0.3444598226022078	0.00031874012146608375	0.04175903102183391	0.046183909215292834	94.87724608872956
0.6724014288202528	0.007	0.005	0.34429659680218544	0.00031772911705430824	0.04481265449180635	0.04894388979582453	94.57639260699719
0.7125807462790266	0.007	0.005	0.34388752095205427	0.0003166718551043613	0.04800318972485069	0.05181554809917737	94.26178158854799
0.7548178910919945	0.007	0.005	0.34326151888620343	0.0003155642094529417	0.05134059254299478	0.05480803843999751	93.93218569739761
0.7993147175842727	0.007	0.005	0.34244256238986726	0.00031440146587577834	0.05483648879588454	0.057931745296344324	93.58620299166951
0.8463040191287234	0.007	0.005	0.34144987625893264	0.0003131782102789898	0.058504444355758176	0.06119850484105075	93.22222352423093
0.8960556549581028	0.007	0.005	0.34029812359948697	0.00031188819574908883	0.06236028180379703	0.06462185980740481	92.83838975601174
0.9488844671121408	0.007	0.005	0.33899755178649116	0.00031052417082394376	0.0664224922594453	0.0682173880102209	92.43254547761859
1.005160302258472	0.007	0.005	0.3375540867521029	0.0003090776638325885	0.07071275065801023	0.07200310773920127	92.00217168506012
1.0653210050206652	0.007	0.005	0.33596935306251474	0.0003075387050034706	0.07525657887187315	0.0759999937488995	91.54430395876358
1.1298892972545256	0.007	0.005	0.33424059712334037	0.000305895468675997	0.08008419442378184	0.08023262918104794	91.05542609149533
1.1994951642608063	0.007	0.005	0.33236047527876206	0.0003041338026133078	0.08523162102386558	0.08473004898800092	90.53133015204587
1.2749057556379397	0.007	0.005	0.3303166622237532	0.00030223660591434246	0.09074214265208029	0.08952682946339362	89.96693153930502
1.3570670565329856	0.007	0.005	0.32809118150184174	0.00030018296720666455	0.09666831115286961	0.09466458109855029	89.35601276678564
1.4471636143256676	0.007	0.005	0.3256593172936367	0.00029794693640527715	0.10307479766538995	0.10019405483676806	88.69085830747882
1.5466930319236798	0.007	0.005	0.3229882448738057	0.00029549605785335196	0.1100416091527567	0.10617738566203061	87.96181856694506
1.6575922504166873	0.007	0.005	0.32003446285224274	0.0002927888240785711	0.11766989046205803	0.1126922846309498	87.15655302172553
1.7824029594290078	0.007	0.005	0.3167405139194095	0.0002897714985966986	0.12608870174578787	0.11983660916096939	86.25908658111517
1.9244499916397828	0.007	0.005	0.3130318750777191	0.0002863750961205718	0.13546014580681948	0.12773085869035852	85.24891878045729
2.086052361640146	0.007	0.005	0.3088649613562246	0.00028255897335129244	0.1458562137379213	0.13641308812390576	84.11406033822105
2.2434472726069883	0.007	0.005	0.3048596956815004	0.00027888943092122524	0.15571674603896796	0.14457171529402024	83.02327329023788
2.3770959064658173	0.007	0.005	0.301499466352156	0.0002758107328562797	0.16388948156875033	0.15127498177371618	82.10816639446668
2.4953848450212766	0.007	0.005	0.2985563122623918	0.000273116414028815	0.17097305479302102	0.15703998247105305	81.30664696021901
2.608434278968118	0.007	0.005	0.29577037154972224	0.0002705664249865781	0.17761394321290058	0.16240544826154776	80.54794323861846
2.7228141498878147	0.007	0.005	0.2929780985785529	0.0002680100113997392	0.18420717352713611	0.16769355432024402	79.78751557545323
2.841256903304372	0.007	0.005	0.29011441950651123	0.00026538775257821157	0.19090375386618472	0.1730235685970936	79.00764193741362
2.963768100987153	0.007	0.005	0.2871818202862472	0.0002627021240325743	0.1976930102660559	0.17838370193304356	78.20899920103234
3.0887637017041856	0.007	0.005	0.28422030041876306	0.0002599898654839443	0.20447888128796093	0.183695662422226	77.40248047700713
3.2143494203631047	0.007	0.005	0.28127555516349717	0.0002572929069660466	0.21115622401451697	0.1888766260369196	76.60053004989398
3.339276325271269	0.007	0.005	0.27837652856263395	0.00025463783002506517	0.21766161744681384	0.19387862170855744	75.81103031605946
3.4631753214837	0.007	0.005	0.2755308678841475	0.00025203168051359177	0.22398136475419464	0.19869322832618386	75.03606387130566
3.5862831108680475	0.007	0.005	0.27273219121243125	0.0002494686120839485	0.23013308845837352	0.20333601425672737	74.27389270920762
3.709044177246001	0.007	0.005	0.26996970434367024	0.00024693871451493044	0.236143327596242	0.2078287496578201	73.52157721428382
3.83182608797421	0.007	0.005	0.2672347365777473	0.00024443402540909537	0.2420330713701257	0.21218841159629373	72.77675607105192
3.9548092205050795	0.007	0.005	0.26452306158228833	0.00024195066578028222	0.24781309687990427	0.2164239665703151	72.03827831088182
4.078005648276708	0.007	0.005	0.26183427088132527	0.00023948826420445944	0.2534857835623373	0.2205380443829724	71.3060326923528
4.201335500546892	0.007	0.005	0.25916994315558206	0.00023704827475027758	0.259049334636559	0.22453026374121382	70.58044914181635
4.324703495229738	0.007	0.005	0.25653191518255614	0.0002346323886862589	0.26450154467750375	0.22840005419290635	69.86202787382842
4.448045108626953	0.007	0.005	0.25392129458503826	0.0002322416273877958	0.2698418327424422	0.23214809493779612	69.15107053028493
4.571337912769599	0.007	0.005	0.25133825856129693	0.00022987615708208145	0.27507156783699416	0.23577647759406806	68.44762536806596
4.694590290411242	0.007	0.005	0.24878233275110898	0.0002275355448469249	0.280193414590943	0.2392881821686461	67.75156320337273
4.8178230268718165	0.007	0.005	0.24625279993957147	0.00022521913415908122	0.2852104599290553	0.24268643477929774	67.06268871513736
4.941054779077625	0.007	0.005	0.24374900643961564	0.00022292632655659546	0.29012559119234904	0.24597427445285858	66.3808238829985
5.064295455513083	0.007	0.005	0.241270491883483	0.00022065670103005314	0.2949412531029165	0.24915439970324393	65.7058433337635
5.1875463710959195	0.007	0.005	0.23881697683502223	0.00021841000270579998	0.299659491940057	0.25222921408717164	65.03767096783217
5.310803804031711	0.007	0.005	0.23638828417701355	0.00021618607061893571	0.3042821230602936	0.25520094896967205	64.37625855039474
5.434062897347574	0.007	0.005	0.23398425833191525	0.00021398476346368	0.30881089277453094	0.25807177442729257	63.72156371259982
5.557320157252341	0.007	0.005	0.23160471620662	0.00021180591449008551	0.31324757175963297	0.26084385921933556	63.07353659220811
5.680574179794052	0.007	0.005	0.22924943478139012	0.0002096493200873243	0.3175939755307962	0.26351938108632966	62.43211645365335
5.803825177279529	0.007	0.005	0.22691816208591997	0.00020751474987620896	0.3218519410936001	0.2661005094367985	61.79723467718308
5.927074088442056	0.007	0.005	0.22461063532225345	0.00020540196338148003	0.3260232920823203	0.26858938242200153	61.16881969432165
6.050321819325203	0.007	0.005	0.22232659551876893	0.00020331072351979237	0.3301098121573458	0.2709880907625438	60.54680097862924
6.173568851513037	0.007	0.005	0.22006579460546447	0.00020124080311978724	0.33411323338537374	0.2732986717093795	59.931110972533645
6.296815250307443	0.007	0.005	0.21782799482975443	0.00019919198439594574	0.33803523872639374	0.2755231116776196	59.32168492823258
6.420060819819123	0.007	0.005	0.2156129655669834	0.00019716405602393028	0.34187746891875137	0.2776633512261087	58.718460039091866
6.543305282542145	0.007	0.005	0.213420479878908	0.00019515680998204128	0.34564152942270643	0.2797212897078677	58.12137450240815
6.66654844259848	0.007	0.005	0.211250311559704	0.00019317003883936306	0.3493289961539892	0.2816987888928637	57.53036671493954
6.789790185735411	0.007	0.005	0.20910223518971569	0.00019120353581112236	0.3529414158634625	0.283597673475994	56.94537528754371
6.9130304793220745	0.007	0.005	0.20697602618714228	0.0001892570948117636	0.3564803065197421	0.285419731588115	56.36633905925354
7.036269364183985	0.007	0.005	0.2048714609963659	0.000187330510633487	0.35994715746706524	0.2871667151962777	55.7931971485651
7.159506881145269	0.007	0.005	0.20278831836387834	0.00018542358012614958	0.3633434278320093	0.28884033966706985	55.22588930091411
7.28274303022111	0.007	0.005	0.20072637999362744	0.00018353610280596845	0.3666705460475238	0.2904422839980796	54.66435606714839
7.405977811426691	0.007	0.005	0.19868542981638085	0.00018166788018762233	0.3699299116341117	0.2919741921633715	54.1085386045515
7.5292112166158605	0.007	0.005	0.19666525410009256	0.00017981871589041817	0.37312289557570527	0.29343767373356144	53.55837870689934
7.652443237642738	0.007	0.005	0.19466564128887145	0.00017798841549420322	0.37625084111934126	0.29483430468834754	53.013818760605794
7.775673850039424	0.007	0.005	0.19268638224166282	0.00017617678676325155	0.3793150639343232	0.296165627929594	52.474801809723814
7.898903061983074	0.007	0.005	0.1907272694225618	0.00017438363890391893	0.3823168538832419	0.29743315448564106	51.94127133544111
8.02213085716768	0.007	0.005	0.18878809780005196	0.0001726087833966271	0.38525747412931466	0.29863836354105533	51.413171500972176
8.145357251931266	0.007	0.005	0.18686866392047582	0.0001708520331452536	0.38813816304627463	0.2997827036594655	50.89044689923406
8.268582246289748	0.007	0.005	0.18496876666374454	0.00016911320317655577	0.39096013354766435	0.3008675929168061	50.37304275865094
8.39180585658041	0.007	0.005	0.18308820671353643	0.00016739211015465397	0.3937245743581573	0.30189441982523463	49.86090479887178
8.515028066497612	0.007	0.005	0.1812267872848357	0.00016568857305441131	0.39643264940852707	0.3028645435286529	49.35397942890282
8.63824890053877	0.007	0.005	0.17938431298539242	0.00016400241211416737	0.3990854999614125	0.3037792950006965	48.85221343704597
8.76146837504007	0.007	0.005	0.17756059054731427	0.0001623334495124542	0.4016842439761678	0.30463997720578373	48.35555419013525
8.884686498176839	0.007	0.005	0.1757554288002615	0.00016068150934547896	0.4042299765957796	0.30544786568978133	47.86394962623675
9.007903269963895	0.007	0.005	0.17396863864504303	0.00015904641760482462	0.4067237706231839	0.3062042091577608	47.37734824745814
9.131118714896502	0.007	0.005	0.17220003256148325	0.00015742800172524482	0.4091666776277237	0.30691023021962693	46.895698985924554
9.254332832988945	0.007	0.005	0.17044942529858953	0.00015582609122309879	0.4115597273944973	0.30756712562720606	46.41895139173393
9.377545632415488	0.007	0.005	0.16871663338041024	0.00015424051724206666	0.41390392901959383	0.3081760670045432	45.94705549838583
9.500757137669908	0.007	0.005	0.16700147497954657	0.00015267111243776356	0.4162002714667807	0.30873820138342795	45.479961788334606
9.623967348765797	0.007	0.005	0.16530377046874156	0.00015111771148823872	0.4184497232135083	0.3092546515153241	45.017621343205285
9.747176273876468	0.007	0.005	0.163623341941679	0.00014958015065295014	0.42065323328061316	0.3097265165308965	44.55998571329127
9.870383929334613	0.007	0.005	0.16196001319991893	0.00014805826776177723	0.42281173161427676	0.3101548724101018	44.107006913996564
9.993590323312871	0.007	0.005	0.16031360995681285	0.00014655190240438218	0.4249261291836737	0.3105407723951211	43.6586374813683
10.116795488462044	0.007	0.005	0.15868395938393795	0.00014506089551221744	0.42699731892013776	0.3108852475559604	43.21483034857643
10.239999441113177	0.007	0.005	0.15707089064066296	0.00014358508984854	0.4290261753842791	0.3111893071126919	42.775538990131324
10.36320217311889	0.007	0.005	0.15547423495015295	0.00014212433007966985	0.43101355503066924	0.31145393889367345	42.34071744258263
10.486403708968977	0.007	0.005	0.1538938248364232	0.00014067846207073317	0.43296029750016823	0.3116801099076219	41.910320096744044
10.609604048675052	0.007	0.005	0.15232949484957112	0.00013924733355654846	0.4348672250430718	0.31186876664304464	41.484301895197696
10.732803208566887	0.007	0.005	0.15078108102221868	0.0001378307936398743	0.43673514351493253	0.3120208355697353	41.06261818426551
10.856001204973785	0.007	0.005	0.14924842106465164	0.00013642869297230052	0.4385648424483886	0.31213722351313994	40.6452247671523
10.979198046065662	0.007	0.005	0.1477313544475344	0.00013504088383130036	0.44035709526662614	0.3122188180536912	40.23207792647142
11.102393748171057	0.007	0.005	0.14622972218187763	0.00013366721991720616	0.44211265984975695	0.31226648793738704	39.8231343643228
11.225588319459277	0.007	0.005	0.1447433670031522	0.00013230755652394882	0.44383227861476804	0.31228108345194006	39.41835125243349
11.348781768099409	0.007	0.005	0.1432721332526555	0.00013096175042972595	0.4455166789486688	0.31226343681451935	39.01768619984942
11.471974322543774	0.007	0.005	0.1418158642703594	0.00012962965748348432	0.4471665764327121	0.31221436242761264	38.62109654292289
11.595166072543552	0.007	0.005	0.14037440668933066	0.0001283111365795729	0.44878267018081497	0.31213465724822487	38.2285405148236
11.718356846774459	0.007	0.005	0.13894761174499912	0.00012700605087239683	0.45036564177209554	0.3120251014470698	37.83997760209525
11.841546522867246	0.007	0.005	0.13753533156922718	0.00012571426434634128	0.45191615974345967	0.311886458681668	37.45536753540931
11.96473503556466	0.007	0.005	0.13613741911299268	0.0001244356417437522	0.4534348798973145	0.31171947635942826	37.07467026850934
12.087922393035988	0.007	0.005	0.13475372798278046	0.0001231700484127918	0.45492244569302875	0.3115248858739362	36.69784593365471
12.211108644241422	0.007	0.005	0.13338411282868348	0.00012191735066652822	0.45637948804043776	0.31130340291181735	36.324854947313526
12.334293838139857	0.007	0.005	0.1320284297986668	0.0001206774162038396	0.45780662504701736	0.3110557278176214	35.95565813387338
12.457478015530844	0.007	0.005	0.13068653661136753	0.00011945011417707466	0.4592044621867725	0.31078254592985294	35.59021674546721
12.58066120089687	0.007	0.005	0.12935829262366458	0.00011823531525496017	0.46057359247509666	0.31048452792022196	35.22849248037485
12.703843377929989	0.007	0.005	0.12804355906646336	0.00011703289184171993	0.46191459647312705	0.31016233017958833	34.87044754723476
12.827024554796354	0.007	0.005	0.1267421983218524	0.00011584271740668768	0.46322804326534944	0.3098165949638431	34.516044468190124
12.950204731504089	0.007	0.005	0.12545407426142452	0.00011466466679819431	0.4645144903327699	0.30944795076065784	34.16524617102496
13.073383908061311	0.007	0.005	0.12417905214357719	0.0001134986161483467	0.46577448387744264	0.30905701255408363	33.81801596119548
13.196562108949255	0.007	0.005	0.12291699834990591	0.00011234444262818109	0.46700855929331697	0.30864438201820726	33.47431745004152
13.319739326018006	0.007	0.005	0.12166778096006425	0.00011120202498156963	0.4682172408103269	0.3082106479744143	33.13411471133947
13.442915583748151	0.007	0.005	0.12043126906912982	0.00011007124289116044	0.4694010423677745	0.30775638643989567	32.797372095399055
13.566090890304677	0.007	0.005	0.1192073332744168	0.00010895197743059086	0.4705604673407171	0.30728216105460676	32.464054361638105
13.689265237537477	0.007	0.005	0.11799584565345374	0.00010784411104423765	0.4716960087668655	0.3067885233508103	32.1341266725851
13.812438625454021	0.007	0.005	0.11679667950531716	0.00010674752730680174	0.4728081497869085	0.3062760129126463	31.80755452343618
13.935611070376433	0.007	0.005	0.11560970926323444	0.00010566211084186462	0.47389736390990217	0.30574515757948534	31.484303718253607
14.05878257231193	0.007	0.005	0.1144348107990319	0.00010458774760507213	0.4749641149166403	0.3051964738223885	31.164340452877372
14.181953147582139	0.007	0.005	0.11327186109557777	0.00010352432457934202	0.4760088573423124	0.30463046683944717	30.847631225720377
14.305122812508316	0.007	0.005	0.11212073839337931	0.00010247172991117983	0.47703203651807274	0.3040476308538171	30.534142877691824
14.428291550783023	0.007	0.005	0.11098132247797031	0.00010142985317845214	0.4780340884949001	0.30344844950122196	30.22384267046211
14.551459370570253	0.007	0.005	0.10985349413168036	0.00010039858487984295	0.4790154407037124	0.30283339578398605	29.916698137161735
14.674626271876857	0.007	0.005	0.10873713542685531	9.937781670789022e-5	0.47997651186143997	0.3022029324412363	29.612677162234807
14.797792271023484	0.007	0.005	0.10763212949124933	9.836744133027177e-5	0.480917712337768	0.3015575120368806	29.311747917547606
14.920957376173586	0.007	0.005	0.10653836071939014	9.736735258677087e-5	0.48183944413251734	0.3008975772908042	29.013878919950287
15.044121579176869	0.007	0.005	0.10545571482798341	9.63774455410962e-5	0.48274210099115483	0.30022356133302497	28.719039046365324
15.16728488003994	0.007	0.005	0.10438407862476712	9.539761626529664e-5	0.4836260687555852	0.2995358877746669	28.427197470838866
15.290447278769408	0.007	0.005	0.10332334007019806	9.442776189725122e-5	0.48449172546233066	0.29883497094587524	28.13832368134015
15.413608791685089	0.007	0.005	0.1022733881273437	9.346778050040948e-5	0.4853394416115474	0.29812121599212776	27.852387438882097
15.536769410636808	0.007	0.005	0.10123411309967416	9.251757137928446e-5	0.48616958003819744	0.2973950192963632	27.56935886951305
15.65992915194403	0.007	0.005	0.100205406202282	9.15770346788857e-5	0.48698249640067687	0.2966567683795396	27.28920834754597
15.78308800745658	0.007	0.005	0.09918715996344932	9.06460717599884e-5	0.4877785389994921	0.29590684236939696	27.01190660491826
15.906245985337199	0.007	0.005	0.09817926787095449	8.972458486853023e-5	0.48855804919489243	0.29514561193462063	26.73742463486952
16.0	0.007	0.005	0.0974188813497078	8.903204568405423e-5	0.48914057864396054	0.29455876125610675	26.5303465241229
