0.0	0.007	0.005	0.0	0.0	0.0	0.0	100.0
0.006359550470251101	0.007	0.005	0.020695826670819754	8.471431230562776e-5	2.089713527869169e-5	5.238078903930542e-5	99.95592866948428
0.011440558260400163	0.007	0.005	0.036528627069093975	0.00014203626983903779	6.675464022149434e-5	0.0001616858720332489	99.92073152704438
0.018605440461908544	0.007	0.005	0.05784313459130454	0.00020978847446448932	0.0001733663269544384	0.00040080294098161556	99.87112003565935
0.025879163067283027	0.007	0.005	0.07832800576558835	0.0002655829965851778	0.0003293328898980859	0.0007277353780779512	99.82078010184779
0.03441789436230576	0.007	0.005	0.10097545645328312	0.00031768787041652627	0.0005702458922145006	0.0011980569345653753	99.76171767972465
0.04352899087171641	0.007	0.005	0.12357426034160941	0.0003607227306784963	0.0008918635617760034	0.0017807190070223025	99.69873474431766
0.053605501768185515	0.007	0.005	0.1468100985878948	0.00039673956971592527	0.0013197838674448637	0.0024991514962111197	99.62912442452358
0.06442630566369591	0.007	0.005	0.16985529079153686	0.0004252604705325765	0.0018574396218530773	0.0033350462651660214	99.5544265160325
0.07613897411030679	0.007	0.005	0.1927484656012465	0.0004474606945918662	0.0025231690108557005	0.004294152057240891	99.47363502849247
0.08869072030564334	0.007	0.005	0.2151132370951449	0.0004641027721820493	0.0033247828584156503	0.005365944202030645	99.38712853875217
0.10214961420211328	0.007	0.005	0.23682624221172546	0.00047622422536204307	0.004276169348828017	0.0065494481292	99.29445357754541
0.11650968238368486	0.007	0.005	0.2576533707234592	0.0004847218450615367	0.00538551366827292	0.007837596742192697	99.19566861703858
0.13179016362818377	0.007	0.005	0.2774337172240359	0.0004904371225302061	0.006661345749792318	0.009226008879157819	99.0906599299884
0.14797025643771794	0.007	0.005	0.295991595490751	0.000494078819121065	0.008107237116629706	0.010707397309533523	98.97959020966222
0.16502664596968375	0.007	0.005	0.31319995007045065	0.0004962321041755152	0.009724353400604917	0.012275038698233952	98.86263986141559
0.18292360984482864	0.007	0.005	0.3289699938388971	0.0004973524374518233	0.011510553317321943	0.013921905576401803	98.74007452060656
0.2016329873708032	0.007	0.005	0.3432670943350516	0.000497778424964458	0.013462476583178777	0.015642440404280956	98.61210790727198
0.22113349925922185	0.007	0.005	0.35609924585434505	0.0004977493755505809	0.01557593073181466	0.017432369647127192	98.47890667697342
0.24141534421142438	0.007	0.005	0.36750956433998383	0.0004974272238061281	0.0178468215380013	0.01928897140396723	98.34055930895322
0.26247805230295956	0.007	0.005	0.3775647302323991	0.0004969173146083626	0.020271328518394322	0.02121072669159221	98.19709120553674
0.2843304851344476	0.007	0.005	0.38634704264247455	0.0004962857670300581	0.022846219894169486	0.02319719040915799	98.04846513083417
0.3069894735060782	0.007	0.005	0.393947598359859	0.0004955726620368109	0.025568935161917473	0.025248765214557357	97.89459094430867
0.3304794699501724	0.007	0.005	0.40046157993167986	0.0004948013879675337	0.028437716278839065	0.027366593158262835	97.73532841949338
0.3548320180160153	0.007	0.005	0.40598469136109433	0.0004939849491073236	0.03145166548366918	0.029552450119468856	97.5704913229936
0.38008576605402805	0.007	0.005	0.4106107047058446	0.0004931300354334696	0.03461082857115345	0.031808703079363454	97.39984782513191
0.40628626238077914	0.007	0.005	0.4144296691613534	0.000492239570949649	0.03791621987875988	0.03413825641580572	97.22312243025434
0.4334865848925875	0.007	0.005	0.41752680153338	0.0004913142300143597	0.04136992740935559	0.03654457729708344	97.03999232796079
0.46174741930882746	0.007	0.005	0.4199816698685601	0.0004903533384274456	0.04497512969061887	0.039031673330988094	96.85008754785008
0.4911379272051285	0.007	0.005	0.42186777598414776	0.0004893553610447575	0.04873619660155801	0.04160413943775726	96.6529858915814
0.5217364281752024	0.007	0.005	0.42325231568366095	0.0004883181674161445	0.05265875337323451	0.044267185257148546	96.4482092504857
0.5536315414434672	0.007	0.005	0.42419612588264866	0.0004872391513066708	0.056749790950660836	0.04702669825593568	96.23521700236932
0.5869234569623104	0.007	0.005	0.4247537395615951	0.0004861152737461043	0.06101778101794115	0.049889311586401607	96.01339875067143
0.6217255899300023	0.007	0.005	0.4249735268525691	0.0004849430548812296	0.06547282760517285	0.052862496764946476	95.78206476123877
0.6581665757213893	0.007	0.005	0.4248978893901735	0.00048371853525607856	0.07012684828811347	0.05595467482678956	95.5404344592273
0.6963930253461159	0.007	0.005	0.424563485024445	0.0004824372030646302	0.07499383598602648	0.05917537833867089	95.28762029727369
0.736572671367123	0.007	0.005	0.4240014632821093	0.0004810939058316061	0.08009014981476154	0.06253542823080468	95.02260958774393
0.7788969385113486	0.007	0.005	0.4232377299107187	0.00047968278204103874	0.08543470851405408	0.06604704127126845	94.74425077645436
0.8235868784715084	0.007	0.005	0.422293167661138	0.0004781970833829898	0.09104957898228123	0.06972419055404831	94.45121839063474
0.8708983615431862	0.007	0.005	0.4211838535705145	0.00047662902716028043	0.09696042764998353	0.07358286474600469	94.14198408065027
0.9211299067698566	0.007	0.005	0.41992121939018484	0.00047496956810609515	0.1031972488173263	0.07764149539716138	93.8147718673451
0.9746319629113913	0.007	0.005	0.4185121683714705	0.00047320813213030146	0.10979519963568317	0.08192143525107887	93.46750598037109
1.0318192673499769	0.007	0.005	0.41695910930570673	0.0004713322619138146	0.11679571721751089	0.0864475953560467	93.09774143107545
1.0931867536116822	0.007	0.005	0.4152598932124078	0.00046932716445851014	0.12424793520163348	0.09124924214358045	92.7025754092965
1.1593306336086795	0.007	0.005	0.41340761153151695	0.000467175115160268	0.13221054142737518	0.0963610320260196	92.27853060775465
1.2309765459136273	0.007	0.005	0.41139020945262694	0.00046485466845868213	0.14075422067633628	0.10182435525012623	91.82140072051159
1.3090183727035725	0.007	0.005	0.40918982555508654	0.0004623395759476499	0.1499649857987971	0.10768915168047337	91.32603872482969
1.3945740305434569	0.007	0.005	0.4067817020344652	0.00045959723693485396	0.15994893916102712	0.11401649316173759	90.78605370495274
1.4890495759568432	0.007	0.005	0.4041329457220626	0.00045658700061176855	0.170837157387427	0.12088103009310258	90.19347944233505
1.594229039303025	0.007	0.005	0.4012007007521805	0.000453257816301192	0.18279234209066333	0.1283742478034636	89.53831637723847
1.7122111936474322	0.007	0.005	0.3979347445348317	0.0004495509127501368	0.1959967375883692	0.13659564691028403	88.80906692953621
1.8436895324177265	0.007	0.005	0.3943254105254957	0.0004454539048023369	0.21045908944141753	0.1455324838723007	88.00339258749952
1.9796985592349927	0.007	0.005	0.39062567944455656	0.0004412529210291014	0.2251446180980949	0.1545325167452409	87.17764544895323
2.1096963506097532	0.007	0.005	0.38712175230323853	0.0004372729444824747	0.23892425513632684	0.16290677257335207	86.3956371219943
2.2332001472612513	0.007	0.005	0.38382192579803176	0.0004335240065975751	0.2517871420748527	0.17066031930798822	85.65919267807882
2.352770604574416	0.007	0.005	0.3806539724205413	0.0004299242255364495	0.2640319648996146	0.17798260060247528	84.95218381764082
2.471028576867576	0.007	0.005	0.3775465039104769	0.0004263923141183284	0.2759440410710721	0.18504939774848822	84.25867547045523
2.5896655906120754	0.007	0.005	0.37445456177367603	0.0004228770669922121	0.2876993353867852	0.1919670268943029	83.5686329482309
2.709331307493077	0.007	0.005	0.37136145937621756	0.00041935952174594935	0.2993619647350487	0.19877345722127665	82.87833178972963
2.829938828120345	0.007	0.005	0.3682698645859647	0.0004158427741658937	0.31092188013109323	0.2054626757066143	82.18836721659478
2.95108819660988	0.007	0.005	0.3651902910983949	0.00041233886442647197	0.3223403974590521	0.21201251724438083	81.50108554117273
3.0723922321201367	0.007	0.005	0.3621325874197512	0.00040885908254521217	0.3335825788787438	0.21840373800480672	80.81868466608685
3.1936251585251774	0.007	0.005	0.35910225554431663	0.0004054097680088456	0.34463047768543803	0.22462737305538072	80.14239248241046
3.3147271091860593	0.007	0.005	0.3561005143849737	0.00040199237457717163	0.3554822231940056	0.2306838032253524	79.47248101505805
3.4357396149863084	0.007	0.005	0.35312605413926834	0.0003986054669900841	0.3661450962436164	0.23657852945629926	78.80865794773655
3.5567348956101155	0.007	0.005	0.35017685725835584	0.0003952467981707461	0.37662870161252937	0.24231820946930935	78.15047301458118
3.6777703308837006	0.007	0.005	0.3472513246252552	0.0003919145956710118	0.386940913464883	0.2479084044047089	77.49756933345643
3.7988726264871966	0.007	0.005	0.34434863733300075	0.0003886079757800859	0.3970866827831606	0.253352984615646	76.8497641452444
3.9200424054853356	0.007	0.005	0.34146861646149124	0.00038532678402254775	0.4070686391745736	0.2586545246635837	76.20701751952393
4.041266700312269	0.007	0.005	0.3386114036249996	0.0003820712304981222	0.4168882788852432	0.2638149871638631	75.56936106093856
4.162530446528178	0.007	0.005	0.3357771800961733	0.0003788415689551265	0.4265469645089892	0.2688362709727475	74.93683522487481
4.283822937617169	0.007	0.005	0.3329660159875793	0.0003756379243054813	0.43604643781570374	0.27372047704485836	74.30945565865186
4.405139229992149	0.007	0.005	0.3301778425382671	0.00037246026081467305	0.44538889605032655	0.27846993587015495	73.6872070165915
4.526478596905186	0.007	0.005	0.32741249288465657	0.00036930842863596385	0.4545768373646958	0.2830871164994616	73.07005205903151
4.647842039594973	0.007	0.005	0.32466976214634885	0.00036618223250134527	0.46361285018251347	0.28757451294371317	72.45794506193323
4.76923044733004	0.007	0.005	0.32194945011599607	0.000363081480569327	0.4724994694541508	0.2919345704710225	71.85084134416302
4.89064370460777	0.007	0.005	0.319251380885055	0.0003600060069167629	0.4812391144556724	0.29616965630327685	71.2487016474558
5.012080674253068	0.007	0.005	0.3165754022586681	0.00035695567091611596	0.489834094412679	0.30028206488405434	70.65149200583151
5.133539647209591	0.007	0.005	0.3139213750201285	0.0003539303449965647	0.4982866461354715	0.30427403805376907	70.05918134970001
5.255018776722554	0.007	0.005	0.3112891630477081	0.0003509299033766769	0.5065989671687996	0.3081477818232157	69.47173930019054
5.37651640828907	0.007	0.005	0.3086786261457262	0.0003479542139015663	0.5147732388594908	0.31190547733658647	68.88913456923112
5.498031176425886	0.007	0.005	0.3060896181810058	0.00034500313595264907	0.5228116318769556	0.31554928306975544	68.31133454365292
5.6195619485281885	0.007	0.005	0.30352198853504525	0.0003420765221548176	0.5307163012885077	0.3190813321787138	67.7383056092782
5.741107720363941	0.007	0.005	0.30097558449906153	0.00033917422116544216	0.5384893790115458	0.3225037288888762	67.17001368543207
5.862667559800755	0.007	0.005	0.2984502525561657	0.00033629607919141876	0.54613297000125	0.3258185467912661	66.60642451109123
5.984240542441679	0.007	0.005	0.2959458397679434	0.0003334419416269141	0.5536491483267194	0.3290278272517994	66.04750395433297
6.105825735543559	0.007	0.005	0.2934621941107271	0.000330611653489422	0.5610399565698785	0.3321335793766363	65.49321808738256
6.227422230250389	0.007	0.005	0.2909991638205693	0.000327805058721163	0.5683074081833818	0.33513778123103677	64.94353304042802
6.349029149676905	0.007	0.005	0.2885565972540414	0.0003250220000809648	0.5754534882429592	0.33804238032961087	64.39841497055424
6.47064566504833	0.007	0.005	0.2861343425967732	0.00032226231886162024	0.58248015461591	0.34084929427405364	63.85782999669634
6.592270987676756	0.007	0.005	0.2837322480625507	0.00031952585516849616	0.5893893376791921	0.3435604107909942	63.321744244073
6.713904401211891	0.007	0.005	0.2813501612979385	0.00031681244728811434	0.5961829423209091	0.34617758866632786	62.79012371131385
6.835545205277509	0.007	0.005	0.278987930531289	0.0003141219330530963	0.6028628449417183	0.3487026567339153	62.262934526888536
6.95719275577159	0.007	0.005	0.27664540381169045	0.00031145414901966647	0.6094308959528653	0.35113741502535467	61.740142779259536
7.078846440717148	0.007	0.005	0.274322429511934	0.00030880893109133786	0.6158889186630464	0.3534836345252502	61.22171462913153
7.200505680277815	0.007	0.005	0.2720188563515247	0.0003061861145921721	0.6222387095517257	0.3557430574775195	60.707616314586716
7.3221699267718785	0.007	0.005	0.2697345334190414	0.0003035855343382434	0.6284820385442142	0.35791739769427705	60.19781415607536
7.443838656626742	0.007	0.005	0.2674693103432556	0.00030100702487828465	0.6346206488851833	0.3600083407312556	59.692274594604505
7.565511386505812	0.007	0.005	0.26522303701167876	0.00029845042021513435	0.6406562582432098	0.3620175444886113	59.19096412892552
7.687187665260875	0.007	0.005	0.2629955637442441	0.0002959155540469868	0.6465905585658313	0.3639466393734058	58.69384935429502
7.808867049764616	0.007	0.005	0.2607867417501791	0.0002934022603315171	0.6524252152102311	0.3657972282560988	58.200897064437434
7.930549137151714	0.007	0.005	0.2585964225511375	0.00029091037266554894	0.6581618688276476	0.36757088732378984	57.712074122802655
8.052233556767304	0.007	0.005	0.25642445814945647	0.00028843972451638366	0.6638021352397051	0.36926916626121775	57.227347500116586
8.173919954054535	0.007	0.005	0.2542707013305056	0.00028599014960524775	0.6693476049900852	0.3708935883580441	56.74668434185811
8.29560799861787	0.007	0.005	0.25213500552761875	0.0002835614817888691	0.674799844044164	0.3724456509749963	56.270051938114825
8.417297376167761	0.007	0.005	0.2500172249731701	0.0002811535552672491	0.6801603937456452	0.3739268257880971	55.79741775729968
8.538987804642371	0.007	0.005	0.2479172144267207	0.0002787662043062151	0.6854307718456297	0.37533855933277216	55.3287493854803
8.660679018091885	0.007	0.005	0.24583482946617874	0.00027639926360298626	0.6906124720977794	0.37668227314469677	54.864014591358234
8.78237075056193	0.007	0.005	0.2437699267645727	0.0002740525686339652	0.6957069639221459	0.37795936395305246	54.403181388037744
8.904062752214022	0.007	0.005	0.24172236381271267	0.0002717259553673097	0.7007156934491583	0.3791712042347437	53.9462179711309
9.025754829623985	0.007	0.005	0.23969199825380078	0.0002694192595304604	0.705640085461348	0.3803191429345847	53.49309257025986
9.14744676518959	0.007	0.005	0.2376786892431648	0.00026713231819331637	0.7104815403998047	0.38140450501189965	53.043773752514234
9.269138381606231	0.007	0.005	0.23568229637025354	0.0002648649685613785	0.7152414373219016	0.38242859241632426	52.59823018186834
9.390829509630205	0.007	0.005	0.23370268020083332	0.00026261704862131627	0.7199211329087081	0.38339268412266403	52.156430740185485
9.512519988079278	0.007	0.005	0.231739702274387	0.0002603883971621588	0.7245219618060226	0.38429803649091937	51.71834452663746
9.634209655774015	0.007	0.005	0.229793225229794	0.0002581788539421397	0.7290452366638813	0.38514588356758395	51.28394088575306
9.755898375715596	0.007	0.005	0.2278631124153042	0.0002559882592646793	0.7334922493697165	0.38593743760698734	50.853189320374454
9.877586027026524	0.007	0.005	0.22594922802269654	0.000253816454152926	0.7378642710388357	0.3866738893341425	50.426059521597736
9.999272496891503	0.007	0.005	0.2240514372147216	0.00025166328051560874	0.7421625520320656	0.38735640822671297	50.002521397214885
10.120957688616242	0.007	0.005	0.22216960599781688	0.00024952858102061254	0.746388322553778	0.38798614289440975	49.58254504330714
10.242641505509571	0.007	0.005	0.22030360147018843	0.0002474121993968979	0.7505427923990569	0.3885642213238461	49.1661007996105
10.364323850883677	0.007	0.005	0.2184532918132281	0.00024531398044198534	0.7546271512893673	0.38909175122639217	48.75315924759995
10.486004652229823	0.007	0.005	0.21661854591999982	0.00024323376961362704	0.7586425699937857	0.38956982047069844	48.34369112757769
10.60768382898369	0.007	0.005	0.21479923388196534	0.0002411714136019837	0.7625901995502027	0.3899994972645844	47.937667447297315
10.729361316700775	0.007	0.005	0.21299522661837905	0.0002391267599207176	0.7664711723735346	0.39038183057556436	47.535059399254536
10.851037042881146	0.007	0.005	0.21120639623170345	0.00023709965732741705	0.7702866017768724	0.3907178503659351	47.13583844000662
10.972710975318186	0.007	0.005	0.20943261529218826	0.00023508995501900985	0.7740375837825505	0.3910085680380214	46.73997613050899
11.09438306569091	0.007	0.005	0.2076737576659622	0.0002330975035911116	0.7777251956293619	0.39125497657534836	46.34744432092394
11.21605328179609	0.007	0.005	0.20592969803641412	0.00023112215450277185	0.7813504970703835	0.39145805093510205	45.95821504380523
11.337721583374353	0.007	0.005	0.20420031224745072	0.0002291637604801476	0.7849145299289451	0.39161874830208065	45.5722605907043
11.459387930168242	0.007	0.005	0.20248547717695412	0.00022722217538246779	0.7884183186431838	0.39173800841448214	45.189553483929465
11.581052306094394	0.007	0.005	0.20078507039186583	0.00022529725381778814	0.7918628712337455	0.391816753875632	44.810066399569166
11.702714687012984	0.007	0.005	0.19909897059867224	0.00022338885166739222	0.7952491786413605	0.39185589040496777	44.433772268029124
11.82437504878538	0.007	0.005	0.19742705751986422	0.00022149682595345316	0.7985782152458213	0.3918563071414739	44.060644246461216
11.946033375331131	0.007	0.005	0.19576921177615214	0.0002196210347127535	0.8018509393571396	0.3918188769265354	43.69065569247659
12.067690029243305	0.007	0.005	0.19412530989576418	0.00021776133130000345	0.8050683031871229	0.3917444562915952	43.323779050349806
12.189344857466265	0.007	0.005	0.19249523645270158	0.00021591757826944856	0.8082312292237922	0.39163388612292643	42.959988559965
12.310997666668376	0.007	0.005	0.19087887747643298	0.0002140896398489444	0.8113406236936286	0.3914879920622826	42.5992587860292
12.43264833603607	0.007	0.005	0.18927611894277202	0.00021227738022152904	0.814397379706442	0.3913075846393605	42.24156428127517
12.554296825325391	0.007	0.005	0.18768684670256408	0.00021048066344994348	0.817402377541344	0.3910934594093967	41.88687957054584
12.675943166800105	0.007	0.005	0.18611094662254754	0.00020869935364321708	0.8203564845285802	0.39084639711560976	41.53517918223105
12.7975874168904	0.007	0.005	0.18454830523516655	0.00020693331570457462	0.8232605540020957	0.3905671639653915	41.18643779328918
12.91922962396767	0.007	0.005	0.18299881015188169	0.00020518241580868345	0.8261154247466871	0.39025651193975647	40.84063032148714
13.040869796122005	0.007	0.005	0.18146235045559775	0.0002034465218547219	0.828921920519667	0.3899151791488199	40.49773201298059
13.162507949498726	0.007	0.005	0.1799388160680987	0.00020172550274752618	0.8316808514541293	0.389543889973669	40.15771830114124
13.284144084131341	0.007	0.005	0.17842809804516216	0.00020001922873877294	0.834393013740922	0.38914335537889116	39.8205648724192
13.405778200053353	0.007	0.005	0.1769300883626083	0.0001983275711859857	0.8370591902371849	0.38871427310861595	39.48624761859433
13.527410321463996	0.007	0.005	0.17544467961463722	0.00019665040221093975	0.839680151206003	0.38825732782413813	39.154742569453084
13.649040456451088	0.007	0.005	0.17397176550414115	0.0001949875952631238	0.8422566536463518	0.3877731914691501	38.82602600221338
13.770668613102051	0.007	0.005	0.1725112406340386	0.0001933390248839542	0.8447894418718191	0.38726252344235784	38.500074394955995
13.892294815613628	0.007	0.005	0.1710630003086038	0.000191704566482111	0.8472792480503538	0.3867259707446514	38.176864382286205
14.013919096236128	0.007	0.005	0.16962694062861114	0.00019008409644452042	0.8497267922250156	0.38616416821677385	37.85637277656759
14.13554145499992	0.007	0.005	0.16820295895719575	0.00018847749267102276	0.8521327817170542	0.38557773894272535	37.538576671890254
14.257161908044326	0.007	0.005	0.16679095333769242	0.00018688463391062487	0.8544979123149438	0.38496729424395026	37.22345331414747
14.378780479562268	0.007	0.005	0.16539082258647264	0.00018530539986922196	0.8568228682937054	0.38433343391157826	36.91098012175426
14.50039719374555	0.007	0.005	0.1640024663809854	0.00018373967131168014	0.8591083224477948	0.3836767464452768	36.60113470529616
14.62201208283899	0.007	0.005	0.1626257851615704	0.00018218732995080127	0.861354936431675	0.38299780920655646	36.2938948456162
14.743625146869975	0.007	0.005	0.16126068057806534	0.0001806482589591775	0.8635633602120497	0.3822971888427529	35.989238593486355
14.865236401973643	0.007	0.005	0.15990705493172605	0.0001791223423319307	0.86573423315944	0.38157544121630105	35.68714414505828
14.986845872338172	0.007	0.005	0.15856481126423094	0.0001776094649892359	0.8678681840660388	0.38083311162889816	35.38758986172703
15.108453590204325	0.007	0.005	0.1572338533543191	0.00017610951277307536	0.8699658313137657	0.38007073500022115	35.09055426938053
15.230059579757949	0.007	0.005	0.15591408588846425	0.00017462237264297614	0.8720277827691166	0.3792888361487951	34.796016096489886
15.351663857130445	0.007	0.005	0.15460541445013315	0.00017314793266415323	0.8740546359694339	0.3784879299778073	34.50395427171185
15.473266446505843	0.007	0.005	0.15330774533803998	0.00017168608179985662	0.8760469785672786	0.37766852154758035	34.21434788332806
15.594867355960771	0.007	0.005	0.15202098581747892	0.00017023671019911717	0.8780053881016664	0.37683110641060036	33.92717623533606
15.716466633836982	0.007	0.005	0.15074504351733303	0.00016879970850677313	0.8799304330704424	0.3759761703927815	33.64241871287701
15.838064280156368	0.007	0.005	0.1494798273589104	0.00016737496892636227	0.8818226716719175	0.3751041903734723	33.360054989528095
15.95966031909946	0.007	0.005	0.14822524678337476	0.00016596238433590934	0.8836826531287727	0.3742156339487115	33.080064854884895
16.0	0.007	0.005	0.14781136808899437	0.00016549899532055095	0.8842926774556079	0.3739172629630041	32.987697769322416
