0.0	0.007	0.005	0.0	0.0	0.0	0.0	100.0
0.006574372277687023	0.007	0.005	0.01803099855295083	6.97395813092029e-5	1.4335601122162203e-5	5.247079880758158e-5	99.925727900451
0.011649077430154104	0.007	0.005	0.03134528885407602	0.00011479998448743456	4.442035520715634e-5	0.00015677300188864058	99.86843558930785
0.01889224616361926	0.007	0.005	0.049479719557363105	0.00016817254847972688	0.00011467779057048775	0.0003850124049494623	99.78671869608601
0.026165801263206976	0.007	0.005	0.06671064432821602	0.00021113104938496176	0.0002159388581747062	0.0006911050336675161	99.70472627188197
0.03473153647488547	0.007	0.005	0.08581443891794564	0.0002508850683538245	0.0003723249862433984	0.0011295311952532812	99.6082539044081
0.0438438844675686	0.007	0.005	0.104811571272588	0.0002831630095637443	0.000579977891351856	0.0016675127558133606	99.50572772884497
0.05393830795023001	0.007	0.005	0.12436726661483055	0.0003098050910630405	0.0008561887586597482	0.0023280534457164968	99.39227508057323
0.06478079348791047	0.007	0.005	0.1437548121853522	0.00033053160009420356	0.0012028024590461555	0.0030927476247279194	99.2705589419559
0.07654160432086757	0.007	0.005	0.16303878709459604	0.00034636267996030975	0.0016323829234009045	0.00396788899629401	99.13870233887754
0.08917152265217633	0.007	0.005	0.18189511448893722	0.0003579547407718211	0.0021502622097999613	0.004943822559106566	98.9972967417698
0.10275552258465386	0.007	0.005	0.20022779274726057	0.00036615377914712136	0.0027663120300521933	0.00602074341801692	98.84543428334042
0.1172966325080628	0.007	0.005	0.21783103318698196	0.0003716753723994951	0.003486535278184458	0.007192844061440077	98.68312995225517
0.13282345010496496	0.007	0.005	0.2345583425654207	0.0003751749060085414	0.004317206050294872	0.008456832685255712	98.51011759577125
0.14931489951165552	0.007	0.005	0.250241143105606	0.0003771944728466264	0.005260853758463672	0.009806062635246289	98.32668869929812
0.1667424404950517	0.007	0.005	0.26475210759315243	0.0003781729582232727	0.006318002797466766	0.011234010838241982	98.1332191363254
0.18506192951549225	0.007	0.005	0.2780005026955424	0.00037844471119735163	0.007486642186737979	0.012733637621754734	97.93025811305965
0.20423891158397747	0.007	0.005	0.28994918369516753	0.0003782514332165702	0.00876391013014322	0.01429939258884835	97.71824663799103
0.22424814309065944	0.007	0.005	0.30060286195240066	0.00037775834781404445	0.010146422966609085	0.015927044184628696	97.49752349853198
0.2450781490076726	0.007	0.005	0.30999970238674435	0.00037707302317545284	0.011630924559047533	0.017613894989030012	97.26827598547585
0.2667281099886303	0.007	0.005	0.3181997034815025	0.0003762625304028563	0.013214370064929749	0.019358381198430818	97.03057560474788
0.2892075520444899	0.007	0.005	0.3252769859324161	0.0003753670017889405	0.014894125876613899	0.021159927409269398	96.78438281540495
0.31253467674369545	0.007	0.005	0.33131339227271633	0.0003744094462970166	0.016668010967078505	0.023018719819925985	96.52956669716332
0.3367359675535273	0.007	0.005	0.33639414364377884	0.0003734023428245775	0.018534381256458933	0.02493560598720001	96.26591058506408
0.3618456289505928	0.007	0.005	0.3406045933534812	0.00037235187574434026	0.020492164004414525	0.02691199794140043	95.99311957466433
0.38790555401508126	0.007	0.005	0.34402799415559476	0.0003712605241176715	0.022540903187479568	0.028949828128868087	95.71082233335183
0.4149653754712057	0.007	0.005	0.3467439279245866	0.0003701285929276007	0.024680788834965307	0.03105151769028615	95.41857213506532
0.44308279438223647	0.007	0.005	0.34882726490074784	0.0003689550794727807	0.026912690071119814	0.033219968655264234	95.11584506044991
0.47232408754786137	0.007	0.005	0.350347499169979	0.0003677381435555293	0.029238187576847978	0.03545856931710779	94.80203650526568
0.5027648355350841	0.007	0.005	0.3513683646971916	0.000366475345623754	0.031659610940945354	0.03777121372578658	94.47645561887613
0.5344908832071928	0.007	0.005	0.35194765425333624	0.00036516375221027513	0.03418008305319586	0.04016233411257199	94.13831763770487
0.567599561369602	0.007	0.005	0.352137183578707	0.0003637999654449293	0.036803574139511554	0.04263694636309903	93.78673391853789
0.6022012358254567	0.007	0.005	0.3519828569339117	0.000362380106552579	0.039534970197324465	0.04520071124361419	93.42069910503297
0.6384217690160343	0.007	0.005	0.35152479090421695	0.0003608997474621782	0.04238020033451124	0.04786005146742026	93.03906944904533
0.6764041985834495	0.007	0.005	0.35079748782992715	0.00035935386991860365	0.04534628692714288	0.05062219597877496	92.64055042780932
0.7163112911558427	0.007	0.005	0.34983005064732947	0.00035773678919419913	0.04844144759889039	0.05349527222542137	92.22367627077493
0.7583298374005115	0.007	0.005	0.3486463730557966	0.0003560420114923971	0.05167531044440675	0.05648850119126419	91.7867728609253
0.8026747467333983	0.007	0.005	0.34726533464235027	0.0003542621070899093	0.0550590841707888	0.05961234663035067	91.327924896796
0.8495949150259857	0.007	0.005	0.34570095453475647	0.00035238852214970333	0.05860582785199866	0.0628787517554274	90.84492732891673
0.8993801668521278	0.007	0.005	0.3439625132304725	0.00035041136140760834	0.0623307535990047	0.06630139958996821	90.33522932160471
0.9523704013428497	0.007	0.005	0.3420546060694523	0.0003483191014949245	0.06625163129025019	0.06989605846127536	89.79586034646012
1.0089671637633095	0.007	0.005	0.33997711963870036	0.0003460982332672937	0.07038928769490557	0.07368100216121189	89.22333797958997
1.0696488502876136	0.007	0.005	0.3377250926090131	0.00034373279535032555	0.07476825601867737	0.07767755158504898	88.6135476580561
1.1349905998671705	0.007	0.005	0.33528843119701723	0.0003412037720474967	0.0794176042741909	0.08191075713939991	87.96158747209701
1.2056909526183686	0.007	0.005	0.3326514185783423	0.0003384882957409804	0.08437202201485536	0.08641028480564761	87.26156255959607
1.2826078583810894	0.007	0.005	0.3297919490058864	0.0003355585857866067	0.08967324364323007	0.09121156241038313	86.50631157411222
1.3668138779132062	0.007	0.005	0.32668016654871584	0.0003323802995583733	0.09537232104360152	0.0963576268700796	85.68698161513588
1.4596580004944153	0.007	0.005	0.3232770482602208	0.0003289108499021947	0.10153163664564245	0.10190063387272073	84.79259450612221
1.5628789544826809	0.007	0.005	0.31953139337044845	0.00032509611928649505	0.10822929906404112	0.1079053590647555	83.80919977266839
1.678753859520835	0.007	0.005	0.31537603761214145	0.0003208664122965256	0.115564089591362	0.11445293074739797	82.71883132812825
1.8103349922220324	0.007	0.005	0.31072173805306325	0.0003161300610924809	0.12366325343658013	0.12164668305292588	81.49785946401435
1.961813900953974	0.007	0.005	0.30544801268078303	0.00031076394351683154	0.13269345692341877	0.12962008828809582	80.11455107149152
2.1385882844720645	0.007	0.005	0.2994064364692074	0.0003046163207138237	0.14284761307632107	0.13852235953565728	78.52990409292809
2.311171782029206	0.007	0.005	0.2936233133179022	0.0002987257064269919	0.15237678512455374	0.14681106179604037	77.0130680695246
2.4196935813688483	0.007	0.005	0.2900441707159947	0.0002950864194548995	0.15818097550866286	0.15182640491388386	76.0743100295099
2.5220333590942725	0.007	0.005	0.2867088936070025	0.00029169540220211495	0.16352544576340142	0.15642100854272786	75.19951529615662
2.6277791360596967	0.007	0.005	0.2833028964738418	0.00028823089809715084	0.16891926568558782	0.16103415879058133	74.30617212849278
2.7392151473184736	0.007	0.005	0.2797573973009892	0.00028462377450832544	0.1744653304137998	0.16575134390175733	73.37623981813303
2.8556678417923926	0.007	0.005	0.2760996884836073	0.0002809021726273102	0.18011350071523752	0.17052677830012442	72.41687666315656
2.974749847743446	0.007	0.005	0.2724088443612429	0.0002771466904565111	0.18573725204308195	0.17525145429608222	71.44882264831446
3.093996928770554	0.007	0.005	0.26876232459410065	0.0002734362534499123	0.19121889431097405	0.17982633384916188	70.49239427641413
3.2120242805566734	0.007	0.005	0.26520117241916125	0.0002698127364330834	0.1965006613104372	0.1842045368445001	69.55835657254492
3.328628842251624	0.007	0.005	0.2617292876574303	0.00026628016203426717	0.20158196055199207	0.18838748381283763	68.64773239776711
3.444295639606685	0.007	0.005	0.25833023166499886	0.000262821776907997	0.2064915581895545	0.19240061772764205	67.75621013639865
3.5596514806785464	0.007	0.005	0.2549842795373583	0.00025941745302799556	0.2112615254741578	0.1962714697328783	66.87861623614582
3.6751412974832034	0.007	0.005	0.25167785422350925	0.00025605333422375545	0.21591380740323177	0.20001875312928036	66.01138963645701
3.7909383348817496	0.007	0.005	0.24840567903767102	0.00025272403684177677	0.22045786390910588	0.2036507618450885	65.15314634034453
3.907007200830079	0.007	0.005	0.24516851504284548	0.0002494303388512553	0.2248945277720044	0.20716878721721485	64.30408596335816
4.023218283120633	0.007	0.005	0.24196964792494102	0.0002461755947927742	0.22922127454187471	0.21057151653584963	63.465070292435115
4.139445525387537	0.007	0.005	0.2388120822848881	0.0002429628732917063	0.2334361641277386	0.21385820764672717	62.636887390080965
4.2556161991049954	0.007	0.005	0.23569722789037748	0.0002397936159892381	0.23753952838145212	0.2170299739237597	61.81990701756705
4.371714969139516	0.007	0.005	0.23262489124512012	0.00023666762802617713	0.2415338382746112	0.2200896084956942	61.01407842366858
4.4877624183531974	0.007	0.005	0.22959393444734863	0.00023358375000470267	0.24542272522242392	0.2230407700409771	60.21910315353204
4.603789238690598	0.007	0.005	0.2266029974117126	0.00023054059523678133	0.24920999424183407	0.22588720055932437	59.43462447682716
4.719818874569861	0.007	0.005	0.22365095236751462	0.0002275370139717136	0.25289904398709406	0.22863228599670993	58.660346595931294
4.835861493824314	0.007	0.005	0.22073704086910947	0.00022457223349708544	0.2564927207534523	0.23127896101649537	57.896070581736424
4.951916267725445	0.007	0.005	0.21786079498068867	0.00022164577778675733	0.25999344582882794	0.23382981967227426	57.14167370158083
5.067977040094098	0.007	0.005	0.21502188136079436	0.00021875730832316998	0.2634034261540858	0.23628728094565232	56.39706852491583
5.184037438904853	0.007	0.005	0.21221997018750766	0.0002159064902136027	0.26672482017469923	0.23865371314187633	55.662168544316
5.300093567321962	0.007	0.005	0.20945467129690643	0.00021309292691790193	0.2699598130119329	0.2409314868988576	54.93687142553846
5.41614439565093	0.007	0.005	0.20672552902330343	0.00021031615493704935	0.2731106184508084	0.243122973746597	54.22105765419315
5.532190823290529	0.007	0.005	0.20403204826804963	0.00020757567042413387	0.2761794452901812	0.24523052006430518	53.51459737320573
5.648234379716595	0.007	0.005	0.20137372691830568	0.00020487096230682576	0.2791684591072012	0.2472564195881773	52.8173588857832
5.764276309964207	0.007	0.005	0.19875007720489402	0.00020220153412222713	0.2820797591689912	0.24920289800930454	52.12921425726337
5.880317205799397	0.007	0.005	0.19616063332253925	0.0001995669118172598	0.2849153721500061	0.25107210990852136	51.45004131379193
5.996357105656137	0.007	0.005	0.1936049481732428	0.00019696664042887806	0.2876772581255081	0.2528661440730555	50.77972278815718
6.1123957328877045	0.007	0.005	0.191082587332869	0.00019440027792117927	0.290367319157525	0.25458703022918167	50.118144737314815
6.228432787802954	0.007	0.005	0.18859312230600686	0.00019186738828948558	0.2929874080579453	0.25623674547615577	49.46519477323768
6.344468062938762	0.007	0.005	0.18613612800416	0.00018936753898092886	0.2955393321927761	0.2578172172188557	48.820761401482024
6.460501512215583	0.007	0.005	0.18371118137292788	0.00018690029948881346	0.2980248558850729	0.25933032507750997	48.18473366111736
6.576533189452621	0.007	0.005	0.1813178628041755	0.0001844652427967068	0.3004456998901377	0.26077790096197956	47.557001495117916
6.69256319457214	0.007	0.005	0.1789557572864418	0.0001820619465557179	0.302803541227066	0.26216172943998683	46.937456052097716
6.808591581387257	0.007	0.005	0.17662445623283266	0.00017968999495663525	0.3051000124187592	0.2634835478372742	46.325990165739896
6.924618419076962	0.007	0.005	0.17432355613585862	0.00017734897735390066	0.3073367039159956	0.2647450482305133	45.72249800198059
7.040643715345888	0.007	0.005	0.17205266000975225	0.00017503848974382866	0.30951516373710547	0.26594787781490026	45.12687543730732
7.156667470214511	0.007	0.005	0.1698113762092529	0.00017275813355629579	0.3116368996617279	0.26709364072609854	44.539019748943886
7.272689676019565	0.007	0.005	0.1675993183519197	0.0001705075155761354	0.31370338028790545	0.2681838991746539	43.95882959447417
7.3887103327817325	0.007	0.005	0.16541610495443473	0.00016828624757133214	0.3157160363239315	0.26922017468368714	43.386204916449536
7.504729448205233	0.007	0.005	0.16326135937615913	0.0001660939462358405	0.3176762615553042	0.27020394912890994	42.82104692758482
7.620747029993984	0.007	0.005	0.16113470990310194	0.0001639302332763411	0.3195854136627799	0.2711366656925399	42.26325813278194
7.7367631012182745	0.007	0.005	0.15903578940715124	0.00016179473506353894	0.3214448154009601	0.272019729981925	41.71274223975124
7.852777661897773	0.007	0.005	0.15696423598181689	0.00015968708328476132	0.3232557548861318	0.27285451070820227	41.16940432575744
7.968790719735288	0.007	0.005	0.15491969231414807	0.0001576069143007349	0.3250194869929457	0.2736423408900097	40.6331506728828
8.084802290116373	0.007	0.005	0.15290180563167105	0.00015555386909171646	0.32673723420322	0.2743845187662988	40.10388875410988
8.200812373060101	0.007	0.005	0.15091022804289211	0.00015352759360755366	0.32841018710553377	0.27508230855199906	39.58152732263027
8.316820976268389	0.007	0.005	0.14894461607157455	0.00015152773829055867	0.3300395055643731	0.27573694147385885	39.065976289692486
8.432828107442862	0.007	0.005	0.14700463073338288	0.0001495539581547514	0.3316263194009302	0.2763496165748419	38.557146744704276
8.548833781967511	0.007	0.005	0.1450899373510416	0.0001476059125966945	0.3331717292725467	0.27692150158651213	38.0549509067518
8.664837992178066	0.007	0.005	0.14320020600177996	0.00014568326585568113	0.33467680702434555	0.2774537335943662	37.55930224195773
8.78084073041055	0.007	0.005	0.14133511106734717	0.00014378568655246972	0.33614259675443575	0.2779474199636363	37.07011534545678
8.896841996683639	0.007	0.005	0.13949433105674974	0.0001419128475077498	0.3375701156253358	0.278403639139262	36.58730589490244
9.012841798698279	0.007	0.005	0.1376775485587258	0.00014006442569377945	0.3389603545513437	0.2788234413849939	36.1107906380017
9.128840144155122	0.007	0.005	0.13588445031260724	0.00013824010230774933	0.34031427878027215	0.2792078494797241	35.64048741110094
9.244837033072457	0.007	0.005	0.13411472727036816	0.00013643956283625015	0.3416328284723155	0.27955785940927347	35.17631515546053
9.360832473150552	0.007	0.005	0.132368074305528	0.00013466249675657852	0.3429169195269548	0.2798744411123874	34.718193840904405
9.476826464407502	0.007	0.005	0.1306441903947116	0.0001329085977240695	0.3441674440389679	0.28015853911125366	34.26604451344048
9.59281902222498	0.007	0.005	0.128942778222158	0.0001311775631657779	0.34538527116255713	0.2804110732286072	33.8197891915292
9.708810138939006	0.007	0.005	0.1272635446953275	0.0001294690948117085	0.34657124730118855	0.28063293914118914	33.3793510013197
9.824799791522699	0.007	0.005	0.12560620076315768	0.00012778289850874728	0.34772619679726763	0.28082500904714386	32.94465412898093
9.940787979994537	0.007	0.005	0.12397046081388098	0.00012611868360122073	0.3488509228864726	0.280988132342767	32.51562366275824
10.056774712054406	0.007	0.005	0.12235604285965435	0.0001244761631213148	0.34994620807710264	0.2811231361705849	32.09218564139891
10.172759995401895	0.007	0.005	0.12076266859955184	0.00012285505385449134	0.3510128146096273	0.28123082598213855	31.67426707067422
10.288743822373894	0.007	0.005	0.11919006357819387	0.00012125507650371327	0.3520514848460921	0.28131198609241653	31.261795964985527
10.4047262006698	0.007	0.005	0.1176379567161191	0.0001196759552060008	0.3530629420638568	0.2813673802568469	30.85470122418775
10.520707114945674	0.007	0.005	0.11610608078033666	0.00011811741801827956	0.35404789061380426	0.2813977521825713	30.4529127570083
10.636686572900917	0.007	0.005	0.11459417172135093	0.00011657919623424257	0.3550070168071355	0.28140382607066083	30.05636130715847
10.75266456687299	0.007	0.005	0.11310196913818467	0.00011506102486463554	0.35594098905704125	0.28138630710846724	29.66497857530209
10.868641258175828	0.007	0.005	0.11162921389481427	0.00011356264017639354	0.3568504597817356	0.2813458818966247	29.278696593881705
10.98461663146274	0.007	0.005	0.11017565251832982	0.00011208378423374006	0.35773606307635825	0.28128321898890735	28.897448880690995
11.100590563859706	0.007	0.005	0.10874103615878582	0.00011062420382781731	0.35859841584003865	0.2811989694749952	28.52117016605911
11.216562978580082	0.007	0.005	0.1073251185969953	0.00010918364841997836	0.3594381194013302	0.2810937673784254	28.149795870324343
11.33253385260269	0.007	0.005	0.10592765614886451	0.00010776187004243353	0.36025575993638986	0.28096823004553545	27.78326207874254
11.448503185947997	0.007	0.005	0.10454840802971269	0.00010635862367464318	0.3610519086115471	0.2808229585703275	27.421505637042774
11.564471017037192	0.007	0.005	0.10318713615170308	0.00010497366703379982	0.3618271220562238	0.28065853817326475	27.06446409829664
11.680437353569781	0.007	0.005	0.10184360590746955	0.00010360676138606888	0.36258194226874174	0.28047553869623243	26.71207592845176
11.796402203244977	0.007	0.005	0.10051758575677242	0.00010225767111984858	0.36331689720926313	0.2802745149724145	26.364280397917796
11.91236555840199	0.007	0.005	0.09920884735852967	0.00010092616388331015	0.3640325010700316	0.2800560072464191	26.02101761619634
12.028327396020833	0.007	0.005	0.09791716551994352	9.961201053273998e-5	0.36472925464202804	0.2798205415652663	25.6822285185375
12.144287739160312	0.007	0.005	0.09664231747557282	9.831498438592284e-5	0.36540764602612685	0.27956863002079746	25.34785467685118
12.260246564801037	0.007	0.005	0.09538408387547745	9.703486224704634e-5	0.3660681504150688	0.2793007712966901	25.0178385588829
12.376203872962865	0.007	0.005	0.09414224797910829	9.577142357179305e-5	0.3667112308339658	0.2790174508771307	24.692123316782865
12.492159671345005	0.007	0.005	0.09291659579549856	9.4524450613109e-5	0.36733733835968607	0.27871914141341125	24.370652823876302
12.608113944608617	0.007	0.005	0.09170691636988076	9.329372871954763e-5	0.3679469122666249	0.2784063031368047	24.053371749838657
12.724066700452907	0.007	0.005	0.09051300126017368	9.207904579245343e-5	0.36854038057791055	0.27807938406423316	23.740225423385944
12.840017938897732	0.007	0.005	0.08933464482668749	9.088019258741915e-5	0.3691181601930818	0.2777388203921439	23.43115990826012
12.95596764460506	0.007	0.005	0.08817164426789542	8.969696275246705e-5	0.36968065714359444	0.27738503683258814	23.12612201261148
13.071915825273996	0.007	0.005	0.08702379919776555	8.852915238927333e-5	0.37022826706102335	0.27701844679776594	22.825059178138922
13.187862457888372	0.007	0.005	0.08589091214789975	8.737656057628418e-5	0.37076137519082314	0.2766394528577411	22.527919611793756
13.303807550147496	0.007	0.005	0.08477278792527485	8.623898870113427e-5	0.37128035694760625	0.27624844683042177	22.234652117324483
13.419751117428905	0.007	0.005	0.0836692338158731	8.511624067293479e-5	0.3717855780558077	0.2758458101237095	21.9452061486863
13.53569315207422	0.007	0.005	0.08258005984262944	8.40081231919106e-5	0.37227739466872456	0.2754319141129393	21.659531877696583
13.651633646425367	0.007	0.005	0.08150507850613568	8.29144454802412e-5	0.37275615372081794	0.27500712032932334	21.37758012602572
13.767572592824578	0.007	0.005	0.08044410475233281	8.183501924915338e-5	0.37322219316633126	0.27457178071566185	21.09930235672298
13.883509998970649	0.007	0.005	0.07939695580283114	8.07696585225133e-5	0.37367584227101475	0.2741262378157583	20.82465062971224
13.999445880240096	0.007	0.005	0.078363451200412	7.971817968482613e-5	0.3741174218018139	0.2736708250410971	20.553577613726283
14.115380213619197	0.007	0.005	0.07734341318483277	7.868040187486107e-5	0.37454724407550455	0.2732058670910949	20.286036684874915
14.231312991450798	0.007	0.005	0.07633666617630702	7.765614644707805e-5	0.3749656133841954	0.27273167997705206	20.021981791169416
14.347244229111208	0.007	0.005	0.07534303668873653	7.664523688124998e-5	0.3753728262235289	0.2722485712078838	19.761367429764668
14.46317391894327	0.007	0.005	0.07436235369976332	7.564749917034921e-5	0.3757691713305261	0.27175684019717583	19.504148744018256
14.579102068645163	0.007	0.005	0.07339444828994916	7.466276144385763e-5	0.37615493001912514	0.2712567783177321	19.250281428852627
14.695028693592182	0.007	0.005	0.07243915368484247	7.369085401236538e-5	0.376530376342352	0.2707486691374791	18.99972174178858
14.81095377844975	0.007	0.005	0.07149630554032056	7.273160966767778e-5	0.37689577715845796	0.27023278879123064	18.752426577786316
14.92687732323833	0.007	0.005	0.07056574153043196	7.178486325176711e-5	0.3772513924671658	0.2697094059781907	18.508353361142618
15.04279932030127	0.007	0.005	0.06964730150880759	7.085045182684863e-5	0.37759747551423023	0.2691787822547042	18.267460087826603
15.158719792690258	0.007	0.005	0.06874082717883141	6.992821432975005e-5	0.3779342730788107	0.2686411720441141	18.02970523897025
15.274638740425345	0.007	0.005	0.06784616249399138	6.901799199316726e-5	0.3782620254814183	0.2680968230635716	17.795047885874705
15.390556163526586	0.007	0.005	0.06696315344481152	6.811962812292229e-5	0.3785809668209341	0.26754597639794825	17.563447634125627
15.506472046660624	0.007	0.005	0.06609164814691323	6.723296819164918e-5	0.37889132509517776	0.26698886674658423	17.334864646690384
15.622386405201123	0.007	0.005	0.06523149646772221	6.635785944667648e-5	0.37919332248168625	0.26642572237036755	17.10925954600874
15.738299246844639	0.007	0.005	0.06438255029475543	6.549415119312399e-5	0.37948717538368515	0.265856765436936	16.886593484360642
15.854210563934618	0.007	0.005	0.06354466356132991	6.464169482219686e-5	0.3797730945632064	0.2652822122204905	16.66682815060922
15.970120379520022	0.007	0.005	0.06271769188757863	6.38003434333974e-5	0.3800512854003696	0.26470227302929805	16.449925676044515
16.0	0.007	0.005	0.06250626275817214	6.35882504289256e-5	0.38012177055721497	0.26455192147781126	16.39447093337443
