0.0	0.007	0.005	0.0	0.0	0.0	0.0	100.0
0.006307423407245576	0.007	0.005	0.016248893232082565	5.999746471367935e-5	1.2894329885927793e-5	2.9566027940157998e-5	99.9484186342442
0.012082958592850666	0.007	0.005	0.030258628738044697	0.00010874425181294124	4.6417938509568054e-5	0.00010452737340685844	99.90121032356558
0.019814569476268924	0.007	0.005	0.04779486471106477	0.00016586270109170107	0.00012168734661579926	0.00026768848736921126	99.83804826219867
0.02798708638993358	0.007	0.005	0.06491894239413035	0.00021744766413655695	0.0002364003091203506	0.0005078276512206529	99.7713277093293
0.03740215414336284	0.007	0.005	0.08299106774589733	0.00026738603151584396	0.0004096535198791602	0.0008572817423284426	99.69451822332414
0.0475083390224216	0.007	0.005	0.1005888945559339	0.00031155700196989756	0.0006401975853795087	0.0013044484042989718	99.6121363049358
0.058522217024862176	0.007	0.005	0.11784660160006351	0.0003505872438481281	0.000938816816832167	0.0018609680135362881	99.52243272441326
0.07023829687913642	0.007	0.005	0.13423060799335135	0.0003836947707990385	0.001304957984356635	0.002516408799836446	99.42709866240509
0.08269589636349825	0.007	0.005	0.14966309468288141	0.00041134284068184725	0.0017428781740047852	0.0032697800806096066	99.32583100749137
0.09581331122523301	0.007	0.005	0.1639532913537565	0.0004338620269473533	0.0022516287629098025	0.0041117051935997805	99.21931120177616
0.10958781796728179	0.007	0.005	0.17705803397588743	0.0004518826108241196	0.0028317824835937884	0.005036632025878072	99.10757844905818
0.12398676042998866	0.007	0.005	0.18893890586459014	0.00046601782524420977	0.0034818091131369362	0.006036832155126093	98.99091505517016
0.13900566462916658	0.007	0.005	0.19961341423878018	0.00047690193571233146	0.0042006313320101995	0.007106600587840838	98.8693749182658
0.15463598038407278	0.007	0.005	0.20911617775083438	0.0004851133153979653	0.004986469385238215	0.008240353444834628	98.74304540663918
0.1708817287163848	0.007	0.005	0.21750479888901175	0.0004911705652228987	0.005837786188042338	0.009433931433047577	98.6119128324636
0.18774986439909905	0.007	0.005	0.22484715562513924	0.000495518005469149	0.006752969447056961	0.010683962911586567	98.4759407452685
0.20525494359966048	0.007	0.005	0.23121936291642037	0.0004985281305363991	0.007730683546007618	0.01198819229833907	98.3350325662462
0.22341622061061875	0.007	0.005	0.23670060691980344	0.0005005054362390205	0.00876980386759084	0.01334521878716854	98.18905538284157
0.24225900453694602	0.007	0.005	0.24137089401607884	0.000501694161436754	0.009869555214468037	0.014754529065826319	98.03782941285249
0.2618138823316184	0.007	0.005	0.24530867316775068	0.0005022865699395715	0.011029513854500763	0.016216363383011	97.88113468768479
0.282117277796155	0.007	0.005	0.24858946395852957	0.0005024314396204558	0.012249670143534088	0.01773168040320494	97.71870703785885
0.30321147422548733	0.007	0.005	0.251284771652416	0.000502241932553557	0.013530448264095885	0.01930208539056055	97.55023844571855
0.3251451399506045	0.007	0.005	0.25346144064434867	0.0005018026118831612	0.014872746144874487	0.02092980131401828	97.37537344353764
0.3479737825334972	0.007	0.005	0.2551812397541731	0.0005011754624524785	0.016277963473805585	0.022617640402086615	97.19370617997922
0.37176050673806676	0.007	0.005	0.2565006675112128	0.0005004049142386024	0.017748041738980376	0.024369003500358175	97.00477518267401
0.3965768690074577	0.007	0.005	0.2574708958392336	0.0004995219353965851	0.019285504598240476	0.026187890541352527	96.80805750542443
0.42250401020672035	0.007	0.005	0.2581378258307229	0.0004985472922082854	0.02089351015687445	0.028078933864996117	96.60296085426545
0.44963402214199333	0.007	0.005	0.2585422172841512	0.0004974940920056796	0.022575912464287157	0.030047449011078402	96.38881410092611
0.4780716442447285	0.007	0.005	0.25871987060600216	0.0004963697217487442	0.024337337804808293	0.032099507674911765	96.16485548749584
0.5079363701967042	0.007	0.005	0.25870184140639185	0.000495177287704233	0.026183279895650446	0.0342420358419108	95.9302179822679
0.5393650881443255	0.007	0.005	0.2585146721503152	0.0004939166486047319	0.02812022026275155	0.03648294271890426	95.68391093212848
0.5725157355999709	0.007	0.005	0.25818062375251805	0.0004925851072794853	0.03015580125839296	0.03883131051525276	95.42479440953693
0.6075701386028917	0.007	0.005	0.2577179189369769	0.0004911779055062906	0.032298936514142146	0.04129751064654144	95.15156076069115
0.6447401952022359	0.007	0.005	0.2571409513705983	0.0004896884137188611	0.0345601107003275	0.0438935354099768	94.86269108662961
0.6842737332910749	0.007	0.005	0.25646048217128636	0.0004881082110107092	0.03695163700974892	0.04663327544426291	94.55641578429126
0.7264631637193821	0.007	0.005	0.25568378721422724	0.00048642696920351994	0.03948805562709092	0.049532951751190386	94.23065532580571
0.7716560697970023	0.007	0.005	0.2548147599599497	0.0004846322072240641	0.04218660885965118	0.05261162470374156	93.88294878034077
0.8202694589234268	0.007	0.005	0.25385393914316107	0.00048270887342509065	0.04506788070713616	0.055891875954232915	93.51035784131871
0.8728085598536339	0.007	0.005	0.25279844333797286	0.00048063874463117825	0.04815662892285822	0.059400688372894715	93.1093412504785
0.9298922344581025	0.007	0.005	0.25164177467332743	0.00047839958366440566	0.05148289596631928	0.06317061249209824	92.67558624692998
0.992290820018235	0.007	0.005	0.25037338068954423	0.0004759638548266849	0.05508368091985366	0.06724152351482368	92.20375675945058
1.0609716334278074	0.007	0.005	0.24897808500046087	0.00047329722038820965	0.05900480766989856	0.07166253190774631	91.6872005945675
1.1371741964744124	0.007	0.005	0.24743496265929416	0.00047035601002620443	0.06330412384340145	0.07649529234391758	91.11745848339946
1.2225155625537396	0.007	0.005	0.24571569551232467	0.0004670837432884334	0.06805579436193253	0.08181837345214026	90.4835901350622
1.3191512719127079	0.007	0.005	0.24378196898516452	0.0004634058713118667	0.07335671792274413	0.08773373003217283	89.77115558515726
1.43002615268554	0.007	0.005	0.24158136603490565	0.00045922170678429277	0.07933620926510013	0.0943763444688089	88.96065203019215
1.5592886125692398	0.007	0.005	0.23904056751956057	0.0004543912800749961	0.08617153230207182	0.1019295104324069	88.02496795265829
1.7129866087479801	0.007	0.005	0.23605409046078327	0.0004487137592900571	0.09411273906534295	0.11064876165283927	86.92520333181993
1.9002950011125452	0.007	0.005	0.23246489123542413	0.00044189044713090783	0.10352387982688042	0.12090047476364191	85.60350301594292
2.135282183664698	0.007	0.005	0.22803914049023813	0.0004334766963966271	0.114929135589554	0.13319911264605608	83.97375188657128
2.4069322616694713	0.007	0.005	0.22302777813489708	0.0004239485751857046	0.12757769321213408	0.1466666627365106	82.12835411914227
2.631620315256169	0.007	0.005	0.21896608715313753	0.00041622289331070975	0.13762212824817474	0.15722328346209175	80.63266598781095
2.8151829194298736	0.007	0.005	0.21570278358570058	0.0004100179214625153	0.14555777305061518	0.16547111552803967	79.43097822510495
2.9787011977309388	0.007	0.005	0.21283680024517374	0.0004045719004906727	0.15242843758045607	0.17254234967600335	78.37560074380586
3.138616727510624	0.007	0.005	0.21007079612941684	0.0003993151573905695	0.15897180726566604	0.17921355113466877	77.3570398839847
3.3037188732240965	0.007	0.005	0.2072527899914805	0.00039395848507016397	0.1655496845895999	0.18585477364849784	76.3193296585375
3.4767213487081428	0.007	0.005	0.204340489176138	0.0003884220276407808	0.17225378734954852	0.19255286199568356	75.24689610528473
3.656353018658515	0.007	0.005	0.20135989124347664	0.00038275547142325756	0.17901628897385308	0.19923337559999216	74.14931263626661
3.8392242877384244	0.007	0.005	0.1983701947298197	0.0003770714800365715	0.1856989958146747	0.20575613588077538	73.04837868109928
4.022086757326981	0.007	0.005	0.1954250284836666	0.0003714721124270738	0.192183797756722	0.21200661877180463	71.96384267244738
4.203224871088436	0.007	0.005	0.19255074637101682	0.00036600756636145476	0.19841837576285198	0.21793841993816418	70.90540922942368
4.382473491551767	0.007	0.005	0.18974806404088146	0.00036067924101933256	0.20440807916718862	0.22356178116703507	69.87334188456164
4.560526175811003	0.007	0.005	0.18700446958057187	0.00035546332362828377	0.21018582981636172	0.22891230094819945	68.86303321718844
4.738221414717073	0.007	0.005	0.18430593398859926	0.00035033309629937487	0.21578599353097552	0.2340254377259324	67.86931714973527
4.916129625129427	0.007	0.005	0.181643174704034	0.0003452708797004873	0.22123151097881236	0.23892484763820693	66.88877544678209
5.094456426255855	0.007	0.005	0.17901275599943214	0.000340270131895965	0.22653246203367855	0.2436218160319473	65.92014292673382
5.27313720941621	0.007	0.005	0.1764153207202259	0.0003353320794999941	0.23169044236702133	0.24811988544677638	64.96365631273655
5.451992914575301	0.007	0.005	0.17385308603623656	0.0003304609481454585	0.2367040293270351	0.25242009284302147	64.02013206142037
5.630857662775515	0.007	0.005	0.17132793820273315	0.00032566033394914587	0.24157265003359862	0.256524428217985	63.09026477254285
5.809640149333669	0.007	0.005	0.16884060327422384	0.0003209316234290261	0.24629808989632754	0.2604370200943331	62.174321810385926
5.988324987866361	0.007	0.005	0.16639070847223736	0.0003162741096075787	0.250884210482165	0.2641637346671055	61.272165901993986
6.166942297331801	0.007	0.005	0.16397726768690254	0.0003116859164827133	0.2553359080646616	0.2677111904759196	60.38343391959285
6.345533413344993	0.007	0.005	0.16159917928713843	0.00030716494745954546	0.2596581348300194	0.271085911806188	59.50772019556433
6.524128638368695	0.007	0.005	0.1592555257030456	0.0003027094563507926	0.263855354997562	0.2742939024638083	58.644686841479526
6.702740239430823	0.007	0.005	0.1569456516087417	0.00029831819654417536	0.26793143613869985	0.2773405958313197	57.79409253835759
6.881366230422156	0.007	0.005	0.15466909833136325	0.0002939902961350528	0.27188979955201453	0.2802310055021825	56.95576838325897
7.0599980703233465	0.007	0.005	0.1524254943537619	0.0002897250493034981	0.27573363382166804	0.28296990737968303	56.12957756770092
7.238627312324203	0.007	0.005	0.1502144676406267	0.00028552174921319095	0.2794660542961747	0.28556196365204356	55.315383092391244
7.417249023570826	0.007	0.005	0.1480356044389434	0.0002813796094515933	0.28309017240212014	0.2880117698815143	54.51303259579735
7.59586212797994	0.007	0.005	0.1458884483931324	0.00027729776231155	0.28660909336788437	0.2903238479149752	53.72235802830289
7.774467974361438	0.007	0.005	0.14377252074817684	0.0002732752972900512	0.29002588022256615	0.2925026175674505	52.94318309186129
7.953068692010204	0.007	0.005	0.14168734140275585	0.00026931130122705816	0.29334351950901505	0.2945523733591055	52.17533099265961
8.131665889638722	0.007	0.005	0.13963244429284613	0.00026540488764974115	0.29656489884310017	0.2964772723501233	51.4186301060178
8.31026034793866	0.007	0.005	0.13760738027152952	0.0002615552022775739	0.29969280573769674	0.29828133700940596	50.67291503685588
8.488852066952036	0.007	0.005	0.1356117157735059	0.0002577614204878929	0.30272993308970314	0.29996846220756174	49.938026127911634
8.667440680075336	0.007	0.005	0.13364502754921184	0.0002540227372801438	0.3056788902326023	0.3015424247687186	49.213807520617486
8.846025820724929	0.007	0.005	0.13170689833201366	0.00025033835901490804	0.3085422118311721	0.30300689080505105	48.50010555957629
9.024607276086789	0.007	0.005	0.12979691512372793	0.0002467075001451462	0.31132236236189403	0.30436542000590855	47.79676816121653
9.203185022583979	0.007	0.005	0.12791466886088598	0.0002431293825807353	0.31402173836101055	0.30562146851841937	47.10364469089668
9.381759143077286	0.007	0.005	0.12605975532872182	0.00023960323743433032	0.3166426688417116	0.3067783909336843	46.42058629947464
9.560329815030757	0.007	0.005	0.12423177527461222	0.00023612830523964216	0.3191874168942918	0.3078394429031534	45.74744596508135
9.738897133117531	0.007	0.005	0.12243033616688842	0.0002327038393116232	0.32165817902012	0.3088077828776074	45.08407914079014
9.917461192005465	0.007	0.005	0.12065505122948526	0.00022932910390636437	0.3240570882917501	0.3096864755277424	44.43034339913344
10.096022027230248	0.007	0.005	0.11890553993194293	0.00022600337515937786	0.3263862154283661	0.3104784942288412	43.78609861254239
10.274579674325656	0.007	0.005	0.11718142729710139	0.00022272593976599867	0.3286475714262819	0.31118672407156855	43.15120669841028
10.453134145173594	0.007	0.005	0.11548234404315022	0.00021949609525481566	0.330843108996481	0.31181396435126635	42.52553167140144
10.631685463480117	0.007	0.005	0.11380792615700909	0.00021631314917467014	0.3329747246978659	0.3123629312131475	41.90893948635153
10.810233664774598	0.007	0.005	0.11215781482380578	0.00021317641896150704	0.3350442605404764	0.31283626004477244	41.301298012298496
10.98877878458456	0.007	0.005	0.11053165646406424	0.00021008523201096872	0.33705350541251117	0.3132365077769511	40.702477046177016
11.1673208584357	0.007	0.005	0.10892910265702313	0.0002070389255333562	0.3390041966137066	0.31356615516618436	40.11234828458041
11.34585991002792	0.007	0.005	0.10734981016890728	0.00020403684660915206	0.34089802122083723	0.3138276089958555	39.53078533417231
11.524395986707493	0.007	0.005	0.10579344056398787	0.00020107835144680882	0.34273661791169996	0.3140232042822224	38.95766356846165
11.70292912399474	0.007	0.005	0.1042596604488097	0.00019816280585082898	0.34452157798393673	0.3141552063012154	38.39286021773821
11.88145934558485	0.007	0.005	0.10274814139238936	0.00019528958507051335	0.34625444673677147	0.3142258126390555	37.836254339685524
12.059986663348639	0.007	0.005	0.1012585598477996	0.00019245807365126405	0.34793672481182175	0.31423715518189943	37.287726790505076
12.238511089156352	0.007	0.005	0.09979059697860418	0.00018966766510374592	0.34956986960078823	0.31419130204148227	36.747160161003
12.417033379718685	0.007	0.005	0.09834393259825211	0.00018691775030599148	0.35115530300979914	0.3140902588765989	36.21443654481484
12.595553405010676	0.007	0.005	0.09691825847166152	0.00018420774295565913	0.35269439785936296	0.313935971250913	35.68944243661784
12.774070751270536	0.007	0.005	0.0955132730151259	0.00018153706943632342	0.35418848518860596	0.3137303269333881	35.17206678040983
12.952585122979412	0.007	0.005	0.09412867797730691	0.0001789051624668917	0.35563885894567004	0.3134751573380538	34.66219974730885
13.131096437431887	0.007	0.005	0.09276417772996882	0.00017631145974235488	0.35704677766260967	0.31317223880213324	34.1597324743712
13.30960475379	0.007	0.005	0.09141947985674416	0.00017375540505944347	0.3584134647344379	0.3128232940365397	33.664557281400405
13.488110190321597	0.007	0.005	0.09009429577852718	0.00017123644951370527	0.3597401086967475	0.31242999369249225	33.176567901243715
13.666612829824142	0.007	0.005	0.08878834140915656	0.0001687540527560734	0.3610278635096178	0.31199395804955943	32.695659721242414
13.845112743269844	0.007	0.005	0.08750133690473166	0.0001663076825137404	0.36227784975137245	0.31151675846650867	32.221729690919275
14.02360995434278	0.007	0.005	0.08623300684634032	0.00016389681494151425	0.3634911553557505	0.3109999189312673	31.754676389266944
14.202104451262816	0.007	0.005	0.08498308007349242	0.0001615209343039495	0.3646688366693472	0.31044491746053726	31.294399963410697
14.380596257712956	0.007	0.005	0.08375128912173531	0.0001591795318980108	0.3658119198373458	0.3098531872373089	30.84080192151508
14.559085338271693	0.007	0.005	0.08253737082151517	0.00015687210720227767	0.36692140106787074	0.3092261182200564	30.39378535330949
14.73757170480116	0.007	0.005	0.08134106550447673	0.00015459816635558413	0.3679982481705299	0.30856505806137074	29.953254637814368
14.916055321881657	0.007	0.005	0.08016211759112105	0.0001523572232850695	0.36904340079485226	0.3078713136678093	29.519115659741637
15.094536236836104	0.007	0.005	0.07900027467299461	0.00015014879794563143	0.3700577720023905	0.30714615189555733	29.09127547151753
15.273014437885445	0.007	0.005	0.07785528840114275	0.0001479724180256205	0.3710422482061614	0.3063908012502509	28.669642620449277
15.451489948710517	0.007	0.005	0.0767269138113501	0.0001458276176524849	0.3719976904766827	0.3056064526395545	28.254126900249666
15.629962757532263	0.007	0.005	0.0756149097265258	0.00014371393816617478	0.3729249348867221	0.30479426076618477	27.844639499212366
15.80843287621102	0.007	0.005	0.07451903832845143	0.00014163092729751014	0.3738247935473539	0.3039553449344863	27.441092842511477
15.986900316606588	0.007	0.005	0.07343906525935114	0.00013957813936391097	0.3746980551701833	0.3030907901796995	27.043400629603838
16.0	0.007	0.005	0.07336041355121077	0.00013942947795621594	0.3747611271504427	0.3030263475604465	27.01443771121794
