0.0	0.007	0.005	0.0	0.0	0.0	0.0	100.0
0.006495217112784074	0.007	0.005	0.018230602030018594	6.610714352943353e-5	1.4323530659024877e-5	5.132128485602546e-5	99.93301125408557
0.011568890091303213	0.007	0.005	0.031834738487888425	0.000109456935989922	4.482733980180907e-5	0.00015501311925648694	99.88071489375758
0.01878099136837509	0.007	0.005	0.050257549042574456	0.00016070511507976297	0.00011589658536769829	0.0003817889494846708	99.8064240013557
0.026050938518643936	0.007	0.005	0.06779451228725011	0.00020221892565668793	0.00021875829621411673	0.0006877841339699822	99.73159317008401
0.0346036677428957	0.007	0.005	0.08717439750377556	0.00024069394409424998	0.00037746513182976727	0.0011264950714207902	99.64363026467397
0.04371195305292911	0.007	0.005	0.10641868182839118	0.00027205757239001324	0.0005883475041347749	0.0016662848015164796	99.55003889358927
0.05379596784963989	0.007	0.005	0.12616335516126767	0.00029801211144767304	0.0008685170586365549	0.002329592148077287	99.44652403468942
0.0646250987002526	0.007	0.005	0.14567701842705852	0.00031827600418437457	0.0012197221393599792	0.00309826585755641	99.33548023718741
0.07635922050447104	0.007	0.005	0.16500621580830352	0.0003338088686237414	0.001654077100977114	0.003977975791249618	99.21529646988792
0.08894385756090412	0.007	0.005	0.1838210409701379	0.0003452354038931733	0.002176364803744323	0.004958617369763696	99.08656310985529
0.10245129687780441	0.007	0.005	0.2020159368836488	0.00035336642925323916	0.00279549895396956	0.006039394947572281	98.9485758799087
0.11687236779700431	0.007	0.005	0.21938442373927822	0.0003588925426464315	0.003516290205835068	0.007213469060908255	98.80146740139382
0.13222250528056065	0.007	0.005	0.23578567538230627	0.0003624488378284092	0.004343610640166074	0.008476469839501155	98.64512186064461
0.1484741157725347	0.007	0.005	0.25106951214779244	0.0003645616627530795	0.005278833193648448	0.00982121279974462	98.47986417636898
0.1655995237799054	0.007	0.005	0.2651344986434448	0.00036565673511659624	0.006321809656383115	0.011241279445582389	98.30602068230448
0.18356164167845807	0.007	0.005	0.2779173313757797	0.00036605785570868336	0.007470409503990692	0.012730255785674716	98.12401330390563
0.20233418549453927	0.007	0.005	0.28940321652886414	0.00036599946527514127	0.008721952635161451	0.014283323733276962	97.93415411819664
0.22189919766260263	0.007	0.005	0.29961307161246503	0.0003656428222063419	0.010073383364487631	0.015896917034731353	97.73667110932662
0.24225084822006202	0.007	0.005	0.3085958149184526	0.00036509405676383137	0.011521820503856148	0.017568880335727757	97.53167057188897
0.26339270914932084	0.007	0.005	0.3164182071413291	0.00036442029464782465	0.01306462134385996	0.019298101751685785	97.3191656479402
0.28533771802455193	0.007	0.005	0.32315821897431724	0.0003636624044711982	0.014699565766716008	0.021084393818113317	97.09907769342752
0.30810681704215626	0.007	0.005	0.3288994810020927	0.0003628443029238498	0.016424894356700095	0.022928292682897446	96.87125098702032
0.33172871938016635	0.007	0.005	0.33372752866870103	0.00036197930296109	0.018239386124850848	0.024830972079843184	96.63545611208507
0.3562394771347491	0.007	0.005	0.33772699907544357	0.00036107426501801265	0.02014238947082416	0.026794157370047263	96.39139537574678
0.38168255332634254	0.007	0.005	0.34097972650826364	0.00036013218838209496	0.022133866380096914	0.028820090949945684	96.13870326303851
0.40810893816990174	0.007	0.005	0.3435634145956397	0.00035915377887991783	0.02421442074493143	0.030911507052701306	95.87694656913484
0.43557755999027736	0.007	0.005	0.34555077913757404	0.00035813835754887915	0.026385334140175618	0.03307163239842041	95.6056217591474
0.46415585629838657	0.007	0.005	0.34700901751890567	0.0003570843677555347	0.028648601501233845	0.03530419901977857	95.32415095115732
0.4939205589758324	0.007	0.005	0.34799952327364814	0.0003559896413263601	0.031006972686039306	0.03761347125824558	95.03187604930056
0.5249587314447599	0.007	0.005	0.3485777776834216	0.00035485152282167093	0.03346400386069863	0.04000428779386132	94.72805073272943
0.5573690714368296	0.007	0.005	0.3487933658106799	0.00035366691149505417	0.03602411992321683	0.04248211767422763	94.4118302642326
0.5912635133225876	0.007	0.005	0.3486900791545492	0.0003524322544698751	0.0386926900447407	0.04505313073729035	94.08225890383268
0.6267696304168514	0.007	0.005	0.34830607014964016	0.00035114349264413224	0.041476154172157144	0.04772431742521669	93.73825023010966
0.6640329427896108	0.007	0.005	0.3476740381143509	0.00034979600300318584	0.04438212749879738	0.050503586471743696	93.37856928285413
0.7032190532681648	0.007	0.005	0.34682145954068383	0.0003483845458738512	0.047419475220951864	0.05339983319847305	93.00181737567256
0.7445185211706044	0.007	0.005	0.34577078302543024	0.00034690311605097213	0.05059857951552592	0.056423188967467224	92.60639188336157
0.7881509986727953	0.007	0.005	0.34453963210478006	0.0003453448266439071	0.053931520678704506	0.05958518434071605	92.19045505012197
0.8343715507168027	0.007	0.005	0.34314095923410154	0.0003437017230328969	0.05743239090263088	0.06289903335045272	91.75188426857846
0.8834780014312349	0.007	0.005	0.341583168263694	0.00034196457211712813	0.061117638525182566	0.06637993942093114	91.28821581893064
0.9358207216313579	0.007	0.005	0.33987016498584544	0.0003401225807908399	0.0650065339374134	0.07004550694299161	90.79656974388735
0.9918150602343998	0.007	0.005	0.33800132755671425	0.0003381630428756266	0.06912174775710085	0.07391624584642613	90.2735556432322
1.0519577263847537	0.007	0.005	0.3359713584804125	0.00033607087731374487	0.07349010454884047	0.07801622378526563	89.71514945840538
1.1168484066270385	0.007	0.005	0.33376998314959805	0.0003338280256950099	0.07814355658940901	0.08237390032291028	89.11653272791656
1.1872188408350968	0.007	0.005	0.3313814348881237	0.0003314126509915351	0.0831204660068679	0.08702321505165271	88.47187880495325
1.263974266407175	0.007	0.005	0.3287835853960719	0.000328797998246048	0.08846743203492725	0.09200513389647155	87.77404887954957
1.3482491338375047	0.007	0.005	0.3259466993997579	0.0003259508990750538	0.09424162087192967	0.0973695869120647	87.01419297929372
1.441484575484643	0.007	0.005	0.32283162961311707	0.00032282973627383157	0.10051385646333788	0.1031779979049965	86.1812069439014
1.5455503259939727	0.007	0.005	0.3193868097013559	0.0003193812277321922	0.10737356306126675	0.10950734686766735	85.26087443370913
1.6629164371220702	0.007	0.005	0.3155440801217362	0.0003155360662107204	0.1149351323102656	0.1164552451291561	84.23470407434965
1.7968996838366738	0.007	0.005	0.3112128662543194	0.00031120292436676326	0.12334613909698049	0.12414622003764798	83.0783334513112
1.9514703600527528	0.007	0.005	0.30628951057005366	0.0003062775031456716	0.13276467730291844	0.1327092183026383	81.76398564950394
2.1129645161454897	0.007	0.005	0.30122865395815995	0.0003012127576009641	0.14228898596060952	0.14131233189904632	80.41297242851464
2.2470130504971024	0.007	0.005	0.29709141501540415	0.0002970706393603863	0.14995678311997787	0.14819511154954276	79.30853218089287
2.3609371498682763	0.007	0.005	0.29361998070408585	0.00029359873323727683	0.1563085153629946	0.15386564457008892	78.38183158265828
2.4668927389994395	0.007	0.005	0.2904277718810523	0.0002904074990496632	0.16208323655400714	0.15899561397463674	77.52967110680342
2.5732366117665815	0.007	0.005	0.2872587596728001	0.0002872384231213643	0.16775334289468494	0.1640080847586279	76.68370329290279
2.6837914651447727	0.007	0.005	0.28400091555065377	0.0002839797192055947	0.17351731303625642	0.16907752792821662	75.81402194826245
2.7991486491567996	0.007	0.005	0.2806409389924672	0.00028061846542754	0.17939286437219945	0.17421694414423886	74.91707642290496
2.9178362350244833	0.007	0.005	0.2772254433523334	0.00027720146625967847	0.18529356124735802	0.17934844370613648	74.00531011221561
3.03765261147668	0.007	0.005	0.2738196252345525	0.0002737940486114472	0.19110531032767383	0.18437192629704824	73.09612722776102
3.156932387912533	0.007	0.005	0.2704706219710706	0.0002704434694749655	0.19674977091535836	0.18922030983029908	72.20211106916149
3.2750344006915153	0.007	0.005	0.2671950442080585	0.00026716641847461997	0.202203002096305	0.19387454856013672	71.32769584404876
3.392119310105497	0.007	0.005	0.26398683575457266	0.0002639568462222945	0.20747938458020984	0.19834858959916038	70.47126485153298
3.508686146728103	0.007	0.005	0.2608310891745334	0.00026079980390838423	0.21260702173094354	0.20266765650176974	69.62883855227142
3.6251988717947747	0.007	0.005	0.2577145056986304	0.00025768194946651366	0.2176102175028481	0.20685323524484944	68.79686684067107
3.7419163880792192	0.007	0.005	0.25462978127962027	0.0002545959564822342	0.22250275826060975	0.21091759761496598	67.97339990182797
3.8588892033700355	0.007	0.005	0.2515753532126342	0.00025154025997730067	0.2272889059390332	0.21486490728286417	67.1580205717726
3.976039809580895	0.007	0.005	0.24855300556076618	0.0002485166530741809	0.23196763670780746	0.21869495488785895	66.35120510599461
4.093255510722374	0.007	0.005	0.2455653182639489	0.0002455277278206203	0.2365368329123293	0.2224067135356565	65.55364221924951
4.210451174615062	0.007	0.005	0.24261404547405024	0.00024257524805107645	0.24099578777322003	0.22600038808063563	64.76580018223723
4.327590651568419	0.007	0.005	0.23969963139649475	0.00023965966301904288	0.2453458430671392	0.22947788105987674	63.98779757555993
4.444677820597651	0.007	0.005	0.236821504902721	0.00023678040254222028	0.24958983602413992	0.23284229003279325	63.219481936493054
4.5617356110138765	0.007	0.005	0.2339786458969954	0.00023393644528895083	0.2537311884396145	0.2360971435594712	62.46058095056148
4.6787873889533556	0.007	0.005	0.2311700566114261	0.00023112679195244745	0.2577731945350636	0.23924582644652448	61.710828263705544
4.79584720940436	0.007	0.005	0.22839499103675895	0.00022835069573094434	0.26171870085800325	0.24229133542992481	60.97002472881403
4.912918569911499	0.007	0.005	0.22565296989233546	0.00022560767748126503	0.2655701089652905	0.2452362946927685	60.23804240195328
5.029998098346118	0.007	0.005	0.22294368051235658	0.0002228974252674815	0.26932953753508776	0.24808309229280004	59.514797817013005
5.147080196469913	0.007	0.005	0.22026686166314507	0.00022021967872158345	0.2729989941665207	0.25083401733058985	58.80022123768374
5.264160390232223	0.007	0.005	0.21762222534324777	0.0002175741505010766	0.27658048550258246	0.2534913441533142	58.094235782000524
5.381236586212551	0.007	0.005	0.2150094305572073	0.00021496049992796807	0.280076050444275	0.2560573553452125	57.39675042125298
5.498308769041165	0.007	0.005	0.21242809320678072	0.00021237834290895304	0.2834877434618652	0.2585343270013578	56.707662620445674
5.615377985500109	0.007	0.005	0.20987781083284182	0.0002098272767875809	0.2868175997251709	0.2609245017020128	56.026864943146805
5.732445398595339	0.007	0.005	0.20735818417626767	0.00020730690201352646	0.2900676067594549	0.263230067743792	55.354250807165286
5.849511744878078	0.007	0.005	0.2048688287088817	0.00020481683374143779	0.29323969085480633	0.26545315008881143	54.68971756273477
5.96657724143843	0.007	0.005	0.20240937594398323	0.00020235670316063895	0.2963357173053799	0.26759581159135065	54.03316684235986
6.083641733226189	0.007	0.005	0.19997946966961513	0.00019992615371993455	0.2993574969933595	0.26966005860432246	53.38450355528681
6.200704941151939	0.007	0.005	0.19757876037108904	0.00019752483552862602	0.3023067947930503	0.27164784753104093	52.74363439859736
6.317766624899035	0.007	0.005	0.19520690175286742	0.00019515240186504564	0.30518533490635846	0.2735610889540036	52.11046692872516
6.434826660447663	0.007	0.005	0.19286354919964116	0.00019280850763308364	0.3079948035569074	0.27540164979443216	51.484909150640874
6.551885040068666	0.007	0.005	0.19054835987140392	0.00019049280946121228	0.3107368496113899	0.27717135402904014	50.86686954323198
6.668941802546737	0.007	0.005	0.188260994149103	0.00018820496716027114	0.31341308362683606	0.27887198241507855	50.25625744521934
6.785997017673597	0.007	0.005	0.1860011159368276	0.00018594464403129727	0.3160250783220254	0.2805052731957864	49.65298313582626
6.903050724229992	0.007	0.005	0.18376839382303037	0.0001837115080379921	0.31857436808403095	0.28207292223218194	49.05695814476647
7.020102914483403	0.007	0.005	0.18156250128507315	0.00018150523201686667	0.3210624496274022	0.28357658390242924	48.468095306847594
7.137153619460919	0.007	0.005	0.1793831150097214	0.00017932549199045248	0.3234907847380806	0.2850178732339661	47.88630831362743
7.254202823677856	0.007	0.005	0.17722991644815925	0.00017717196873597737	0.32586079932470363	0.28639836577253125	47.31151212852475
7.371250503898471	0.007	0.005	0.1751025910170447	0.00017504434698448968	0.32817388512357487	0.2877195990609351	46.74362277354141
7.488296675645729	0.007	0.005	0.17300082721411164	0.0001729423145330273	0.330431401414207	0.2889830740550932	46.18255709317224
7.605341338939069	0.007	0.005	0.17092431757144785	0.00017086556320716913	0.33263467471255387	0.29019025536898346	45.62823300888242
7.722384493797932	0.007	0.005	0.1688727583233999	0.00016881378852917457	0.33478499986342736	0.29134257232700633	45.080569430454894
7.8394261557442855	0.007	0.005	0.16684584909509495	0.00016678668940644774	0.33688364107128294	0.2924414199508907	44.539486172841194
7.956466317046005	0.007	0.005	0.16484329353349675	0.00016478396876959506	0.33893183193533494	0.29348815941212475	44.00490412462186
8.07350501647767	0.007	0.005	0.16286479806755774	0.00016280533232490072	0.3409307773969846	0.29448411946721587	43.47674491702904
8.190542246306567	0.007	0.005	0.16091007345641326	0.00016085049011659678	0.34288165281636496	0.2954305964125527	42.954931337236815
8.3075780220529	0.007	0.005	0.1589788335554045	0.00015891915528490482	0.3447856058757693	0.29632885547130716	42.43938699895128
8.424612343734733	0.007	0.005	0.157070795925193	0.00015701104468173333	0.34664375659615876	0.2971801312207624	41.93003650501342
8.541645226871506	0.007	0.005	0.15518568127845628	0.000155125878314251	0.34845719849646023	0.29798562856183947	41.426805299694735
8.658676679231489	0.007	0.005	0.1533232138216233	0.00015326337969091025	0.3502269988560564	0.29874652325619355	40.92961975992327
8.775706685331183	0.007	0.005	0.15148312144892936	0.00015142327601875503	0.35195419912724857	0.29946396254574315	40.438407247086666
8.892735268439663	0.007	0.005	0.14966513472303783	0.00014960529717600478	0.3536398164672114	0.3001390662209492	39.95309583490938
9.009762444074852	0.007	0.005	0.14786898758123682	0.00014780917642560621	0.35528484361828894	0.3007729269712401	39.473614497971624
9.126788212253675	0.007	0.005	0.14609441740560467	0.00014603465048728995	0.35689024939740466	0.3013666110094834	38.99989313043999
9.243812588493311	0.007	0.005	0.14434116450843346	0.00014428145901904563	0.3584569796982972	0.3019211588724829	38.5318624087015
9.36083558056035	0.007	0.005	0.14260897245008328	0.00014254934493892376	0.35998595771889663	0.30243758591375913	38.0694538762146
9.477857188471162	0.007	0.005	0.14089758799417548	0.0001408380543807432	0.3614780845135414	0.30291688291881974	37.612599931548104
9.594877419991974	0.007	0.005	0.139206760840888	0.00013914733642544574	0.3629342397219395	0.30336001676137064	37.16123375718444
9.711896267389212	0.007	0.005	0.1375362439268202	0.0001374769434048722	0.36435528179229787	0.303767930887536	36.715289399568356
9.82891374617859	0.007	0.005	0.135885792832123	0.00013582663030318223	0.3657420489591775	0.3041415460166607	36.27470161084055
9.94592986412569	0.007	0.005	0.13425516619375413	0.0001341961551751044	0.3670953593452641	0.30448176056841686	35.83940595915613
10.062944636745325	0.007	0.005	0.13264412545121215	0.0001325852788894228	0.36841601162350784	0.30478945124639734	35.409338760808055
10.179958064052963	0.007	0.005	0.13105243513210432	0.00013099376541840263	0.3697047852204549	0.305065473496958	34.98443715645986
10.29697014606407	0.007	0.005	0.1294798625976703	0.00012942138158099858	0.3709624409572031	0.30531066206886115	34.56463904321289
10.413980882794112	0.007	0.005	0.12792617800865025	0.00012786789700879056	0.37218972149356366	0.30552583150902274	34.14988306549493
10.530990297505971	0.007	0.005	0.1263911539884234	0.0001263330838052775	0.3733873519966692	0.3057117766805012	33.74010852513519
10.647998374716481	0.007	0.005	0.12487456640656419	0.0001248167173397022	0.3745560399241358	0.3058692731308545	33.33525559053431
10.765005114440932	0.007	0.005	0.12337619362508119	0.00012331857548434366	0.37569647600698497	0.3059990776537606	32.93526509544812
10.882010524443483	0.007	0.005	0.12189581657549016	0.00012183843869275363	0.3768093345611316	0.3061019287144443	32.54007855956209
10.999014612488036	0.007	0.005	0.1204332188288222	0.0001203760900709717	0.37789527380114685	0.3061785468760819	32.1496382071802
11.116017394086924	0.007	0.005	0.11898818646862681	0.00011893131524908282	0.3789549362942158	0.30622963523150754	31.763886933322944
11.233018853757509	0.007	0.005	0.11756050853509764	0.00011750390283200271	0.37998894898897095	0.30625587980929875	31.382768422286738
11.350019014760306	0.007	0.005	0.11614997613558954	0.00011609364349770227	0.38099792420917616	0.306257950008824	31.00622691019657
11.467017869361289	0.007	0.005	0.11475638326780228	0.0001147003308324605	0.3819824593906254	0.3062364989792184	30.634207404754715
11.58401561903262	0.007	0.005	0.1133795239574193	0.0001133237584250619	0.3829431394105207	0.30619216392563553	30.266654921133767
11.701012186301698	0.007	0.005	0.11201919801676069	0.0001119637257128424	0.3838805328585866	0.30612556661552914	29.903516019248414
11.818007470453704	0.007	0.005	0.11067520789878958	0.00011062003479061374	0.38479519462109024	0.3060373137982418	29.544737963932853
11.935001394021546	0.007	0.005	0.10934735812890757	0.00010929248983381141	0.38568766657354037	0.30592799753579186	29.190268573258578
12.051993941525005	0.007	0.005	0.10803545486178825	0.00010798089664766869	0.3865584781562773	0.3057981954845938	28.840056100231095
12.168985128476125	0.007	0.005	0.10673930623696191	0.0001066850630279588	0.3874081464025072	0.30564847122663896	28.4940493277132
12.285974985882095	0.007	0.005	0.1054587225400337	0.0001054047989247058	0.38823717610395087	0.3054793746036365	28.15219761146228
12.4029635370013	0.007	0.005	0.1041935164346369	0.00010413991667827586	0.38904605993415653	0.30529144207305675	27.814450942050087
12.519950805091346	0.007	0.005	0.10294350284721962	0.00010289023090249981	0.3898352787953581	0.30508519702182674	27.480759914106667
12.636936766923537	0.007	0.005	0.10170849942736573	0.00010165555895388882	0.3906053017978168	0.3048611501727038	27.151075849202897
12.753921422512457	0.007	0.005	0.10048832576849254	0.00010043572013870089	0.39135658701372456	0.30461979977564174	26.8253505878158
12.870904771872693	0.007	0.005	0.09928280363429068	9.923053594359653e-5	0.3920895815818961	0.3043616319413392	26.50353654977682
12.987886799524176	0.007	0.005	0.0980917570894011	9.803983016920383e-5	0.392804721875211	0.3040871209695967	26.18558676915575
13.10486751322908	0.007	0.005	0.09691501207687193	9.686342849961747e-5	0.39350243399498464	0.3037967295449414	25.87145478146315
13.221846928496467	0.007	0.005	0.09575239655989336	9.570115864687814e-5	0.3941831339133654	0.30349090903961606	25.561094661486283
13.338825022099549	0.007	0.005	0.09460374095475932	9.455285079322531e-5	0.3948472274502938	0.30317009990992094	25.254461138868276
13.455801817294198	0.007	0.005	0.09346887726129603	9.341833670390543e-5	0.39549511100366935	0.3028347317351364	24.951509365976044
13.572777290854143	0.007	0.005	0.0923476399512033	9.22974506343796e-5	0.39612717125270136	0.3024852237300016	24.65219515504302
13.689751442794318	0.007	0.005	0.09123986526054782	9.119002860825174e-5	0.3967437857777558	0.3021219848035143	24.356474789300183
13.806724280876372	0.007	0.005	0.0901453913233025	9.009590855368529e-5	0.3973453231865245	0.30174541384140063	24.064305058624488
13.923695820608327	0.007	0.005	0.08906405815195252	8.90149302837221e-5	0.39793214332434906	0.30135589994160006	23.775643254361512
14.040666054258047	0.007	0.005	0.08799570789953906	8.794693576474831e-5	0.39850459732997817	0.3009538227525199	23.490447239278144
14.157634966347198	0.007	0.005	0.08694018468467614	8.689176893811063e-5	0.3990630279278137	0.3005395526581633	23.208675400850783
14.274602549144342	0.007	0.005	0.0858973344273167	8.584927555232885e-5	0.3996077697035097	0.30011345094744313	22.930286607423078
14.39156881815715	0.007	0.005	0.08486700469483069	8.481930300546463e-5	0.40013914936399414	0.2996758699688433	22.65524016711655
14.508533765654184	0.007	0.005	0.08384904509405332	8.380170074713941e-5	0.4006574857116978	0.2992271535121215	22.383495932487776
14.625497391650374	0.007	0.005	0.08284330697214558	8.279631997241812e-5	0.4011630899758437	0.29876763690348895	22.115014220673196
14.74245970390667	0.007	0.005	0.08184964339887683	8.180301360382606e-5	0.4016562659898382	0.29829764720430535	21.849755808659392
14.8594207179297	0.007	0.005	0.08086790914902399	8.082163627348365e-5	0.4021373103646254	0.29781750340525565	21.587681928584594
14.97638040275048	0.007	0.005	0.07989796113183623	7.98520447647827e-5	0.4026065124432766	0.2973275168454734	21.328754382384222
15.093338766129877	0.007	0.005	0.07893965765293338	7.88940972547469e-5	0.4030641548222492	0.29682799105246926	21.072935344754754
15.210295808082817	0.007	0.005	0.07799285878680427	7.794765369686261e-5	0.40351051332195953	0.29631922211387146	20.820187462592077
15.327251528624233	0.007	0.005	0.07705742629088916	7.701257573322333e-5	0.403945857180025	0.2958014988252187	20.57047383205585
15.444205927769053	0.007	0.005	0.07613322358531957	7.608872667409e-5	0.4043704492084072	0.2952751028649266	20.32375799316101
15.561159013277615	0.007	0.005	0.0752201156727941	7.51759714157462e-5	0.40478454597388513	0.2947403089293802	20.08000390838865
15.678110785164677	0.007	0.005	0.07431796924118328	7.427417654658655e-5	0.40518839789160865	0.29419738496941317	19.839175990076416
15.795061235699755	0.007	0.005	0.07342665264034262	7.338321032382543e-5	0.4055822493746839	0.2936465923557478	19.601239094228685
15.91201036489778	0.007	0.005	0.07254603574335287	7.25029425308704e-5	0.4059663390302657	0.2930881859658335	19.366158483474695
16.0	0.007	0.005	0.07189045055483989	7.185120525796228e-5	0.40624902723489376	0.29266317667477315	19.191150069437057
