0.0	0.007	0.005	0.0	0.0	0.0	0.0	100.0
0.006384966048938834	0.007	0.005	0.020612937278191166	7.814327568094524e-5	1.8571059805120846e-5	4.7382899208808245e-5	99.95575257991159
0.011305159259256417	0.007	0.005	0.035837160028154916	0.0001282620965672218	5.7499541397158014e-5	0.0001411785184426581	99.92166930185788
0.01833822340857822	0.007	0.005	0.05664598680701108	0.0001873694069155106	0.00014864530561315085	0.0003462211509892394	99.8729698731375
0.025398854587837354	0.007	0.005	0.0764600070573366	0.00023460119313985301	0.00028017357568913307	0.000620463094638074	99.82410343518276
0.03372390370493366	0.007	0.005	0.09851160921260296	0.0002780355896667869	0.0004838982703747832	0.00101282706967435	99.7665167095472
0.04258536776099388	0.007	0.005	0.12051633077405965	0.00031302677947573905	0.0007550991892545532	0.001493502072446928	99.70525594972106
0.05241459485062927	0.007	0.005	0.14326812383594326	0.00034168561594098153	0.0011170841190379346	0.0020832518869012434	99.63734888688892
0.06298423790856553	0.007	0.005	0.1659258906251868	0.0003637911541564868	0.0015729172676589667	0.002765548348737814	99.56437812740009
0.07446607866935653	0.007	0.005	0.18857709009595955	0.00038053216444844157	0.0021401105647625876	0.003546375220733916	99.48517028953334
0.08681393147465648	0.007	0.005	0.21084258317207602	0.00039268740773454184	0.0028266683086498974	0.004417344022051325	99.4000585607385
0.10011315580225501	0.007	0.005	0.23260905270714122	0.00040122274145637423	0.003646763521579389	0.005378992458011191	99.30847062831154
0.1143646004882887	0.007	0.005	0.2536243247088537	0.0004069466742628069	0.004609268873999526	0.006426271611626963	99.21041869564093
0.12959017732662534	0.007	0.005	0.27370103716421085	0.00041058650898091335	0.005723135494079507	0.007556155930399587	99.10577155861017
0.14575932672801717	0.007	0.005	0.29262245897418715	0.0004127340596029061	0.006991914363167551	0.00876239394892794	98.99475999119454
0.16283515660946143	0.007	0.005	0.31022468688951327	0.0004138585930785944	0.008416376101631587	0.010038952002422373	98.87765848097098
0.18076924871189726	0.007	0.005	0.32639214308841263	0.00041430862834941265	0.009994071026463353	0.011379625270068427	98.75482037169284
0.1995260431022398	0.007	0.005	0.34107554589499656	0.0004143289983861472	0.011721645472933095	0.012779775579460938	98.62651049285176
0.21908035832339126	0.007	0.005	0.3542752173774225	0.00041408214676833254	0.013595159894784225	0.014236014053365083	98.49292249159559
0.23942058478525408	0.007	0.005	0.36603045026248326	0.00041367078770623763	0.01561086417090412	0.01574629825194361	98.35415742319543
0.26054512655220674	0.007	0.005	0.3764059056092099	0.00041315716819985177	0.017765261474604273	0.017309544289609787	98.21024855318569
0.2824619795030891	0.007	0.005	0.3854829746821594	0.00041257754320924654	0.02005536600276102	0.01892550082929547	98.06116469438689
0.305187119609969	0.007	0.005	0.39335257598684326	0.0004119521898826271	0.0224787629268997	0.020594560790919002	97.906821645475
0.3287441396137084	0.007	0.005	0.40011027534785715	0.00041129189075820975	0.025033731355474917	0.022317685647400255	97.74708511624598
0.35316370434344285	0.007	0.005	0.40585257901281235	0.00041060194862454607	0.027719300807362006	0.024096330093521457	97.58177489936912
0.3784835581915253	0.007	0.005	0.41067436837434057	0.00040988455948781747	0.030535329813266045	0.025932415779652274	97.41066532039919
0.4047483146386724	0.007	0.005	0.4146670144280405	0.0004091401767674558	0.03348253177931694	0.027828293930102468	97.23348720225958
0.43201000752456165	0.007	0.005	0.4179171883908752	0.00040836824806489603	0.03656256303603229	0.029786765188723505	97.0499247381559
0.4603283267887797	0.007	0.005	0.4205060053538531	0.00040756761293970047	0.039778058363917866	0.03181107644854299	96.85961457821112
0.4897712339017917	0.007	0.005	0.422508534350896	0.00040673669718466535	0.04313269437744083	0.03390494367213309	96.66214245217303
0.5204157769169515	0.007	0.005	0.42399354202317857	0.00040587359837899594	0.046631263313105506	0.03607258626267053	96.4570385786136
0.5523490887722721	0.007	0.005	0.4250234064587301	0.00040497611315844017	0.0502797565572425	0.03831877065257169	96.24377200486265
0.5856696698091507	0.007	0.005	0.4256541579598989	0.0004040417303012744	0.05408546984427376	0.04064886901034184	96.02174324437982
0.6204889563246232	0.007	0.005	0.4259356064752218	0.0004030676037043211	0.0580571299824046	0.04306893167089857	95.79027525571841
0.6569332654889346	0.007	0.005	0.4259115283789071	0.0004020505099702254	0.06220505222955773	0.045585777796501414	95.54860223056622
0.6951462507875796	0.007	0.005	0.42561988891598956	0.00040098679061518263	0.06654134146760779	0.04820711118395765	95.29585539276805
0.7352925984425831	0.007	0.005	0.42509307075666175	0.0003998722607249122	0.07108021631441248	0.050941707713743685	95.03104111781171
0.7775595866095871	0.007	0.005	0.42435814468009364	0.0003987021791597716	0.075838069825675	0.0537994406608105	94.75303380219943
0.8221634599933894	0.007	0.005	0.4234370902178301	0.0003974710882219894	0.0808340481406045	0.05679161377810114	94.46053777125971
0.8693540433711072	0.007	0.005	0.4223470232023656	0.0003961727069353203	0.08609039325959195	0.05993114537121672	94.15206195256582
0.9194224333311619	0.007	0.005	0.4211003622074992	0.0003947997452855986	0.09163308454748195	0.06323292315216734	93.82587578787009
0.9727097436401514	0.007	0.005	0.41970495986459216	0.0003933436977506338	0.097492534013446	0.06671417951355046	93.47996024172103
1.0296189421960142	0.007	0.005	0.4181641521744238	0.0003917945630767574	0.10370453933475376	0.0703950049778561	93.11194130826489
1.0906299270048097	0.007	0.005	0.4164767183108393	0.0003901404908152408	0.11031147641152596	0.07429898270270979	92.71900614547187
1.1563195223424012	0.007	0.005	0.41463670828600824	0.00038836731514266704	0.11736386739820719	0.07845401607784543	92.29779246934481
1.2273881041005825	0.007	0.005	0.41263309621831873	0.0003864579390974414	0.12492243792457876	0.08289340376251046	91.84424246639531
1.3046955904785538	0.007	0.005	0.4104491935735419	0.0003843915095290611	0.13306085106386328	0.08765725354136317	91.35340706785644
1.389316504324944	0.007	0.005	0.4080615682269399	0.00038214214579208904	0.14186997171069646	0.09279470392878221	90.81914434616742
1.4826017476149573	0.007	0.005	0.40543885295376714	0.0003796775861004526	0.15146211115543531	0.09836600095910034	90.23379856954064
1.5862898471251003	0.007	0.005	0.40253929413024614	0.0003769566691292341	0.16197929908146724	0.10444671678928018	89.58760312956025
1.7026421248427102	0.007	0.005	0.3993078594666196	0.0003739264194995529	0.17360222612243048	0.11113202561785415	88.86799150772798
1.8344737662892376	0.007	0.005	0.3956765455416921	0.0003705220887995759	0.18654656981964496	0.11853330622759188	88.05962607769439
1.9802442918618155	0.007	0.005	0.39169909649345125	0.0003667925713102909	0.20058638840099025	0.12650677768000188	87.17434781610054
2.111519007520294	0.007	0.005	0.38815120044601287	0.000363463549181093	0.2129891199909251	0.13350207192675725	86.38472285017092
2.223322742502447	0.007	0.005	0.3851548309344973	0.00036065377464323254	0.22337541019256277	0.13932398346511723	85.71785928448233
2.3249584374817998	0.007	0.005	0.3824510241533964	0.0003581209637228458	0.23267818670393836	0.14450983367537887	85.1161119611651
2.424560056810122	0.007	0.005	0.37981973737603597	0.0003556556666806219	0.24166825915265414	0.14949494840427965	84.53050619248383
2.5266475728114757	0.007	0.005	0.3771415597097534	0.000353145466989994	0.2507545422825911	0.1545063829424724	83.93446551012039
2.632625408550688	0.007	0.005	0.3743812965980558	0.0003505577192568511	0.2600517592148915	0.1596053248730177	83.32015677960729
2.741823244840868	0.007	0.005	0.37155829605730795	0.0003479107857740094	0.26948935490652803	0.16475066242908495	82.69188577344366
2.8525765005930634	0.007	0.005	0.3687168269760919	0.0003452462991280419	0.2789162505289005	0.16985858258111663	82.05950461366906
2.9633394201834244	0.007	0.005	0.3658968425619553	0.00034260183176627	0.28820000672798757	0.17485726504188065	81.4319050034243
3.0733049710718605	0.007	0.005	0.36311849437509747	0.00033999637079184077	0.2972766742200939	0.17971323494020608	80.81357173327568
3.182393366981595	0.007	0.005	0.36038315339738153	0.0003374312370812549	0.30614494378463947	0.18442711339449325	80.20480990985898
3.2909256736078683	0.007	0.005	0.3576822041522331	0.000334898332830298	0.31483560446600073	0.1890164639241222	79.60370211718816
3.399291510381782	0.007	0.005	0.3550055939151403	0.00033238819598338217	0.323383141948968	0.19350038201111416	79.00801107637514
3.507756667212691	0.007	0.005	0.35234658762255866	0.0003298944880568846	0.3318105763857147	0.19789154810764317	78.41623786933852
3.6164175093430724	0.007	0.005	0.3497027540381285	0.0003274149250136681	0.34012678559467324	0.20219504064315125	77.82784141363268
3.725245039028903	0.007	0.005	0.3470747483751662	0.00032495013003898713	0.3483308103838726	0.20641078838257315	77.2429675295959
3.8341574395611127	0.007	0.005	0.3444644656742079	0.00032250189431958095	0.3564179205169916	0.21053683180634056	76.6620379665106
3.9430788743829055	0.007	0.005	0.3418736003248456	0.0003200718204199442	0.3643841708355544	0.2145716933768855	76.08542981797984
4.051967406459528	0.007	0.005	0.339302995816295	0.0003176607094375322	0.37222835158483375	0.21851534197255412	75.51333080611448
4.160815594154337	0.007	0.005	0.3367526618247639	0.00031526857661319014	0.37995183609260935	0.22236906708542858	74.94574308438854
4.269636686651882	0.007	0.005	0.334222124841371	0.0003128949814460677	0.3875574343634797	0.22613486456515877	74.38256127137504
4.378449062337715	0.007	0.005	0.3317108040672803	0.0003105393819216198	0.3950482214226205	0.2298148351675889	73.82365610781099
4.487266262174056	0.007	0.005	0.3292182430895665	0.00030820135296334537	0.4024268428698033	0.2334108414575238	73.26892601705003
4.5960937642117345	0.007	0.005	0.326744178535034	0.0003058806512444566	0.4096953287989524	0.23692442581465542	72.71831238426243
4.704930661134281	0.007	0.005	0.324288495318436	0.0003035771730637141	0.416855245906801	0.24035689463529447	72.17178959673475
4.813773060909161	0.007	0.005	0.32185114530643216	0.0003012908776895998	0.42390794867750825	0.24370944611219428	71.62934694218664
4.922617114304035	0.007	0.005	0.31943207778631827	0.00029902172179888586	0.4308547857865164	0.24698327110804633	71.09097313428911
5.03146051461664	0.007	0.005	0.31703120658701456	0.00029676962845786914	0.4376971932472498	0.25017959634669523	70.55664899530021
5.140302641938297	0.007	0.005	0.31464840824736406	0.0002945344853809023	0.44443669584403717	0.2532996829860234	70.02634704841232
5.249143972024578	0.007	0.005	0.3122835362151683	0.00029231615831609074	0.4510748635886546	0.25634480454999453	69.50003467780778
5.357985312202447	0.007	0.005	0.30993643815343186	0.0002901145073716935	0.4576132614457941	0.2593162228679723	68.97767798023752
5.46682730401247	0.007	0.005	0.3076069667989563	0.00028792939726647517	0.4640534190514681	0.2622151742390203	68.45924418164802
5.575670178128048	0.007	0.005	0.30529498499829405	0.00028576070208972997	0.470396817716955	0.2650428640553595	67.94470275795355
5.684513848054455	0.007	0.005	0.3030003633978319	0.000283608303129266	0.47664489797075216	0.26780047080677977	67.43402492095517
5.793358075916315	0.007	0.005	0.3007229767275101	0.00028147208537040487	0.48279907057652344	0.27048915141856644	66.92718279126608
5.902202609418091	0.007	0.005	0.2984627008424892	0.0002793519347086936	0.4888607250517764	0.27311004523533833	66.42414873992203
6.011047261139209	0.007	0.005	0.29621941107931465	0.0002772477364023346	0.49483123433118675	0.2756642761430001	65.92489502253882
6.119891951786222	0.007	0.005	0.2939929814202564	0.0002751593742869743	0.5007119571012612	0.27815295358786307	65.42939359333236
6.228736652525135	0.007	0.005	0.2917832857373681	0.00027308673195432774	0.506504234603953	0.2805771712318337	64.93761638198967
6.337581356147448	0.007	0.005	0.28959019840333095	0.0002710296933333185	0.5122093892307205	0.2829380064372458	64.44953542961434
6.446426026610671	0.007	0.005	0.2874135953061934	0.0002689881436530887	0.517828722148692	0.2852365194031909	63.96512311456142
6.555270642289339	0.007	0.005	0.2852533529655897	0.00026696196861282425	0.523363515888831	0.2874737543704839	63.48435195574826
6.664115145515616	0.007	0.005	0.28310934952700484	0.0002649510553255669	0.5288150320696625	0.28965073882785236	63.00719483393216
6.772959500247272	0.007	0.005	0.28098146360528387	0.00026295529123011293	0.5341845146394683	0.2917684849547853	62.53362473432845
6.881803656025332	0.007	0.005	0.2788695749908386	0.00026097456476257706	0.539473188334414	0.2938279891240348	62.06361490377982
6.990647562391124	0.007	0.005	0.2767735643560838	0.00025900876508333064	0.5446822596898098	0.2958302324316333	61.59713878542266
7.099491183303159	0.007	0.005	0.27469331297463373	0.0002570577818157619	0.549812917983145	0.2977761811773208	61.13416995619266
7.2083344899286335	0.007	0.005	0.2726287028615768	0.0002551215051828539	0.5548663351158503	0.2996667869279174	60.674682158043936
7.317177446226637	0.007	0.005	0.270579617042613	0.00025319982626559545	0.5598436651963321	0.3015029864809506	60.2186493578464
7.426020030573289	0.007	0.005	0.2685459391400341	0.0002512926366155017	0.5647460457904583	0.3032857024497256	59.76604565524409
7.534862214136627	0.007	0.005	0.26652755377603554	0.0002493998286397022	0.5695745971755981	0.30501584310500457	59.316845372413866
7.643703960876739	0.007	0.005	0.2645243465613208	0.0002475212955939748	0.574330422616878	0.3066943026048376	58.871023051529214
7.752545249170645	0.007	0.005	0.26253620369034536	0.0002456569312036093	0.5790146095622467	0.3083219615388331	58.42855336468024
7.861386057395639	0.007	0.005	0.26056301220540634	0.00024380662991663966	0.5836282292331697	0.30989968689523534	57.989411172647635
7.97022636392931	0.007	0.005	0.25860465999038823	0.0002419702869013711	0.588172336865975	0.3114283322646426	57.55357152351115
8.079066139941409	0.007	0.005	0.2566610358927928	0.0002401477981651918	0.5926479716554619	0.3129087379442851	57.12100967980756
8.187905371018315	0.007	0.005	0.25473202933094113	0.0002383390601861983	0.5970561578805111	0.31434173143146565	56.691701031112004
8.296744042746631	0.007	0.005	0.25281753055012857	0.0002365439701586324	0.6013979045198101	0.3157281274067625	56.26562115104616
8.405582133505156	0.007	0.005	0.2509174307418424	0.00023476242610877366	0.6056742051988196	0.31706872783934553	55.842745823810866
8.514419636089006	0.007	0.005	0.24903162165968598	0.00023299432653440977	0.6098860392660748	0.3183643224445287	55.42305095870822
8.62325653608547	0.007	0.005	0.2471599959932062	0.0002312395707614647	0.6140343711541664	0.3196156885969208	55.006512673338655
8.732092797458382	0.007	0.005	0.2453024476022832	0.00022949805916876656	0.6181201500818698	0.32082359137228744	54.593107345765105
8.840928434627202	0.007	0.005	0.24345887028099195	0.00022776969202040515	0.6221443129745586	0.32198878452886753	54.18281133940542
8.949763433179879	0.007	0.005	0.24162915911182145	0.0002260543707503274	0.6261077816688575	0.323112009785142	53.775601304419425
9.058597778704618	0.007	0.005	0.23981320996211514	0.00022435199748817636	0.6300114642283673	0.3241939973333807	53.371454065639746
9.167431463997609	0.007	0.005	0.23801091935932667	0.00022266247494353173	0.6338562554016992	0.3252354660809087	52.9703465948092
9.276264467439814	0.007	0.005	0.23622218484374702	0.00022098570674233969	0.6376430360590369	0.3262371236129804	52.572256089081975
9.385096789035506	0.007	0.005	0.23444690436817087	0.00021932159686047426	0.6413726746551915	0.32719966669979245	52.17715983741673
9.493928428788955	0.007	0.005	0.23268497665421262	0.00021767004996333926	0.6450460266455641	0.3281237812443865	51.785035299876235
9.602759372289347	0.007	0.005	0.23093630141725616	0.00021603097162114606	0.6486639342050777	0.32901014233218473	51.395860157690805
9.711589626748632	0.007	0.005	0.2292007787794971	0.00021440426775469934	0.6522272276266519	0.3298594146925352	51.00961218262862
9.820419170548822	0.007	0.005	0.22747831007279065	0.0002127898453982027	0.6557367238412003	0.3306722524530939	50.62626941567259
9.929248010901961	0.007	0.005	0.22576879691351032	0.00021118761182425225	0.6591932284911621	0.33144929974683524	50.245809961126476
10.03807614060524	0.007	0.005	0.22407214188572697	0.0002095974751931494	0.6625975347009844	0.33219119053163765	49.86821213865921
10.146903566870607	0.007	0.005	0.22238824808274693	0.00020801934411995856	0.6659504241733196	0.3328985489488519	49.49345438127229
10.255730275288087	0.007	0.005	0.22071701966130686	0.00020645312820166608	0.6692526662477616	0.3335719892334991	49.121515358638085
10.36455625144799	0.007	0.005	0.21905836149527055	0.00020489873769045537	0.6725050187668707	0.33421211601948075	48.75237390002875
10.473381502562406	0.007	0.005	0.21741217884446387	0.00020335608318100892	0.6757082288792207	0.3348195246021549	48.38600892061387
10.5822060430504	0.007	0.005	0.21577837757722002	0.0002018250758229096	0.6788630327458942	0.3353948009755442	48.02239947098904
10.69102987291661	0.007	0.005	0.21415686448994473	0.00020030562762523974	0.6819701550800047	0.33593852185899636	47.66152480829628
10.799852977751634	0.007	0.005	0.21254754729361222	0.0001987976514452453	0.6850303093433455	0.3364512548577209	47.30336439321875
10.90867535035333	0.007	0.005	0.21095033428434554	0.00019730106067702253	0.6880441985334135	0.33693355871296476	46.947897816666995
11.017496997933545	0.007	0.005	0.20936513423765604	0.00019581576915224123	0.6910125155225468	0.33738598345577775	46.59510477624151
11.126317920497113	0.007	0.005	0.20779185672255499	0.00019434169143944306	0.6939359426091137	0.3378090704395038	46.24496514613946
11.235138139669356	0.007	0.005	0.20623041168033193	0.00019287874244516197	0.6968151524446204	0.3382033525815756	45.89745888341024
11.343957641041252	0.007	0.005	0.20468071024900106	0.0001914268381979245	0.6996508066526946	0.3385693542784649	45.55256621143943
11.452776431824269	0.007	0.005	0.20314266392699448	0.0001899858950550878	0.7024435575198524	0.3389075917516024	45.210267433825095
11.561594490402985	0.007	0.005	0.2016161852846569	0.00018855583037967152	0.7051940468359088	0.3392185730073967	44.87054309272408
11.670411838402245	0.007	0.005	0.20010118694446233	0.00018713656157238608	0.7079029078755822	0.3395027981757873	44.533373741894756
11.779228461413503	0.007	0.005	0.1985975826899934	0.00018572800712619232	0.710570763531595	0.3397607594007993	44.19874019350533
11.88804437385468	0.007	0.005	0.19710528655605522	0.0001843300857624898	0.7131982280782067	0.33999294113454237	43.86662331563444
11.996859582936914	0.007	0.005	0.19562421332727173	0.00018294271690570083	0.7157859064074187	0.34019982015710787	43.53700414323624
12.105674088664752	0.007	0.005	0.1941542785294284	0.00018156582067588122	0.7183343941802077	0.3403818657016787	43.20986387621354
12.214487891042742	0.007	0.005	0.1926953983246829	0.00018019931778984796	0.7208442781400566	0.3405395395870666	42.88518385609644
12.32330099007543	0.007	0.005	0.19124748950676668	0.00017884312955730272	0.7233161362464234	0.34067329633057647	42.56294556497449
12.432113385767359	0.007	0.005	0.18981046949622252	0.00017749717787695227	0.725750537806215	0.3407835832591751	42.243130624436944
12.540925092535614	0.007	0.005	0.18838425614748452	0.00017616138505352036	0.728148043918434	0.34087084062904816	41.92572075263711
12.649736103178334	0.007	0.005	0.18696876821821226	0.00017483567424493953	0.7305092068019531	0.34093550170089437	41.61069786874532
12.758546417699971	0.007	0.005	0.18556392498324678	0.0001735199690956102	0.7328345705684982	0.34097799287690156	41.29804400703258
12.867356057723375	0.007	0.005	0.1841696460495452	0.000172214193560613	0.7351246716355005	0.34099873379929313	40.98774127568389
12.976165016046638	0.007	0.005	0.182785852001067	0.00017091827252018675	0.7373800377761817	0.34099813743752466	40.67977200032022
13.08497329267403	0.007	0.005	0.18141246392727453	0.00016963213133137337	0.7396011890155477	0.3409766102075138	40.3741186190645
13.193781067760051	0.007	0.005	0.18004940126372107	0.00016835569377080287	0.7417886411876006	0.3409345519817322	40.07076320195498
13.302588269247181	0.007	0.005	0.17869658722740267	0.0001670888872130235	0.7439428972842137	0.34087235630900914	39.769688660606214
13.411394810667229	0.007	0.005	0.17735394577033212	0.0001658316397300278	0.7460644525554592	0.3407904105442682	39.47087807021387
13.520200648788908	0.007	0.005	0.1760214008656337	0.00016458387941115153	0.7481537957390285	0.3406890958954297	39.17431451067204
13.629005783616762	0.007	0.005	0.1746988765235996	0.00016334553437820522	0.7502114091051691	0.34056878747710756	38.87998107014675
13.737810207949552	0.007	0.005	0.17338629741352923	0.00016211653337840843	0.7522377675706514	0.34042985443381185	38.58786098346886
13.846613950614879	0.007	0.005	0.17208358834046117	0.00016089680528558225	0.7542333396038761	0.3402726599711935	38.29793751567852
13.955417033234106	0.007	0.005	0.17079067476891285	0.0001596862795997698	0.7561985865062555	0.3400975614894316	38.01019407858583
14.064219477428212	0.007	0.005	0.16950748273056776	0.000158484886359505	0.7581339626552929	0.3399049106651369	37.72461421022595
14.173021283200942	0.007	0.005	0.16823393907198747	0.00015729255637855733	0.7600399152329677	0.33969505358260876	37.44118162998887
14.281822450556042	0.007	0.005	0.16696997119062967	0.00015610922099438371	0.7619168847269747	0.33946833079028277	37.15988017986863
14.390622972291727	0.007	0.005	0.16571550711346125	0.00015493481214344604	0.7637653049094383	0.33922507740194924	36.88069384195938
14.499422855617315	0.007	0.005	0.1644704752432952	0.0001537692621191892	0.7655856033037426	0.3389656231322339	36.603606682001306
14.60822211494745	0.007	0.005	0.16323480444244873	0.00015261250365200231	0.767378201145457	0.33869029238676585	36.32860286799939
14.717020728669493	0.007	0.005	0.1620084245171853	0.00015146447037232347	0.7691435127733066	0.33839940445671135	36.055666778037725
14.825818718403362	0.007	0.005	0.16079126531502907	0.00015032509594833037	0.7708819470249594	0.33809327339529344	35.784782799383215
14.934616076947314	0.007	0.005	0.15958325753603123	0.00014919431486128858	0.7725939061518394	0.33777220828366733	35.51593550903623
15.043412811510294	0.007	0.005	0.15838433224206863	0.00014807206193675113	0.7742797866104996	0.3374365131916614	35.24910956452317
15.152208922095879	0.007	0.005	0.15719442109442275	0.00014695827257180105	0.7759399788083111	0.3370864873151526	34.98428975677023
15.261004423118047	0.007	0.005	0.15601345611312276	0.00014585288250498838	0.7775748675231732	0.3367224249820444	34.7214609565447
15.369799307375056	0.007	0.005	0.15484137006558416	0.00014475582818825665	0.779184831445575	0.3363446158443408	34.460608200947696
15.478593582075518	0.007	0.005	0.1536780960702013	0.00014366704640781606	0.7807702438104206	0.33595334483264355	34.201716605192225
15.587387261633012	0.007	0.005	0.15252356767451486	0.0001425864743589158	0.7823314723631588	0.3355488922460754	33.944771379999665
15.696180338845751	0.007	0.005	0.1513777191566423	0.0001415140499345883	0.7838688790316489	0.33513153393092154	33.689757898684455
15.80497281371707	0.007	0.005	0.15024048521277916	0.00014044971142660218	0.7853828204300916	0.33470154124724616	33.43666162760595
15.913764700660227	0.007	0.005	0.14911180088186055	0.0001393933974532411	0.7868736480302884	0.3342591811033022	33.18546810940173
16.0	0.007	0.005	0.14822316217189774	0.0001385646993538007	0.7880391843920377	0.3338999182255123	32.98769776932241
