0.0	0.007	0.005	0.0	0.0	0.0	0.0	100.0
0.0066753237183545784	0.007	0.005	0.01661144432924196	6.029185401890306e-5	1.3415726979863672e-5	4.388159759478297e-5	99.94486449181012
0.011913906106165446	0.007	0.005	0.029057203905618594	9.973081976151902e-5	4.215126655540604e-5	0.00013282201005877944	99.90161718314347
0.019359064423066133	0.007	0.005	0.04589526090015337	0.00014598146861953765	0.00010915855311514823	0.00032689423968562247	99.84018560161013
0.026878476884640227	0.007	0.005	0.0619393604307384	0.00018316280643039046	0.00020638638315571687	0.0005885277097023228	99.77817967585621
0.03573613258884584	0.007	0.005	0.07967219075422163	0.00021729837928592314	0.00035667563586969846	0.0009630072435005774	99.70518784212074
0.04518455764810813	0.007	0.005	0.09728563428084128	0.0002448272226773739	0.0005567892472707882	0.0014230867771388672	99.62738660836708
0.05566340458857506	0.007	0.005	0.11535963430850858	0.00026733394278601963	0.0008232236222275114	0.0019877043035345173	99.5411715638958
0.06693640613227611	0.007	0.005	0.13322017642692216	0.00028466445017124795	0.0011579190033534248	0.0026412505487544364	99.44850588955028
0.07917383036437405	0.007	0.005	0.15090587839112482	0.00029774411016677144	0.0015727350547747854	0.0033885521227605348	99.348010172026
0.09231957350431179	0.007	0.005	0.168106221257778	0.000307197623462402	0.0020724489079755482	0.004220943912432702	99.2401683295313
0.1064467277319144	0.007	0.005	0.18471419639689637	0.0003137914326220888	0.002665626135772771	0.005137584598613282	99.12440591968338
0.12153833854466718	0.007	0.005	0.20052906959421712	0.00031817191559419336	0.003356596398022344	0.006132278322933896	99.000889619168
0.13759903690745992	0.007	0.005	0.21541237147796954	0.0003209182962628964	0.004149399748432961	0.007200741887879776	98.86961093298015
0.15458911511578832	0.007	0.005	0.22922498519087486	0.0003224999953443361	0.005044594030106042	0.008336434274131473	98.73092505752041
0.1724738202575162	0.007	0.005	0.2418813489745058	0.00032328507037176726	0.006041451942599432	0.009533857996846626	98.5851467265289
0.1912144854135836	0.007	0.005	0.25333651785201744	0.00032354381950676115	0.007137682045140911	0.010787937354266863	98.43262239900615
0.21078711282511964	0.007	0.005	0.2635906746035301	0.000323464686471425	0.008330736003650736	0.012095153967026716	98.27357891045982
0.2311775826426849	0.007	0.005	0.27267490443544434	0.00032317252273109684	0.009617871270628237	0.013453085981503632	98.10816308927251
0.25238440247734917	0.007	0.005	0.2806433608147835	0.00032274653268055304	0.010996596665590217	0.014860454105421864	97.93642007140764
0.27441556618432433	0.007	0.005	0.2875642096488165	0.0003222350199484009	0.012464699222588775	0.016316796381201006	97.75831951479296
0.29728851029182934	0.007	0.005	0.29351396166606675	0.0003216663140630158	0.014020404028227688	0.01782237629862717	97.5737566541018
0.32102882629671203	0.007	0.005	0.29857280812091086	0.0003210563333798148	0.015662406912673194	0.019378031890167232	97.38256343635042
0.3456701479645773	0.007	0.005	0.3028215090384161	0.0003204135116112965	0.017389948130505678	0.020985120383048665	97.18451017316687
0.37125383196534206	0.007	0.005	0.3063390875819063	0.0003197418837034738	0.01920284426273775	0.022645461199328937	96.97930890822327
0.397829147036767	0.007	0.005	0.30920128605335095	0.0003190429336875841	0.02110153366051246	0.024361319483676806	96.76661276036003
0.4254535083907874	0.007	0.005	0.3114795087951018	0.0003183166667962365	0.023087108353374606	0.02613539610604229	96.54601500470929
0.45419303180659426	0.007	0.005	0.3132401634591144	0.00031756220341002756	0.025161355240496126	0.02797083923873293	96.3170457238792
0.4841232331683506	0.007	0.005	0.3145442749018661	0.00031677809465713666	0.02732679666094979	0.0298712640960182	96.0791674685443
0.5153300389944134	0.007	0.005	0.3154473083228883	0.000315962475047429	0.02958674374015054	0.03184078971773155	95.8317686567825
0.5479109968280417	0.007	0.005	0.31599913505244337	0.00031511312570972296	0.03194535524405152	0.033884084081673996	95.57415566061643
0.581976866611343	0.007	0.005	0.31624410419342824	0.00031422748377890733	0.03440771505897133	0.03600642736580732	95.30554221878795
0.6176535535237138	0.007	0.005	0.3162211828858923	0.0003133026212733804	0.036979924766442886	0.03821378889129953	95.02503659131875
0.6550846146825382	0.007	0.005	0.31596414093912556	0.0003123351995003819	0.039669226646800344	0.04051292983150013	94.73162475375305
0.6944349097629638	0.007	0.005	0.31550174987559126	0.000311321390879763	0.042484195365230924	0.042911563086097934	94.42414536286527
0.7358924247066263	0.007	0.005	0.31485802239407357	0.0003102568483355629	0.045434782644328084	0.04541838568805085	94.10127990954477
0.7796746182683296	0.007	0.005	0.3140524129533661	0.0003091365608097698	0.04853266549350506	0.04804336689829578	93.76150866958527
0.8260332576861895	0.007	0.005	0.3131000251122937	0.000307954752574522	0.05179145878754232	0.05079791568152567	93.40308008094235
0.87526234365069	0.007	0.005	0.3120117656308302	0.00030670470998582706	0.05522711171291101	0.05369519803566781	93.02395817321741
0.9277071706717507	0.007	0.005	0.31079446770244096	0.00030537858851621284	0.05885833614213973	0.056750472654012694	92.62176403971849
0.9837766523532887	0.007	0.005	0.30945093954663594	0.00030396714927745226	0.06270719902043853	0.05998155350647774	92.19369593514719
1.0439590422122216	0.007	0.005	0.30797993256173206	0.00030245942693040123	0.06679986148625133	0.06340938004979833	91.73642857002325
1.108842908588322	0.007	0.005	0.3063759881645297	0.00030084228940827214	0.07116755584124304	0.06705876515579948	91.24597959922137
1.179145121896667	0.007	0.005	0.3046291265756023	0.0002990998563165875	0.07584786496454715	0.07095936514382917	90.71753325613017
1.2557500044443655	0.007	0.005	0.30272428763963083	0.0002972126893560068	0.08088649938063136	0.07514702010946717	90.14519485472391
1.339764998286965	0.007	0.005	0.3006404135375511	0.0002951566491301443	0.08633979321551404	0.07966562478977592	89.52164412677305
1.4325911445549289	0.007	0.005	0.2983492545154469	0.00029290150000597795	0.09227761176711785	0.08456923972795206	88.83771217117801
1.5360420199652127	0.007	0.005	0.2958131295403653	0.0002904085082667566	0.09878851826613542	0.08992591279790663	88.08165313843169
1.6525064442226671	0.007	0.005	0.2929818791940166	0.000287627271227865	0.10598629530903762	0.09582235333233145	87.23818283568843
1.7852042803200696	0.007	0.005	0.28978800742480026	0.0002844907886007193	0.11401995797080172	0.10237103860521655	86.28698517860573
1.938565880999384	0.007	0.005	0.28613964889213894	0.0002809083863885452	0.12308737694269722	0.10971951883395142	85.20057891365289
2.11592796389492	0.007	0.005	0.2819773726116515	0.0002768204549317545	0.13329063027558627	0.11793157650055057	83.96120012072205
2.2700776400031324	0.007	0.005	0.27840899611964115	0.0002733101098893494	0.14191830963139432	0.12482618544547162	82.89867922650247
2.3745722978834714	0.007	0.005	0.2760157799007697	0.00027096395364698114	0.14764279218983045	0.12937463618510764	82.18607700620518
2.4754163741385184	0.007	0.005	0.2737256781965692	0.00026871778948329425	0.15307412065800688	0.1336702180231499	81.50417885208492
2.58097713586236	0.007	0.005	0.2713488146874157	0.0002663848368392807	0.1586631162399991	0.13806958928399746	80.7964469630768
2.6928703574781836	0.007	0.005	0.2688518950706467	0.0002639333896776874	0.16448164031603724	0.14262636552854593	80.05296749944254
2.809888278530535	0.007	0.005	0.26626519194839715	0.00026139350670243246	0.17045235622340346	0.14727681194891626	79.28275430372464
2.9292236870417594	0.007	0.005	0.2636528902154992	0.00025882833581012765	0.17642325418085575	0.15190063207089002	78.50491893745362
3.048302447783501	0.007	0.005	0.2610717531572922	0.0002562937270259234	0.18226477368671157	0.15639741777104085	77.7363631367439
3.16587328787365	0.007	0.005	0.2585480937489819	0.0002538156308607654	0.18792032623079993	0.16072483087239214	76.98492180745562
3.2819267845199676	0.007	0.005	0.2560809299441229	0.0002513931238636912	0.19339585120168404	0.1648890358229475	76.2503025331034
3.397086197778174	0.007	0.005	0.25365604514111273	0.00024901220562249614	0.19872607325510952	0.16891782204730027	75.52827219666177
3.512027013688236	0.007	0.005	0.2512586598394477	0.0002466583036495274	0.20394568181522282	0.17283834210519025	74.81443007398872
3.627183074923245	0.007	0.005	0.24887950706085726	0.0002443222816153685	0.20907627729999792	0.1766673844831467	74.10601684225863
3.7426893721578853	0.007	0.005	0.24651574903237547	0.00024200134365222556	0.21412501650344562	0.18041066983146567	73.4021875300354
3.858473663749528	0.007	0.005	0.24416883300652872	0.00023969691774091494	0.21908979538669424	0.18406699942760654	72.70337306918529
3.9743849661411206	0.007	0.005	0.2418417226667663	0.00023741192668835011	0.22396545914481283	0.18763301222192144	72.01045592196573
4.090292694463485	0.007	0.005	0.2395368621487271	0.00023514878186077645	0.22874815624268527	0.19110641741458145	71.32416385080802
4.206130222893086	0.007	0.005	0.23725534402592652	0.00023290856260672004	0.2334369832324589	0.1944871467823239	70.64482217888417
4.321891295856984	0.007	0.005	0.23499704108302874	0.00023069114539246154	0.23803358050457188	0.1977769914898864	69.97239302673087
4.43760331907417	0.007	0.005	0.23276117692857654	0.00022849576607505073	0.24254086693629956	0.20097863918136888	69.30664521710423
4.5532999058576875	0.007	0.005	0.2305468797843991	0.0002263215660868763	0.2469618773735541	0.204094821980403	68.64731917054509
4.669004150832888	0.007	0.005	0.22835350314842573	0.00022416790888702193	0.25129912397991244	0.2071278667376389	67.99422238549337
4.784724332006901	0.007	0.005	0.22618069606018706	0.00022203444941914328	0.2555544821399971	0.2100796292133709	67.34725036044657
4.900457722558658	0.007	0.005	0.22402831896324077	0.00021992105119559836	0.2597293816605444	0.212951641990446	66.70636154127179
5.016197033642687	0.007	0.005	0.2218963157425738	0.00021782766008182324	0.2638250716105637	0.21574530649023738	66.07153921924068
5.131935581286627	0.007	0.005	0.21978461595235865	0.000215754207815274	0.26784281334834537	0.2184620277562375	65.44276241850132
5.247669717089561	0.007	0.005	0.21769309172617363	0.0002137005694540984	0.27178396012068934	0.2211032667829188	64.8199930657254
5.363398851080458	0.007	0.005	0.21562156006091535	0.00021166656560226078	0.27564994777307006	0.22367053111601487	64.2031766701625
5.479124240348273	0.007	0.005	0.21356980682552978	0.0002096519860911772	0.279442245890534	0.2261653397417	63.59224947244711
5.594847548059612	0.007	0.005	0.21153761348713812	0.00020765661636118512	0.2831623066720451	0.22858918822369292	62.98714640253223
5.7105700081330255	0.007	0.005	0.20952477187067914	0.0002056802520395992	0.2868115382770363	0.2309435314527609	62.3878054745005
5.826292111065342	0.007	0.005	0.2075310891482955	0.00020372270387603508	0.29039129717292794	0.23322977951671808	61.794169272196385
5.942013780218468	0.007	0.005	0.20555638420256173	0.00020178379415785295	0.2939028962332916	0.23544930382029597	61.20618386634658
6.057734670720192	0.007	0.005	0.20360048211597484	0.00019986335127158587	0.297347615707951	0.23760344471799086	60.623797173757936
6.173454460697528	0.007	0.005	0.20166320908862917	0.00019796120468371033	0.3007267128612145	0.239693517920067	60.04695744401168
6.289172950905783	0.007	0.005	0.19974439080115522	0.00019607718332325294	0.30404142516050575	0.2417208166013311	59.475612772013996
6.404890133695998	0.007	0.005	0.1978438513722385	0.00019421111455088772	0.3072929722849324	0.24368661267864286	58.9097107875887
6.520606047400322	0.007	0.005	0.19596141585191332	0.00019236282662313635	0.31048255206797315	0.24559215440845675	58.34919939787663
6.636320791656881	0.007	0.005	0.19409690999527593	0.0001905321484690769	0.3136113412256091	0.2474386669750519	57.79402671995694
6.752034420120828	0.007	0.005	0.19225016199690087	0.00018871891140600437	0.31668049281507293	0.24922735116640723	57.244141597284376
6.867746994109058	0.007	0.005	0.1904210015949353	0.00018692294825465086	0.3196911381634957	0.25095938473252843	56.699493332925805
6.983458521294382	0.007	0.005	0.1886092610157797	0.0001851440942745589	0.32264438571791054	0.25263592193698314	56.160031970846944
7.099168994023137	0.007	0.005	0.18681477432660504	0.00018338218652486673	0.3255413225357791	0.2542580946456481	55.625708103118725
7.214878396978811	0.007	0.005	0.1850373772915551	0.00018163706372299117	0.3283830149060087	0.25582701288604637	55.096472827100484
7.330586730171294	0.007	0.005	0.18327690700304564	0.00017990856588056872	0.3311705093046959	0.2573437655735094	54.57227763565575
7.446294001273396	0.007	0.005	0.18153320199296566	0.00017819653441409993	0.33390483256233117	0.25880942078659114	54.05307445026379
7.562000225620564	0.007	0.005	0.1798061022233038	0.00017650081213629702	0.3365869922222427	0.2602250261487067	53.53881561822829
7.677705426210619	0.007	0.005	0.178095449076759	0.0001748212432473847	0.3392179768929009	0.261591609203234	53.02945390988171
7.793409603052619	0.007	0.005	0.1764010857940466	0.0001731576737687582	0.34179875591707004	0.2629101774391338	52.524942648796795
7.909112779143574	0.007	0.005	0.17472285677954097	0.0001715099508561145	0.3443302807729904	0.26418171921097694	52.02523550503594
8.024814939166971	0.007	0.005	0.17306060847927304	0.00016987792366959914	0.34681348407166285	0.26540720342501006	51.530286756582285
8.140516090794248	0.007	0.005	0.17141418847227435	0.00016826144247450794	0.3492492812557552	0.2665875805901843	51.04005101877961
8.256216264684006	0.007	0.005	0.16978344547226648	0.00016666035864324434	0.35163857088741496	0.267723783128242	50.554483244835474
8.371915460844509	0.007	0.005	0.16816823007425857	0.00016507452539559598	0.35398223385633226	0.2688167251830078	50.07353894812703
8.487613679284017	0.007	0.005	0.1665683942983612	0.00016350379734737574	0.35628113436607184	0.2698673032924677	49.59717406636771
8.603310927673055	0.007	0.005	0.16498379147173944	0.0001619480303938701	0.3585361203980349	0.2708763967891417	49.125344926457494
8.719007236668554	0.007	0.005	0.1634142760132119	0.00016040708149660167	0.3607480242975609	0.2718448682409473	48.65800818034577
8.834702598616003	0.007	0.005	0.16185970425428634	0.0001588808094978853	0.3629176618986233	0.2727735632532886	48.1951210495016
8.950397013523153	0.007	0.005	0.16031993379225679	0.0001573690744799609	0.36504583372987515	0.2736633111971628	47.736641132292704
9.06609048905977	0.007	0.005	0.15879482348203813	0.0001558717377572185	0.36713332529353204	0.27451492550627504	47.28252640155431
9.181783032895433	0.007	0.005	0.1572842335275511	0.00015438866196719968	0.3691809072051885	0.2753292039163637	46.83273523179974
9.29747466036143	0.007	0.005	0.15578802537017433	0.00015291971096025917	0.3711893356078134	0.2761069288145256	46.387226366006146
9.413165386788686	0.007	0.005	0.15430606177830952	0.0001514647498887698	0.373159352306849	0.27684886747284626	45.945958942283
9.528855212184217	0.007	0.005	0.15283820702810194	0.0001500236453869464	0.3750916847888624	0.2775557722452909	45.50889254768361
9.644544136555043	0.007	0.005	0.15138432668992954	0.0001485962653593221	0.37698704676138856	0.2782283809597881	45.07598715463023
9.76023215990818	0.007	0.005	0.14994428761605205	0.00014718247896881512	0.3788461384139011	0.27886741719465136	44.647203117236344
9.875919282250646	0.007	0.005	0.1485179579283771	0.00014578215662489153	0.3806696466738421	0.27947359054975496	44.222501167663985
9.99160551891253	0.007	0.005	0.14710520682011166	0.00014439516978674487	0.3824582456924288	0.28004759698650067	43.80184235706398
10.107290869900616	0.007	0.005	0.14570590492154187	0.0001430213913270174	0.3842125966083518	0.2805901189285503	43.38518816448979
10.222975365867374	0.007	0.005	0.14431992373109173	0.00014166069496658292	0.3859333484895951	0.28110182573624	42.972500327490366
10.338658999157756	0.007	0.005	0.1429471364352768	0.0001403129560899063	0.38762113753106286	0.2815833736400213	42.563741086258325
10.454341777439506	0.007	0.005	0.14158741724784044	0.0001389780510884233	0.3892765881019688	0.2820354062397149	42.158872986852515
10.570023693057689	0.007	0.005	0.14024064176189255	0.00013765585771097758	0.3909003125268737	0.28245855461851394	41.75785898604972
10.685704746018738	0.007	0.005	0.13890668666617598	0.00013634625478190507	0.3924929116437858	0.2828534376747041	41.360662366861206
10.801384951651366	0.007	0.005	0.13758542965092313	0.00013504912210745654	0.3940549751158894	0.28322066236821897	40.96724671050009
10.917064317622867	0.007	0.005	0.13627674966369419	0.00013376434073057857	0.3955870813259569	0.2835608238661517	40.57757597255986
11.032742843939332	0.007	0.005	0.13498052689400536	0.00013249179291594882	0.39708979759817525	0.2838745057760474	40.19161447843695
11.148420522945884	0.007	0.005	0.13369664275818116	0.00013123136213522284	0.39856368041539286	0.2841622803743529	39.8093269188207
11.264097369970566	0.007	0.005	0.13242497954916577	0.00012998293271841295	0.4000092760111388	0.28442470889635796	39.43067824542137
11.379773392680226	0.007	0.005	0.13116542076984633	0.00012874639018601772	0.40142712016963616	0.28466234166306964	39.0556337702202
11.495448583419929	0.007	0.005	0.1299178512004885	0.0001275216213165826	0.4028177383400783	0.2848757182838426	38.68415918554892
11.61112295751717	0.007	0.005	0.12868215647301948	0.0001263085137225784	0.40418164629390174	0.28506536793458476	38.31622043732885
11.726796514977714	0.007	0.005	0.12745822347559752	0.0001251069562538493	0.4055193498484932	0.28523180948277654	37.95178384553472
11.842469263467978	0.007	0.005	0.1262459400946913	0.0001239168387406837	0.40683134532778564	0.2853755517250771	37.59081602739708
11.958141187672426	0.007	0.005	0.12504519552516732	0.00012273805230339835	0.4081181193978287	0.28549709354273745	37.23328398973299
12.073812302918014	0.007	0.005	0.12385587970000889	0.00012157048878351899	0.40938014984883475	0.28559692415294713	36.879154959140266
12.189482601549914	0.007	0.005	0.12267788383879111	0.00012041404129126249	0.4106179051690735	0.2856755232335544	36.52839654531039
12.305152083573889	0.007	0.005	0.12151110011884492	0.00011926860387757667	0.4118318450586905	0.2857333611379778	36.18097664311504
12.420820764316463	0.007	0.005	0.12035542159291802	0.000118134071451939	0.4130224206678935	0.2857708990679061	35.83686340808867
12.536488651443518	0.007	0.005	0.1192107424129604	0.00011701034000599865	0.4141900745170576	0.28578858923317063	35.496025323062696
12.652155737300221	0.007	0.005	0.11807695789141513	0.00011589730667516045	0.41533524059132515	0.28578687503056305	35.15843121641537
12.767822029552347	0.007	0.005	0.11695396418835208	0.0001147948694260818	0.4164583448086779	0.2857661912164801	34.824050168913146
12.88348771204973	0.007	0.005	0.11584165676947639	0.00011370292551390018	0.41755980667816406	0.2857269639920027	34.492851054569314
12.999152708194089	0.007	0.005	0.11473993461594223	0.00011262137569287924	0.4186400352544997	0.2856696112782682	34.164803794152476
13.114816910748207	0.007	0.005	0.11364869793821475	0.00011155012193191278	0.41969943161091305	0.2855945429122119	33.83987867446917
13.230480273757355	0.007	0.005	0.11256784729892001	0.00011048906653674959	0.4207383898279194	0.28550216074180756	33.51804608718477
13.346142789567654	0.007	0.005	0.1114972838434023	0.00010943811238017489	0.42175729688083885	0.28539285875396553	33.19927659747416
13.461804458185313	0.007	0.005	0.11043690958738239	0.00010839716318984885	0.42275653248539924	0.2852670232310706	32.88354102967422
13.577465325575698	0.007	0.005	0.10938662706522564	0.00010736612319576727	0.4237364695513368	0.2851250328426375	32.57081036255281
13.693125407063983	0.007	0.005	0.10834634002645803	0.00010634489782818411	0.424697473651097	0.284967258867961	32.261055936702235
13.808784710315269	0.007	0.005	0.10731595320977422	0.00010533339349157474	0.42563990336466584	0.2847940653231341	31.95424938724833
13.924443220015373	0.007	0.005	0.1062953724654806	0.0001043315176878058	0.42656411029585867	0.2846058091309537	31.65036268030891
14.040100943829398	0.007	0.005	0.10528450433741623	0.00010333917859698061	0.4274704395753545	0.2844028401880398	31.349367988507144
14.155757866443476	0.007	0.005	0.10428325645997537	0.00010235628547595121	0.4283592296194087	0.28418550157280226	31.05123780918833
14.27141400318226	0.007	0.005	0.1032915370825823	0.00010138274818114613	0.42923081267088403	0.2839541295798432	30.75594482282834
14.387069346391588	0.007	0.005	0.10230925552704623	0.00010041847762788715	0.43008551450572685	0.28370905394666457	30.463462029214806
14.502723896076905	0.007	0.005	0.10133632191336588	9.946338551527273e-5	0.43092365478867106	0.2834505979229569	30.173762665803196
14.61837765990305	0.007	0.005	0.10037264715459167	9.851738432106167e-5	0.4317455471845654	0.28317907838964634	29.886820206187032
14.734030637875364	0.007	0.005	0.09941814307750392	9.758038742314746e-5	0.43255149936208886	0.2828948060143881	29.60260839603066
14.849682829999185	0.007	0.005	0.09847272234915701	9.665230902592629e-5	0.4333418131633874	0.28259808535467157	29.321101231197318
14.965334228620616	0.007	0.005	0.09753629853058689	9.573306421455956e-5	0.4341167846635991	0.2822892149952937	29.042272973740964
15.080984818426733	0.007	0.005	0.09660878606593808	9.48225689443259e-5	0.43487670428404834	0.28196848766664767	28.76609814866872
15.19663463005972	0.007	0.005	0.09569009984788908	9.39207396029697e-5	0.4356218572451753	0.2816361902038911	28.492551414542593
15.312283655865727	0.007	0.005	0.09478015588698943	9.302749368494677e-5	0.43635252311478334	0.28129260388884514	28.221607762780312
15.427931895850097	0.007	0.005	0.09387887093303328	9.21427494103583e-5	0.43706897621620167	0.28093800443371564	27.953242404916008
15.543579350018168	0.007	0.005	0.09298616252914106	9.126642577957661e-5	0.43777148567775076	0.280572662107905	27.68743078870362
15.65922601837528	0.007	0.005	0.09210194900419479	9.039844256579412e-5	0.43846031553113013	0.2801968418419637	27.42414859586428
15.774871893267902	0.007	0.005	0.09122614952306927	8.953872036594193e-5	0.43913572476365154	0.27981080335546343	27.16337175704328
15.890516967042657	0.007	0.005	0.09035868401928941	8.868718053296381e-5	0.43979796746068167	0.27941480123374807	26.905076431758026
16.0	0.007	0.005	0.08954504301554381	8.788962148004734e-5	0.4404130201221059	0.2790309394703688	26.662807814951744
