0.0	0.007	0.005	0.0	0.0	0.0	0.0	100.0
0.0060693692930229364	0.007	0.005	0.020028113238184264	7.29098177943457e-5	1.5872423741800962e-5	3.496397001336743e-5	99.95793918590918
0.011384245954931253	0.007	0.005	0.03664818083661564	0.00012781466505533545	5.491194214003148e-5	0.00011755059647825366	99.92112154555684
0.018636723588985216	0.007	0.005	0.05802211123664993	0.00019129786034604432	0.00014385859155133089	0.0002966073236040406	99.8709034772417
0.02621015671178399	0.007	0.005	0.07883191899402361	0.0002457765888803055	0.0002779431607924386	0.0005519853438457347	99.81848996679811
0.035008685165753284	0.007	0.005	0.10120838730851694	0.0002967462764123655	0.00048271575185923697	0.0009198024875013006	99.75763247135345
0.044449902826943374	0.007	0.005	0.12323442528126781	0.0003396893788286125	0.0007563597748104483	0.0013820557792567404	99.69237090276799
0.05480544117172065	0.007	0.005	0.14523221204448608	0.0003759042912907242	0.0011150443383094047	0.0019513594162326822	99.62083826998376
0.06586484821095188	0.007	0.005	0.16645742030727934	0.00040498318285658044	0.001559333776561861	0.0026138800332818307	99.54450022291883
0.07769297898918799	0.007	0.005	0.18682115309505085	0.0004278859633216812	0.0020973598518472542	0.0033685605881796513	99.46292076216362
0.0902062574081802	0.007	0.005	0.2060101845789204	0.00044535300143604915	0.002729605981993394	0.004204462619497583	99.37668856597033
0.10340767202671629	0.007	0.005	0.2239206423618261	0.0004583577419970695	0.003458820733457736	0.0051157990470701575	99.28579528772468
0.11725826879147026	0.007	0.005	0.24043508682581266	0.0004677712178312292	0.004284228766702089	0.006094245143513545	99.19052168018405
0.13174850761057172	0.007	0.005	0.2555202014403979	0.00047439824821891385	0.0052054587127848655	0.007134068527120308	99.09094604230717
0.1468604165354367	0.007	0.005	0.2691675238479537	0.00047891271369417696	0.006220673423755956	0.008229673614128479	98.98720482821028
0.16258899643736793	0.007	0.005	0.28140914915377685	0.00048186511402464654	0.007328113446600278	0.009377147605193571	98.87934559767878
0.1789311645605679	0.007	0.005	0.2922981711415784	0.0004836854752834015	0.00852561310340552	0.010573414737636105	98.76740315799984
0.1958918796739957	0.007	0.005	0.30190680513411744	0.0004847005923626213	0.009811210911756586	0.011816583450856217	98.6513577401848
0.21348074736648293	0.007	0.005	0.31031780872460774	0.0004851516834713859	0.011183068336104725	0.013105585406114345	98.53115850674826
0.23171362975666546	0.007	0.005	0.31762071734338293	0.00048521254487383377	0.012639714003539818	0.014440181496482135	98.40671278309561
0.2506115554226157	0.007	0.005	0.3239075147965724	0.00048500548612367684	0.014180055750088467	0.015820781620705857	98.27789378678058
0.2702012304660572	0.007	0.005	0.32927003025460705	0.000484614664510672	0.01580349046506009	0.017248396973238517	98.14453743292304
0.29051455409231525	0.007	0.005	0.3337976865770791	0.00048409666618985105	0.017509913079315938	0.018724535077101943	98.00644595710821
0.31158910539301976	0.007	0.005	0.33757614995554824	0.00048348858596394725	0.019299787897185745	0.020251179547686356	97.86338495153444
0.3334683010542067	0.007	0.005	0.34068629883056856	0.0004828140147651003	0.021174180118433358	0.021830756949551697	97.71508269016819
0.35620176988739355	0.007	0.005	0.343203587217569	0.0004820873530215602	0.02313479470302887	0.023466127844919554	97.56122803345636
0.3798458552368007	0.007	0.005	0.3451976783375935	0.0004813168401304116	0.025184017536030865	0.025160592864963045	97.4014675348224
0.4044643358279094	0.007	0.005	0.3467322835598654	0.000480506627516903	0.027324968252375303	0.02691791789054606	97.2354011564245
0.4301292905261175	0.007	0.005	0.34786514081914566	0.00047965816250535487	0.02956155923713177	0.028742370823812285	97.06257712382985
0.4569221921093326	0.007	0.005	0.34864809901070604	0.0004787710838266689	0.03189856854392528	0.030638774147451028	96.88248537431662
0.48493524472367594	0.007	0.005	0.3491272751774563	0.0004778437794754074	0.03434172796018989	0.03261257250463237	96.69454953872723
0.5142730370549935	0.007	0.005	0.3493432616693919	0.000476873713697655	0.03689783196424659	0.034669918602559996	96.49811702119409
0.5450545648108894	0.007	0.005	0.3493313642009328	0.00047585759812267416	0.03957487120556586	0.03681777925869392	96.29244688043809
0.577415774094919	0.007	0.005	0.34912185594339096	0.0004747914547789149	0.0423822020516576	0.03906406991715875	96.07669458144325
0.6115132116794272	0.007	0.005	0.34874022766023843	0.0004736705872191155	0.0453308003766217	0.04141785515690879	95.84988983403792
0.6475264266000372	0.007	0.005	0.3482074537520851	0.000472489560602005	0.04843339253270641	0.04388944908472879	95.61092332907783
0.6856641302485302	0.007	0.005	0.3475402165568731	0.0004712420413151364	0.05170489252407253	0.04649075734893761	95.3585092298692
0.7261695613120196	0.007	0.005	0.34675112089247107	0.0004699206562176871	0.055162744271844255	0.04923553891270921	95.09115402243293
0.769328749346956	0.007	0.005	0.3458488520614024	0.0004685167573196204	0.058827478693146	0.05213983316940166	94.80710755266061
0.8154803627041198	0.007	0.005	0.3448382894937338	0.00046702014076764766	0.06272335892794902	0.05522244920652848	94.50430552444458
0.8650290507295088	0.007	0.005	0.34372053799534313	0.00046541866331168384	0.06687925795829201	0.058505628720838275	94.18029162045099
0.9184627858942299	0.007	0.005	0.3424928632564049	0.00046369774641810734	0.07132978330001981	0.0620158896546308	93.83211707610845
0.9763763064160853	0.007	0.005	0.34114848671197456	0.0004618397087827651	0.07611678454588197	0.06578515137545013	93.45620563093532
1.0395039584563555	0.007	0.005	0.3396761685092849	0.000459822834169984	0.08129145473846434	0.06985229757837866	93.04816498847369
1.1087656063190774	0.007	0.005	0.33805950439215593	0.00045762007751820914	0.08691722803494173	0.0742653201702208	92.60252513862159
1.1853266533870044	0.007	0.005	0.3362759330077092	0.00045519740667416403	0.09307341014850501	0.07908397031537746	92.11240301583126
1.2706969706128601	0.007	0.005	0.33429491056496535	0.00045251104470259455	0.09986129600944081	0.08438425086408069	91.56894480978976
1.3668680100526176	0.007	0.005	0.33207533603434747	0.0004495037311975759	0.1074122552124073	0.09026426836898552	90.96056993979542
1.4765284498699092	0.007	0.005	0.3295614079700934	0.0004460988923328963	0.11590023277914913	0.09685323120418614	90.27179219085606
1.6034140272816244	0.007	0.005	0.3266758578447964	0.0004421912917866079	0.1255615482099321	0.10432559249574175	89.48132951607512
1.7528381292643311	0.007	0.005	0.3233099240334885	0.00043763329066620767	0.13672286547425339	0.11292055891341943	88.55932843966397
1.9314133454789744	0.007	0.005	0.31933271634148497	0.0004322472217742555	0.1497613940713308	0.12290815555231412	87.4699070251134
2.114684008931701	0.007	0.005	0.3153017813544859	0.00042678625050316234	0.16281073968973225	0.13284441476497433	86.36577374631113
2.2669665097799094	0.007	0.005	0.31199114313548976	0.0004222992249089141	0.17340381584990092	0.140864579653018	85.45894126863531
2.3972663646085652	0.007	0.005	0.30918602019347247	0.00041850107385196767	0.18229154437710113	0.14756065023468148	84.69057698533354
2.5186619670784385	0.007	0.005	0.3065952890115299	0.0004149948240394779	0.19042840879661602	0.1536637476488882	83.98093777677805
2.640267829097272	0.007	0.005	0.3040218351783126	0.0004115108960843076	0.19844294762624606	0.1596488150444861	83.27603109596161
2.766326944426836	0.007	0.005	0.3013769398212493	0.0004079293469470288	0.2066092875692764	0.16571957228382114	82.5515555388371
2.8975333679975126	0.007	0.005	0.2986484821512303	0.00040423416552970556	0.21495853774755824	0.17189648970265678	81.80419104191922
3.0323298399834417	0.007	0.005	0.29587109137375733	0.0004004724465721028	0.22337919253535626	0.17809467877868643	81.04342305086764
3.1683710896401434	0.007	0.005	0.2930942402809213	0.00039671131543488167	0.23171919736996954	0.18420119469114227	80.28280288743117
3.303873268453346	0.007	0.005	0.29035429992602085	0.00039300014722557473	0.23987089980114412	0.19013768344081158	79.53229311546181
3.4381365680995426	0.007	0.005	0.287664674866829	0.00038935717828972755	0.24779808022068375	0.19587912093352153	78.79556543953728
3.571317269956613	0.007	0.005	0.28502135167094816	0.00038577698465170387	0.2555165576223954	0.20143848610045284	78.07152052176794
3.7039389868136796	0.007	0.005	0.2824132598596652	0.00038224453536651	0.26306196926313385	0.2068427054636876	77.35712599597679
3.836494725573478	0.007	0.005	0.27983031316043977	0.0003787461290820019	0.2704659134610433	0.21211530029440637	76.64961908446631
3.969262860014198	0.007	0.005	0.2772669080520652	0.00037527415579942966	0.27774622246436376	0.2172695871005898	75.94746490075063
4.102300747936982	0.007	0.005	0.2747218484290644	0.00037182699454602595	0.2849077809102946	0.2223095256426642	75.25033581403001
4.2355286940945245	0.007	0.005	0.2721965642574969	0.0003684065923339529	0.29194805070487745	0.22723384026411922	74.55862351294104
4.368828195348472	0.007	0.005	0.2696931552411871	0.00036501580643785784	0.29886278925026244	0.23204014277796978	73.87290313709755
4.5021088195502905	0.007	0.005	0.26721311987272045	0.0003616566776120896	0.305649593542363	0.23672741297649014	73.19358514555464
4.63533149788723	0.007	0.005	0.2647569537257161	0.00035832988374928946	0.3123089036800131	0.24129664688620578	72.52080528318113
4.768499579010437	0.007	0.005	0.262324356871294	0.0003550350212376802	0.31884331958423	0.24575032964742038	71.85448139506599
4.901636820636376	0.007	0.005	0.25991466640938554	0.00035177119263466675	0.3252563557333037	0.25009154556436347	71.19443190317673
5.034767796961684	0.007	0.005	0.2575272230086842	0.0003485375049518899	0.33155143544480964	0.25432328179815594	70.5404762070169
5.167907453225151	0.007	0.005	0.25516155592656853	0.0003453333213014591	0.33773141173387466	0.2584481102827899	69.89248536329134
5.301059670307742	0.007	0.005	0.2528173999489965	0.00034215828403694345	0.34379854782558283	0.2624681871723593	69.25038672599156
5.434221009688458	0.007	0.005	0.2504946212206006	0.00033901221397978406	0.34975473199030754	0.26638540697523494	68.61414363017312
5.567385642137964	0.007	0.005	0.2481931265430012	0.0003358949871173955	0.3556017229927132	0.27020157072405804	67.98373054743551
5.700548814153055	0.007	0.005	0.24591280243366198	0.00033280645173045155	0.36134130781490476	0.273918490427463	67.35911639325069
5.833708285798264	0.007	0.005	0.2436534917539498	0.0003297463965915982	0.3669753575159722	0.27753802355886315	66.74025812504672
5.9668639601750435	0.007	0.005	0.2414150019119113	0.00032671456210836975	0.37250580228634655	0.2810620544478313	66.12710298906862
6.1000168867477695	0.007	0.005	0.23919712304969512	0.0003237106650574992	0.3779345834332401	0.28449246183452437	65.51959350217861
6.233168273650919	0.007	0.005	0.23699964512661897	0.00032073442182840856	0.38326361060220265	0.28783109115917554	64.9176721311593
6.366318888078281	0.007	0.005	0.23482236776725174	0.0003177855618314712	0.38849473864200745	0.2910797403718875	64.32128399024678
6.499468959305707	0.007	0.005	0.23266510146263863	0.00031486382914376517	0.39362976626164436	0.29424015988317226	63.7303771701642
6.632618310973471	0.007	0.005	0.2305276650315482	0.00031196897906468456	0.3986704435908585	0.29731405800682903	63.14490204272008
6.765766634454852	0.007	0.005	0.2284098809758589	0.0003091007718028857	0.4036184842700108	0.3003031089096587	62.56480998858047
6.898913647584666	0.007	0.005	0.2263115728812428	0.00030625896894432474	0.4084755721984609	0.30320895699353567	61.990052685278776
7.032059209291083	0.007	0.005	0.22423256364322894	0.0003034433310419934	0.413243366051604	0.30603321974419295	61.42058162130761
7.1652032931368606	0.007	0.005	0.22217267596377613	0.00030065361829586954	0.4179234984315872	0.3087774873004279	60.85634823213837
7.298345925591173	0.007	0.005	0.22013173336084232	0.000297889591931611	0.42251757393004685	0.31144332143556025	60.29730417675597
7.431487150757335	0.007	0.005	0.21810956072393686	0.0002951510149614345	0.4270271683219129	0.31403225526772705	59.74340148983376
7.564627012737279	0.007	0.005	0.21610598457521066	0.0002924376525441229	0.43145382846995556	0.31654579341599876	59.1945926532495
7.6977655027276395	0.007	0.005	0.21412083383923622	0.0002897492730380127	0.43579907114605304	0.31898541157117044	58.65083080693925
7.830902611925323	0.007	0.005	0.21215393901368781	0.0002870856468758441	0.4400643853898104	0.32135255808081403	58.11206952173479
7.964038313893235	0.007	0.005	0.2102051324118315	0.0002844465468991248	0.44425123246584175	0.32364865415077504	57.5782628657849
8.09717259101217	0.007	0.005	0.20827424775453598	0.00028183174780614965	0.4483610472207623	0.3258750948182585	57.04936529280144
8.230305434480428	0.007	0.005	0.20636112016215707	0.0002792410261444595	0.452395238544919	0.3280332494105821	56.525331639836416
8.3634368354966	0.007	0.005	0.20446558627134473	0.00027667416047339225	0.4563551895668086	0.3301244618602223	56.00611715927673
8.496566794076314	0.007	0.005	0.2025874840973061	0.0002741309311796102	0.4602422583788949	0.3321500513023942	55.49167748111631
8.629695319051855	0.007	0.005	0.20072665302569556	0.0002716111204690752	0.46405777847631524	0.3341113125110592	54.9819686107349
8.762822419255228	0.007	0.005	0.19888293392601714	0.0002691145125245342	0.4678030589426976	0.3360095162042042	54.476946959960166
8.89594807706874	0.007	0.005	0.19705616949913835	0.0002666408939821988	0.4714793841736388	0.337845909127252	53.97656944225697
9.029072301324392	0.007	0.005	0.19524620353115965	0.0002641900529172075	0.4750880158029101	0.33962171524055634	53.48079326835164
9.162195100853904	0.007	0.005	0.19345288125133142	0.00026176177933404077	0.4786301923682674	0.3413381357496153	52.98957604427018
9.295316466856335	0.007	0.005	0.1916760495529384	0.0002593558654702319	0.4821071292782262	0.34299634930766304	52.50287583184198
9.428436408163213	0.007	0.005	0.18991555650505992	0.00025697210513280676	0.48552002016509394	0.34459751288056506	52.02065101496393
9.561554942421782	0.007	0.005	0.1881712514652961	0.00025461029385406587	0.48887003703005505	0.3461427620114103	51.54286033047736
9.694672069646915	0.007	0.005	0.1864429854138321	0.00025227022934939226	0.4921583299758932	0.34763321090768023	51.06946295967364
9.827787781037669	0.007	0.005	0.1847306108170979	0.0002499517113333426	0.49538602785216906	0.34906995295921905	50.60041849094827
9.960902085424824	0.007	0.005	0.18303398127437448	0.0002476545410392639	0.4985542392833227	0.3504540614061409	50.135686823001244
10.094015000454503	0.007	0.005	0.18135295162643342	0.0002453785213691425	0.5016640528035207	0.3517865895915992	49.675228194594865
10.227126526141209	0.007	0.005	0.17968737827748757	0.0002431234573347101	0.5047165366087246	0.3530685710631507	49.21900327274104
10.360236662499442	0.007	0.005	0.17803711895501223	0.0002408891557312661	0.5077127393523925	0.35430102012685855	48.76697308691266
10.493345435989767	0.007	0.005	0.17640203237417484	0.000238675424680911	0.5106536910819023	0.3554849324314379	48.31909893712591
10.626452846626133	0.007	0.005	0.17478197888138203	0.0002364820745125928	0.5135404023997403	0.3566212848264455	47.875342570217086
10.759558894422497	0.007	0.005	0.17317682010985191	0.0002343089172932605	0.5163738654201632	0.3577110359627862	47.4356660854993
10.892663597022985	0.007	0.005	0.17158641875806246	0.00023215576652643803	0.5191550544723946	0.3587551267625978	47.0000318740756
11.025766954441188	0.007	0.005	0.17001063900313776	0.00023002243771803456	0.5218849256825538	0.3597544804594608	46.56840273207214
11.158868975505614	0.007	0.005	0.1684493461707031	0.0002279087479265056	0.5245644178613383	0.36071000313630286	46.14074177020625
11.291969677859324	0.007	0.005	0.16690240672807188	0.00022581451575448224	0.5271944528077911	0.3616225840278236	45.717012411920386
11.425069052700648	0.007	0.005	0.16536968868156704	0.00022373956189278944	0.5297759349306005	0.3624930955928562	45.297178502214116
11.558167135301424	0.007	0.005	0.16385106075020406	0.00022168370799196583	0.532309752934544	0.3633223942896439	44.88120408130402
11.6912639256742	0.007	0.005	0.1623463932702679	0.00021964677789952788	0.5347967785772825	0.3641113203501244	44.469053632400495
11.824359423831519	0.007	0.005	0.16085555777250782	0.00021762859708299333	0.5372378676697339	0.3648606983212117	44.06069196589513
11.957453620971535	0.007	0.005	0.15937842706849703	0.0002156289927487831	0.5396338602105853	0.3655713373074809	43.65608424301602
12.090546552364206	0.007	0.005	0.15791487465636608	0.00021364779303007043	0.5419855816129958	0.366244031526691	43.25519581304927
12.223638218021568	0.007	0.005	0.15646477559257682	0.00021168482817975802	0.5442938415508903	0.36687956015847606	42.8579924521308
12.35672861795566	0.007	0.005	0.15502800608445502	0.00020973993001393884	0.5465594348876377	0.3674786878209596	42.46444025163502
12.489817769806645	0.007	0.005	0.15360444329189152	0.00020781293164108576	0.5487831422387747	0.3680421649109487	42.07450556385783
12.62290569121419	0.007	0.005	0.15219396551141517	0.00020590366771438965	0.550965729924594	0.3685707277762855	41.68815505243692
12.755992373375769	0.007	0.005	0.1507964524419975	0.00020401197479624338	0.553107949810579	0.36906509888005995	41.30535576515952
12.88907783393056	0.007	0.005	0.14941178461419827	0.00020213769057731703	0.5552105404313995	0.36952598726445085	40.92607497759713
13.02216207288978	0.007	0.005	0.14803984384480795	0.0002002806544994179	0.5572742265267576	0.3699540886303496	40.55028031763863
13.15524510789196	0.007	0.005	0.14668051285981576	0.00019844070723964356	0.559299719845967	0.3703500857041978	40.177939662215664
13.288326947761572	0.007	0.005	0.1453336755589676	0.00019661769107306954	0.5612877189745323	0.3707146483877104	39.80902120976912
13.421407592509352	0.007	0.005	0.14399921700159415	0.00019481144985383152	0.5632389095851686	0.371048434004111	39.44349347636723
13.554487050959457	0.007	0.005	0.14267702321832434	0.0001930218287575156	0.5651539649350654	0.3713520875776441	39.081325244130824
13.687565323122461	0.007	0.005	0.14136698137805317	0.0001912486745102973	0.5670335458370039	0.37162624201622985	38.72248560696853
13.82064242663548	0.007	0.005	0.14006897951753416	0.0001894918350185751	0.5688783012595063	0.3718715183898008	38.36694389650818
13.953718370321969	0.007	0.005	0.1387829067940059	0.0001877511597155304	0.5706888681691046	0.37208852608988713	38.014669751294896
14.086793163005154	0.007	0.005	0.13750865338766363	0.00018602649942773175	0.5724658718757877	0.37227786306556176	37.665633090076504
14.219866804694993	0.007	0.005	0.13624611057541686	0.00018431770647660744	0.574209926132023	0.372440116024468	37.319804132006965
14.35293929540144	0.007	0.005	0.13499517063521854	0.00018262463454751367	0.5759216334652075	0.37257586065664733	36.97715337044074
14.486010643947338	0.007	0.005	0.1337557267551335	0.0001809471385651474	0.5776015854931961	0.37268566184380775	36.637651548025204
14.61908086796813	0.007	0.005	0.13252767302795182	0.00017928507468624864	0.5792503631156289	0.372770073850126	36.30126965522516
14.752149967473315	0.007	0.005	0.13131090468641726	0.00017763830062271862	0.5808685363836364	0.37282964050051876	35.96797899475552
14.885217942472396	0.007	0.005	0.13010531792779995	0.00017600667540109834	0.5824566649229178	0.3728648953922307	35.637751133529115
15.018284828225266	0.007	0.005	0.12891080959003237	0.00017439005891779638	0.5840152985334547	0.3728763620831184	35.31055781394546
15.151350615928312	0.007	0.005	0.1277272778595581	0.0001727883129114905	0.5855449764354732	0.37286455425988374	34.98637114778097
15.284415402527655	0.007	0.005	0.12655462093025646	0.00017120129912059754	0.5870462291756235	0.3728299759066694	34.66516324884905
15.417479258530065	0.007	0.005	0.12539273818638091	0.00016962888090827117	0.5885195772472211	0.3727731214626543	34.34690655702374
15.55054209581863	0.007	0.005	0.12424153132106959	0.0001680709248010498	0.5899655298750006	0.3726944761105783	34.03157414461656
15.683603835090778	0.007	0.005	0.12310090283594696	0.00016652729842748162	0.5913845871192531	0.37259451593755133	33.71913930539526
15.816664432294662	0.007	0.005	0.12197075581332008	0.00016499787020470892	0.5927772403086007	0.3724737080675308	33.40957549218485
15.949723913876397	0.007	0.005	0.12085099362684742	0.00016348250893991493	0.5941439725292975	0.372332510757227	33.1028562376161
16.0	0.007	0.005	0.12043057627017177	0.00016291653303411404	0.5946537413749746	0.37227393929120706	32.98769776932245
