0.0	0.007	0.005	0.0	0.0	0.0	0.0	100.0
0.0062728569745590275	0.007	0.005	0.019443186877377512	4.875174972902537e-5	1.4756202654893584e-5	5.8334973372002385e-5	99.91294207480715
0.011088098635508341	0.007	0.005	0.03368037912337716	8.020162071404517e-5	4.546627375777556e-5	0.00017364857742710742	99.8461651056019
0.017965890916261145	0.007	0.005	0.05303016745112592	0.00011765118338355655	0.00011702343690603368	0.00042627577060511704	99.75086242074671
0.02485774139962687	0.007	0.005	0.07131496797810574	0.00014789754701865975	0.00021966509472969476	0.0007647364569395464	99.6554561822573
0.03296541876119132	0.007	0.005	0.09149368015726747	0.00017603767999477274	0.0003775830444518391	0.0012496344593975722	99.54333564860885
0.04157602384923237	0.007	0.005	0.11144788466468432	0.00019901802498884086	0.0005863281576065557	0.0018444866668504653	99.42439828229753
0.05109745033930392	0.007	0.005	0.13186715153154505	0.00021811286566988665	0.0008626789647631719	0.002574568454392185	99.293045283852
0.06130260479127703	0.007	0.005	0.15197932045252102	0.00023308097686601696	0.0012076680748094777	0.0034191054344095222	99.1524525733349
0.07234264007655679	0.007	0.005	0.17184031816048195	0.00024461089578125834	0.0016327390818412888	0.004384235529095983	99.00058216926696
0.08416073212014351	0.007	0.005	0.19110880027187507	0.0002531356063595953	0.002141854727066124	0.005458234199837247	98.83826633425325
0.09682241964900062	0.007	0.005	0.20968207186140256	0.0002592326930156567	0.002743064838792328	0.006639807032756578	98.66465940425348
0.11031558893553864	0.007	0.005	0.22735397930005	0.0002633940282059335	0.0034403213020472705	0.007920889586696794	98.47998747972163
0.12465454306759627	0.007	0.005	0.24399081055685184	0.0002660768723232046	0.004237791624231471	0.00929639417845794	98.2841186840009
0.13981525689022972	0.007	0.005	0.2594507058094529	0.0002676629610655011	0.005136410490043723	0.010758322682656104	98.07744840630808
0.15577556940072135	0.007	0.005	0.2736413388518964	0.00026846433892867695	0.006135841092804333	0.012299683858914482	97.86034758039155
0.17250427410789332	0.007	0.005	0.28650646409985714	0.00026872136340353267	0.007233915503759082	0.013913462803397026	97.63331047712391
0.18997936058363016	0.007	0.005	0.2980363972358463	0.0002686108089619802	0.008427953563922891	0.015594300525015928	97.3967061830066
0.20818555062545435	0.007	0.005	0.3082556587692343	0.00026825648600641434	0.00971489395757521	0.017338112474146614	97.15081294749379
0.22711824690411536	0.007	0.005	0.31721596714211175	0.00026774149860809296	0.011091826688350109	0.019142301687637156	96.89576592828345
0.2467812210660157	0.007	0.005	0.324986403830834	0.0002671195216812571	0.012556055884298579	0.021005379044815843	96.63158993698599
0.2671867578450001	0.007	0.005	0.3316469551716233	0.00026642395615509066	0.014105278196135149	0.02292684432336577	96.35819900324726
0.2883544486940249	0.007	0.005	0.3372830242630486	0.0002656748008631689	0.015737616153201094	0.024906966333113616	96.07541414605952
0.31031100451814186	0.007	0.005	0.34198170702213504	0.0002648834617315238	0.017451688076175403	0.026946683871923373	95.78296746250308
0.333089864597711	0.007	0.005	0.3458290080413278	0.00026405598201209866	0.01924663276137946	0.029047505392108115	95.48050901798153
0.3567312595969311	0.007	0.005	0.3489079478487942	0.0002631951122130967	0.021122145775843204	0.031211463075221862	95.16760778605543
0.3812823271466759	0.007	0.005	0.35129724682550995	0.0002623015967819131	0.023078501644817544	0.033441078440196684	94.84375206700446
0.4067974814282684	0.007	0.005	0.3530704736742903	0.0002613749414326188	0.025116581299115367	0.0357393539027595	94.50834677402769
0.4333389356531309	0.007	0.005	0.3542955196831393	0.0002604138542924299	0.027237899335645525	0.03810977746371095	94.16070901394713
0.4609774322181107	0.007	0.005	0.35503431585700673	0.000259416484968506	0.029444636910710142	0.04055634262977686	93.80006133406934
0.48979318601575716	0.007	0.005	0.35534272348621165	0.00025838054191574123	0.031739681345000624	0.0430835813779046	93.42552268169806
0.5198770685272562	0.007	0.005	0.35527054777008504	0.0002573033368662384	0.03412667450901541	0.04569660998245163	93.03609685678735
0.5513323240253746	0.007	0.005	0.35486163191643794	0.000256181775789959	0.036610092092440594	0.048401209846323276	92.63065488037735
0.5842767785096983	0.007	0.005	0.3541539914040468	0.0002550123155670861	0.03919534819554309	0.051203935143119716	92.20791209920652
0.6188434254229178	0.007	0.005	0.35318003513917595	0.0002537909713658941	0.04188875755648774	0.05411206506404628	91.76642733946878
0.6551848353960942	0.007	0.005	0.3519667384202436	0.00025251318730492857	0.044697780053039315	0.05713385976331176	91.30455451895153
0.6934757182557918	0.007	0.005	0.35053585442494595	0.0002511737762222059	0.04763109585873366	0.06027862784424161	90.82042016028714
0.7339177511254021	0.007	0.005	0.34890407002528523	0.00024976678578157003	0.05069882660050157	0.0635569455755211	90.3118747135479
0.7767447021902648	0.007	0.005	0.3470831513354291	0.0002482853637188615	0.05391273927526033	0.06698084928507488	89.77644377208428
0.8222294632233531	0.007	0.005	0.34508002052425385	0.00024672156934405675	0.057286543886251935	0.070564117351582	89.21125995997497
0.8706927094925875	0.007	0.005	0.3428967715264482	0.00024506614612920254	0.06083624444206533	0.07432259455892197	88.61298080704212
0.9225142752034383	0.007	0.005	0.3405305818435877	0.0002433082244610485	0.0645805992581398	0.07827461308330949	87.97768142049715
0.9781478973972242	0.007	0.005	0.3379734982021042	0.00024143494182652487	0.06854170175832158	0.08244151424911744	87.30071735112854
1.03814077763235	0.007	0.005	0.3352120446165768	0.0002394309449389215	0.0727457345589075	0.08684831583928977	86.57654483405031
1.103159746835165	0.007	0.005	0.33222659478539174	0.00023727773405032157	0.07722394722294872	0.09152456168919891	85.79848404998104
1.1740280554345208	0.007	0.005	0.3289903632809524	0.00023495274664804281	0.08201402152102935	0.09650549999520783	84.9583882778583
1.2517767990515598	0.007	0.005	0.3254678972644274	0.00023242809788575838	0.08716191441001739	0.1018336441568889	84.046189105881
1.3377116358225316	0.007	0.005	0.3216131397897118	0.00022966902951797292	0.09272395760438679	0.10756042815031089	83.04933645359503
1.4335217796543613	0.007	0.005	0.31736601531760894	0.00022663131711909312	0.09877054677753644	0.11374923504051934	81.95186247565842
1.5414202302508564	0.007	0.005	0.31264832614591154	0.00022325820091332593	0.10538995533184976	0.12047812011102295	80.73327416946148
1.6642520705850041	0.007	0.005	0.307362042206599	0.00021947903281679067	0.11268767068335869	0.12783738416752766	79.36807047227249
1.8037306177259707	0.007	0.005	0.3014671777238119	0.00021526473380009862	0.1206776781582919	0.13581904129525318	77.8458176266796
1.943347958397031	0.007	0.005	0.2956795145042063	0.0002111263335542101	0.12837112437356638	0.14342434846137983	76.3512897079331
2.0670407696029818	0.007	0.005	0.2906448343704382	0.00020752607153783217	0.13494185269436826	0.14985316134859125	75.05121327876348
2.1787072952763733	0.007	0.005	0.28617332071575274	0.00020432946418509396	0.1406826000109452	0.15541634337430726	73.89656324465977
2.2852851265914733	0.007	0.005	0.28196974936334873	0.00020132484646990067	0.14599785139121285	0.16051997607395463	72.81110328631989
2.3919147590454184	0.007	0.005	0.277825924029732	0.00019836272920030842	0.1511602438067687	0.1654309116674564	71.74107156210589
2.5010725296346283	0.007	0.005	0.27364692305593563	0.00019537520839520614	0.15628871000566247	0.170262236830811	70.66195685068169
2.6131150799323373	0.007	0.005	0.2694228455477136	0.00019235529912715237	0.1613931393811319	0.17502137788685793	69.57120241092188
2.727112344108682	0.007	0.005	0.26519198800108795	0.00018933045826192475	0.1664257783040961	0.17966235583408482	68.47869723948321
2.8417744077784985	0.007	0.005	0.26100347640299326	0.00018633587136969142	0.17132918516302992	0.1841323118028663	67.39712678255545
2.956150668174631	0.007	0.005	0.25689131312675423	0.00018339590323028276	0.17606686906607943	0.18839966059805596	66.33527123081069
3.069870857092704	0.007	0.005	0.25286697108513395	0.00018051879125453404	0.18063012640591639	0.19245913336870743	65.29609315236425
3.1830176304348385	0.007	0.005	0.24892549026259617	0.00017770099723962018	0.18502918214119032	0.19632255102476656	64.27831175548334
3.2958695097002932	0.007	0.005	0.2450554795030732	0.00017493436819992928	0.18928082608255098	0.20000709907134392	63.27898558010027
3.4086904510828284	0.007	0.005	0.2412466715684808	0.00017221155302846303	0.19339977739677486	0.20352758373312985	62.29546338800237
3.5216301656411964	0.007	0.005	0.23749314598363275	0.0001695283145066832	0.1973954087783559	0.20689377833145828	61.32621637566958
3.6347192031713886	0.007	0.005	0.2337931737698509	0.00016688341854095197	0.20127229424797244	0.21011117450501368	60.3707980808429
3.747913870605455	0.007	0.005	0.2301474690352391	0.00016427738128608674	0.20503235464582167	0.21318301029176345	59.429392902720856
3.861149299659399	0.007	0.005	0.22655733216997465	0.00016171113864522416	0.20867692830384968	0.2161120899050615	58.50233663208236
3.9743757557786337	0.007	0.005	0.223023476741086	0.00015918520555770421	0.21220797861742585	0.2189017699128354	57.589813528416165
4.087571373680278	0.007	0.005	0.219545682647789	0.0001566994272582542	0.2156283835196	0.22155613976174007	56.69176675661477
4.200737413035842	0.007	0.005	0.21612300832834255	0.00015425313123871182	0.21894165831682144	0.22407974600981834	55.80795318368649
4.313886467475222	0.007	0.005	0.21275419456661684	0.0001518454166814513	0.22215152007158814	0.22647721887161795	54.93804765093852
4.4270316958293	0.007	0.005	0.20943800339358032	0.00014947539747881387	0.2252615509551171	0.22875300646962188	54.08173048616992
4.5401810936160265	0.007	0.005	0.20617338220522413	0.00014714231999202735	0.22827505247794733	0.23091127444972198	53.238729882710544
4.653336616993608	0.007	0.005	0.2029594757786299	0.00014484557175563296	0.2311950508712519	0.23295592472149543	52.40882500224716
4.7664961677870075	0.007	0.005	0.1997955571826696	0.00014258463200549917	0.234024374767279	0.23489066383810528	51.59182813437049
4.8796563436052205	0.007	0.005	0.19668094358545168	0.00014035901134947114	0.2367657395832824	0.23671906923134914	50.78756295611269
4.9928143491151085	0.007	0.005	0.19361494205330557	0.0001381682129248874	0.2394217987338927	0.2384446262692619	49.995850535993206
5.105968835477574	0.007	0.005	0.19059682864864247	0.00013601171742583953	0.24199516210759114	0.24007073981622276	49.216503936603864
5.219119652933071	0.007	0.005	0.18762585785549282	0.0001338889898820082	0.2444883876327625	0.24160072756205436	48.44933064849982
5.3322673186334875	0.007	0.005	0.18470127856219132	0.00013179949114384818	0.24690396828805494	0.24303781159752347	47.694136717298434
5.4454124545937095	0.007	0.005	0.18182234940822478	0.00012974268891530346	0.24924432090792545	0.2443851125425316	46.9507307065898
5.558555457999164	0.007	0.005	0.1789883469698657	0.00012771806365039528	0.2515117818368485	0.24564564888160978	46.2189258116565
5.6716964337904985	0.007	0.005	0.17619856675734438	0.00012572510929101892	0.2537086087613014	0.24682234030695785	45.49854011696624
5.784835262119981	0.007	0.005	0.17345232083404608	0.0001237633315783306	0.2558369851366529	0.2479180124182258	44.78939598139379
5.89797176320616	0.007	0.005	0.17074893330811863	0.00012183224483374138	0.25789902597335806	0.2489354017886138	44.09131887404982
6.011105779756175	0.007	0.005	0.16808773813602498	0.00011993137039662883	0.2598967815093486	0.2498771595545296	43.40413680710755
6.124237259378927	0.007	0.005	0.1654680771138001	0.00011806023519428178	0.26183224053538706	0.2507458545876261	42.72767981709865
6.237366187147175	0.007	0.005	0.1628893014348293	0.00011621837287154683	0.26370733096099086	0.25154397527911876	42.061780367167835
6.3504926080698665	0.007	0.005	0.16035077109675405	0.00011440532337473103	0.26552392197347197	0.2522739320720765	41.406273193922104
6.463616582136462	0.007	0.005	0.1578518558323358	0.00011262063362917023	0.2672838250483407	0.2529380594740216	40.76099554780139
6.5767381543493855	0.007	0.005	0.15539193562242376	0.00011086385791603696	0.2689887952674961	0.2535386182361592	40.12578732553842
6.6898573472339224	0.007	0.005	0.1529704006724004	0.00010913455786295629	0.27064053299109453	0.25407779766008387	39.500491064076705
6.802974190805217	0.007	0.005	0.15058665059429016	0.00010743230186273549	0.2722406860135641	0.25455771800109783	38.88495172937208
6.91608870758543	0.007	0.005	0.14824009457682522	0.00010575666520124556	0.2737908509780039	0.2549804325499599	38.279016760307464
7.029200927586311	0.007	0.005	0.14593015092133405	0.00010410722972867892	0.2752925751708663	0.25534792978297877	37.68253594884872
7.142310865836143	0.007	0.005	0.1436562473560207	0.00010248358408982941	0.2767473577551945	0.2556621353082318	37.09536152119857
7.25541857481569	0.007	0.005	0.14141781983922946	0.0001008853228669401	0.27815665192967476	0.25592491396840533	36.51734782877217
7.368524092021561	0.007	0.005	0.13921431348944785	9.931204725160953e-5	0.27952186567233545	0.25613807156833285	35.94835158834536
7.48162743996741	0.007	0.005	0.13704518242230132	9.776336493035245e-5	0.2808443631666656	0.2563033567487241	35.38823183996263
7.59472865614611	0.007	0.005	0.13490988902962595	9.623888956801252e-5	0.28212546651566917	0.25642246282469827	34.8368497607773
7.707827778048429	0.007	0.005	0.13280790414298024	9.473824092712303e-5	0.28336645686332035	0.25649702947502834	34.2940687072741
7.8209248506530535	0.007	0.005	0.1307387067645257	9.326104467554575e-5	0.284568575743296	0.25652864441644285	33.759754145776036
7.934019896466675	0.007	0.005	0.12870178448194705	9.180693268646487e-5	0.28573302599404077	0.2565188450195334	33.23377375958666
8.047113065320223	0.007	0.005	0.12669663067277467	9.037554102492018e-5	0.28686097445825587	0.25646911982797455	32.71599672708128
8.160204679299255	0.007	0.005	0.12472274377453199	8.89665094202451e-5	0.28795355336835493	0.25638090982339584	32.206293533242416
8.273294551186565	0.007	0.005	0.12277963900618138	8.757948971519497e-5	0.2890118549431467	0.25625561050012285	31.704538996407702
8.386382508752693	0.007	0.005	0.12086683875843626	8.621413894401986e-5	0.2900369379117645	0.2560945732895113	31.210609786826623
8.499468477137434	0.007	0.005	0.11898387114097313	8.487011828418218e-5	0.2910298292346471	0.2558991067399832	30.724384051516996
8.612552448886655	0.007	0.005	0.11713027048462567	8.35470934169845e-5	0.29199152472072365	0.25567047775897744	30.24574154394312
8.725634506414568	0.007	0.005	0.11530557695447399	8.224473424687583e-5	0.29292299009862977	0.2554099127520051	29.774563524106508
8.838714717153495	0.007	0.005	0.11350933820074952	8.096271609164402e-5	0.2938251610321496	0.25511859904124007	29.310733184847653
8.951793148532492	0.007	0.005	0.11174110899270513	7.970071941785321e-5	0.2946989441834078	0.25479768606488995	28.854135557302854
9.064869823045521	0.007	0.005	0.11000045179194048	7.845843025466995e-5	0.29554521778258136	0.25444828670630354	28.404657658949997
9.17794475569696	0.007	0.005	0.10828693602483926	7.723553966832176e-5	0.2963648328197153	0.25407147836594857	27.96218830573514
9.291017961490494	0.007	0.005	0.10660013785529301	7.6031743597362e-5	0.297158613947094	0.2536683040502238	27.526618053384436
9.404089440452497	0.007	0.005	0.10493964029722365	7.484674293348754e-5	0.297927360194628	0.25323977350250265	27.09783922646023
9.517159215073942	0.007	0.005	0.10330503255651381	7.368024304505676e-5	0.29867184601857866	0.2527868641043592	26.675745748432014
9.630227285380519	0.007	0.005	0.10169591058865025	7.253195417970206e-5	0.2993928217615098	0.2523105220522608	26.260233285673134
9.743293666373873	0.007	0.005	0.1001118764525338	7.140159099622652e-5	0.30009101464467625	0.25181166318695425	25.85119908059929
9.856358373054979	0.007	0.005	0.09855253843293833	7.028887265240634e-5	0.30076712938371947	0.25129117399389517	25.448541983290543
9.96942141293639	0.007	0.005	0.09701751104372737	6.91935228067315e-5	0.3014218488428781	0.2507499125556853	25.052162452321713
10.082482808505626	0.007	0.005	0.09550641462600813	6.81152693266163e-5	0.3020558348409763	0.25018870933255644	24.661962450996572
10.1955425597866	0.007	0.005	0.09401887575796897	6.705384458482521e-5	0.3026697285922504	0.24960836820449384	24.277845553177364
10.308600666803228	0.007	0.005	0.09255452685001271	6.600898516561007e-5	0.3032641514761046	0.24900966720198747	23.89971683873872
10.421657129579422	0.007	0.005	0.09111300605358384	6.498043179801609e-5	0.3038397056507747	0.24839335931221576	23.52748287002497
10.534711948139096	0.007	0.005	0.08969395717142387	6.396792929022978e-5	0.3043969746480054	0.24776017326018496	23.161051668675817
10.647765137480375	0.007	0.005	0.08829702938565125	6.297122633152938e-5	0.3049365240196436	0.24711081417855837	22.80033264541037
10.76081669762674	0.007	0.005	0.08692187754654221	6.199007570155423e-5	0.3054589017487378	0.24644596450908215	22.445236674597016
10.87386662860167	0.007	0.005	0.0855681618945037	6.102423406803968e-5	0.30596463886815406	0.24576628463266104	22.095676022460356
10.986914907968288	0.007	0.005	0.08423554823851101	6.007346211641377e-5	0.30645424988927156	0.2450724136970544	21.75156439315805
11.099961543237399	0.007	0.005	0.08292370724931461	5.9137524035306054e-5	0.30692823354162724	0.24436496996616067	21.412816746270362
11.213006534432914	0.007	0.005	0.08163231482958382	5.821618778537143e-5	0.30738707309519986	0.24364455168904076	21.07934939237988
11.326049896551657	0.007	0.005	0.08036105177611914	5.7309224853026867e-5	0.30783123692956516	0.24291173758385673	20.751079905846915
11.439091607158058	0.007	0.005	0.07910960428937282	5.64164106217298e-5	0.3082611787910085	0.24216708778492269	20.427927256379466
11.552131658790007	0.007	0.005	0.07787766329649519	5.5537523878655565e-5	0.3086773384535189	0.2414111440967258	20.109811634228166
11.665170043985725	0.007	0.005	0.07666492454727598	5.467234688441018e-5	0.3090801420910405	0.24064443065789942	19.796654474960597
11.778206762769777	0.007	0.005	0.07547108846043998	5.3820665260735486e-5	0.30947000272346925	0.23986745444117086	19.488378419771145
11.891241800194923	0.007	0.005	0.07429586028733898	5.298226811015699e-5	0.30984732054641106	0.23908070594204855	19.18490735775015
12.004275148800378	0.007	0.005	0.07313894979874232	5.2156947787280286e-5	0.3102124834057146	0.23828465954410266	18.886166345006014
12.117306808611376	0.007	0.005	0.07200007121915918	5.134449985070295e-5	0.31056586717615325	0.23747977401773096	18.592081587705604
12.230336749710887	0.007	0.005	0.07087894353033326	5.054472328552732e-5	0.31090783601725536	0.2366664932744294	18.30258052044359
12.343364979610495	0.007	0.005	0.06977528972586192	4.975741995774153e-5	0.3112387429414294	0.2358452463568385	18.017591613768023
12.45639149085077	0.007	0.005	0.06868883727122556	4.898239495125881e-5	0.31155892999816776	0.2350164482682615	17.737044492970323
12.569416268487402	0.007	0.005	0.06761931795461351	4.821945645915649e-5	0.3118687286390233	0.23418050036467156	17.460869899565377
12.682439305061875	0.007	0.005	0.06656646767672551	4.746841562981439e-5	0.31216846008707766	0.23333779067355587	17.18899963701314
12.795460578146047	0.007	0.005	0.06553002659531218	4.672908667356571e-5	0.3124584355939177	0.23248869447631998	16.921366608042508
12.908480087767431	0.007	0.005	0.06450973871504757	4.600128656168162e-5	0.3127389568443812	0.23163357443057483	16.657904708746774
13.021497811499291	0.007	0.005	0.06350535223619981	4.528483528330492e-5	0.31301031613889574	0.2307727812973417	16.39854891861865
13.134513749369846	0.007	0.005	0.0625166190869129	4.4579555501764015e-5	0.31327279679344605	0.22990665397917412	16.143235179774482
13.24752787895378	0.007	0.005	0.06154329526109448	4.3885272804071126e-5	0.3135266733111958	0.22903552022819038	15.891900484204651
13.360540200280028	0.007	0.005	0.06058514036516208	4.320181536742e-5	0.31377221175772296	0.22815969665672908	15.644482756733087
13.473550698408978	0.007	0.005	0.05964191788350379	4.252901415565187e-5	0.31400966993804036	0.22727948936869563	15.400920923565302
13.586559358401754	0.007	0.005	0.05871339498811692	4.186670277961804e-5	0.31423929768623804	0.22639519417813647	15.16115486313269
13.699566165320205	0.007	0.005	0.05779934248114578	4.121471745548421e-5	0.31446133711191787	0.22550709693185098	14.925125391254436
13.812571126678616	0.007	0.005	0.056899534560939616	4.057289683215724e-5	0.31467602288094987	0.22461547364452164	14.692774200728318
13.92557420508825	0.007	0.005	0.056013749304012844	3.994108234937856e-5	0.31488358231830604	0.22372059133278555	14.464043985783935
14.038575393096831	0.007	0.005	0.05514176800962623	3.9319117753010834e-5	0.31508423577692635	0.22282270771941048	14.23887827283843
14.151574683252464	0.007	0.005	0.05428337538971783	3.87068492364732e-5	0.3152781967953994	0.22192207175261505	14.017221469541072
14.264572083070417	0.007	0.005	0.05343835940458806	3.8104125319474944e-5	0.3154656723331406	0.22101892376201956	13.799018822343301
14.377567562649237	0.007	0.005	0.05260651160172931	3.751079710127295e-5	0.3156468628879718	0.22011349614459183	13.584216503992428
14.490561122021553	0.007	0.005	0.051787626558384155	3.6926717846968844e-5	0.3158219628068201	0.21920601308559154	13.372761469587221
14.603552753736984	0.007	0.005	0.0509815021127474	3.635174316052636e-5	0.3159911604143848	0.21829669110803926	13.164601516279644
14.716542435379768	0.007	0.005	0.05018793936183301	3.578573098464436e-5	0.3161546381903585	0.2173857393767771	12.95968528272405
14.829530166983558	0.007	0.005	0.049406742347458614	3.522854136734729e-5	0.31631257300456567	0.21647335963251846	12.757962167991137
14.94251594858201	0.007	0.005	0.048637718171619056	3.468003654909468e-5	0.31646513625625255	0.21555974660025265	12.559382361360017
15.055499750278809	0.007	0.005	0.04788067714762061	3.41400810775696e-5	0.31661249400499686	0.21464508845287283	12.363896881344631
15.168481579591008	0.007	0.005	0.04713543229677281	3.3608541431733155e-5	0.316754807224668	0.21372956648066047	12.171457445727896
15.281461436553041	0.007	0.005	0.04640179961082166	3.308528621953432e-5	0.31689223190035193	0.21281335566166631	11.982016539328042
15.394439306235144	0.007	0.005	0.04567959804989346	3.257018617804362e-5	0.31702491917540715	0.21189662492392566	11.79552741346767
15.507415196154238	0.007	0.005	0.04496864925660592	3.206311395972121e-5	0.3171530155454054	0.21097953703691258	11.611944012150628
15.62038907641768	0.007	0.005	0.044268777890894465	3.156394438614025e-5	0.31727666293389634	0.21006224928612	11.431221058521885
15.733360947061222	0.007	0.005	0.04357981116102357	3.1072554095951484e-5	0.3173959989095776	0.20914491310943628	11.253313933763852
15.846330815602174	0.007	0.005	0.042901578928986966	3.058882162532278e-5	0.31751115679386926	0.20822767445654525	11.078178704313128
15.959298689557453	0.007	0.005	0.04223391371566663	3.0112627413212732e-5	0.3176222657840154	0.20731067402159198	10.905772123192671
16.0	0.007	0.005	0.04199591468055894	2.994630099262221e-5	0.3176613298961382	0.2069803633215355	10.844315274559163
