0.0	0.007	0.005	0.0	0.0	0.0	0.0	100.0
0.006672476677330127	0.007	0.005	0.018475085264599126	5.895576495153193e-5	1.4901179972465985e-5	4.739751027341846e-5	99.93836447348659
0.012232705524832887	0.007	0.005	0.03322372609612233	0.0001008564198879276	4.9424096019277476e-5	0.00015204702070706645	99.8870321095137
0.019968986608315486	0.007	0.005	0.05281020219785698	0.00014994872575105152	0.00012931870515166873	0.00038041880008264346	99.81565416237972
0.02793144515611115	0.007	0.005	0.07188832102092622	0.0001911521229246638	0.00024833141382752186	0.0006990148192745889	99.74224267769186
0.0372579337578335	0.007	0.005	0.09291836194721878	0.00022971192973996157	0.00043239622371120216	0.0011587259586845614	99.65632389935786
0.04725860572883181	0.007	0.005	0.11398686621554571	0.0002618564744637631	0.0006798853883745086	0.0017332581960247046	99.56427654286752
0.058319863209474784	0.007	0.005	0.13562448925572157	0.000288864576337949	0.0010097401539658844	0.002443853010185835	99.46256645194185
0.07021960233520819	0.007	0.005	0.15709212801849987	0.0003103668552072578	0.001425349292890177	0.0032739525834833043	99.35326239558208
0.08310277179849557	0.007	0.005	0.17838626705100025	0.0003271572224810933	0.0019403564727221813	0.004228104367891481	99.23506053824657
0.09691612657789185	0.007	0.005	0.19915972522291464	0.00033977823041628127	0.0025609135040727243	0.005296004513957006	99.10848053740895
0.11172656776795428	0.007	0.005	0.21928239746594408	0.00034897747029835635	0.003297239756470137	0.006475746093134085	98.97294299677019
0.1275279749640915	0.007	0.005	0.23853665524598758	0.000355415453899163	0.00415540824125371	0.007759898077040647	98.8285410136443
0.14433870123406595	0.007	0.005	0.2567703090624618	0.00035971698292432055	0.005141512440600936	0.009143387111324586	98.6751466075022
0.1621372323808535	0.007	0.005	0.2738240038117107	0.00036241408845679026	0.006257988424288319	0.010618558834023913	98.51299816167347
0.18089898620023237	0.007	0.005	0.2895836854731406	0.0003639493014222258	0.0075053802141341565	0.012178298949365708	98.34236301284379
0.20058683310755096	0.007	0.005	0.3039721069812364	0.00036467001195645513	0.008881750618074793	0.013815302259653908	98.16362298852498
0.2211711907054621	0.007	0.005	0.3169615332318369	0.0003648366344951191	0.010384179152140538	0.015523692259967947	97.9770911960026
0.24262988641384964	0.007	0.005	0.32856357076533577	0.0003646348879236683	0.01200909876835838	0.01729888711338384	97.78301364990207
0.26495301339855665	0.007	0.005	0.338821966725875	0.0003641915851206071	0.013752994906351654	0.0191378425157787	97.58152595038578
0.28814095103571785	0.007	0.005	0.3478020655128575	0.0003635899737155343	0.015612565948016828	0.021038726870045134	97.37267210616137
0.31220435977652744	0.007	0.005	0.35558333758106164	0.0003628827496506071	0.017584962184697933	0.023000780901975274	97.15640552188404
0.3371628057129408	0.007	0.005	0.3622530492242999	0.0003621020940385921	0.019667855535338008	0.025024091837333732	96.93260236305748
0.3630443582417411	0.007	0.005	0.36790184029890094	0.00036126687548386656	0.021859533968257672	0.027109473109204127	96.70106615563896
0.38988507621280544	0.007	0.005	0.3726204203899262	0.0003603875728382202	0.02415894599475212	0.029258355063572973	96.4615334213824
0.4177289453866078	0.007	0.005	0.3764972744403181	0.0003594694900959002	0.026565750861735692	0.03147272635818852	96.21367532635111
0.4466279296024724	0.007	0.005	0.3796170522656494	0.00035851478539575607	0.02908035372546686	0.03375509315114393	95.95709840909194
0.47664230400259494	0.007	0.005	0.382059498820403	0.0003575237042420684	0.03170394547980754	0.03610846508270376	95.69134292633758
0.5078411704237531	0.007	0.005	0.38389876885971885	0.00035649530372473657	0.03443854254743889	0.03853635639555155	95.41587975742182
0.5403031878464055	0.007	0.005	0.3852030287774822	0.00035542785914338573	0.037287031966189224	0.04104280188432726	95.13010562938393
0.5741175668401866	0.007	0.005	0.38603426828425286	0.0003543190765561695	0.040253227535576544	0.043632388879957164	94.83333629891068
0.6093852870939247	0.007	0.005	0.38644826017640865	0.0003531661910298374	0.043341933961868744	0.046310299650923675	94.5247981330102
0.6462206672590313	0.007	0.005	0.3864946273403624	0.00035196599396027334	0.04655903000567852	0.04908237159617019	94.20361705272306
0.6847532779391399	0.007	0.005	0.3862169804299004	0.0003507148179053523	0.04991156862654414	0.05195517150481949	93.86880505069148
0.7251314365610066	0.007	0.005	0.38565308216235744	0.00034940845517819266	0.05340799910570737	0.054936171570630334	93.51923372927668
0.767522674825396	0.007	0.005	0.3848350811366766	0.0003480421688393669	0.05705810826451122	0.05803368171400739	93.1536350035356
0.8121192410587247	0.007	0.005	0.3837897148220821	0.00034661054021463243	0.06087337690757205	0.06125713160376784	92.77055927264703
0.8591416546309777	0.007	0.005	0.38253852980117875	0.0003451073832155431	0.06486713827645564	0.06461717526672577	92.36835205145513
0.9088448048781665	0.007	0.005	0.38109805503149796	0.00034352558311095635	0.06905491863949642	0.06812593985436496	91.94511065850486
0.9615247264393797	0.007	0.005	0.37947995341460833	0.00034185692307873853	0.07345478697462113	0.07179726790609317	91.498637759275
1.01752766349551	0.007	0.005	0.3776911091277484	0.00034009185053545873	0.07808783480005696	0.07564705044605739	91.02637885416296
1.077261433271445	0.007	0.005	0.3757336462034805	0.0003382191879417921	0.0829787633862919	0.07969362488063482	90.52534494133775
1.1412103004110208	0.007	0.005	0.37360484248770315	0.0003362257565557677	0.0881566468839254	0.08395828548263541	89.99201191008763
1.2099543992740018	0.007	0.005	0.37129691007060195	0.0003340958903702221	0.09365590982597391	0.08846592477197443	89.42219057437778
1.284195516120568	0.007	0.005	0.36879659308466084	0.0003318107978573916	0.09951759886309475	0.09324585213696886	88.81085601376682
1.364791835667452	0.007	0.005	0.36608451449029333	0.0003293477119538009	0.10579105762508283	0.09833284990680477	88.15192029417794
1.452808706167033	0.007	0.005	0.3631340668307328	0.0003266786452631875	0.11253640167358885	0.10376874337910538	87.4378996199168
1.5495826238103656	0.007	0.005	0.35990999479129615	0.00032376888695437203	0.11982733997938053	0.10960404733176993	86.65951245038143
1.65681958603177	0.007	0.005	0.3563660469767501	0.00032057467941826835	0.12775560120521248	0.1159005952674616	85.8050582959981
1.7767384783429148	0.007	0.005	0.35244149649211615	0.00031703989796625054	0.13643711151640608	0.12273507023999616	84.85953005118081
1.9122755158691866	0.007	0.005	0.3480562560558428	0.00031309148524613607	0.1460200799072945	0.13020324920077708	83.80339401293647
2.067290269368484	0.007	0.005	0.3431068681653855	0.0003086356775549121	0.1566894171157452	0.13842019598080477	82.6115869550433
2.2442548559818816	0.007	0.005	0.3375422676562833	0.0003036258633293611	0.16850095931113254	0.147390551782029	81.27172717232388
2.4164074056529463	0.007	0.005	0.3322154756424262	0.0002988287939218568	0.1796257821041332	0.15571149993301306	79.98915662789315
2.5638483933132203	0.007	0.005	0.32772016593208897	0.0002947803680378254	0.18887572889505716	0.16253062169235555	78.90679528786255
2.6950471937169014	0.007	0.005	0.32377122522928586	0.000291225961932072	0.19689694658301912	0.16836723724282895	77.955988251524
2.820516582489404	0.007	0.005	0.3200392508145954	0.00028786728956070194	0.20438764601867115	0.17375074132200283	77.0574219800233
2.9472110080960094	0.007	0.005	0.3163144849834823	0.0002845145748420476	0.21177684991407256	0.17899523493765584	76.16059162580666
3.0780881059084	0.007	0.005	0.3125122648590269	0.00028109171364469376	0.21923002536738975	0.18421594429309598	75.24511233525617
3.2132102704023855	0.007	0.005	0.3086346631164743	0.0002776007509545281	0.2267376365407852	0.18940158778862287	74.31148309197013
3.3509551245292677	0.007	0.005	0.30473131645910206	0.0002740864801724851	0.23419989638588068	0.19447996654191474	73.37165514010772
3.4893579493851403	0.007	0.005	0.3008590439684755	0.0002706001372593708	0.2415083627325374	0.19937706960471369	72.43930907640542
3.6271058785881856	0.007	0.005	0.29705395222514086	0.00026717430194389904	0.24859844322474567	0.2040521825469946	71.52313845435096
3.7637943228153574	0.007	0.005	0.2933256996047596	0.0002638177116642042	0.2554572792949362	0.20850077832581124	70.62546876643104
3.8996544281365564	0.007	0.005	0.2896664094753219	0.00026052327515113086	0.26210446693840117	0.2127395760625671	69.74440351650672
4.035143258302328	0.007	0.005	0.286062583217378	0.00025727881722147083	0.2685688042744189	0.21679031498085766	68.87669257540578
4.170645202982844	0.007	0.005	0.2825032509002524	0.0002540744414464884	0.2748733503422118	0.22067009863041162	68.01969465894935
4.306352687575223	0.007	0.005	0.27898290702329176	0.0002509051831921623	0.28103064352949536	0.2243888171497533	67.1720841806721
4.442282306606849	0.007	0.005	0.27550077618430036	0.0002477703468667162	0.28704458716555525	0.2279508280957684	66.33367444316347
4.578352888667861	0.007	0.005	0.27205856400227896	0.00024467147593479886	0.29291478515151975	0.2313579411678376	65.50487611667705
4.714465246903379	0.007	0.005	0.2686583230680386	0.00024161042702806188	0.29864037952499883	0.23461183354410914	64.68618341357693
4.85055111166849	0.007	0.005	0.2653012284720362	0.0002385882646831371	0.30422210569938146	0.23771521324886463	63.87787926616054
4.98658592473271	0.007	0.005	0.2619873192373565	0.0002356050276221685	0.30966261753669794	0.24067189872225894	63.07997307020699
5.122577627884169	0.007	0.005	0.25871583500684076	0.00023266003243320162	0.31496582518032507	0.24348635050586798	62.292281750790146
5.25854761473099	0.007	0.005	0.2554857150671861	0.00022975232403781484	0.3201360201872878	0.2461631397791227	61.51454991476042
5.394515435024633	0.007	0.005	0.25229597434113754	0.00022688101524133165	0.3251772569437946	0.24870660996617028	60.74654038023101
5.530491633893882	0.007	0.005	0.2491458646611395	0.00022404543245818862	0.3300931127601542	0.25112077047253656	59.98807300722643
5.666477788003403	0.007	0.005	0.24603486020636964	0.00022124510264597748	0.3348867357682039	0.25340934628526085	59.23902119128573
5.802470097096766	0.007	0.005	0.24296256368610147	0.0002184796686367814	0.3395610100442691	0.25557587856267444	58.49928927477024
5.938463490571111	0.007	0.005	0.23992860763157733	0.00021574880001607808	0.3441187164753376	0.25762381058985473	57.76878878042309
6.074454248798554	0.007	0.005	0.2369325953098988	0.0002130521397628589	0.3485626236005069	0.2595565305877887	57.047424184916565
6.210440822822166	0.007	0.005	0.23397408495163508	0.00021038929000292308	0.3528955087097308	0.261377377911291	56.33508912125601
6.346423410891555	0.007	0.005	0.23105260177443696	0.000207759822872788	0.3571201373569625	0.26308963070047364	55.63166927376423
6.482402967686015	0.007	0.005	0.2281676611777678	0.00020516330148338553	0.36123922847784784	0.2646964897257505	54.93704796279096
6.618380465838294	0.007	0.005	0.22531878503217012	0.0002025992946510901	0.36525543177432324	0.26620106988896747	54.25111006675925
6.7543564366861455	0.007	0.005	0.22250551103964206	0.0002000673853718294	0.3691713164316706	0.26760639788838775	53.573744275909604
6.890330970298088	0.007	0.005	0.21972739206284733	0.00019756717023040302	0.37298937448067176	0.2689154160103977	52.90484293079037
7.026303868578562	0.007	0.005	0.2169839924081229	0.0001950982560548186	0.37671202813230253	0.2701309870388453	52.24430112729938
7.16227485239552	0.007	0.005	0.21427488329112673	0.00019266025582917638	0.3803416377585174	0.2712558988014002	51.592015624925324
7.29824372367173	0.007	0.005	0.21159963950471286	0.0001902527856907832	0.3838805077859586	0.27229286746095893	50.94788404445621
7.434210392394245	0.007	0.005	0.20895783893683684	0.00018787546450234506	0.38733088852503544	0.2732445392340744	50.311804751902734
7.570174849594321	0.007	0.005	0.20634906315463003	0.0001855279143875196	0.3906949765629982	0.2741134916627689	49.68367699912889
7.706137131325047	0.007	0.005	0.20377289811519786	0.00018320976138077788	0.39397491503304005	0.2749022349175368	49.0634010949941
7.8420972916460805	0.007	0.005	0.20122893465528488	0.00018092063587702434	0.3971727942059658	0.2756132132453104	48.45087852325272
7.97805537561056	0.007	0.005	0.19871676894211415	0.00017866017304584106	0.40029065215248233	0.27624880647498407	47.84601205110435
8.114011419265697	0.007	0.005	0.19623600239730588	0.0001764280127687312	0.40333047606450956	0.27681133167595257	47.24870571087571
8.249965404634628	0.007	0.005	0.19378624242814133	0.00017422380030650728	0.40629420257322657	0.2773030446220206	46.65886497609044
8.385917340752115	0.007	0.005	0.19136710087070227	0.00017204718489579213	0.4091837208246183	0.27772614170857396	46.076396386616416
8.521867218645582	0.007	0.005	0.18897819474455868	0.00016989782043655866	0.4120008726789993	0.2780827612837779	45.50120773037518
8.657815056352854	0.007	0.005	0.1866191453956401	0.00016777536472060297	0.41474745482074327	0.27837498524701804	44.93320783696713
8.793760880914151	0.007	0.005	0.18428957877199703	0.0001656794796848588	0.4174252194749167	0.2786048403922257	44.37230664406806
8.929704710365426	0.007	0.005	0.1819891256762335	0.00016360983164346777	0.42003587515347157	0.2787742997685088	43.81841525820841
9.065646562741842	0.007	0.005	0.1797174215471271	0.00016156609109334706	0.42258108792611815	0.27888528406971724	43.27144590219281
9.20158648308622	0.007	0.005	0.17747410595829455	0.00015954793226303536	0.4250624829621141	0.2789396629693476	42.73131179439149
9.337524471426022	0.007	0.005	0.17525882375449844	0.0001575550341445271	0.4274816442325017	0.2789392563776586	42.19792742233431
9.473460563798959	0.007	0.005	0.17307122365274205	0.00015558707922869012	0.4298401170035032	0.2788858357479821	41.671208205889506
9.609395480430534	0.007	0.005	0.17091094798616607	0.00015364374421282038	0.4321394195604211	0.2787811246209996	41.1510680278514
9.74532894225529	0.007	0.005	0.1687776595767129	0.00015172472435120567	0.4343810153199689	0.27862680081122554	40.637425704203764
9.881260607201314	0.007	0.005	0.16667102627107785	0.0001498297194500994	0.43656633073686507	0.2784244978406774	40.130201260764686
10.01719029524939	0.007	0.005	0.16459071741068648	0.0001479584306695568	0.4386967597871309	0.2781758057004786	39.62931508324588
10.153117988424261	0.007	0.005	0.162536403940968	0.0001461105606220664	0.4407736645009052	0.27788227165939317	39.13468794356279
10.28904374076645	0.007	0.005	0.1605077598503981	0.00014428581467707983	0.4427983741746022	0.27754540131028754	38.64624134632028
10.424967669326518	0.007	0.005	0.15850446231775656	0.00014248390109487252	0.4447721859467106	0.27716665954198133	38.16389756426815
10.560889864145441	0.007	0.005	0.15652619301936543	0.00014070453221284212	0.44669636424987635	0.276747471773295	37.687579953051745
10.696810379254602	0.007	0.005	0.15457263818016823	0.00013894742449309134	0.44857214154463265	0.2762892250385234	37.21721296351021
10.832729241679079	0.007	0.005	0.15264348836286779	0.00013721229833227794	0.4504007192869006	0.275793268989737	36.752722090906346
10.968646451438968	0.007	0.005	0.15073843839383516	0.00013549887799538048	0.4521832687365719	0.27526091689115423	36.294033857087314
11.104562008554362	0.007	0.005	0.14885718691913272	0.00013380689121351112	0.4539209320845255	0.2746934464694299	35.84107570358596
11.2404759400487	0.007	0.005	0.14699943598987375	0.0001321360688078622	0.45561482350637217	0.2740921006971896	35.39377589178615
11.376388254942436	0.007	0.005	0.14516489164154556	0.000130486145216031	0.45726602928433524	0.27345808885993084	34.952063642408916
11.512298980257508	0.007	0.005	0.14335326335479082	0.0001288568580027167	0.458875608943631	0.27279258725984956	34.515869005682326
11.648208107011712	0.007	0.005	0.14156426473046146	0.0001272479484732483	0.46044459528011017	0.2720967403189551	34.085123023877436
11.784115680227332	0.007	0.005	0.1397976122515006	0.00012565916054892563	0.46197399606640893	0.27137166094829007	33.6597574332005
11.920021708922725	0.007	0.005	0.13805302642991366	0.00012409024180928436	0.4634647936370134	0.27061843179828576	33.23970493995495
12.055926229117437	0.007	0.005	0.13633023093917357	0.0001225409427037796	0.46491794622611826	0.26983810570759836	32.82489901164623
12.191829231827812	0.007	0.005	0.13462895348720677	0.00012101101734560618	0.4663343877962727	0.2690317068707362	32.415274087175035
12.327730744071696	0.007	0.005	0.132948924742409	0.00011950022253528563	0.4677150295016285	0.26820023111789043	32.010765318248694
12.463630783865845	0.007	0.005	0.13128987886467444	0.00011800831824348294	0.46906075977697786	0.26734464689090937	31.611308697239764
12.599529369226435	0.007	0.005	0.1296515533480902	0.00011653506746798422	0.4703724449972987	0.2664658958963718	31.216841019310927
12.73542650016903	0.007	0.005	0.1280336891919311	0.00011508023638940751	0.47165092985867396	0.2655648939125062	30.827299923585954
12.871322185709117	0.007	0.005	0.12643603053050403	0.00011364359403433752	0.47289703817834977	0.26464253128662085	30.442623804025768
13.007216434861892	0.007	0.005	0.124858324702975	0.0001122249123387902	0.4741115733251373	0.26369967364247154	30.062751826240927
13.143109274641734	0.007	0.005	0.12330032200807378	0.00011082396592465734	0.47529531888193843	0.26273716238662687	29.687623868430745
13.279000696063619	0.007	0.005	0.12176177628470472	0.00010944053262864291	0.4764490386686607	0.2617558157089626	29.317180661179638
13.414890726140994	0.007	0.005	0.1202424440472015	0.00010807439271429253	0.47757347785243637	0.26075642867653787	28.951363579248387
13.550779373887561	0.007	0.005	0.11874208506433882	0.00010672532939949481	0.4786693629502576	0.25973977420585237	28.59011478098546
13.686666648316749	0.007	0.005	0.11726046211343631	0.00010539312863236603	0.47973740244690966	0.2587066035101922	28.233377149121466
13.822552531443884	0.007	0.005	0.11579734123147666	0.0001040775793203758	0.48077828703853803	0.2576576468686572	27.88109435123209
13.958437059279953	0.007	0.005	0.11435249080399924	0.00010277847249895267	0.48179269069209074	0.25659361354729354	27.533210620366564
14.094320222839373	0.007	0.005	0.11292568259726635	0.0001014956022731746	0.4827812703081955	0.2555151930918071	27.1896710035673
14.230202040133857	0.007	0.005	0.11151669095032939	0.0001002287650803814	0.4837446666826638	0.2544230552868953	26.8504211673399
14.366082493178908	0.007	0.005	0.11012529339779145	9.897776025879785e-5	0.4846835044568166	0.2533178511628914	26.515407547598542
14.501961599985878	0.007	0.005	0.1087512698879395	9.774238933334988e-5	0.48559839302252494	0.25220021290913497	26.184577161411923
14.637839369566843	0.007	0.005	0.10739440321724661	9.652245641238944e-5	0.4864899265841019	0.25107075471317314	25.857877711620525
14.773715810933616	0.007	0.005	0.10605447890191436	9.531776807031663e-5	0.487358684598408	0.24993007315660218	25.535257555907204
14.909590924099183	0.007	0.005	0.1047312852308315	9.412813339603863e-5	0.4882052320856605	0.2487787477475848	25.216665719548295
15.045464700078046	0.007	0.005	0.10342461322644375	9.295336395730261e-5	0.48903011999357254	0.2476173413685371	24.902051885992115
15.181337147881756	0.007	0.005	0.10213425635148955	9.179327353228869e-5	0.48983388570972625	0.24644640047852934	24.591366326248185
15.317208258524996	0.007	0.005	0.1008600108224576	9.064767839650949e-5	0.4906170531821836	0.24526645584283205	24.284559974360036
15.453078041019136	0.007	0.005	0.09960167523542039	8.951639698022665e-5	0.491380133463286	0.24407802263416778	23.98158433731529
15.588946495377158	0.007	0.005	0.09835905078993691	8.839925007348704e-5	0.49212362487329825	0.24288160106668957	23.682391548955703
15.724813621612046	0.007	0.005	0.09713194117155277	8.729606071856571e-5	0.49284801336891304	0.24167767670961648	23.386934341686313
15.86067942873473	0.007	0.005	0.09592015244093961	8.620665410831578e-5	0.49355377289615954	0.2404667207878317	23.095166019782884
15.996543907760158	0.007	0.005	0.09472349324441451	8.513085777936699e-5	0.49424136554878983	0.23924919079370158	22.807040510079773
16.0	0.007	0.005	0.09469324838242749	8.510397487697532e-5	0.494258623525915	0.23921813692570335	22.799758306173082
