0.0	0.007	0.005	0.0	0.0	0.0	0.0	100.0
0.00657098457178134	0.007	0.005	0.018160469417296123	6.14750821028669e-5	1.443169178188255e-5	4.340287188882797e-5	99.93586360627599
0.01209735820067243	0.007	0.005	0.03274846603009208	0.0001055162464992845	4.822390994719422e-5	0.0001403306091408817	99.88195503181115
0.019764705241319187	0.007	0.005	0.05200069697786394	0.00015686989303173108	0.00012623027283267333	0.0003515090247311832	99.80720988444556
0.02768006527593488	0.007	0.005	0.07073355125265984	0.0001999986231007872	0.00024267600250030201	0.0006470496465559671	99.7301056590541
0.036946379062734916	0.007	0.005	0.09127792777695473	0.00024022090157169466	0.0004224441312863944	0.0010732071027117949	99.63991735231886
0.04689151836144864	0.007	0.005	0.11177311290529898	0.0002736692079974508	0.0006639506116406278	0.0016060580917729313	99.54321282853086
0.05788672597207102	0.007	0.005	0.13269518340221204	0.0003016549234202094	0.0009850304465257324	0.0022644572784802685	99.4364068925998
0.06971101923818601	0.007	0.005	0.1533187508267394	0.0003238360142757848	0.0013884619621729367	0.003032807868955407	99.3216752152566
0.08249559901716871	0.007	0.005	0.17361544201728543	0.0003410590999815131	0.0018863748014873185	0.003914250164739834	99.19777477041023
0.09617609307081716	0.007	0.005	0.19324053102612898	0.00035392385403438186	0.002483359335108754	0.004898231520361923	99.06536284732972
0.11079908338492364	0.007	0.005	0.21205698705310894	0.0003632334370575992	0.003187245609138704	0.005981389977029253	98.92402403732757
0.12633775659185206	0.007	0.005	0.2298582993299032	0.0003696983528590191	0.004001452088181722	0.007155245599828095	98.77405565671802
0.14279024050523423	0.007	0.005	0.2465134309191229	0.00037398309309992847	0.004929163911187393	0.008413641064179345	98.61551560835481
0.16012440925271995	0.007	0.005	0.2619031994695005	0.00037664705792859077	0.005970466893986565	0.009748861708796214	98.44875471724917
0.17831564698754632	0.007	0.005	0.2759621693011844	0.00037814723845533773	0.007124386523338083	0.011154597308098924	98.27405176340731
0.1973359895665203	0.007	0.005	0.28866235195233947	0.00037883579810089104	0.008388456760223354	0.012625109425197517	98.09171787435545
0.21716827387614956	0.007	0.005	0.3000164697265724	0.00037897265988420505	0.009759866167916477	0.014156229536260586	97.90196075908698
0.23780279994004871	0.007	0.005	0.31006579937382184	0.0003787414503306134	0.011235544958067062	0.01574495977358517	97.7049173673486
0.25924037964172614	0.007	0.005	0.3188734258082818	0.00037826712843091917	0.012812635611420858	0.017389554217892143	97.50062547096955
0.2814903023404818	0.007	0.005	0.32651594733637995	0.0003776318507736182	0.014488565316439148	0.019089220223576675	97.28904398766005
0.304570522332548	0.007	0.005	0.3330779812834488	0.0003768878808177443	0.016261221458931805	0.020844014373312066	97.0700520975405
0.3285066745246602	0.007	0.005	0.3386475572978299	0.0003760673575236051	0.01812899617167674	0.022654673407900654	96.84345955515592
0.35333199319766506	0.007	0.005	0.34331297155489343	0.0003751892623054334	0.020090861382668825	0.024522535771311582	96.60900844405828
0.3790870359112302	0.007	0.005	0.34716044736068535	0.0003742641937049412	0.022146400175960496	0.026449464736534017	96.36637684330404
0.4058198588759859	0.007	0.005	0.35027255980177113	0.0003732975068630347	0.024295850752268706	0.028437816958941448	96.1151783120277
0.4335862388497735	0.007	0.005	0.3527271544577142	0.0003722913174951506	0.026540136392056837	0.030490421282255712	95.85496106501938
0.4624501760085621	0.007	0.005	0.354596668851441	0.00037124573465363055	0.02888090351097879	0.03261058168127776	95.58520467217531
0.4924845696038938	0.007	0.005	0.3559477338213354	0.00037015959415535415	0.03132056164474894	0.03480209316992776	95.30531535744589
0.5237721135638772	0.007	0.005	0.3568409833750006	0.0003690308748798944	0.0338623305635377	0.03706927166533578	95.01461951757906
0.5564064625527638	0.007	0.005	0.3573310146370118	0.00036785691747750224	0.03651029922887879	0.03941699919900826	94.71235506976295
0.5904936573324113	0.007	0.005	0.35746645202604893	0.00036663452336297965	0.03926949551642427	0.041850781421290915	94.39766082992443
0.6261539274769015	0.007	0.005	0.357290083856448	0.00036535997777111776	0.042145975356504065	0.04437682350147958	94.06956294971351
0.663524553516603	0.007	0.005	0.3568390341152469	0.00036402900168098357	0.04514698418650451	0.04700216928953804	93.72695232881996
0.7027614894796249	0.007	0.005	0.35614497519427074	0.00036263673189919533	0.0482810029392004	0.04973473820953741	93.36857431388795
0.7440429813856692	0.007	0.005	0.3552343531029316	0.0003611776237917718	0.05155793645363598	0.052583485466427056	92.9930011345271
0.7875739627792047	0.007	0.005	0.3541285940570173	0.0003596453270983128	0.054989339398132726	0.05555859136074035	92.59859875969812
0.8335911256716321	0.007	0.005	0.35284429612793916	0.0003580325427861454	0.05858866460322902	0.05867166560605602	92.18348953837052
0.8823695615918578	0.007	0.005	0.3513933817907043	0.00035633083313575757	0.062371594823631256	0.06193601812997204	91.74550312044639
0.9342310366978901	0.007	0.005	0.3497832035175791	0.00035453038699402757	0.06635644866094632	0.06536698606962642	91.28211598917163
0.9895546880365379	0.007	0.005	0.34801657840942857	0.00035261971775440613	0.07056470255100335	0.06898235028057184	90.7903737530127
1.0487908518851867	0.007	0.005	0.34609173039632585	0.000350585276330184	0.07502165584311712	0.07280286053572964	90.26679160196342
1.1124791969195338	0.007	0.005	0.3440021072836311	0.0003484109484034651	0.07975728894480817	0.07685290658685962	89.70722501391089
1.1812728212414525	0.007	0.005	0.34173602818483617	0.00034607739328647487	0.08480738204773088	0.0811613845363398	89.10669973402142
1.2559707121163715	0.007	0.005	0.33927609944902365	0.00034356116386758073	0.0902149877602977	0.0857628257773636	88.45918546040524
1.3375653794742657	0.007	0.005	0.33659820363694115	0.0003408334111981336	0.09603262036150595	0.09069907747641968	87.75726270199674
1.4273022621146205	0.007	0.005	0.33367022153934595	0.0003378583397104318	0.10232471425142853	0.09602112371793256	86.99172555121021
1.5267726435356124	0.007	0.005	0.3304498516799573	0.0003345907671212267	0.10917158957738848	0.101792050537418	86.15095419864191
1.6380478426450367	0.007	0.005	0.32688141414389016	0.0003309726789014456	0.11667490079342598	0.10809104675298463	85.22002897535214
1.7638745681735277	0.007	0.005	0.32289122786995555	0.0003269283598810247	0.12496504203747365	0.11501870077057363	84.17947891659331
1.9079193459616595	0.007	0.005	0.31838230674916773	0.00032235884970310705	0.1342083670701801	0.12270158661205127	83.00385949038434
2.0739885828743843	0.007	0.005	0.3132617038086266	0.00031716939831217774	0.14454673294541717	0.13124029516749475	81.66884891843317
2.246673454644186	0.007	0.005	0.30802431465675384	0.00031186044477462757	0.15494659532506988	0.13976842155760472	80.30342319600503
2.397399661582144	0.007	0.005	0.3035245041698311	0.0003072982025780146	0.1637412041547489	0.14692923957451226	79.13029758832816
2.530197091068183	0.007	0.005	0.2996144396382108	0.00030333553718086143	0.17127765352159346	0.15302634926223552	78.11092395862798
2.654922705648284	0.007	0.005	0.29598792085790365	0.00029966127266861653	0.17817986131450833	0.15857693540537063	77.16547272901138
2.7791230781839564	0.007	0.005	0.2924202922521872	0.0002960462992360369	0.184887602942341	0.1639390932215958	76.23537467358226
2.906595684154563	0.007	0.005	0.28880338037625014	0.0002923808856327391	0.191604587667735	0.16927551695518867	75.29242831908692
3.038125793632467	0.007	0.005	0.28511823027361194	0.0002886460061378832	0.19836190657760372	0.1746089535340366	74.3316919662226
3.172588366429789	0.007	0.005	0.2813995220875961	0.0002848769386840609	0.2050923558123158	0.17988455370041662	73.36220687393003
3.308180788795224	0.007	0.005	0.2776986798521595	0.00028112589652067423	0.21170229316808198	0.1850283419326937	72.3973795261833
3.4434770583184964	0.007	0.005	0.27405443373272065	0.00027743221810866853	0.2181251787538931	0.1899893310476932	71.44730705969911
3.5778629124040515	0.007	0.005	0.2704820532225748	0.0002738114381405235	0.22433859410327983	0.1947518456747324	70.51597030343102
3.711401531975524	0.007	0.005	0.2669783236114183	0.0002702603130700258	0.2303529587943502	0.19932571500722562	69.6025311664979
3.844473506265822	0.007	0.005	0.26353198678552825	0.0002667674155841627	0.2361918486366351	0.2037305003978969	68.70405460441599
3.977463758392404	0.007	0.005	0.2601322132164175	0.0002633217479401039	0.24187705826881892	0.20798394534720435	67.81771730703808
4.110603567683053	0.007	0.005	0.256772549956007	0.0002599167588160244	0.2474222110964473	0.21209728667010913	66.9418369597866
4.243952568821182	0.007	0.005	0.25345110072135246	0.0002565505271435041	0.252832964695752	0.21607564626979522	66.07591919258272
4.377457647042449	0.007	0.005	0.25016880336130604	0.0002532240115609577	0.2581102591635806	0.21992063816257065	65.22020850712326
4.5110285257201825	0.007	0.005	0.24692742671851065	0.0002499390150042588	0.2632537750912397	0.22363300953882984	64.37516604917936
4.644592145723973	0.007	0.005	0.24372822054185342	0.00024669681272564283	0.26826411721897647	0.2272142398796704	63.541117634287495
4.778113969344731	0.007	0.005	0.2405714452047478	0.0002434976740578682	0.27314347918328147	0.2306669790531479	62.71813114304684
4.9115933115214245	0.007	0.005	0.23745654142651737	0.00024034103461360225	0.2778952838247523	0.23399474012174637	61.90606076829904
5.045047096884391	0.007	0.005	0.23438255407485023	0.00023722592696588757	0.2825234675670882	0.2372013593139995	61.104657502463255
5.178494354601997	0.007	0.005	0.2313485083920127	0.00023415136316811	0.28703188787637063	0.24029056984678937	60.31366722151681
5.311947325358598	0.007	0.005	0.22835361058202794	0.00023111653879890468	0.29142403158814956	0.2432658049499427	59.53288297903621
5.44540969536265	0.007	0.005	0.22539727605708604	0.00022812086178775336	0.2957029939591759	0.2461301951661988	58.762152370171925
5.57887911384869	0.007	0.005	0.22247906201994486	0.00022516388393973454	0.2998715959500623	0.24888665834056617	58.00135995555625
5.712351002089318	0.007	0.005	0.21959857708797698	0.00022224520907630015	0.30393252537299126	0.2515380000728646	57.2504036998586
5.845821408847217	0.007	0.005	0.21675541777562946	0.00021936442845897896	0.3078884304608627	0.25408697704468053	56.509178412457516
5.97928827463712	0.007	0.005	0.21394914302931656	0.00021652109489733295	0.31174195444472413	0.25653631841375873	55.77756910856494
6.112751281360805	0.007	0.005	0.21117927994533617	0.0002137147285724086	0.315495725455366	0.25888871753463283	55.05545249991459
6.24621111852819	0.007	0.005	0.20844534101848008	0.00021094483459526743	0.3191523318274514	0.2611468151820377	54.34270149155727
6.379668661209603	0.007	0.005	0.20574684191259504	0.00020821092110404497	0.32271429861464845	0.26331318482166066	53.63918981473193
6.513124492770875	0.007	0.005	0.20308331106113395	0.0002055125090532334	0.32618407654299564	0.2653903266204669	52.94479452977487
6.646578798836484	0.007	0.005	0.20045429125938172	0.00020284913385495726	0.32956404214318014	0.2673806687095553	52.25939644122103
6.780031420337763	0.007	0.005	0.19785933803858535	0.0002002203437439794	0.3328565020425793	0.26928657093796055	51.58287967393198
6.913482083318701	0.007	0.005	0.19529801477032646	0.0001976256948116286	0.336063701103309	0.2711103306460551	50.915130396781976
7.046930566862689	0.007	0.005	0.19276988929380265	0.0001950647475865202	0.3391878281581191	0.2728541867056796	50.256035943374364
7.1803767207653495	0.007	0.005	0.19027453358633842	0.00019253706671136636	0.34223101769657954	0.2745203210816713	49.60548472614203
7.313820500879961	0.007	0.005	0.18781152313355853	0.00019004222031265825	0.34519535185305084	0.2761108605151452	48.96336607214853
7.447261916086069	0.007	0.005	0.1853804379469869	0.0001875797810471088	0.34808286036710595	0.2776278770901659	48.32957048838108
7.580701019448581	0.007	0.005	0.1829808627135385	0.00018514932626351215	0.3508955216272152	0.27907338942284005	47.703989700723845
7.714137819844566	0.007	0.005	0.18061238833373686	0.00018275043957888636	0.35363526210750584	0.28044936305298923	47.08651705497859
7.847572326150634	0.007	0.005	0.17827461103047873	0.00018038270997937467	0.3563039586740361	0.2817577123410825	46.47704728451521
7.981004538406228	0.007	0.005	0.1759671324314432	0.0001780457319121158	0.35890343969284944	0.28300030171095336	45.87547653175644
8.114434456650786	0.007	0.005	0.17368955934089791	0.00017573910505997621	0.36143548646253437	0.28417894703545954	45.28170228868646
8.247862072087338	0.007	0.005	0.17144150382025786	0.00017346243443027985	0.3639018342648367	0.28529541681899284	44.695623417853064
8.381287384755629	0.007	0.005	0.16922258282003635	0.0001712153299856934	0.3663041738802263	0.2863514335752972	44.117140056415444
8.514710403531504	0.007	0.005	0.16703241812394162	0.00016899740659260824	0.3686441527166649	0.2873486749978336	43.54615360156988
8.648131137290356	0.007	0.005	0.1648706364356895	0.00016680828411457118	0.37092337576142265	0.28828877504071937	42.982566733182246
8.781549594907123	0.007	0.005	0.16273686931484643	0.00016464758735138422	0.37314340667388907	0.28917332504987187	42.426283397062015
8.914965794091943	0.007	0.005	0.16063075297493762	0.00016251494583724842	0.3753057689915535	0.2900038749182198	41.87720875232814
9.048379761389572	0.007	0.005	0.15855192822993366	0.00016040999378976004	0.37741194714885995	0.29078193414208614	41.33524915745769
9.181791505672711	0.007	0.005	0.15650004084622118	0.0001583323704723477	0.37946338706851435	0.29150897271181553	40.80031226204636
9.315201053484055	0.007	0.005	0.15447474093076446	0.00015628171957301272	0.38146149770497795	0.292186422337832	40.27230684729937
9.448608431364992	0.007	0.005	0.15247568315136567	0.00015425768943164847	0.38340765171512525	0.2928156773313803	39.75114288345419
9.582013630515885	0.007	0.005	0.15050252719624233	0.00015225993351172516	0.3853031858987376	0.29339809542488343	39.236731649594795
9.715416677476686	0.007	0.005	0.14855493665630784	0.00015028810926143686	0.3871494031401652	0.2939349990475329	38.72898544225665
9.84881759878607	0.007	0.005	0.14663257950701214	0.00014834187860729106	0.3889475727604493	0.2944276760584929	38.227817701044934
9.98221640331242	0.007	0.005	0.14473512830062327	0.0001464209081522419	0.39069893115388893	0.294877380585511	37.733143058763325
10.11561311759245	0.007	0.005	0.14286225960049675	0.0001445248685993202	0.3924046831069313	0.29528533402704293	37.24487719392524
10.249007759327391	0.007	0.005	0.14101365430644186	0.00014265343508521733	0.39406600226324884	0.2956527258048057	36.762936915578464
10.38240033738355	0.007	0.005	0.13918899759167017	0.00014080628711708254	0.3956840319381096	0.29598071420431515	36.28724014686724
10.515790869460789	0.007	0.005	0.13738797860377652	0.00013898310826787212	0.3972598861169816	0.2962704272287826	35.81770584707661
10.649179373258162	0.007	0.005	0.13561029053604576	0.00013718358624996706	0.39879465009984383	0.2965229633554196	35.354254030222464
10.78256586647392	0.007	0.005	0.133855630574619	0.00013540741286182832	0.400289381240391	0.2967393922998322	34.896805751277505
10.915950366805514	0.007	0.005	0.13212369984635283	0.0001336542839352259	0.4017451096661759	0.2969207557606393	34.445283092577846
11.049332891949607	0.007	0.005	0.1304142033673619	0.00013192389928305622	0.40316283898018096	0.2970680681448264	33.99960915040784
11.182713459602077	0.007	0.005	0.1287268499922359	0.00013021596264774219	0.4045435469442981	0.29718231727433186	33.55970802176081
11.316092060958466	0.007	0.005	0.12706135269267335	0.0001285301819868456	0.4058881858815512	0.29726446506114657	33.12550487698001
11.44946873137999	0.007	0.005	0.12541742762142366	0.0001268662685150019	0.4071976840438772	0.2973154482272558	32.69692571572411
11.582843470894607	0.007	0.005	0.12379479505991207	0.0001252239376741819	0.40847294543628626	0.2973361789031027	32.273897614017145
11.716216306028686	0.007	0.005	0.12219317860438493	0.00012360290830038402	0.4097148510454593	0.29732754529270683	31.856348512073154
11.84958735163438	0.007	0.005	0.12061230441108622	0.00012200290184952433	0.41092425995983295	0.2972904122407758	31.444207017509733
11.982956784387499	0.007	0.005	0.11905190152449659	0.00012042364273251003	0.4121020096201398	0.2972256217623857	31.037402490921707
12.116324471820255	0.007	0.005	0.1175117061318751	0.00011886486267767945	0.41324891317599105	0.2971339938670554	30.635866155060505
12.249690281470194	0.007	0.005	0.11599145778393301	0.00011732629685883628	0.4143657629479825	0.29701632713595555	30.23953010954568
12.383054142706033	0.007	0.005	0.1144908986615665	0.00011580768314265322	0.41545333145654323	0.29687339919900985	29.84832713969869
12.516416046724158	0.007	0.005	0.11300977357896899	0.00011430876209065414	0.4165123718745323	0.2967059672140599	29.46219071735418
12.649776028881103	0.007	0.005	0.11154783017789333	0.00011282927715746285	0.4175436183369512	0.29651476836432933	29.08105505150513
12.78313415102739	0.007	0.005	0.11010481910578297	0.00011136897487284866	0.41854778626382594	0.29630052036539734	28.70485513474253
12.91649045734754	0.007	0.005	0.10868049445964174	0.00010992760529718746	0.4195255725026885	0.29606392202897786	28.333526858974277
13.049844947866278	0.007	0.005	0.10727461400835246	0.0001085049222501506	0.4204776556352858	0.2958056538224233	27.96700707338474
13.18319762260833	0.007	0.005	0.105886938664054	0.00010710068276783154	0.42140469678475	0.29552637828540573	27.6052334466203
13.316548481598415	0.007	0.005	0.10451723244131195	0.00010571464706059407	0.4223073400648644	0.2952267404937035	27.24814445614488
13.449897524861262	0.007	0.005	0.10316526241682022	0.00010434657847145298	0.42318621301776704	0.29490736851101046	26.895679377733885
13.583244743590475	0.007	0.005	0.10183079877742865	0.00010299624352535877	0.4240419269844729	0.29456887385211133	26.54777829799536
13.71659015547301	0.007	0.005	0.10051361442853889	0.00010166341152600013	0.42487507774548455	0.2942118518207273	26.204382012276863
13.849933751702475	0.007	0.005	0.09921348548559566	0.00010034785506142398	0.4256862455855992	0.29383688206176123	25.86543215279963
13.983275567626627	0.007	0.005	0.09793019054345176	9.90493492515451e-5	0.4264759961228589	0.29344452877359783	25.530870998178422
14.116615576777312	0.007	0.005	0.09666351166620661	9.776767276755112e-5	0.42724488005539113	0.2930353414084133	25.200641731477322
14.249953805670575	0.007	0.005	0.09541323324219601	9.650260665221473e-5	0.4279934342195069	0.29260985472377	24.87468814169995
14.383290245499783	0.007	0.005	0.09417914279158045	9.525393515193524e-5	0.42872218143830787	0.29216858942422985	24.552954834331693
14.516624905119224	0.007	0.005	0.09296103042773489	9.402144516147279e-5	0.4294316311813449	0.29171205236436265	24.23538709092135
14.6499577757225	0.007	0.005	0.09175868914838371	9.280492652415224e-5	0.4301222797176193	0.29124073702253805	23.92193094498156
14.783288848503563	0.007	0.005	0.09057191463370584	9.160417182362937e-5	0.4307946105529576	0.29075512379308766	23.612533129353686
14.916618141146518	0.007	0.005	0.08940050498035493	9.041897610900679e-5	0.43144909488653466	0.2902556802242227	23.307141006865645
15.049945653675133	0.007	0.005	0.08824426106250112	8.924913726757449e-5	0.4320861917054833	0.2897428615066805	23.00570266445728
15.183271377283477	0.007	0.005	0.08710298641264295	8.809445590191465e-5	0.43270634814893405	0.28921711076902407	22.708166882107392
15.31659532965471	0.007	0.005	0.08597648688672331	8.695473498357774e-5	0.43330999997499486	0.28867885925073555	22.41448304552788
15.449917510812362	0.007	0.005	0.08486457101133625	8.58297802120698e-5	0.43389757164876264	0.28812852677944734	22.124601236682242
15.583237938438655	0.007	0.005	0.08376704965247654	8.471939967219344e-5	0.43446947679095976	0.2875665219259555	21.838472147426955
15.716556594898195	0.007	0.005	0.0826837364203017	8.362340425324784e-5	0.4350261182307074	0.2869932425164209	21.556047185034977
15.8498734713854	0.007	0.005	0.08161444726682918	8.254160723277754e-5	0.43556788847618505	0.2864090757339569	21.277278367313258
15.983188567924035	0.007	0.005	0.08055900045931051	8.147382424890982e-5	0.43609516997606557	0.28581439838951544	21.002118315661537
16.0	0.007	0.005	0.080426878259395	8.134168700913389e-5	0.4361606523595411	0.2857386769809149	20.967673423608137
