0.0	0.007	0.005	0.0	0.0	0.0	0.0	100.0
0.007347085016944478	0.007	0.005	0.014165806007383147	7.247217621128777e-5	1.2577665109837636e-5	3.856105343958295e-5	99.9280623158738
0.01383788089971486	0.007	0.005	0.026153430416607816	0.00012744024671828413	4.4007791374614766e-5	0.00013060534608438142	99.86455189130903
0.022708292076296002	0.007	0.005	0.04177227581739109	0.00019091303170507562	0.00011631867024708143	0.00033073430387038215	99.7778229389036
0.032014309333688096	0.007	0.005	0.05725663667300507	0.0002454152139703331	0.00022674445365696732	0.0006175682027139862	99.68691588043654
0.04288821427854015	0.007	0.005	0.0742475309490763	0.0002964053922635306	0.0003978958451893213	0.0010330727037382655	99.58079763081369
0.05463282657695946	0.007	0.005	0.09134851514958878	0.0003392922990832362	0.000630350360773088	0.001558480145183303	99.46630905441198
0.06763310116165518	0.007	0.005	0.10886957012667552	0.00037537427489887064	0.0009410243685223504	0.0022110528296780886	99.33973354142907
0.08166293965142232	0.007	0.005	0.12624413732241907	0.0004041843684261555	0.0013341387560227038	0.002977664312672248	99.2033145177013
0.09686808609790867	0.007	0.005	0.14342423105139923	0.0004266738635754605	0.0018220221544588758	0.0038613152539343793	99.0556789245862
0.11319518788367063	0.007	0.005	0.1601304285978148	0.0004435594172635125	0.0024107293269568686	0.004852951717995849	98.89739423633209
0.1307120385026371	0.007	0.005	0.17623921611287638	0.00045582011622086725	0.0031093486019678003	0.005949967270120702	98.72785664714003
0.1494122858468198	0.007	0.005	0.191573482456742	0.00046434371553119634	0.003923316523618702	0.007145288940040837	98.54718623924383
0.16931170776399257	0.007	0.005	0.20600664513870942	0.00046997080273523045	0.004857679783108211	0.008433585978399575	98.3552932285132
0.1903846150730006	0.007	0.005	0.21941519845309665	0.0004734220253969039	0.005914164696458366	0.009807497904845313	98.15249147231195
0.2126016192900378	0.007	0.005	0.2317147068428222	0.00047529674295930714	0.007092658643782602	0.011260189583699228	97.93913195644696
0.23592182412572915	0.007	0.005	0.24285406723090133	0.00047606541034310256	0.008390876214511867	0.012784896231105847	97.7156768171973
0.26031375485330766	0.007	0.005	0.2528224159185657	0.0004760800540113605	0.009805669266474727	0.014376240081618108	97.48249785090368
0.2857556142795686	0.007	0.005	0.2616404036296725	0.00047559131418068844	0.011333383023244515	0.016030124256451072	97.23987476304976
0.3122401712495359	0.007	0.005	0.2693534512217085	0.00047477000695082377	0.012970467859543295	0.017743894096353883	96.98794959117978
0.3397726994695854	0.007	0.005	0.27602319054969976	0.0004737280202751202	0.014713641274067818	0.01951604594822575	96.72674785967351
0.36837090721327415	0.007	0.005	0.2817213152029396	0.00047253594666052883	0.016560100086708187	0.021346086211652883	96.45618079663011
0.39806349329425395	0.007	0.005	0.286524534097263	0.00047123665672025705	0.018507587654268392	0.023234327917339218	96.17606064983974
0.4288897528246061	0.007	0.005	0.29051105279101175	0.00046985502104379337	0.020554476980910702	0.02518177933938411	95.88610606946948
0.4608991101858495	0.007	0.005	0.29375799822783455	0.00046840454793576497	0.022699810316192278	0.02719004680855709	95.58594826131477
0.4941511703562025	0.007	0.005	0.2963396578846122	0.00046689171142370953	0.0249433423203432	0.029261283462284828	95.27513237991522
0.5287159567091686	0.007	0.005	0.2983262795687147	0.00046531867623827983	0.02728557191794538	0.031398157329963455	94.95311736446072
0.564674488607172	0.007	0.005	0.2997833015137071	0.0004636849475268421	0.029727777826150187	0.0336038438866805	94.61927285482442
0.6021196181169457	0.007	0.005	0.30077088933469465	0.00046198833198730883	0.03227205559525939	0.03588203428026474	94.27287403639296
0.6411571965095356	0.007	0.005	0.3013436981018886	0.00046022546726670485	0.03492136282150499	0.038236960457326656	93.91309386326255
0.6819075575108537	0.007	0.005	0.3015507936701056	0.0004583920893333414	0.03767957239489326	0.04067343352241009	93.5389929120501
0.7245074311005305	0.007	0.005	0.3014356865320939	0.00045648313877506245	0.04055154119941545	0.043196899350448896	93.14950597808227
0.7691128318410568	0.007	0.005	0.30103643444495587	0.0004544927463841982	0.043543229300333844	0.04581354002840766	92.74342067803886
0.8159016595462733	0.007	0.005	0.3003857926700609	0.00045241419305268115	0.046661781810173227	0.048530342487263525	92.31935987036341
0.8650763074188342	0.007	0.005	0.299511417796767	0.00045023985236736984	0.049915591709819	0.0513551502875863	91.87576532172191
0.9168694519041527	0.007	0.005	0.2984360449103621	0.00044796098900702733	0.05331454920098272	0.05429687551360228	91.41085438977552
0.9715489958553554	0.007	0.005	0.2971776784388328	0.0004455676011504824	0.056870200962396436	0.057365628192234085	90.9225868834313
1.0294255539804706	0.007	0.005	0.29574974191062786	0.000443048163493966	0.060596034506656044	0.06057294913581479	90.40861221440245
1.0908611696374437	0.007	0.005	0.2941612017713457	0.0004403893358220058	0.06450778653945673	0.06393205638170106	89.86620978157632
1.1562809088992503	0.007	0.005	0.29241662655327905	0.00043757557311174664	0.06862386299408622	0.06745817841402256	89.29220938334069
1.2261875026566689	0.007	0.005	0.29051617577069494	0.000434588640707668	0.07296585362015513	0.07116895576725193	88.682892315569
1.3011806037852458	0.007	0.005	0.28845548200731297	0.00043140698181530783	0.07755920167564703	0.07508495804661712	88.0338623676596
1.3819821119360607	0.007	0.005	0.28622539568989297	0.00042800489676846553	0.08243406297115352	0.07923033846786086	87.33987843621048
1.4694700637595206	0.007	0.005	0.2838115406601755	0.0004243514595422146	0.08762642604236535	0.08363367670090036	86.59463355123226
1.5647250684598704	0.007	0.005	0.2811935984020565	0.0004204090518133487	0.09317961088245315	0.0883290940123605	85.79045589909157
1.6690997643579513	0.007	0.005	0.27834407970037506	0.00041613115647131993	0.09914656517860002	0.09335796939700662	84.91785880064486
1.7842994960819518	0.007	0.005	0.2752269813671659	0.0004114600109349912	0.10559199130646939	0.09877040252746373	83.96506210862064
1.9125275625634295	0.007	0.005	0.27179499524448175	0.0004063221224614668	0.11259688813313348	0.10462853883358429	82.91707752713114
2.0566763493545386	0.007	0.005	0.2679860058796918	0.00040062275703034027	0.12026358891697272	0.11101002572504279	81.75458466402813
2.2206267935513337	0.007	0.005	0.26371756852675415	0.00039423743961450254	0.1287234175877339	0.11801319599963447	80.45219804890597
2.409629372025078	0.007	0.005	0.25888068257210634	0.0003870024132462961	0.13814343363075962	0.1257607432241046	78.97652702914
2.627963964147316	0.007	0.005	0.2534032519511851	0.00037880900749901397	0.14859827734445044	0.13429260529857398	77.3055030159329
2.837880381397545	0.007	0.005	0.24824625263934774	0.00037109231155837367	0.15823533294977196	0.14208997581911367	75.73225443731782
3.012509159394996	0.007	0.005	0.2440362089930217	0.00036479235223857643	0.16595455128021802	0.14828559201058447	74.44789844018801
3.1652761516670576	0.007	0.005	0.24041180983247792	0.0003593729716387263	0.17249323382361165	0.15349647227759547	73.34220577264716
3.310919475035783	0.007	0.005	0.23700655288938585	0.0003542818841472354	0.17854656647965414	0.15828832850346347	72.30336699579527
3.4587451246223484	0.007	0.005	0.23359958994800853	0.0003491871398109723	0.18451565484138435	0.16298144427914224	71.26400790903965
3.6125330082594043	0.007	0.005	0.2301071819039528	0.0003439639123002688	0.190543817236514	0.16768687470103633	70.198582221794
3.7722458375936623	0.007	0.005	0.22653548108347735	0.0003386217648838258	0.19661392645123543	0.17238836225390594	69.10896678581693
3.9355634495978746	0.007	0.005	0.22294048943602693	0.00033324463404032557	0.20262667203505114	0.17700693172740453	68.01224604905492
4.099694957217401	0.007	0.005	0.21938505825118446	0.0003279266510858019	0.20847756719856042	0.18146213120923596	66.92759398939742
4.2628034100446435	0.007	0.005	0.21590796302925325	0.0003227259287079028	0.2141074957247616	0.18571044665121822	65.86683980992623
4.42436181747034	0.007	0.005	0.21251824030306488	0.00031765604927717114	0.21950830630871426	0.18974805558268806	64.83274027632174
4.584740376980329	0.007	0.005	0.2092059110527821	0.00031270207825418995	0.2247021930112832	0.19359388683007192	63.82225109802615
4.744609903344102	0.007	0.005	0.20595547655853919	0.00030784078532640523	0.2297186594454435	0.19727171523804282	62.830644094983285
4.904518469885254	0.007	0.005	0.20275476877935378	0.00030305392803002155	0.23458057040088334	0.2007997848256274	61.854207174297244
5.064731009048625	0.007	0.005	0.19959785963470023	0.00029833262022273716	0.2393002968379172	0.20418826365295598	60.89113186198477
5.225260582409476	0.007	0.005	0.19648400232109609	0.00029367574430389843	0.24388203586157975	0.20744126003939653	59.941190331401614
5.38598408847886	0.007	0.005	0.19341504918727886	0.000289086079604873	0.24832613917814014	0.21056015856361104	59.004947676837666
5.546757227197456	0.007	0.005	0.19039310553075214	0.0002845667852220071	0.25263272895342437	0.2135462718048361	58.08304615942718
5.707483481242975	0.007	0.005	0.18741923782263326	0.00028011946303368367	0.256803517116254	0.216402093091378	57.17581112651354
5.868130434743662	0.007	0.005	0.18449325381534043	0.0002757438272464963	0.2608419842699168	0.21913135039391746	56.283183929307114
6.0287121048240015	0.007	0.005	0.18161411150177714	0.00027143831710173906	0.2647526880534642	0.2217384680835066	55.4048466836801
6.189260764569303	0.007	0.005	0.1787804782081783	0.00026720093526084565	0.2685404315385589	0.2242279701009445	54.54039283209664
6.3498049416860285	0.007	0.005	0.175991133936107	0.0002630298529392694	0.2722097098417359	0.22660410631143457	53.68945019077769
6.5103596073077314	0.007	0.005	0.1732451312083785	0.0002589236498967991	0.27576452098364745	0.2288707413267331	52.85172971374711
6.670926580640542	0.007	0.005	0.1705417689731813	0.0002548812754575193	0.2792084306810686	0.23103141393911164	52.027017531786
6.831500140900078	0.007	0.005	0.16788048239467654	0.0002509018832582858	0.2825447372243986	0.23308945536241044	51.215141330954836
6.992072971645374	0.007	0.005	0.16526073672528468	0.00024698467204105893	0.2857766170560879	0.2350480866088933	50.41593797631095
7.152639915447854	0.007	0.005	0.16268196553565598	0.0002431287929494043	0.2889072038452427	0.2369104677399805	49.62923466778379
7.313199047946484	0.007	0.005	0.16014355668387828	0.00023933332844633347	0.2919396037068599	0.23867970500824545	48.85484465981423
7.473750890509415	0.007	0.005	0.15764486847153256	0.00023559731654657515	0.2948768737459367	0.24035883607724937	48.092572190067436
7.6342970063813915	0.007	0.005	0.1551852538432964	0.00023191978714215208	0.2977219933540351	0.2419508126459435	47.342219861982926
7.794838905495144	0.007	0.005	0.15276407783243914	0.00022829978820501764	0.3004778458955924	0.2434584908053397	46.603593966855584
7.95537743850284	0.007	0.005	0.15038072621153104	0.00022473639879448096	0.30314721204941597	0.24488462906632996	45.8765071228995
8.115912786212478	0.007	0.005	0.14803460468162477	0.00022122872785766077	0.30573277433641577	0.24623189287895994	45.160778027892135
8.276444725427876	0.007	0.005	0.14572513414145843	0.00021777590713829481	0.3082371256642566	0.24750286104779143	44.45623001595455
8.436972916025042	0.007	0.005	0.1434517460522357	0.00021437708422343207	0.31066277717287566	0.2487000313347745	43.762689643489296
8.597497102951143	0.007	0.005	0.14121387938029	0.00021103141795580785	0.31301216387768555	0.24982582455915225	43.079985756481854
8.758017211892104	0.007	0.005	0.13901097925706965	0.00020773807642349054	0.31528764817997	0.2508825874064326	42.40794908170347
8.918533296102975	0.007	0.005	0.13684249775352836	0.00020449623812628022	0.3174915210603552	0.25187259406035084	41.746412462953835
9.079045451354967	0.007	0.005	0.1347078950014137	0.00020130509366419027	0.31962600295704613	0.25279804774901193	41.09521120313148
9.23955379467191	0.007	0.005	0.1326066393768108	0.0001981638460165419	0.32169324561815565	0.2536610827716851	40.45418312022723
9.400058400551165	0.007	0.005	0.13053820820156375	0.00019507171160002346	0.32369533342247075	0.2544637663068253	39.823168761306185
9.560559322226304	0.007	0.005	0.1285020872991637	0.00019202791960397383	0.3256342857962684	0.25520810067269467	39.20201126702299
9.721056549152824	0.007	0.005	0.1264977713700487	0.00018903171255790695	0.32751205877535594	0.25589602520849736	38.59055648611414
9.8815500920446	0.007	0.005	0.12452476276493635	0.00018608234448833834	0.32933054801560163	0.2565294186562331	37.98865260117974
10.042039972243359	0.007	0.005	0.12258257150879133	0.00018317908095624312	0.3310915905195096	0.25711010097544823	37.396150135995256
10.202526211089369	0.007	0.005	0.12067071531382845	0.00018032119907792135	0.3327969663298188	0.25763983512275923	36.81290195947825
10.363008851177666	0.007	0.005	0.11878871921122908	0.00017750798697160246	0.3344484005121783	0.2581203288860683	36.23876317333669
10.523487903216818	0.007	0.005	0.11693611606003881	0.00017473874452465465	0.3360475643125694	0.258553236436471	35.67359126731773
10.683963388542315	0.007	0.005	0.1151124459215724	0.0001720127824524825	0.3375960772719601	0.25894016013686805	35.117245928357946
10.844435328488228	0.007	0.005	0.11331725607170677	0.00016932942231756055	0.3390955087193667	0.2592826521184249	34.56958904433364
11.004903744387223	0.007	0.005	0.11155010088738256	0.0001666879963589325	0.3405473793297565	0.259582215843578	34.03048466943603
11.165368646943625	0.007	0.005	0.10981054184919878	0.0001640878474965793	0.3419531625419748	0.25984030760464444	33.49979902496267
11.325830068114481	0.007	0.005	0.10809814708499908	0.00016152832864374625	0.343314286302049	0.26005833804353296	32.977400360079784
11.4862880186018	0.007	0.005	0.10641249172254362	0.00015900880323875964	0.3446321341078392	0.2602376735047326	32.463159059411616
11.646742530359408	0.007	0.005	0.10475315732932122	0.00015652864440054108	0.3459080467430856	0.2603796374706424	31.956947472144357
11.807193592834974	0.007	0.005	0.10311973246898327	0.00015408723576804467	0.34714332309774976	0.2604855118366401	31.45864008177701
11.967641227354244	0.007	0.005	0.10151181182484094	0.00015168397017824317	0.34833922205496937	0.2605565382752748	30.96811323872739
12.128085455241603	0.007	0.005	0.09992899643585597	0.00014931825002192068	0.3494969634743406	0.26059391944961985	30.485245232325674
12.288526265944032	0.007	0.005	0.09837089390382749	0.00014698948755666793	0.3506177291834149	0.26059882022924846	30.00991635402073
12.448963680784559	0.007	0.005	0.09683711766637354	0.00014469710380939332	0.351702664609863	0.2605723688802938	29.542008675589145
12.609398029207645	0.007	0.005	0.09532728434508266	0.00014244052456884718	0.352752881661029	0.2605156580502189	29.081405240138533
12.76982924752348	0.007	0.005	0.09384102032014124	0.0001402191903166487	0.35376945513590624	0.2604297460340614	28.627992067822667
12.93025716580091	0.007	0.005	0.09237795875195515	0.00013803255173253114	0.35475342593605935	0.2603156579740669	28.18165724723055
13.090681656616509	0.007	0.005	0.09093773809096674	0.00013588006744299805	0.3557058030654411	0.2601743868354947	27.742290480777747
13.251102656299285	0.007	0.005	0.08952000183431513	0.00013376120365244653	0.35662756470063717	0.26000689434111934	27.30978301047085
13.411520196796621	0.007	0.005	0.08812439820815997	0.00013167543366128192	0.35751965926935897	0.2598141118455448	26.88402752099415
13.571934341924587	0.007	0.005	0.08675058068745461	0.00012962223865093913	0.3583830059647982	0.2595969412930396	26.464918298276675
13.732345134248497	0.007	0.005	0.08539820837445597	0.0001276011082566389	0.35921849535870215	0.2593562561923662	26.052351344963633
13.892752616331013	0.007	0.005	0.08406694572370152	0.00012561154015158646	0.3600269904101019	0.2590929024826507	25.646224296515424
14.053156788240443	0.007	0.005	0.08275646280203937	0.0001236530404413373	0.3608093271185963	0.25880769947047055	25.246436500534823
14.213557650045097	0.007	0.005	0.0814664348396352	0.00012172512298454738	0.36156631558513713	0.2585014406053676	24.852888879792992
14.37395519119079	0.007	0.005	0.08019654223250532	0.00011982730939724794	0.36229874076695706	0.25817489430618695	24.465483933002385
14.534349422368539	0.007	0.005	0.0789464702099531	0.0001179591285491113	0.363007363401557	0.25782880467586444	24.084125633361744
14.694740354268703	0.007	0.005	0.07771590893091342	0.00011612011670970519	0.363692920655528	0.25746389229314887	23.708719457947907
14.855127986959143	0.007	0.005	0.07650455348618557	0.00011430981755246096	0.3643561268121169	0.25708085497045285	23.33917238839693
15.015512341750963	0.007	0.005	0.07531210358102071	0.00011252778167352902	0.3649976741117357	0.25668036838742414	22.975392814071377
15.17589340808975	0.007	0.005	0.07413826385824183	0.00011077356708284117	0.3656182332218888	0.25626308690758975	22.617290630634262
15.336271196664114	0.007	0.005	0.07298274342660019	0.00010904673848877267	0.36621845411779835	0.25582964411416437	22.264777096165115
15.496645728782982	0.007	0.005	0.07184525587512954	0.00010734686732025701	0.36679896667515505	0.2553806534744486	21.917764835539046
15.657017015133228	0.007	0.005	0.07072551935465357	0.00010567353185133981	0.367360381215038	0.2549167090224237	21.57616786529214
15.817385066401085	0.007	0.005	0.06962325642908922	0.0001040263169760321	0.36790328915059023	0.25443838593727175	21.239901548258736
15.977749882651812	0.007	0.005	0.06853819407750417	0.00010240481421235663	0.36842826353896174	0.2539462411631949	20.908882594199028
16.0	0.007	0.005	0.06838898699091951	0.00010218367979309967	0.3684997176715467	0.2538768930359026	20.863364128216492
