0.0	0.007	0.005	0.0	0.0	0.0	0.0	100.0
0.006689430853057931	0.007	0.005	0.0167785105799966	6.86066743111459e-5	1.360553093622425e-5	5.294361015418784e-5	99.93471203344482
0.011483168924951954	0.007	0.005	0.028287420982197196	0.00010871708590265577	3.9599218226872985e-5	0.00014784842760286597	99.88795199874095
0.01850817499773087	0.007	0.005	0.04441189836084005	0.0001564993930089792	0.00010103495304238514	0.0003559392154287163	99.81946680749249
0.025396404713870977	0.007	0.005	0.05940584692163735	0.00019313769043830645	0.00018693368669403296	0.0006238581314133141	99.75236061054845
0.03356437312101382	0.007	0.005	0.07619394565513521	0.00022644528888525483	0.0003198669570829149	0.0010046108826658145	99.6728454640979
0.04219376568380549	0.007	0.005	0.09282898512793372	0.0002525447334037918	0.000494732276841613	0.0014629002867231097	99.58890720960039
0.05178522204439705	0.007	0.005	0.11007545462446057	0.00027344717847919953	0.0007278149228683913	0.0020213858089443383	99.49569388884645
0.06208884089330045	0.007	0.005	0.1272447119988775	0.00028898336563433534	0.0010203369476651692	0.00266180474629736	99.39565671070832
0.07331338114820993	0.007	0.005	0.1444678726803944	0.00030005548177460076	0.0013847531365499782	0.0033912680834438415	99.28679283005411
0.08541932746384047	0.007	0.005	0.1614524955509778	0.0003070824832355338	0.0018267005903027972	0.004200809058916506	99.1695140645759
0.09852251755596339	0.007	0.005	0.17813760512885682	0.00031049564602121866	0.002356982096660675	0.005090556781590231	99.0427304150363
0.11263525892711806	0.007	0.005	0.19431808294109829	0.0003105263177100287	0.002982483550963238	0.00605243388098949	98.90635985889045
0.12778039493839738	0.007	0.005	0.20982458611413293	0.00030738675929120694	0.003709719593064271	0.007077480147035811	98.7602222022882
0.14390199266031586	0.007	0.005	0.22444442476388804	0.00030143944541163447	0.004540172855548893	0.008150231259100664	98.60489976914765
0.16095955479264457	0.007	0.005	0.23803618030338317	0.0002933143704501045	0.005474285702731291	0.009256371214356502	98.44082580644964
0.1789550791106016	0.007	0.005	0.2505348030015179	0.0002838603344741679	0.006513450561703991	0.010385900137053683	98.26802566917407
0.197930607156187	0.007	0.005	0.26192594101187133	0.0002739846656056731	0.007660582058767369	0.011533878842796772	98.08614369442935
0.21782824556968922	0.007	0.005	0.272160609391051	0.00026453036775133147	0.008911703212717918	0.01269261572100487	97.89578478321219
0.23843424988053102	0.007	0.005	0.28116967325136316	0.00025612850415706034	0.010251246574632679	0.013849474774831028	97.69903838827103
0.2596256712301343	0.007	0.005	0.2889888195857413	0.00024903232736928744	0.01166769948710794	0.015000468514632933	97.49711483785246
0.2814294845902427	0.007	0.005	0.29572894856997406	0.00024320594460437638	0.013159027654924379	0.01615109766798541	97.28979166831944
0.30391879262912574	0.007	0.005	0.3015040892081082	0.00023848994059531936	0.014726645098478462	0.017309081997634757	97.07641228344905
0.3271861109564734	0.007	0.005	0.3064169981718469	0.00023468763776479467	0.016373717960303198	0.018482411646964982	96.85614365197767
0.35132117361987353	0.007	0.005	0.31055518452767983	0.0002316101619101848	0.018103538591860962	0.019678098088604448	96.62818828615121
0.3764084471606272	0.007	0.005	0.3139944029259032	0.00022909342537081096	0.019919219656984545	0.02090211893896058	96.39180795413425
0.4025244226014561	0.007	0.005	0.3168016034009814	0.00022700298385916126	0.021823394733554446	0.022159395981276066	96.14634914986468
0.4297398035938068	0.007	0.005	0.31903769533243465	0.00022523239765229685	0.02381830285879869	0.023454015830033113	95.89122230657523
0.4581235992346925	0.007	0.005	0.3207592674316155	0.00022369918228171482	0.025906045017792756	0.024789520641535685	95.62586349987527
0.4877473746304873	0.007	0.005	0.32201932009873735	0.00022234022499269468	0.028088873519801858	0.026169179904262183	95.34969529283067
0.5186890907780204	0.007	0.005	0.32286736446089026	0.000221107498283975	0.030369459021751706	0.027596218207873936	95.06209211221234
0.5510361951394784	0.007	0.005	0.323349210406344	0.00021996441784833534	0.032751099956322964	0.029073986577938596	94.76235330420306
0.5848881696964884	0.007	0.005	0.32350668067699756	0.00021888291594892778	0.035237883228537575	0.03060609043362782	94.44968190652313
0.6203588584688537	0.007	0.005	0.32337737169634395	0.00021784117370967203	0.037834816456219444	0.0321964913564119	94.12316615616297
0.6575793262149728	0.007	0.005	0.3229944966654009	0.00021682189093682805	0.040547984500855436	0.033849617484255745	93.78175689737817
0.6966999172270838	0.007	0.005	0.322386824068029	0.0002158110180059079	0.04338463086798606	0.035570423241483906	93.42425326878434
0.7378930574431887	0.007	0.005	0.32157870387918697	0.000214796798325844	0.04635327537025583	0.03736446777331317	93.04928259076632
0.7813574323711865	0.007	0.005	0.32059012945144794	0.00021376902781836157	0.04946390930606296	0.03923803654690132	92.65526907231661
0.8273219929582534	0.007	0.005	0.3194368445789293	0.00021271850587361264	0.05272815094340216	0.04119823503014991	92.24040586212638
0.8760510397722548	0.007	0.005	0.3181304647948975	0.000211636597123022	0.05615944580794562	0.0432531055253857	91.80261947996749
0.9278494561539596	0.007	0.005	0.3166786230918297	0.00021051489162304305	0.05977323804642126	0.0454117223284014	91.33953559875555
0.9830676747220911	0.007	0.005	0.31508514842363217	0.0002093449459377562	0.06358707768772864	0.047684244005144164	90.84845038053953
1.042103869982503	0.007	0.005	0.3133503459894322	0.00020811813783089652	0.0676204880160788	0.0500818181681521	90.3263299481265
1.105397916138853	0.007	0.005	0.31147153865775323	0.00020682572640172124	0.07189423491223937	0.0526161279075336	89.76988545166914
1.1734040023716579	0.007	0.005	0.3094442509549665	0.00020545935428361293	0.07642817520070304	0.05529809872524115	89.17583505461009
1.246516079744663	0.007	0.005	0.3072647747725166	0.0002040124538742821	0.0812361417884003	0.05813487235386832	88.54156673090691
1.3249148760803697	0.007	0.005	0.30493496209904614	0.00020248307521435717	0.08631621554524813	0.061124114749439636	87.86644611517112
1.408369538412264	0.007	0.005	0.30246810740849495	0.0002008773690933253	0.0916391396166232	0.06424733957168398	87.15344305535949
1.4961953835843278	0.007	0.005	0.29988988381823783	0.00019920986815257137	0.09714790154011366	0.06746990143193843	86.40934173682295
1.5875025514291083	0.007	0.005	0.2972306647478639	0.00019749834693597333	0.10277559846308255	0.07075167707547173	85.64248001736459
1.6814506028085776	0.007	0.005	0.2945180157353055	0.00019575895912944463	0.10846209755965902	0.0740568722436877	84.86054151356805
1.7773187505042103	0.007	0.005	0.291774860757104	0.00019400506497127762	0.11415806338672001	0.07735633037247115	84.06998107260156
1.8745066537092816	0.007	0.005	0.2890197270983359	0.00019224737687065026	0.11982439812476366	0.08062713838809435	83.27605480574333
1.9725438497676613	0.007	0.005	0.28626672940188796	0.00019049393607363738	0.12543209840341285	0.08385246662736491	82.4827865856473
2.0711042257358514	0.007	0.005	0.28352540278466515	0.0001887499990902019	0.13096230155526012	0.08702150911588485	81.69290200803417
2.169995416256406	0.007	0.005	0.2808012244648891	0.00018701836276855064	0.13640487376179872	0.09012858428182315	80.90796847058083
2.2691287259998423	0.007	0.005	0.2780966307662782	0.00018529999957793216	0.14175604787976204	0.09317170800089287	80.12868272182946
2.3684793867372567	0.007	0.005	0.2754122348692628	0.00018359481588109598	0.14701577213068523	0.09615102945711543	79.35521891916787
2.4680495932837436	0.007	0.005	0.2727479008476999	0.00018190231788256815	0.1521854702248612	0.09906753101349834	78.58753669204552
2.5678425464818546	0.007	0.005	0.27010346583864114	0.00018022205650651066	0.15726659410336644	0.10192220136488357	77.82558853905921
2.6678497235507987	0.007	0.005	0.2674790748665668	0.000178553830094252	0.16225999001777572	0.10471568233052585	77.06941597246502
2.7680490003462332	0.007	0.005	0.2648752149933237	0.00017689769949200205	0.16716586438687786	0.10744825811619786	76.3191592002841
2.8684091472154853	0.007	0.005	0.26229258347729384	0.00017525389976704806	0.17198406032201932	0.11012001728859883	75.57501906342992
2.9688964273951206	0.007	0.005	0.25973190965043347	0.00017362272337874637	0.17671440375135805	0.11273104921882872	74.83720567681023
3.069480120605997	0.007	0.005	0.25719381383481305	0.0001720044269996869	0.18135696216415925	0.11528158740529819	74.10589776150006
3.1701354641560147	0.007	0.005	0.25467873867802504	0.00017039918424314345	0.18591215750472215	0.11777206904293618	73.38122285210744
3.2708440676670065	0.007	0.005	0.25218694688059917	0.00016880708057990965	0.1903807534883879	0.12020312433177119	72.663256638106
3.3715926209850684	0.007	0.005	0.24971856093203737	0.00016722813516078407	0.19476376886174668	0.12257552565544079	71.9520344112492
3.4723710243974106	0.007	0.005	0.2472736147225029	0.00016566233055283149	0.19906237447232322	0.12489012919036822	71.24756593571122
3.5731707593500373	0.007	0.005	0.24485209657622378	0.00016410963742972943	0.20327781088314548	0.12714782899783245	70.5498478470015
3.673983977019791	0.007	0.005	0.24245397289128934	0.0001625700272873793	0.20741134387949994	0.12934953251317766	69.85887046316655
3.7748032934608813	0.007	0.005	0.240079193893782	0.00016104347405140993	0.211464252861351	0.13149615409117135	69.174619442652
3.8756219448772087	0.007	0.005	0.23772769072650643	0.00015952995037168496	0.21543783443838183	0.13358861667307953	68.4970749454285
3.9764340826766538	0.007	0.005	0.23539936951924978	0.0001580294221601534	0.21933341079990568	0.1356278558172279	67.82620992442088
4.077234961108265	0.007	0.005	0.23309410827909552	0.0001565418450835219	0.22315233289798234	0.1376148208177694	67.16198922949727
4.178020910705247	0.007	0.005	0.23081175882570645	0.00015506716443825012	0.22689597515337764	0.13955047132668524	66.50437016508259
4.27878915786496	0.007	0.005	0.22855215208622276	0.00015360531733741583	0.23056572498666822	0.14143577136641178	65.85330401578867
4.379537644315501	0.007	0.005	0.2263151031192003	0.00015215623487908588	0.23416297335130423	0.14327168400764795	65.2087374939731
4.480264813248216	0.007	0.005	0.22410041660316352	0.0001507198447558571	0.23768910505470128	0.14505916609124633	64.57061432116966
4.580969462266763	0.007	0.005	0.22190789057884402	0.0001492960728711429	0.24114549236890115	0.146799164771163	63.93887630634849
4.681650696446867	0.007	0.005	0.21973731784007233	0.00014788484355234683	0.24453349266260543	0.14849261617550244	63.313463746676774
4.782307874755693	0.007	0.005	0.21758848739498615	0.00014648607990309844	0.2478544460656168	0.15014044412134916	62.69431584854082
4.8829405898318985	0.007	0.005	0.21546118514878834	0.00014509970373676357	0.2511096744607502	0.1517435595231533	62.081370924270345
4.983548687747509	0.007	0.005	0.21335519372070894	0.00014372563502264066	0.2543004818481012	0.15330286048613184	61.47456633939975
5.084132214482993	0.007	0.005	0.21127029378953377	0.00014236379238358283	0.25742815241506245	0.1548192312798864	60.87383890035828
5.184691389099911	0.007	0.005	0.20920626482147045	0.00014101409325329134	0.26049394964221484	0.15629354185155378	60.279125064191994
5.285226550322549	0.007	0.005	0.207162886297874	0.00013967645440894324	0.26349911474235965	0.15772664704488898	59.690361292311316
5.385738129807146	0.007	0.005	0.2051399383402768	0.0001383507921593023	0.26644486607846596	0.15911938632177883	59.10748423058273
5.486226652060489	0.007	0.005	0.2031372017723498	0.00013703702220634007	0.2693323994396089	0.16047258390458888	58.53043072718154
5.58669269445048	0.007	0.005	0.20115445896319023	0.00013573506004772452	0.2721628872075397	0.16178704840626817	57.9591380755707
5.68713686721665	0.007	0.005	0.19919149423342591	0.00013444482112573834	0.2749374782042197	0.16306357280230127	57.39354413151251
5.787559833400568	0.007	0.005	0.1972480934687562	0.00013316622048585979	0.27765729867031463	0.16430293492968848	56.833587201717194
5.887962255630132	0.007	0.005	0.19532404515036708	0.00013189917337892823	0.28032345125086505	0.16550589707600713	56.27920634073918
5.9883448227197205	0.007	0.005	0.19341913981775813	0.00013064359486220054	0.2829370161987762	0.16667320659269658	55.73034119619978
6.088708223081364	0.007	0.005	0.19153317055606978	0.0001293994000833212	0.2854990511415906	0.16780559585574312	55.1869321492023
6.18905317131634	0.007	0.005	0.18966593246934815	0.00012816650391689636	0.28801059223727454	0.16890378284911275	54.6489201625624
6.289380374994907	0.007	0.005	0.18781722327986244	0.0001269448213470701	0.2904726537879549	0.16996847106449656	54.11624695349084
6.389690528033765	0.007	0.005	0.1859868434086224	0.00012573426752209891	0.29288622857450314	0.17100034973112913	53.58885501679327
6.489984290796072	0.007	0.005	0.18417459628828212	0.00012453475796927628	0.29525228788751606	0.17200009392134744	53.06668771502802
6.590262343246856	0.007	0.005	0.18238028735514666	0.00012334620795289664	0.29757178327344136	0.17296836538026183	52.549688988070336
6.690525331841202	0.007	0.005	0.18060372497158267	0.00012216853309990607	0.2998456457368819	0.17390581227280183	52.037803618888994
6.790773882832989	0.007	0.005	0.17884472013389427	0.0001210016492363806	0.30207478653763054	0.17481306961324863	51.530977149375644
6.891008608935342	0.007	0.005	0.1771030863100258	0.00011984547231232945	0.3042600977957321	0.17569075960625224	51.02915583358196
6.9912300894295205	0.007	0.005	0.1753786397395528	0.00011869991863236188	0.3064024525056923	0.1765394917487924	50.53228672415654
7.091438910006679	0.007	0.005	0.1736711987017181	0.00011756490441231891	0.3085027058287916	0.1773598634402998	50.04031746144252
7.19163562959999	0.007	0.005	0.17198058405002342	0.00011644034616770191	0.3105616947899945	0.17815245995251938	49.55319642751066
7.29182076050397	0.007	0.005	0.1703066194935957	0.00011532616093798275	0.3125802383111811	0.17891785454860845	49.07087282723016
7.391994821471853	0.007	0.005	0.16864913065867032	0.00011422226571112638	0.31455913870681296	0.17965660915570195	48.593296417851434
7.492158291290675	0.007	0.005	0.16700794582531786	0.00011312857794784241	0.31649918113575515	0.18036927425242621	48.12041772128117
7.592311641965919	0.007	0.005	0.16538289533476078	0.00011204501523348116	0.31840113464731495	0.18105638935925555	47.652187853310885
7.6924553320992155	0.007	0.005	0.16377381166573066	0.0001109714953689604	0.32026575240822086	0.18171848321451997	47.188558545617894
7.7925897870066025	0.007	0.005	0.162180529715072	0.00010990793659582733	0.3220937716961455	0.18235607387293037	46.72948222661648
7.892715411996993	0.007	0.005	0.1606028865406525	0.0001088542574676019	0.32388591451447524	0.18296966902695333	46.27491194738194
7.992832599013977	0.007	0.005	0.159040721220535	0.00010781037679677804	0.3256428880537598	0.1835597662653604	45.824801341073574
8.092941720015412	0.007	0.005	0.1574938749228341	0.00010677621373962533	0.3273653849049323	0.18412685324420958	45.379104643062355
8.193043126983909	0.007	0.005	0.1559621908692439	0.00010575168781030286	0.32905408338867254	0.18467140789767025	44.93777668042229
8.293137165193563	0.007	0.005	0.15444551409940413	0.00010473671876302453	0.3307096480935684	0.18519389871189942	44.50077280403675
8.39322415995939	0.007	0.005	0.1529436916435944	0.0001037312267419073	0.33233272995494306	0.185694784847487	44.068048938357
8.493304423273637	0.007	0.005	0.1514565723902205	0.00010273513222904938	0.33392396666513535	0.18617451636815366	43.639561543220964
8.593378233930633	0.007	0.005	0.14998400734791056	0.00010174835625130312	0.33548398265466506	0.18663353433802018	43.215267689371444
8.693445877298416	0.007	0.005	0.1485258490262375	0.00010077082000585673	0.337013390005216	0.18707227119441902	42.79512488002234
8.793507618813816	0.007	0.005	0.14708195180272055	9.980244513394544e-5	0.33851278830020054	0.1874911507979282	42.379091156603565
8.893563710615286	0.007	0.005	0.14565217179649098	9.884315366878758e-5	0.3399827649988157	0.1878905886395758	41.967125062359955
8.993614391547764	0.007	0.005	0.14423636684142038	9.789286804793863e-5	0.3414238956973602	0.18827099201193984	41.559185634608966
9.093659887167224	0.007	0.005	0.14283439645974152	9.69515111249197e-5	0.34283674438439593	0.18863276017667732	41.155232397139585
9.193700416370014	0.007	0.005	0.14144612174465832	9.601900611988692e-5	0.3442218637807375	0.1889762845507059	40.75522532638876
9.293736191395594	0.007	0.005	0.1400714053393799	9.509527663278032e-5	0.345579795573867	0.18930194886095553	40.35912484540033
9.393767411204626	0.007	0.005	0.13871011150619444	9.41802467147691e-5	0.34691107055988457	0.18961012927629506	39.966891843727424
9.493794248234103	0.007	0.005	0.13736210627945208	9.327384099395571e-5	0.3482162087051115	0.1899011945245336	39.57848772151185
9.593816881522619	0.007	0.005	0.1360272569928182	9.237598438810514e-5	0.3494957198097181	0.19017550614266546	39.19387425327024
9.69383548346283	0.007	0.005	0.13470543244272598	9.148660223539832e-5	0.3507501035399046	0.19043341857521676	38.813013634990355
9.793850219803401	0.007	0.005	0.13339650286916396	9.060562030399478e-5	0.35197984963704837	0.19067527931412218	38.43586847859509
9.893861236404394	0.007	0.005	0.13210034010759977	8.97329649133701e-5	0.3531854379641821	0.19090142900695709	38.06240185571671
9.993868679109822	0.007	0.005	0.1308168173082728	8.886856276999142e-5	0.35436733895414174	0.19111220164185164	37.692577216816
10.093872680502729	0.007	0.005	0.12954580908966837	8.8012341088009e-5	0.35552601364516834	0.19130792464904917	37.326358435403016
10.193873366530095	0.007	0.005	0.12828719143351774	8.716422753900155e-5	0.35666191395408814	0.19148891904630294	36.96370977778347
10.29387086312654	0.007	0.005	0.1270408415850444	8.632415020445186e-5	0.3577754829361302	0.1916554995757716	36.604595874316146
10.393865296214793	0.007	0.005	0.12580663803961603	8.549203758438095e-5	0.3588671549605136	0.1918079748232631	36.24898171556699
10.493856771840246	0.007	0.005	0.1245844607711781	8.46678187642802e-5	0.3599373556719884	0.19194664730915686	35.896832718128245
10.593845389417197	0.007	0.005	0.12337419104791464	8.38514233097671e-5	0.36098650231773716	0.19207181363237802	35.548114671504436
10.693831261594765	0.007	0.005	0.12217571117873578	8.304278111523648e-5	0.3620150041208845	0.19218376460803546	35.202793665067105
10.793814481148564	0.007	0.005	0.12098890489956952	8.224182267258855e-5	0.3630232620975468	0.19228278533845483	34.86083619935794
10.893795134225623	0.007	0.005	0.11981365719455361	8.144847896767798e-5	0.36401166936416385	0.19236915534476892	34.52220913456849
10.993773306966421	0.007	0.005	0.11864985420344486	8.066268143295754e-5	0.364980611361685	0.19244314868151277	34.18687966386169
11.093749078884123	0.007	0.005	0.11749738328565003	7.988436200250138e-5	0.36593046594424516	0.19250503403688116	33.85481533182137
11.193722536107058	0.007	0.005	0.11635613285431427	7.911345301544162e-5	0.3668616036553701	0.19255507484453557	33.52598398664744
11.293693751516287	0.007	0.005	0.11522599259182294	7.834988736940477e-5	0.3677743876871956	0.19259352937337249	33.20035384224942
11.393662784746928	0.007	0.005	0.11410685343101253	7.759359851945806e-5	0.36866917403442057	0.1926206508333562	32.87789347283221
11.493629695430236	0.007	0.005	0.11299860739064004	7.684452038096717e-5	0.3695463117597813	0.19263668748046497	32.55857176548982
11.593594569674806	0.007	0.005	0.11190114727505708	7.61025871431412e-5	0.3704061433552471	0.19264188271085997	32.242357833671676
11.693557467103439	0.007	0.005	0.11081436725035523	7.53677336570943e-5	0.3712490044106538	0.1926364751451605	31.929221183188602
11.793518487055614	0.007	0.005	0.1097381621101075	7.463989496398e-5	0.37207522430851864	0.1926206987195988	31.61913150064933
11.89347769576572	0.007	0.005	0.10867242805797667	7.391900681740276e-5	0.3728851257356044	0.19259478277780043	31.312058878955202
11.993435106506167	0.007	0.005	0.1076170628883234	7.320500581009241e-5	0.3736790246795201	0.19255895218351596	31.007973869339427
12.093390732548661	0.007	0.005	0.10657196539762503	7.249782899638711e-5	0.3744572310010821	0.1925134274053799	30.706847311777494
12.19334460702289	0.007	0.005	0.10553703516997542	7.179741375999181e-5	0.3752200487033454	0.19245842458836704	30.408650273182893
12.293296776295733	0.007	0.005	0.10451217264479204	7.110369786631336e-5	0.3759677759844033	0.19239415563105888	30.11335406691559
12.393247286731713	0.007	0.005	0.10349727924727233	7.041661955539027e-5	0.37670070524654553	0.19232082827074623	29.82093029037084
12.493196191312316	0.007	0.005	0.10249225731224941	6.973611749927813e-5	0.37741912325646426	0.19223864615720426	29.53135080303951
12.593143536397358	0.007	0.005	0.10149701020878502	6.906213089037598e-5	0.37812331115912945	0.19214780894050243	29.24458776240732
12.693089361725454	0.007	0.005	0.10051144232721029	6.839459943942462e-5	0.3788135445912535	0.1920485123504996	28.96061362022094
12.793033693795516	0.007	0.005	0.09953545913068208	6.773346341533394e-5	0.3794900937479932	0.19194094828212221	28.67940113734296
12.892976565724135	0.007	0.005	0.09856896694839551	6.70786635161216e-5	0.3801532236264949	0.19182530485053537	28.40092332416976
12.992918010626461	0.007	0.005	0.09761187303252634	6.643014091191113e-5	0.3808031940808935	0.1917017664690487	28.12515345703847
13.092858048378888	0.007	0.005	0.09666408567395972	6.578783732586969e-5	0.3814402598388821	0.19157051393784272	27.852065111572074
13.192796705475558	0.007	0.005	0.09572551400154684	6.515169490855861e-5	0.3820646707309795	0.19143172449009851	27.581632104838928
13.292734021646517	0.007	0.005	0.09479606791496369	6.452165619942015e-5	0.3826766718225008	0.19128557184766093	27.31382847600695
13.392670030001815	0.007	0.005	0.09387565826377588	6.389766424835721e-5	0.38327650338179964	0.19113222631435367	27.048628537938242
13.492604737176894	0.007	0.005	0.09296419701580724	6.327966272975236e-5	0.38386440086122275	0.19097185487665536	26.786006925701365
13.592538163043425	0.007	0.005	0.09206159687980996	6.266759570129863e-5	0.38444059522983265	0.19080462120935	26.525938487850507
13.69247034732681	0.007	0.005	0.09116777124391237	6.20614075685413e-5	0.3850053130912527	0.19063068572225209	26.2683982686901
13.79240130327864	0.007	0.005	0.09028263458408688	6.14610433544357e-5	0.38555877650551645	0.19045020570085278	26.013361625967896
13.892331057386032	0.007	0.005	0.08940610209766997	6.0866448465107365e-5	0.386101203302578	0.19026333530019846	25.760804125280046
13.992259629517227	0.007	0.005	0.08853808987235992	6.027756880340676e-5	0.38663280705408165	0.19007022563928497	25.510701588764867
14.092187019686204	0.007	0.005	0.08767851498847555	5.969435083864649e-5	0.3871537970906076	0.18987102488841168	25.263030124566995
14.192113247760267	0.007	0.005	0.08682729516598285	5.911674138119555e-5	0.3876643787930995	0.18966587824969902	25.017766025134105
14.292038346841434	0.007	0.005	0.08598434882034321	5.854468762229444e-5	0.38816475362840536	0.18945492802157637	24.77488578330877
14.39196233017772	0.007	0.005	0.08514959533501654	5.79781373136586e-5	0.38865511905922906	0.1892383137229901	24.53436617084534
14.491885197781583	0.007	0.005	0.0843229549909737	5.741703872461175e-5	0.3891356686612974	0.18901617213832214	24.29618421810035
14.591806976135416	0.007	0.005	0.08350434862995328	5.6861340427352815e-5	0.38960659238906203	0.18878863728253195	24.06031711700565
14.691727671868508	0.007	0.005	0.0826936980313487	5.63109915434058e-5	0.3900680764240063	0.18855584055533967	23.82674232966193
14.791647311461967	0.007	0.005	0.08189092557928204	5.57659415312874e-5	0.39052030343317556	0.18831791070198947	23.59543749241191
14.89156590816151	0.007	0.005	0.08109595452479977	5.5226140358365226e-5	0.3909634524847853	0.18807497393968306	23.366380491387375
14.991483468595233	0.007	0.005	0.08030870892134821	5.4691538461523256e-5	0.3913976991513155	0.1878271539935722	23.13954944391762
15.09139998615674	0.007	0.005	0.07952911366625562	5.4162086776069885e-5	0.39182321555170013	0.18757457216347997	22.914922710481704
15.19131550055936	0.007	0.005	0.0787570940305716	5.363773643555637e-5	0.3922401706687529	0.18731734721952437	22.692478759239993
15.291230005196157	0.007	0.005	0.07799257637467111	5.311843923441726e-5	0.39264873001924566	0.1870555956827923	22.47219637222288
15.391143519928166	0.007	0.005	0.07723548757491912	5.2604147261215036e-5	0.3930490560252985	0.18678943168582673	22.254054480134258
15.491056044765195	0.007	0.005	0.07648575537229287	5.20948131246731e-5	0.39344130788563214	0.18651896713789443	22.03803226280092
15.590967599567495	0.007	0.005	0.0757433080645318	5.159038975795581e-5	0.39382564179557705	0.18624431166308192	21.82410906047091
15.690878184344486	0.007	0.005	0.0750080747971401	5.1090830607148904e-5	0.39420221085088897	0.18596557275077613	21.612264457660956
15.790787818955653	0.007	0.005	0.07427998526149276	5.059608943952261e-5	0.39457116525906216	0.18568285568873927	21.4024781961708
15.890696503410034	0.007	0.005	0.07355896998021234	5.010612052794478e-5	0.3949326522470838	0.1853962637152624	21.194730257309686
15.990604244333229	0.007	0.005	0.07284496010522723	4.9620878523140685e-5	0.3952868162179532	0.18510589798616095	20.989000803710262
16.0	0.007	0.005	0.0727781691229291	4.95741789114811e-5	0.3953197518770784	0.1850784017634131	20.969756150694995
