0.0	0.007	0.005	0.0	0.0	0.0	0.0	100.0
0.007414687192417819	0.007	0.005	0.01294985432163119	8.453588205882973e-5	1.2267551588603158e-5	4.876747966872244e-5	99.90843875247018
0.014025168174176834	0.007	0.005	0.023979274861670202	0.00015010425853255	4.3248751516481285e-5	0.00016717976776412804	99.82687904277986
0.023015206445964036	0.007	0.005	0.03823584521719541	0.00022652468750265228	0.00011416485487073788	0.00042536556338574943	99.71606733530695
0.03246572534129799	0.007	0.005	0.05234720561472796	0.0002934017406940039	0.00022250518579795218	0.0007988156290976394	99.59971233313374
0.04347553856982573	0.007	0.005	0.06772400100809146	0.0003569440126394235	0.00038957333438012677	0.001341993785735679	99.46433047361995
0.05535564126057956	0.007	0.005	0.08311849237739631	0.00041140944914809426	0.0006156607857759211	0.0020328315525403313	99.31845352990136
0.06846896421904573	0.007	0.005	0.0987738391818864	0.0004579637748051503	0.0009160699782838918	0.00289375857311218	99.1576821540797
0.0825906841292045	0.007	0.005	0.11418919507845966	0.0004955007001931976	0.0012941297764240218	0.003908190531975352	98.98483869958812
0.09785572886655813	0.007	0.005	0.1293141360661093	0.0005244634988912747	0.001760479893239089	0.005078450161609829	98.79834031422052
0.11421415591079115	0.007	0.005	0.1439128085773444	0.0005447994878021807	0.0023200510329961076	0.006389880220760219	98.59887371514897
0.1317319958091925	0.007	0.005	0.15788299958968827	0.0005565873442855012	0.0029804570530892155	0.00783269734297586	98.38571631888655
0.15039374453849846	0.007	0.005	0.17107334333330534	0.0005597732803836	0.0037454806076759085	0.009386317408098411	98.15914673186674
0.17017612036937424	0.007	0.005	0.18336377829207962	0.000554555518725569	0.004617065978835217	0.011025312138720749	97.91954144562911
0.19099682271546853	0.007	0.005	0.19464140947336558	0.0005417254592282496	0.005592811090031246	0.012716830287527198	97.66799158830278
0.21279861457810426	0.007	0.005	0.20485480909530815	0.0005228137492531957	0.00666964200072401	0.014430617643538297	97.40528106651668
0.23559383803075482	0.007	0.005	0.21401494340311497	0.0004998477947444428	0.007846750457089213	0.01614537387627434	97.13135539198015
0.25948386312943206	0.007	0.005	0.2221750156021484	0.00047493065266236635	0.009127565767883632	0.017851329137724862	96.84510039209587
0.28456149746995	0.007	0.005	0.2293799766973163	0.0004499818757638343	0.01051507282206801	0.019543173905818348	96.54552274783417
0.3107502546127083	0.007	0.005	0.2356365357122096	0.00042663225085930433	0.012002393820462677	0.02121026049961438	96.23366077894242
0.3378241319851336	0.007	0.005	0.24095243351994605	0.00040599651785639936	0.013572923658879268	0.02283979267272461	95.9123175731298
0.36567694090028274	0.007	0.005	0.24539316321520066	0.0003884585506093793	0.015215987084558125	0.024432022491744948	95.58284887646282
0.3943378735793523	0.007	0.005	0.24905206796122892	0.000373902543456354	0.0169287572152179	0.025996977513791326	95.24500239848196
0.4238927849667371	0.007	0.005	0.2520201481629532	0.00036198898595632385	0.01871207642315223	0.027547381214711807	94.8978685234192
0.4544542284937839	0.007	0.005	0.2543782945369314	0.0003523065610305166	0.020568710196704115	0.029096052145089278	94.54024302684648
0.48614331318151965	0.007	0.005	0.25619612178782547	0.00034445174826986226	0.022502170036695416	0.030654703983532032	94.17084520535263
0.5190846975842841	0.007	0.005	0.2575335725597	0.00033806349104576665	0.024516300751015976	0.032233747540536595	93.78837935614769
0.5534035230316509	0.007	0.005	0.2584426899617112	0.0003328357639317673	0.026614995073522052	0.03384229635067152	93.39157277404928
0.5892243330732261	0.007	0.005	0.2589692041346755	0.0003285182379884705	0.028802046059375332	0.03548829750734894	92.97919025470641
0.626673171548973	0.007	0.005	0.2591537568746295	0.00032491111418978723	0.03108120948786741	0.03717879889412095	92.55001208321912
0.6658804270700641	0.007	0.005	0.25903266770430583	0.0003218578946329428	0.033456320742007425	0.038920218985551265	92.10280435451378
0.7069851122591846	0.007	0.005	0.2586383464728218	0.0003192376945162167	0.03593149896777457	0.04071864571684918	91.63627422398821
0.7501384954660534	0.007	0.005	0.2579994694626292	0.0003169581286459156	0.038511303592460674	0.04258007116127484	91.1490342877306
0.795507389250674	0.007	0.005	0.2571410521721227	0.00031494908371818144	0.04120085666815845	0.04451058048956297	90.63957265260572
0.8432784019794838	0.007	0.005	0.2560844648408824	0.00031315746512452803	0.04400600400782562	0.046516553113054776	90.10621425055952
0.8936603528833567	0.007	0.005	0.2548474863316153	0.00031154302425495146	0.046933345402198574	0.04860475876370501	89.54710510730983
0.9468862718479988	0.007	0.005	0.2534444100929565	0.0003100750489076631	0.04999021975576714	0.05078241455474974	88.96020339614358
1.0032131228548489	0.007	0.005	0.25188625483968546	0.0003087298106285373	0.053184540433514095	0.05305713036688411	88.34329766980765
1.0629183905395247	0.007	0.005	0.2501811084318584	0.0003074885879349548	0.05652444396887635	0.05543671684925783	87.69406062270426
1.126291182990969	0.007	0.005	0.2483346636260669	0.0003063361272778206	0.060017642668784774	0.057928775547559194	87.01016189152864
1.1936165784423465	0.007	0.005	0.24635096756334565	0.0003052593951868995	0.06367045019253079	0.06054004248966319	86.28944986469108
1.26515498016892	0.007	0.005	0.24423330723686842	0.0003042464853918904	0.06748662649692488	0.06327557906149153	85.530178620432
1.3411269389012728	0.007	0.005	0.2419848939551719	0.0003032855353875246	0.0714666347519753	0.06613822439893956	84.73116540367066
1.4217223658785048	0.007	0.005	0.23960878173217504	0.00030236356386043186	0.07560825376226979	0.06912899040108604	83.8916841413366
1.5071504121839678	0.007	0.005	0.23710658843563617	0.00030146526343212225	0.079909188985021	0.0722488942152908	83.01094481025038
1.5977301871244223	0.007	0.005	0.23447611741921273	0.0003005718390508601	0.08437136871295431	0.0755020589062217	82.08719014906646
1.6940268555899942	0.007	0.005	0.23170787085180594	0.00029965966478471455	0.0890067730117784	0.07890003870318806	81.11640387131533
1.7971007824927547	0.007	0.005	0.22877868369611898	0.00029869768897721334	0.09384747341444559	0.08246942259482577	80.0900123703071
1.9091851174573575	0.007	0.005	0.22563404005554882	0.000297639764433307	0.09897295454992984	0.08627261457271845	78.98863124494169
2.036921425065264	0.007	0.005	0.22210206188705137	0.0002963878240491935	0.10464326047179327	0.09050884739754696	77.75190255111481
2.18597222050639	0.007	0.005	0.2180500442051348	0.0002948288660821255	0.1110367707164538	0.09532129458470219	76.33326765250116
2.3057527153134787	0.007	0.005	0.21484721907775334	0.0002934831154870698	0.11600629071691584	0.09908746084496028	75.212002476264
2.434134184213263	0.007	0.005	0.2114665530623278	0.000291933270060906	0.1211713516641739	0.1030244957244231	74.02850395181459
2.5558786666793187	0.007	0.005	0.20830978168738887	0.0002903566207770906	0.125919840640389	0.1066632336930152	72.92339758440444
2.6789749827180525	0.007	0.005	0.20516585317372626	0.0002886532415297907	0.13057751582472796	0.11024898251403285	71.82279229180867
2.8000321420830483	0.007	0.005	0.20212028040833355	0.0002868717349184191	0.1350214431397655	0.11368413958103661	70.7566210164952
2.921230991660684	0.007	0.005	0.19911642903819318	0.0002849845480456086	0.13933890273713725	0.1170331766735076	69.70505630348644
3.04189634188388	0.007	0.005	0.19617014782198258	0.0002830065579707945	0.14351033113619438	0.12027838386822291	68.67364577971416
3.1627625640863677	0.007	0.005	0.19326266532813255	0.00028093087719244437	0.14756537783465246	0.1234404731130565	67.65581782436504
3.283795395563892	0.007	0.005	0.19039435600750995	0.0002787632515360696	0.15150596641859496	0.1265188264456103	66.65170339983291
3.4053212312093435	0.007	0.005	0.1875571926653583	0.000276503179077781	0.15534530216429276	0.12952180431563057	65.65849235434546
3.5274454096340975	0.007	0.005	0.18474864996963408	0.0002741540254117738	0.15908863023681719	0.13245170452572538	64.67530061403197
3.65035800023343	0.007	0.005	0.1819644385870893	0.0002717174675451431	0.16274326992451663	0.13531257338846467	63.700626591899535
3.7741783837202454	0.007	0.005	0.17920208711414085	0.0002691964280094136	0.16631384931319437	0.1381064574613896	62.73360511348773
3.8990388183393665	0.007	0.005	0.17645899528733644	0.0002665934615888095	0.16980495074608282	0.1408354573757414	61.773325897154436
4.0250439721733295	0.007	0.005	0.17373332122268884	0.0002639115799185001	0.1732199988224217	0.14350084529240076	60.81914414996486
4.15229395397731	0.007	0.005	0.1710234456260874	0.0002611537917210506	0.17656199353271274	0.1461036292850953	59.87049300208585
4.280874545924604	0.007	0.005	0.1683281650989125	0.0002583233200810124	0.17983330134682815	0.14864438366397595	58.9269511772879
4.410863676665209	0.007	0.005	0.16564653393812087	0.0002554234734878508	0.18303588465018567	0.15112342361988235	57.988187611446236
4.542329500133731	0.007	0.005	0.1629778882005379	0.00025245769537411765	0.18617129974935745	0.15354080103517495	57.05396987669665
4.675332336465491	0.007	0.005	0.1603217897191114	0.000249429526499032	0.18924078897142715	0.15589637471829876	56.12414458306738
4.80992448655586	0.007	0.005	0.15767801558547725	0.00024634261236368144	0.1922453146939443	0.1581898366067958	55.198633696605874
4.946150897676867	0.007	0.005	0.15504653114365782	0.00024320068933835224	0.1951856101349211	0.16042075170370185	54.277425085225474
5.084049170377088	0.007	0.005	0.15242747684848493	0.00024000758387071735	0.19806221169444246	0.16258858447222985	53.36056791820616
5.223649761955294	0.007	0.005	0.1498211516486966	0.00023676720538676375	0.20087549328521082	0.16469272726649223	52.448166849082966
5.364975980102685	0.007	0.005	0.14722800073125134	0.00023348354235378887	0.20362569397587243	0.16673252407348868	51.54037772527511
5.508043927866463	0.007	0.005	0.1446486042814792	0.00023016065789689002	0.2063129429920303	0.16870729258579267	50.637403653330935
5.652862468152942	0.007	0.005	0.14208366596820698	0.00022680268346783613	0.20893728352413743	0.17061634558575647	49.73949096789417
5.799433045599869	0.007	0.005	0.13953400401325897	0.00022341381444256615	0.2114986924643551	0.17245900945676834	48.84692610538779
5.947749666738859	0.007	0.005	0.13700053946342233	0.00021999830075456497	0.21399710166641941	0.1742346438287108	47.96003149835901
6.097798700736891	0.007	0.005	0.13448428765353615	0.00021656044055319294	0.21643241462668283	0.1759426578407645	47.07916258694741
6.249558907457306	0.007	0.005	0.13198634587015495	0.00021310456762555722	0.21880452557154503	0.177582527941448	46.2047035002807
6.403001443339001	0.007	0.005	0.12950788173521305	0.00020963503862547205	0.2211133363011901	0.1791538137402052	45.33706298992264
6.558089948583607	0.007	0.005	0.12705012066888996	0.00020615621798108984	0.22335877237547228	0.18065617293022931	44.476670040975435
6.714780815837091	0.007	0.005	0.12461433109280148	0.00020267245858362906	0.225540799728672	0.18208937583925164	43.623968692133175
6.873023492076703	0.007	0.005	0.12220181001805734	0.00019918808202439855	0.22765943915737008	0.18345331771661977	42.77941299046697
7.032761080809629	0.007	0.005	0.11981386514706559	0.00019570735287846147	0.22971478206140214	0.18474803081533958	41.943460725770315
7.193930902419262	0.007	0.005	0.11745179907555721	0.0001922344551496279	0.2317070023950223	0.18597369282122367	41.11656790013296
7.356465374707036	0.007	0.005	0.11511689034379659	0.00018877346336568435	0.23363636943460947	0.18713063447456144	40.299182094503145
7.520292928007231	0.007	0.005	0.11281037593451423	0.00018532831512315127	0.23550325737177352	0.1882193437285297	39.49173634170644
7.685339036762406	0.007	0.005	0.11053343411392269	0.00018190278365406618	0.23730815284968657	0.18924046715268755	38.69464311956875
7.851527353138268	0.007	0.005	0.1082871679693507	0.00017850045108571297	0.2390516602968959	0.1901948084960589	37.90828858790549
8.018780815099639	0.007	0.005	0.10607259142663143	0.00017512468526525253	0.24073450388919346	0.1910833238473085	37.13302769360295
8.187022786335794	0.007	0.005	0.10389061686101589	0.00017177861900115088	0.24235752716374	0.19190711415461406	36.36917983354777
8.356178051829417	0.007	0.005	0.10174204646845152	0.00016846513521410813	0.24392168898815422	0.19266741466477375	35.61702583395465
8.526173736580628	0.007	0.005	0.09962756618625343	0.0001651868563263117	0.24542805722780806	0.19336558233176854	34.87680582216445
8.696940026057444	0.007	0.005	0.0975477433808265	0.00016194613990990083	0.24687779960803694	0.1940030813009997	34.1487184171808
8.868410816076258	0.007	0.005	0.09550302634250106	0.00015874507764638177	0.24827217353856135	0.19458146766418702	33.43292055282637
9.040524036210618	0.007	0.005	0.09349374833596683	0.00015558550196703903	0.24961251330173717	0.19510237313814624	32.72952889568572
9.213221925755818	0.007	0.005	0.09152013241745	0.00015246899447499221	0.2509002175270318	0.19556748929502876	32.038621531463285
9.386451089075765	0.007	0.005	0.08958229881160913	0.00014939689894806883	0.2521367358850696	0.19597855212867304	31.36024054742691
9.560162408332973	0.007	0.005	0.08768027360383546	0.00014637033694032189	0.2533235560003063	0.19633732760764513	30.69439507533772
9.734310940389348	0.007	0.005	0.08581399716086446	0.00014339022338415356	0.25446219163037437	0.19664559867501788	30.041064239268763
9.908855695370885	0.007	0.005	0.08398333332171605	0.000140457283777065	0.25555417142666303	0.19690515350847582	29.400200373094695
10.083759367021019	0.007	0.005	0.08218807847080235	0.00013757207146608146	0.25660102881398916	0.1971177752504596	28.771732196731115
10.258988039557662	0.007	0.005	0.08042797019479025	0.00013473498447342673	0.2576042930960757	0.1972852331987849	28.1555678466586
10.434510930858876	0.007	0.005	0.07870269493291276	0.00013194628083112948	0.25856548202417423	0.197409275408008	27.551597554081216
10.610300127261947	0.007	0.005	0.07701189512879271	0.0001292060931789686	0.25948609541869905	0.1974916225007119	26.959696148578566
10.786330322901149	0.007	0.005	0.07535517577823869	0.0001265144424046283	0.26036760981346	0.19753396259111974	26.379725350304998
10.962578599819746	0.007	0.005	0.07373211007711065	0.00012387124979724304	0.26121147418358903	0.1975379472027839	25.811535747148078
11.139024203281826	0.007	0.005	0.07214224465886583	0.00012127634847882854	0.26201910640056203	0.19750518803393266	25.254968628246093
11.315648828228893	0.007	0.005	0.07058509993977263	0.00011872948668701237	0.2627918925482291	0.1974372542417633	24.709856104837748
11.492435287280259	0.007	0.005	0.06906018443912448	0.00011623035402104183	0.2635311796424579	0.1973356709184539	24.176026123365688
11.669367895215869	0.007	0.005	0.06756699312757242	0.00011377858130408436	0.2642382768542914	0.19720191796697126	23.65330188727438
11.846432548554434	0.007	0.005	0.06610500859551284	0.00011137374491057331	0.2649144553574137	0.19703742912686256	23.14150226602975
12.023616557507228	0.007	0.005	0.06467370417863622	0.00010901537420178811	0.2655609474024094	0.19684359146861333	22.640442889285673
12.200908499772682	0.007	0.005	0.06327254663170813	0.00010670295809993867	0.26617894580470325	0.19662174525346204	22.149937082899587
12.378298025991715	0.007	0.005	0.06190099893005584	0.0001044359517654993	0.26676960355190366	0.19637318419048563	21.66979684965395
12.55577574631125	0.007	0.005	0.060558522188791375	0.00010221378169405445	0.26733403394657484	0.19609915588748505	21.199833541122246
12.733333186711441	0.007	0.005	0.059244576892625606	0.00010003584954485462	0.26787331113254065	0.19580086239517258	20.739858288192277
12.910962627087134	0.007	0.005	0.05795862487110143	9.790153710809992e-5	0.268388470381679	0.1954794611050517	20.289682692539657
13.088657044602517	0.007	0.005	0.05670013033043361	9.581020958866566e-5	0.26888050883805664	0.19513606563705013	19.84911918784588
13.266410056652175	0.007	0.005	0.055468560791857725	9.376121862967128e-5	0.2693503863296125	0.19477174682410558	19.417981368287975
13.444215910602885	0.007	0.005	0.0542633876256601	9.175390455679721e-5	0.2697990263519317	0.19438753367395525	18.996084175487166
13.622069367270663	0.007	0.005	0.0530840872379065	8.978759963247398e-5	0.2702273168163495	0.19398441461492294	18.583244313949315
13.799965666571818	0.007	0.005	0.05193014159716965	8.786163011371482e-5	0.27063611106046337	0.19356333863571132	18.179280435457347
13.977900481212147	0.007	0.005	0.05080103878136424	8.597531826306381e-5	0.2710262288453133	0.1931252164838517	17.784013330502844
14.15586990558204	0.007	0.005	0.04969627324709611	8.412798381364003e-5	0.27139845743826846	0.19267092179985335	17.397266022577487
14.333870350220401	0.007	0.005	0.04861534663705743	8.231894627774683e-5	0.27175355249979144	0.19220129250565932	17.018864050819495
14.511898577624459	0.007	0.005	0.047557767655500315	8.054752560810326e-5	0.2720922392695359	0.19171713184521438	16.648635426420345
14.689951643673334	0.007	0.005	0.04652305250037877	7.881304374244535e-5	0.2724152135389383	0.19121920965909187	16.286410783905648
14.868026886139317	0.007	0.005	0.04551072497271889	7.711482554246758e-5	0.27272314270635056	0.19070826353049775	15.932023419422418
15.046121865964137	0.007	0.005	0.044520316826427264	7.545220009027927e-5	0.27301666673204816	0.1901850000544742	15.585309413197216
15.224234367455757	0.007	0.005	0.04355136774904717	7.382450130614525e-5	0.273296399180132	0.18965009592717597	15.246107622799423
15.402362374860802	0.007	0.005	0.042603425459997235	7.223106872042844e-5	0.2735629281929705	0.1891041990808408	14.914259717531882
15.580504048903268	0.007	0.005	0.04167604578630899	7.067124816476084e-5	0.27381681744301545	0.18854792979914972	14.589610204944366
15.758657750493054	0.007	0.005	0.040768792479728214	6.914439197948663e-5	0.2740586071235949	0.18798188165999344	14.272006366806034
15.936821958223401	0.007	0.005	0.03988123756865931	6.764986010273037e-5	0.2742888147636042	0.18740662278665055	13.96129838231118
16.0	0.007	0.005	0.03957116826174895	6.713123836921322e-5	0.2743677572881452	0.18720052718513222	13.852751848229348
