0.0	0.007	0.005	0.0	0.0	0.0	0.0	100.0
0.00023474311904729065	0.007	0.005	3.404939000468245e-5	0.00022065355632771945	1.8126851622145292e-9	1.7767573552511996e-6	99.998216554896
0.00034262671586031483	0.007	0.005	4.969693518808983e-5	0.0002865662133628785	3.8615962609477375e-9	3.499818547880033e-6	99.99739692717236
0.0005319611852008734	0.007	0.005	7.71567887770507e-5	0.00036740798230228583	9.308139050674501e-9	7.413043673716471e-6	99.99595850620204
0.0006917189021607925	0.007	0.005	0.00010032562518974641	0.00041175804191504123	1.5737805147493304e-8	1.1324013636571703e-5	99.99474480325789
0.0008921964519411332	0.007	0.005	0.00012939804192621212	0.0004476739473199535	2.618081444069376e-8	1.673546540097856e-5	99.99322176657859
0.0010948831513164213	0.007	0.005	0.00015878877615637743	0.0004698285935430568	3.9425277252778073e-8	2.256766496033732e-5	99.99168197047605
0.0013266571472232537	0.007	0.005	0.00019239481645237462	0.0004847456955333599	5.7880244927122187e-8	2.95024319536053e-5	99.98992122935853
0.0015756244157024808	0.007	0.005	0.00022849079938488793	0.000493648631445556	8.163758741823034e-8	3.713305047116685e-5	99.98802990889628
0.0018548868342057772	0.007	0.005	0.0002689753699673108	0.0004988908276076139	1.131326509083749e-7	4.581288911231433e-5	99.98590848895476
0.0021637255461937283	0.007	0.005	0.00031374306276125773	0.0005017164369104009	1.539297237431756e-7	5.5487389975396674e-5	99.9835624447966
0.0025125451360489097	0.007	0.005	0.00036430044425942305	0.0005031436272549147	2.075421823763469e-7	6.645877190528576e-5	99.98091275845564
0.0029079477334567746	0.007	0.005	0.00042160213836326505	0.0005037899662638955	2.779758334708759e-7	7.891940267157948e-5	99.97790930545887
0.00336402405678514	0.007	0.005	0.00048768695232742794	0.0005040446349624528	3.719635427853901e-7	9.330368204760891e-5	99.97444509075035
0.0038973121053759753	0.007	0.005	0.0005649464469716759	0.0005041206514022155	4.991742324771311e-7	0.00011012754676563424	99.97039455189093
0.004534642679233282	0.007	0.005	0.0006572603361893053	0.0005041245420497916	6.756717171752937e-7	0.0001302341105896527	99.96555398314518
0.005315187716965114	0.007	0.005	0.0007702904108475102	0.0005041010844560881	9.281077583334259e-7	0.0001548568779183954	99.95962601017355
0.006302736553694901	0.007	0.005	0.0009132529099804693	0.0005040643151208812	1.3046909296235228e-6	0.00018600569110122913	99.95212641777921
0.007594945418448707	0.007	0.005	0.001100245938341921	0.0005040149315046724	1.8938792569065827e-6	0.00022675690621543255	99.94231404173746
0.0092725833207312	0.007	0.005	0.0013428892607335462	0.0005039504850346182	2.8217234533814273e-6	0.00027965108701704625	99.92957635097679
0.011155763139723263	0.007	0.005	0.0016150935737020695	0.0005038767704783059	4.082237207450552e-6	0.00033900972281741875	99.91527998959646
0.012943129054172376	0.007	0.005	0.0018732848249653836	0.0005038020691044026	5.492572439432702e-6	0.00039533263343486774	99.90171290159718
0.014527562202550252	0.007	0.005	0.002102028544464493	0.0005037337972434335	6.9167689254491945e-6	0.0004452480205565179	99.88968772499958
0.01595511613924454	0.007	0.005	0.00230801655723333	0.0005036793683361071	8.339807734141231e-6	0.0004902106457651424	99.8788544347753
0.017310258142277508	0.007	0.005	0.00250346200790886	0.0005036319908490985	9.813178745564108e-6	0.0005328834091672002	99.8685717446009
0.018659625855606463	0.007	0.005	0.0026979837982015102	0.0005035837634701412	1.1398708849629954e-5	0.0005753656166950221	99.85833392105735
0.020037620439397788	0.007	0.005	0.0028965388348566588	0.0005035326647648478	1.3139717441476829e-5	0.0006187401199610068	99.84787998496927
0.02145150889781298	0.007	0.005	0.003100167608054572	0.0005034790132591144	1.5053909453873965e-5	0.0006632350053661719	99.83715488325585
0.022891278937909577	0.007	0.005	0.0033074216810155517	0.0005034237031920208	1.713604785749933e-5	0.0007085345496135906	99.82623463972953
0.02434095891895329	0.007	0.005	0.0035159981575489992	0.0005033677345150128	1.9367864649036485e-5	0.0007541358594559558	99.81524043896104
0.02578792181516706	0.007	0.005	0.0037240795591626163	0.0005033119130656292	2.1730774083555437e-5	0.000799641656979948	99.80426805166772
0.02866551479580308	0.007	0.005	0.004137584576756583	0.0005032102709099375	2.683092507701887e-5	0.0008901095524213741	99.7824507139085
0.03239007893349739	0.007	0.005	0.00467218764445525	0.0005030661798118314	3.422296895423061e-5	0.0010071465965314614	99.75421889059916
0.03970397998470092	0.007	0.005	0.005719983378907997	0.0005027870581374971	5.132511104335268e-5	0.00123677817481034	99.69880349362559
0.05229827456022153	0.007	0.005	0.007518053798483255	0.0005023061417923998	8.875660781035465e-5	0.0016315969498185891	99.60345215462121
0.06414919590974408	0.007	0.005	0.009202851999358427	0.0005018540883301812	0.00013312665652425986	0.0020024204998162643	99.51381217072735
0.08023301742160367	0.007	0.005	0.011478392331691116	0.0005012412122141004	0.0002073783919500178	0.002504624632867678	99.39228369174123
0.0955296049968866	0.007	0.005	0.013630815239590763	0.0005006590289530115	0.00029282055814416804	0.0029811075960126114	99.27684120766236
0.11397472098441504	0.007	0.005	0.016211128281248894	0.0004999579128153196	0.0004148141619019707	0.00355419110942652	99.13781526273476
0.13173799883668216	0.007	0.005	0.018680479318150273	0.000499283642074575	0.0005516313417706458	0.004104569867195859	99.00411255228252
0.15168148494981795	0.007	0.005	0.02143479455672858	0.0004985276970450598	0.0007275038083163777	0.0047207279066744205	98.85421445606516
0.17110298144513558	0.007	0.005	0.024098701095065046	0.0004977926377145057	0.0009210618688310048	0.00531896220297564	98.70845783417958
0.19198677916299337	0.007	0.005	0.02694312889911756	0.0004970034428459269	0.001153332281587964	0.005960267128443178	98.55196655289389
0.21250529484901354	0.007	0.005	0.029717683117583608	0.0004962292704834597	0.0014055019697883824	0.006588370578475537	98.39845411795376
0.23399553256689554	0.007	0.005	0.032602381391188054	0.0004954197275272359	0.0016946403276480101	0.0072441179261132395	98.23792796527493
0.25525243265900205	0.007	0.005	0.03543449348462594	0.0004946202737241036	0.0020053930786338675	0.007890636301235475	98.07940241308371
0.27716147266489155	0.007	0.005	0.03833149694322363	0.0004937976434966266	0.0023509821471141552	0.008554801402657257	97.91628115739503
0.29893791909218415	0.007	0.005	0.04118897927284369	0.0004929813476082808	0.002719473957078423	0.009212753471231641	97.75441595126317
0.321163334533166	0.007	0.005	0.04408291280509681	0.000492149613424641	0.0031207836789125254	0.009882023230062965	97.58948944742087
0.3433301050118123	0.007	0.005	0.04694675107307803	0.0004913214715980954	0.00354594012318807	0.010547273204727698	97.42527528207323
0.36581823175244926	0.007	0.005	0.04982933371581179	0.0004904827479809681	0.004002194914748313	0.011219875195537743	97.25896282876555
0.38830066384480844	0.007	0.005	0.0526884045904962	0.0004896456679742949	0.004482958912576849	0.011890006825356656	97.09297629100651
0.4110249999293047	0.007	0.005	0.05555523991600474	0.0004888010329776902	0.0049934300021816985	0.012565019861721354	96.92549165595088
0.43378105449483884	0.007	0.005	0.058403057147127416	0.00048795667908334495	0.005528845579303489	0.013238636767287601	96.7580627615105
0.456729981339194	0.007	0.005	0.0612518345943386	0.00048710664585718003	0.006092867909058504	0.013915601434037408	96.58950770079483
0.47973697062679155	0.007	0.005	0.06408460977672976	0.00048625594838993977	0.006682090697916039	0.014591906585806346	96.42082092564212
0.5029069414116364	0.007	0.005	0.06691412073488012	0.00048540072609042843	0.007299053133853901	0.015270610488159244	96.25123690934089
0.5261536263622477	0.007	0.005	0.06972962566841194	0.0004845441838361908	0.00794133346128898	0.01594915742305659	96.08139115707328
0.5495454483308029	0.007	0.005	0.07253923377603742	0.00048368381952889673	0.0086106631187053	0.016629518653226406	95.91078752211018
0.5730273886060908	0.007	0.005	0.07533614049377253	0.00048282167713710944	0.009305323103014348	0.017310065971221998	95.73983130552433
0.5966442158234179	0.007	0.005	0.07812549944293797	0.0004819561323364152	0.010026471169587636	0.017992070527231462	95.56820041811612
0.6203610267252769	0.007	0.005	0.08090299655617476	0.0004810884847038337	0.010772883280595296	0.018674496579618338	95.3961525528581
0.6442072946647199	0.007	0.005	0.08367190202464762	0.00048021767584414786	0.011545314397207206	0.01935816528170853	95.22347784352418
0.6681610653329191	0.007	0.005	0.08642947585882652	0.00047934452816009436	0.012342885196199886	0.020042419174106166	95.05033936022207
0.6922419240379755	0.007	0.005	0.0891777876002874	0.00047846834816322775	0.013166069793052272	0.02072779011333881	94.87659959587542
0.7164362650521735	0.007	0.005	0.09191509242432884	0.00047758965199938953	0.014014226925909099	0.021413862372000356	94.70236089492778
0.7407572912858925	0.007	0.005	0.09464269479483144	0.00047670798126612585	0.014887636164659539	0.02210098196760471	94.52753235557692
0.7651967938365073	0.007	0.005	0.0973594794754198	0.000475823655127702	0.015785819557257018	0.0227888878796661	94.35217727377109
0.7897638564265461	0.007	0.005	0.10006626252363994	0.0004749363666791381	0.016708922272567962	0.023477806607381628	94.1762347857157
0.8144537584991616	0.007	0.005	0.10276232582689739	0.0004740463086056948	0.01765657720247049	0.0241675759627605	93.9997431063066
0.8392729439283931	0.007	0.005	0.10544817472707561	0.0004731532710926052	0.018628837347068865	0.024858345944335666	93.82266062284637
0.8642189508429311	0.007	0.005	0.10812334087706647	0.0004722573655757203	0.01962541005782286	0.02555001743764978	93.64500943918061
0.8892965337779146	0.007	0.005	0.11078813114391256	0.0004713584444884096	0.020646284957383996	0.02624269137241099	93.4667602896727
0.9145047034106847	0.007	0.005	0.11344223419336033	0.00047045656688022533	0.021691218994666295	0.026936308988971445	93.28792488472077
0.9398471377281763	0.007	0.005	0.1160858294963768	0.00046955162507978	0.022760157968542537	0.02763093969125198	93.10848187340319
0.9653238139913799	0.007	0.005	0.11871870395896969	0.0004686436442253757	0.023852891357411303	0.028326550540119698	92.92843624238557
0.9909377335524556	0.007	0.005	0.12134095513002445	0.0004677325420476765	0.024969334511085437	0.029023190757854037	92.74777167689723
1.016689512287891	0.007	0.005	0.123952430644011	0.0004668183217571518	0.0261092976383444	0.029720843857102705	92.56648881283921
1.042581729970266	0.007	0.005	0.12655317457430984	0.00046590091726039415	0.027272674439756214	0.03041954604545488	92.38457454522633
1.0686154367939298	0.007	0.005	0.12914307215914672	0.0004649803172720493	0.02845928805426114	0.031119291466715864	92.2020266364008
1.0947929538426375	0.007	0.005	0.13172213177867706	0.00046405646604396873	0.029669016257736186	0.031820107840204066	92.01883403214534
1.1211156276914143	0.007	0.005	0.13429026091549162	0.0004631293428395907	0.030901689439494458	0.03252199602889523	91.83499261721644
1.1475856329128777	0.007	0.005	0.13684744415340722	0.0004621988982265409	0.03215717347341402	0.03322497833446418	91.65049259681075
1.1742045245194503	0.007	0.005	0.1393936015045709	0.00046126510522593277	0.033435302082384794	0.03392905984266349	91.46532861440876
1.200974398662221	0.007	0.005	0.14192870078997483	0.0004603279183827087	0.03473593158037978	0.03463425926962685	91.27949165945776
1.2278969616560171	0.007	0.005	0.1444526682870486	0.00045938730652208285	0.03605889621657777	0.03534058429648958	91.09297554930862
1.254974280113624	0.007	0.005	0.14696545990057325	0.0004584432264554866	0.03740404438752008	0.03604805133796699	90.90577172143071
1.2822081741762412	0.007	0.005	0.14946700406960267	0.00045749564422382704	0.03877120879745346	0.03675666959276905	90.71787344175483
1.3096007078857443	0.007	0.005	0.15195724734538643	0.00045654451801448967	0.04016023062433842	0.03746645385643932	90.52927241503453
1.3371537927751695	0.007	0.005	0.15443611782770308	0.00045558981189924874	0.04157093955462358	0.03817741418213546	90.33996152382973
1.364869509021405	0.007	0.005	0.15690355438976958	0.00045463148480551056	0.043003169897188914	0.03888956419773766	90.14993261866366
1.3927498436608614	0.007	0.005	0.15935948301561761	0.0004536694995069227	0.04445674708563601	0.039602914330439096	89.95917832015476
1.4207968955590689	0.007	0.005	0.1618038350733552	0.0004527038155942701	0.045931498101196844	0.040317477068266244	89.76769061512883
1.4490127237490589	0.007	0.005	0.16423653385673948	0.00045173439469900413	0.04742724345960011	0.04103326306005009	89.57546189766951
1.4773994597235771	0.007	0.005	0.16665750436724522	0.0004507611966983857	0.04894380296034378	0.04175028396742477	89.38248420445603
1.5059592176397467	0.007	0.005	0.16906666551628294	0.0004497841826908842	0.050480990795941004	0.04246855017186618	89.18874982935478
1.5346941625864166	0.007	0.005	0.17146393594367906	0.00044880331279502616	0.05203861904305186	0.04318807248992035	88.99425086139763
1.5636064557333136	0.007	0.005	0.17384922935708672	0.00044781854798429444	0.0536164945677836	0.043908860780948855	88.79897955944112
1.5926983043877274	0.007	0.005	0.1762224586874448	0.0004468298483568135	0.05521442158966876	0.04463092518909043	88.6029280157729
1.6219719121735316	0.007	0.005	0.17858353195894636	0.0004458371749175299	0.056832198813489776	0.045354274889718334	88.40608849505129
1.651429517935645	0.007	0.005	0.1809323554700139	0.0004448404882170163	0.058469621406214714	0.04607891904658919	88.20845317419268
1.6810733667267372	0.007	0.005	0.1832688314391389	0.0004438397493433512	0.060126479242565145	0.04680486608377226	88.01001433991195
1.7109057295672385	0.007	0.005	0.18559285958940777	0.00044283491930692526	0.061802557844436674	0.04753212416317164	87.81076425827283
1.7409288798106222	0.007	0.005	0.18790433530494677	0.00044182595979397305	0.06349763689929834	0.04826070059829816	87.61069533489149
1.7711451190887086	0.007	0.005	0.19020315166783486	0.0004408128323493782	0.0652114915595815	0.04899060247874021	87.4097999437407
1.8015567473350815	0.007	0.005	0.19248919717656138	0.0004397954993930973	0.06694389059103083	0.04972183593587312	87.20807062885976
1.8321660807912201	0.007	0.005	0.19476235717111084	0.0004387739235683327	0.06869459722892816	0.05045440657437289	87.00549998614498
1.8629754397923188	0.007	0.005	0.19702251295823173	0.0004377480682076715	0.0704633683239532	0.05118831917356183	86.8020807461037
1.8939871526826448	0.007	0.005	0.19926954216590206	0.00043671789723430214	0.072249954405987	0.05192357777855084	86.59780574936454
1.925203545288612	0.007	0.005	0.20150331805101654	0.0004356833754157087	0.07405409892034634	0.052660185448871334	86.39266801735063
1.9566269530802018	0.007	0.005	0.20372371045817858	0.00043464446810055624	0.07587553877415405	0.05339814454585606	86.18666067340546
1.9882596978840879	0.007	0.005	0.20593058425711153	0.00043360114188551417	0.07771400283666582	0.05413745618544311	85.97977709661991
2.0201041020255075	0.007	0.005	0.20812380046736223	0.00043255336422023987	0.07956921260747017	0.0548781205752996	85.77201082955445
2.0521624772971947	0.007	0.005	0.21030321560812365	0.00043150110370441164	0.08144088143229221	0.055620136761300426	85.56335565092982
2.0844371200079217	0.007	0.005	0.2124686815131871	0.00043044433034884055	0.08332871407367046	0.056363502521331064	85.35380560783538
2.116930310195733	0.007	0.005	0.21462004544688257	0.00042938301548861536	0.08523240653155201	0.057108214357860905	85.14335502050602
2.1496443086346138	0.007	0.005	0.21675715008162175	0.00042831713197110706	0.08715164574358866	0.057854267441049545	84.93199850124003
2.182581347152654	0.007	0.005	0.21887983306366948	0.0004272466543739779	0.0890861089012613	0.058601655402715676	84.71973101605528
2.215743631889884	0.007	0.005	0.22098792744715842	0.0004261715590344886	0.09103546353505455	0.05935037042855423	84.50654786229968
2.2491333266372138	0.007	0.005	0.22308126087090965	0.00042509182438616605	0.09299936644126608	0.06010040290207083	84.29244477410478
2.282752558027184	0.007	0.005	0.22515965616384365	0.00042400743097631015	0.09497746390560623	0.06085174154730715	84.07741788658605
2.3166034051165867	0.007	0.005	0.22722293097811247	0.00042291836163950794	0.09696939102439338	0.06160437322215527	83.86146379994585
2.350687895441113	0.007	0.005	0.22927089786190386	0.0004218246016956151	0.09897477142243832	0.06235828286191174	83.64457960136818
2.385007996374608	0.007	0.005	0.23130336407559682	0.00042072613917310605	0.10099321671288716	0.06311345332282002	83.42676291622176
2.4195656062104787	0.007	0.005	0.2333201314351036	0.0004196229650414218	0.10302432596126278	0.06386986522584383	83.2080119600921
2.454362554242574	0.007	0.005	0.23532099671291964	0.00041851507330816477	0.10506768570094281	0.06462749700238349	82.98832553310234
2.4894005845254363	0.007	0.005	0.23730575111889063	0.0004174024613034443	0.10712286901389512	0.06538632458778236	82.76770311678506
2.5246813602809914	0.007	0.005	0.23927418100459744	0.00041628512970409	0.10918943585029782	0.06614632157002873	82.54614483974419
2.560206442443035	0.007	0.005	0.24122606713188693	0.0004151630830422565	0.11126693185966395	0.06690745878317145	82.32365160541605
2.5959772961292673	0.007	0.005	0.2431611855458103	0.00041403632958263766	0.11335488888960181	0.06766970450955202	82.10022504334538
2.631995263769519	0.007	0.005	0.24507930664852298	0.00041290488196974254	0.11545282356809448	0.06843302397321485	81.87586766841659
2.66826158089739	0.007	0.005	0.24698019662212595	0.00041176875681668806	0.11756023841198539	0.06919737974918112	81.65058277255149
2.7047773462965687	0.007	0.005	0.24886361643090696	0.0004106279754980724	0.11967662031087066	0.06996273120803591	81.42437460026404
2.7415435279698377	0.007	0.005	0.2507293227697964	0.00040948256403982	0.12180144113754578	0.07072903472635492	81.19724830000953
2.778560944721432	0.007	0.005	0.25257706776839794	0.00040833255342784193	0.12393415698340011	0.07149624338933486	80.96921002601636
2.815830269572192	0.007	0.005	0.25440659984128455	0.0004071779796103686	0.12607420869984395	0.07226430715537736	80.74026690412016
2.853352005879465	0.007	0.005	0.2562176632061754	0.0004060188841056698	0.12822102091230417	0.07303317246090867	80.5104271647505
2.8911264980256886	0.007	0.005	0.25800999913607053	0.00040485531357482976	0.1303740030672291	0.07380278254459445	80.27970006240434
2.929153907101862	0.007	0.005	0.25978334552997945	0.0004036873205239504	0.13253254851926652	0.07457307705729195	80.04809600895855
2.9674342165387255	0.007	0.005	0.2615374379509893	0.00040251496303269973	0.13469603537926153	0.07534399229074394	79.81562652263837
3.005967225231531	0.007	0.005	0.26327201006632495	0.00040133830492825533	0.13686382669040725	0.07611546115284554	79.58230425301888
3.0447525328355907	0.007	0.005	0.2649867937643769	0.00040015741602582246	0.13903527021545173	0.07688741299254594	79.34814305231872
3.0837895429633337	0.007	0.005	0.26668152009807244	0.00039897237208745995	0.1412096992810092	0.07765977378835931	79.11315793734678
3.123077456187505	0.007	0.005	0.268355919767106	0.00039778325481527665	0.14338643309120302	0.07843246613475498	78.87736511270224
3.1626152682724795	0.007	0.005	0.2700097238339796	0.00039659015188239023	0.14556477737809198	0.07920540933533773	78.64078196181501
3.2024017685393433	0.007	0.005	0.2716426644368413	0.00039539315684295227	0.14774402509893997	0.07997851949974027	78.40342703683211
3.2424355330384915	0.007	0.005	0.2732544752852419	0.00039419236924865636	0.14992345688974934	0.08075170954147497	78.16532007900466
3.2827149365003145	0.007	0.005	0.2748448929034289	0.00039298789422857717	0.1521023425789137	0.08152488953965935	77.92648192700696
3.323238151351536	0.007	0.005	0.27641365730322415	0.0003917798422820876	0.15427994201474682	0.08229796684589152	77.68693450275862
3.3640031387499554	0.007	0.005	0.277960512342405	0.00039056832961430985	0.15645550549934228	0.08307084604046876	77.44670084397961
3.405007675066971	0.007	0.005	0.2794852074088146	0.00038935347714668636	0.15862827614141928	0.0838434295601694	77.20580492772199
3.4462493298876544	0.007	0.005	0.2809874972157573	0.0003881354110892043	0.16079748963199655	0.08461561740170714	76.96427178020525
3.4877254988198203	0.007	0.005	0.2824671436116821	0.00038691426186209535	0.16296237694320476	0.0853873078565109	76.72212726466829
3.529433398525246	0.007	0.005	0.2839239159162875	0.0003856901641595238	0.16512216501778612	0.0861583975252442	76.47939809228276
3.5713700841197227	0.007	0.005	0.2853575920157201	0.0003844632563989933	0.16727607862939478	0.08692878174451438	76.23611170291076
3.613532455973446	0.007	0.005	0.28676795901040314	0.00038323368032258735	0.16942334167239714	0.08769835480745576	75.9922962089588
3.655917272476555	0.007	0.005	0.2881548140072257	0.00038200158065194686	0.1715631787413095	0.08846701028628948	75.74798030564745
3.6985211632642967	0.007	0.005	0.28951796485237324	0.000380767104587937	0.17369481670329118	0.08923464135304564	75.50319318007087
3.7413406514389123	0.007	0.005	0.2908572310678546	0.00037953040108328	0.1758174866790462	0.09000114125036605	75.25796437031353
3.784372150655022	0.007	0.005	0.29217244391735636	0.00037829162089536014	0.17793042473007797	0.09076640329999355	75.01232377034523
3.82761201399972	0.007	0.005	0.2934634479980343	0.0003770509151115542	0.18003287505366483	0.09153032182418165	74.76630134042988
3.871056503136438	0.007	0.005	0.2947301003156522	0.0003758084360104465	0.18212408920746245	0.09229279163697643	74.51992727452338
3.91470186129612	0.007	0.005	0.29597227239732593	0.0003745643349113881	0.1842033303328714	0.0930537093603989	74.27323157828522
3.958544274181678	0.007	0.005	0.2971898490164073	0.0003733187632660143	0.18626987188897937	0.0938129727540149	74.02624428577914
4.002579941292714	0.007	0.005	0.29838273002466786	0.0003720718706458989	0.18832300160541063	0.09457048196379983	73.77899505292739
4.046805039923329	0.007	0.005	0.29955082908826186	0.00037082380571327463	0.19036202027345356	0.09532613889286182	73.5315133586957
4.091215794666057	0.007	0.005	0.30069407524650904	0.00036957471425240945	0.19238624540643515	0.09607984838077456	73.28382811489712
4.135808438557449	0.007	0.005	0.30181241150809685	0.0003683247403398823	0.1943950098019995	0.09683151751380692	73.0359678852253
4.180579289448182	0.007	0.005	0.30290579637803317	0.00036707402412065117	0.19638766529854654	0.09758105688375647	72.78796046281217
4.225524699272922	0.007	0.005	0.30397420210603787	0.0003658227033172412	0.19836358070224858	0.09832837968766978	72.53983315700772
4.2706411281996415	0.007	0.005	0.30501761598459826	0.00036457091119006685	0.20032214523737435	0.09907340291701167	72.29161238864889
4.315925111676163	0.007	0.005	0.30603603899174703	0.00036331877744489384	0.20226276716099525	0.09981604674548292	72.04332388004846
4.361373302254632	0.007	0.005	0.3070294861786337	0.0003620664271498089	0.20418487559860266	0.10055623515280103	71.7949924334683
4.40698246655601	0.007	0.005	0.30799798596920047	0.0003608139809014037	0.20608792034924972	0.10129389579701836	71.54664195826669
4.452749494198859	0.007	0.005	0.3089415797252338	0.0003595615545693126	0.20797137215957343	0.10202896008051204	71.29829543297755
4.4986714158917085	0.007	0.005	0.30986032147065445	0.0003583092588987296	0.20983472330701933	0.10276136335579546	71.04997481901097
4.544745403311518	0.007	0.005	0.3107542772150722	0.00035705719960081063	0.21167748736844239	0.10349104483207999	70.80170107444448
4.590968771905749	0.007	0.005	0.3116235243464088	0.0003558054773073231	0.213499199075683	0.10421794752820202	70.55349415218691
4.6373390051667425	0.007	0.005	0.3124681514132298	0.00035455418695756367	0.21529941496227573	0.10494201855832065	70.30537288381475
4.68385373279606	0.007	0.005	0.31328825703811203	0.000353303418552001	0.2170777121497861	0.10566320868978568	70.05735511161915
4.730510751794463	0.007	0.005	0.31408394964379527	0.00035205325656017687	0.2188336887907246	0.10638147257467528	69.80945759054617
4.777308022881532	0.007	0.005	0.3148553467236304	0.0003508037802153867	0.22056696350765656	0.1070967685924799	69.56169602292456
4.824243669862516	0.007	0.005	0.3156025741880944	0.0003495550634393586	0.22227717493087334	0.1078090587406085	69.31408507728159
4.871315985132077	0.007	0.005	0.3163257658236166	0.0003483071749750813	0.22396398143738366	0.10851830861836755	69.06663837489126
4.918523435157902	0.007	0.005	0.3170250627505993	0.0003470601781347055	0.22562706085181192	0.10922448740804996	68.8193684770474
4.965864634507116	0.007	0.005	0.31770061244130215	0.00034581413170241184	0.22726610903180933	0.10992756738803289	68.57228703683165
5.013338379330834	0.007	0.005	0.3183525686401715	0.00034456908904885035	0.22888084053826768	0.11062752433714945	68.32540463929382
5.060943611686844	0.007	0.005	0.31898109029918	0.0003433250991967653	0.23047098688136541	0.1113243369099495	68.07873100310806
5.108679449875695	0.007	0.005	0.31958634146353615	0.0003420822060611076	0.23203629703057604	0.11201798699163348	67.83227483798869
5.156545152380739	0.007	0.005	0.32016849028873956	0.0003408404494989383	0.23357653568740538	0.11270845908048117	67.5860440464223
5.204540141823933	0.007	0.005	0.32072770886976165	0.0003395998647467859	0.23509148355836235	0.11339574055051202	67.34004561427055
5.25266398446128	0.007	0.005	0.3212641725282352	0.00033836048301223953	0.23658093617031234	0.1140798212704062	67.0942857306647
5.300916398202505	0.007	0.005	0.3217780594739157	0.00033712233132764786	0.23804470361215158	0.11476069363741241	66.84876976069687
5.349297238217458	0.007	0.005	0.32226955023491805	0.0003358854330637174	0.23948260958304082	0.11543835229451434	66.60350233238913
5.39780650487286	0.007	0.005	0.3227388273552965	0.00033464980769161304	0.2408944911333009	0.11611279416691458	66.35848730943478
5.446444325915826	0.007	0.005	0.3231860748527585	0.0003334154713657	0.2422801976476966	0.11678401814053009	66.11372789414666
5.4952109610721465	0.007	0.005	0.3236114779308564	0.0003321824368558314	0.2436395905108185	0.11745202505835525	65.86922661620605
5.544106796953116	0.007	0.005	0.3240152226127623	0.00033095071367698106	0.24497254249353828	0.11811681758366689	65.62498537020691
5.593132348397009	0.007	0.005	0.3243974954500832	0.0003297203082591694	0.24627893732778236	0.11877840015378015	65.38100542063196
5.642288233710285	0.007	0.005	0.32475848305390687	0.0003284912244305716	0.247558668605653	0.11943677858564748	65.13728753610486
5.691575198668626	0.007	0.005	0.3250983720289656	0.00032726346303974506	0.24881163999562175	0.12009196034299706	64.89383188045446
5.740994091615453	0.007	0.005	0.3254173485488108	0.00032603702255048193	0.2500377641741815	0.12074395414710275	64.6506381466094
5.7905458711328865	0.007	0.005	0.3257155981957847	0.0003248118988696976	0.25123696262967926	0.12139277002817103	64.40770552830669
5.840231590724801	0.007	0.005	0.3259933056664414	0.00032358808585166517	0.2524091649056689	0.12203841907531528	64.16503280468221
5.890052419690498	0.007	0.005	0.3262506547041995	0.0003223655747876174	0.25355430872439777	0.12268091366128016	63.92261824737412
5.9400096078933275	0.007	0.005	0.3264878277329042	0.0003211443553203595	0.2546723387994676	0.12332026694027469	63.68045980134545
5.99010450993423	0.007	0.005	0.32670500583166734	0.000319924414866813	0.2557632070562111	0.12395649311876517	63.438554975470154
6.040338556293005	0.007	0.005	0.3269023684595519	0.00031870573938890716	0.2568268716618761	0.12458960704694017	63.196900990386965
6.090713280949225	0.007	0.005	0.32708009344526956	0.00031748831284348283	0.2578632973096533	0.12521962453122745	62.955494653002326
6.141230285658615	0.007	0.005	0.3272383567311684	0.0003162721179146839	0.25887245416169385	0.12584656184831078	62.71433253582779
6.191891274390068	0.007	0.005	0.3273773323867043	0.00031505713533133396	0.25985431826409927	0.12647043614095496	62.47341081935342
6.242698007283075	0.007	0.005	0.32749719237298863	0.0003138433450160649	0.2608088703559492	0.12709126481502991	62.232725518699944
6.293652348709921	0.007	0.005	0.3275981065871586	0.0003126307248938702	0.26173609653202545	0.12770906609986227	61.99227226197627
6.344756214223884	0.007	0.005	0.3276802426592996	0.0003114192523087647	0.2626359869899449	0.12832385837010343	61.752046548274635
6.396011601847057	0.007	0.005	0.3277437659619062	0.00031020890316640567	0.26350853638102933	0.12893566050084035	61.51204360568441
6.4474205931037485	0.007	0.005	0.3277888395333556	0.00030899965203092905	0.2643537435680459	0.12954449184860226	61.2722583935538
6.498985319830551	0.007	0.005	0.327815623992532	0.00030779147298209535	0.2651716108524765	0.13015037183175718	61.032685763538296
6.550707999207597	0.007	0.005	0.3278242775276647	0.00030658433868914047	0.265962144345763	0.13075332032192905	60.79332030191079
6.602590910750046	0.007	0.005	0.3278149558355192	0.0003053782210833771	0.2667253533879202	0.13135335734778938	60.55415644269977
6.6546364766810395	0.007	0.005	0.3277878120410625	0.0003041730895141632	0.2674612514837318	0.13195050399340608	60.315188104563184
6.7068471250706665	0.007	0.005	0.3277429966816057	0.00030296891390295465	0.26816985408464494	0.13254478079029225	60.076409327923756
6.759225338710768	0.007	0.005	0.327680657718984	0.00030176566370496816	0.26885117920620316	0.1331362082735354	59.83781405280175
6.811773673362477	0.007	0.005	0.3276009405067316	0.00030056330745873355	0.26950524751177923	0.13372480716977375	59.599396040644315
6.864494734277846	0.007	0.005	0.3275039878079656	0.0002993618133618056	0.27013208185632115	0.13431059811387314	59.361148986311804
6.91739119803335	0.007	0.005	0.327389939756407	0.00029816114880235674	0.2707317074154325	0.13489360187596758	59.12306642396973
6.970465802999298	0.007	0.005	0.3272589338608832	0.00029696128062166706	0.27130415141807446	0.13547383923559775	58.88514177566017
7.0237213431967165	0.007	0.005	0.3271111050206853	0.0002957621752354684	0.2718494429505649	0.13605133089786678	58.647368383737586
7.07716068336486	0.007	0.005	0.3269465854861183	0.0002945637983366291	0.27236761298635204	0.13662609764034941	58.40973944850637
7.130786752918415	0.007	0.005	0.32676550486878103	0.00029336611511771997	0.2728586941851317	0.1371981602280705	58.172248060784725
7.18460252907857	0.007	0.005	0.3265679902067831	0.0002921690905454934	0.27332272062726193	0.13776753921793675	57.93488728146024
7.2386110735535905	0.007	0.005	0.32635416584193033	0.0002909726887217752	0.27375972802701526	0.1383342553318501	57.69764998447695
7.292815494235689	0.007	0.005	0.32612415356490726	0.0002897768736178331	0.2741697532877987	0.13889832903393307	57.460529031131685
7.3472189785278275	0.007	0.005	0.3258780724941962	0.00028858160846457153	0.2745528346702113	0.13945978086411273	57.223517128809455
7.401824765591818	0.007	0.005	0.3256160392029325	0.00028738685634864276	0.27490901147910063	0.14001863113228907	56.986606957761
7.456636176381111	0.007	0.005	0.3253381675932011	0.0002861925795882646	0.27523832417543986	0.14057490021107905	56.749791045736714
7.511656582074014	0.007	0.005	0.32504456906093615	0.00028499874044412627	0.2755408140788839	0.1411286081961798	56.5130619103437
7.566889426985692	0.007	0.005	0.32473535240141543	0.00028380530065208156	0.27581652343126334	0.14167977512448082	56.276411965063836
7.622338226128972	0.007	0.005	0.3244106238325372	0.0002826122215329449	0.2760654952890798	0.14222842093104548	56.03983353567886
7.678006566437553	0.007	0.005	0.32407048700163255	0.0002814194639259145	0.27628777344364003	0.14277456544343922	55.803318860903524
7.733898096873332	0.007	0.005	0.32371504306499277	0.000280226988500025	0.2764834023079109	0.143318228268106	55.5668601400777
7.790016544461043	0.007	0.005	0.32334439060995124	0.0002790347553935319	0.2766524269106208	0.14385942893096892	55.33044947080051
7.846365700682709	0.007	0.005	0.3229586257622247	0.0002778427245884386	0.2767948927821167	0.14439818672818133	55.09407891236021
7.902949441462555	0.007	0.005	0.3225578420733644	0.00027665085540943375	0.27691084594698395	0.1449345209009658	54.8577404076997
7.959771709791021	0.007	0.005	0.3221421306600096	0.0002754591070676743	0.2770003328160345	0.14546845045137502	54.62142586257938
8.01683652834793	0.007	0.005	0.3217115801401228	0.0002742674383146318	0.2770634001606043	0.14599999424516075	54.38512709891575
8.074147997157064	0.007	0.005	0.3212662766722343	0.0002730758075723261	0.2771000950518513	0.14652917097117868	54.14883587106257
8.131710295025446	0.007	0.005	0.3208063039697602	0.0002718841728985785	0.2771104648133627	0.14705599913677647	53.91254386633986
8.189527677174901	0.007	0.005	0.3203317433475683	0.00027069249214139367	0.2770945569786247	0.14758049702843976	53.67624272124952
8.24760460418624	0.007	0.005	0.31984267265446803	0.00026950072023885666	0.27705241913724427	0.14810268384934444	53.43992350429628
8.305945509062854	0.007	0.005	0.3193391682079526	0.00026830881414030815	0.27698409894875387	0.1486225775850831	53.20357767548146
8.3645549176766	0.007	0.005	0.31882130386494073	0.0002671167302667476	0.2768896441384267	0.14914019608839574	52.9671965986283
8.423437434889498	0.007	0.005	0.318289151171627	0.00026592442493146324	0.2767691024830364	0.1496555569361607	52.73077160482362
8.482597746098543	0.007	0.005	0.31774277938877116	0.00026473185422884384	0.2766225217986745	0.1501686774265294	52.49429399285869
8.542040634641694	0.007	0.005	0.31718225536635114	0.0002635389738240394	0.27644994988209526	0.15067957471137639	52.257754966869626
8.601770955906137	0.007	0.005	0.3166076438213543	0.00026234573941671073	0.27625143456824336	0.15118826555388915	52.021145746988566
8.661793678711552	0.007	0.005	0.3160190069815453	0.00026115210604389823	0.2760270235947665	0.151694766663766	51.784457412527466
8.722113835388216	0.007	0.005	0.3154164051062536	0.0002599580290216848	0.275776764768855	0.1521990942536305	51.54768110721821
8.782736567441496	0.007	0.005	0.3147998960838006	0.00025876346315755914	0.27550070580952674	0.15270126440717655	51.3108078664443
8.843667103430011	0.007	0.005	0.314169535689486	0.00025756836313655973	0.27519889443570905	0.15320129287284134	51.073828712446364
8.90491077296776	0.007	0.005	0.3135253774867677	0.00025637268343863256	0.27487137831505126	0.15369919516042446	50.83673460762579
8.966472992402887	0.007	0.005	0.312867473021739	0.00025517637847597167	0.27451820515537434	0.15419498640466756	50.599516518255875
9.0283592830779	0.007	0.005	0.3121958716784409	0.00025397940238644013	0.2741394226315012	0.15468868149448428	50.36216535198951
9.090575252794313	0.007	0.005	0.3115106209270113	0.00025278170945275446	0.2737350785239692	0.15518029490493523	50.124672037479776
9.153126614257083	0.007	0.005	0.3108117661763201	0.00025158325366915176	0.2733052206464371	0.15566984082607083	49.88702746184539
9.216019162139425	0.007	0.005	0.3100993510835932	0.00025038398942222375	0.2728498970466829	0.15615733296466783	49.64922256623409
9.279258808464018	0.007	0.005	0.3093734172138838	0.00024918387059521396	0.27236915581165283	0.15664278480220264	49.41124821998966
9.34285153003178	0.007	0.005	0.3086340046992321	0.000247982851874244	0.2718630455192015	0.1571262091720649	49.173095427253585
9.406803425091969	0.007	0.005	0.30788115165272484	0.00024678088749553734	0.2713316148822584	0.15760761867896284	48.93475512173018
9.471120655959957	0.007	0.005	0.30711489490248883	0.0002455779325375689	0.2707749132878132	0.15808702524762314	48.69621838957844
9.535809489063933	0.007	0.005	0.30633526959549756	0.0002443739420768194	0.2701929905686744	0.15856444041281087	48.4574763273844
9.600876266798604	0.007	0.005	0.30554230960559814	0.00024316887185974834	0.26958589734754707	0.15903987509628437	48.21852015431759
9.666327413410153	0.007	0.005	0.30473604754472366	0.00024196267811124638	0.26895368510973205	0.15951333964148315	47.979341197178535
9.732169423490106	0.007	0.005	0.3039165149883854	0.00024075531791625484	0.26829640644619507	0.1599848437221063	47.73993093917082
9.798408872164249	0.007	0.005	0.30308374243707226	0.0002395467489271698	0.26761411509718364	0.16045439640908854	47.500280989126615
9.865052381163702	0.007	0.005	0.30223775983381024	0.00023833693011994451	0.266906866456491	0.1609220059255533	47.26038321025703
9.932106637436064	0.007	0.005	0.30137859643066334	0.00023712582143206194	0.266174717561207	0.16138767977976387	47.02022965749708
9.999578353855417	0.007	0.005	0.30050628139400504	0.00023591338450743994	0.26541772770864	0.16185142449446024	46.779812722667444
10.067474296530593	0.007	0.005	0.29962084356429164	0.00023469958216327874	0.2646359583692575	0.16231324580394424	46.53912503983982
10.135801226425764	0.007	0.005	0.2987223123282196	0.00023348437955663143	0.2638294740764162	0.16277314826601663	46.29815969508917
10.204565935313179	0.007	0.005	0.297810717272048	0.00023226774347560324	0.2629983422632813	0.16323113552389318	46.05691009972618
10.273775176750988	0.007	0.005	0.2968860892178967	0.00023104964353396122	0.2621426343497284	0.16368720986494942	45.81537023285299
10.343435692273248	0.007	0.005	0.29594846001350306	0.00022983005174304552	0.2612624257246329	0.16414137242610535	45.57353454661498
10.413554154266674	0.007	0.005	0.2949978634360294	0.0002286089435180611	0.26035779676617554	0.16459362285374432	45.33139816122675
10.484137168077325	0.007	0.005	0.29403433531316164	0.00022738629752573606	0.2594288331587183	0.16504395936333666	45.08895685073719
10.555191226779232	0.007	0.005	0.2930579142899549	0.000226162096528046	0.2584756268377257	0.1654923785008954	44.84620719024753
10.626722697766734	0.007	0.005	0.2920686421720406	0.00022493632743923462	0.2574982765526416	0.16593887512050445	44.603146590202684
10.69873777045226	0.007	0.005	0.29106656481073373	0.0002237089822313993	0.2564968889802193	0.16638344212822956	44.35977346018667
10.771242431166883	0.007	0.005	0.2900517326233726	0.00022248005827772493	0.25547157950736954	0.16682607041218422	44.11608727563115
10.84424241772652	0.007	0.005	0.2890242014018635	0.00022124955894666125	0.25442247332184265	0.16726674866012822	43.87208870938857
10.917743177348227	0.007	0.005	0.2879840330825035	0.00022001749428503614	0.2533497064903418	0.1677054632146403	43.62777974700782
10.991749823150409	0.007	0.005	0.2869312965406418	0.00021878388149094958	0.25225342708393883	0.1681421979360283	43.38316380183405
11.066267054429881	0.007	0.005	0.28586606890712224	0.00021754874613675394	0.25113379687364146	0.16857693387145634	43.13824594380587
11.141299139325698	0.007	0.005	0.284788436001196	0.00021631212221077335	0.24999099212966447	0.16900964931233423	42.89303291585568
11.216849806353844	0.007	0.005	0.28369849406718456	0.00021507405373770352	0.24882520581164505	0.1694403193403687	42.64753344344158
11.292922223702453	0.007	0.005	0.28259635025527446	0.0002138345947734242	0.24763664845671782	0.1698689159063088	42.401758249008026
11.369518896377981	0.007	0.005	0.281482124281381	0.00021259381086457786	0.24642555033979907	0.1702954074596614	42.1557203270076
11.446641601309748	0.007	0.005	0.2803559495392573	0.00021135177971190054	0.24519216307394914	0.17071975882379753	41.90943508629966
11.524291325883555	0.007	0.005	0.2792179741522506	0.0002101085918423613	0.24393676115257368	0.17114193111170806	41.6629204741807
11.602468147628596	0.007	0.005	0.2780683628772905	0.00020886435205579772	0.24265964444316526	0.17156188134776185	41.416197278459975
11.681171215512109	0.007	0.005	0.27690729750608806	0.0002076191793693935	0.2413611390300094	0.17197956266785083	41.16928909799195
11.760398610009384	0.007	0.005	0.27573497902827104	0.00020637320873311232	0.24004160000921806	0.17239492389010452	40.922222687832914
11.840147295281524	0.007	0.005	0.27455162842038844	0.0002051265911984787	0.2387014127577493	0.1728079096079847	40.67502800387723
11.920413017555749	0.007	0.005	0.2733574882025189	0.00020387949503714254	0.23734099505064146	0.17321846002184382	40.42773840727923
12.00119028784915	0.007	0.005	0.27215282271112645	0.0002026321052896957	0.2359607977017215	0.173626511225543	40.180390599957256
12.082472230398913	0.007	0.005	0.2709379203357058	0.00020138462566081402	0.23456130741778097	0.17403199482609233	39.93302496569643
12.16425062450061	0.007	0.005	0.2697130928340855	0.00020013727702449893	0.2331430462766005	0.17443483855851827	39.68568531123563
12.246515768885185	0.007	0.005	0.26847867725284413	0.00019889029900149366	0.23170657415092513	0.17483496601799986	39.438419144168094
12.329256526356582	0.007	0.005	0.26723503510545094	0.00019764394845428514	0.2302524879157155	0.1752322972924927	39.19127739933289
12.41246025036023	0.007	0.005	0.26598255326917436	0.0001963984999317749	0.2287814225828305	0.17562674901183906	38.94431452026818
12.496112829244053	0.007	0.005	0.26472164306468404	0.00019515424432796466	0.22729405024877256	0.1760182349596334	38.6975881872478
12.580198689788885	0.007	0.005	0.2634527398949316	0.00019391148808715084	0.22579107961331077	0.17640666646998848	38.45115917035539
12.664700860017703	0.007	0.005	0.2621763019403854	0.0001926705517007349	0.22427325430224704	0.176791953079177	38.20509101215593
12.749601002588635	0.007	0.005	0.2608928092498138	0.0001914317684499886	0.2227413515704218	0.17717400301062225	37.95944980370875
12.834879548338195	0.007	0.005	0.2596027612735619	0.00019019548191668935	0.22119617906059091	0.17755272407713754	37.714303678995954
12.920515784235317	0.007	0.005	0.258306675045374	0.0001889620442297009	0.21963857223666827	0.1779280243250738	37.46972245585743
13.006488002841676	0.007	0.005	0.2570050824016978	0.0001877318133217271	0.21806939057517757	0.17829981289995583	37.225777114693955
13.092773628190375	0.007	0.005	0.2556985275332185	0.00018650515083709643	0.21648951406832323	0.17866800074906283	36.9825393620526
13.17934940908378	0.007	0.005	0.254387563500293	0.00018528241897509943	0.21489983839784618	0.1790325015523949	36.74008102201677
13.266191576606	0.007	0.005	0.25307274928443996	0.00018406397809542642	0.2133012706822014	0.1793932324311511	36.498473550210434
13.353276057022748	0.007	0.005	0.251754646005943	0.00018285018356387908	0.21169472415132468	0.17975011482105344	36.25778741450512
13.44057863583466	0.007	0.005	0.25043381389603964	0.00018164138345176385	0.21008111368815627	0.18010307507271409	36.01809163454309
13.528075176054502	0.007	0.005	0.24911080847333608	0.000180437915572034	0.20846135036545915	0.18045204520874403	35.779453193370436
13.61574177426836	0.007	0.005	0.24778617769573022	0.0001792401054508998	0.20683633715137612	0.18079696336457984	35.54193664215383
13.703554975424103	0.007	0.005	0.2464604582666381	0.00017804826366086816	0.20520696357242532	0.18113777440545836	35.30560356529931
13.791491888741191	0.007	0.005	0.24513417348426922	0.00017686268455613304	0.20357410227506426	0.18147443010115566	35.070512332874536
13.879530396067086	0.007	0.005	0.2438078297493066	0.00017568364386744522	0.2019386039583345	0.18180688961511554	34.83671762111378
13.967649224936014	0.007	0.005	0.24248191517178525	0.00017451139824243626	0.20030129491967608	0.18213511943432667	34.60427031081942
14.055828101542756	0.007	0.005	0.24115689703206397	0.00017334618354482336	0.1986629732316024	0.18245909357623066	34.37321718440822
14.144047819988534	0.007	0.005	0.23983322056313744	0.00017218821470533252	0.1970244065966899	0.1827787934571683	34.143600855547746
14.232290326802053	0.007	0.005	0.2385113075613575	0.00017103768508529678	0.19538633004710687	0.18309420780503022	33.91545966561461
14.320538762238778	0.007	0.005	0.2371915557024374	0.00016989476656170506	0.19374944457670837	0.18340533240729773	33.688827698226355
14.408777522643486	0.007	0.005	0.23587433759587376	0.0001687596093572443	0.19211441551108654	0.1837121699323116	33.4637347428874
14.496992209564059	0.007	0.005	0.2345600015798679	0.0001676323433578587	0.19048187310092085	0.1840147293599927	33.24020654921849
14.585169728707784	0.007	0.005	0.23324887032365343	0.00016651307737271205	0.18885241045668735	0.18431302594374588	33.018264698144755
14.673298165088939	0.007	0.005	0.23194124280470238	0.00016540190142575408	0.18722658573564435	0.1846070804164893	32.797927038707684
14.761366855070062	0.007	0.005	0.23063739338709188	0.0001642988863657194	0.1856049207862161	0.18489691888808574	32.579207622798485
14.849366264467912	0.007	0.005	0.22933757380876882	0.00016320408601861163	0.18398790346266677	0.18518257211088554	32.36211712174023
14.937288017143247	0.007	0.005	0.2280420129593199	0.00016211753735225336	0.18237598724315207	0.18546407526912734	32.14666286106243
15.025124777054563	0.007	0.005	0.22675091884210036	0.0001610392623638825	0.18076959361065248	0.1857414673131123	31.93284921146226
15.112870263495335	0.007	0.005	0.22546447858431976	0.00015996926851039137	0.1791691120466941	0.18601479074753313	31.720677645194634
15.200519108914284	0.007	0.005	0.22418286077035152	0.00015890755075400443	0.1775749029518964	0.18628409094613677	31.510147168793583
15.28806687328611	0.007	0.005	0.2229062154802097	0.00015785409190650183	0.1759872977429548	0.18654941598347186	31.30125436793695
15.375509930645835	0.007	0.005	0.22163467620321137	0.0001568088642826524	0.17440660130955407	0.1868108160924645	31.093993753912898
15.462845436801542	0.007	0.005	0.22036836056154827	0.00015577183043915938	0.17283309301357708	0.1870683433959956	30.888357907171862
15.550071250801484	0.007	0.005	0.21910737170407205	0.00015474294449176155	0.17126702854049497	0.1873220515201311	30.684337724136387
15.637185879735323	0.007	0.005	0.2178517993529101	0.00015372215295319074	0.16970864133392288	0.18757199529935364	30.481922601251323
15.724188429499348	0.007	0.005	0.2166017207569718	0.00015270939563373037	0.1681581439264917	0.1878182305174965	30.281100598947738
15.8110785385465	0.007	0.005	0.2153572018810209	0.0001517046065476223	0.1666157295717564	0.18806081361822385	30.081858638830187
15.897856334974465	0.007	0.005	0.21411829824801742	0.00015070771471226174	0.16508157345186994	0.1882998014991478	29.884182640821713
15.984522393875094	0.007	0.005	0.2128850557686023	0.0001497186447109802	0.1635558338737507	0.18853525132034563	29.68805765493685
16.0	0.007	0.005	0.21266524453085875	0.0001495426923386313	0.16328404663031812	0.18857696356701872	29.653167650350223
