0.0	0.007	0.005	0.0	0.0	0.0	0.0	100.0
0.006228788071969672	0.007	0.005	0.02037629464291782	6.688488980532032e-5	1.6876586533518673e-5	3.6385970586549565e-5	99.95683465001508
0.011320365697217595	0.007	0.005	0.03626003084247292	0.0001126596351012213	5.4949948721132435e-5	0.00011420590620994897	99.9215639814803
0.01846015796221339	0.007	0.005	0.057421432458633376	0.00016571620990507634	0.00014323620462073397	0.0002833593542748674	99.87212576442477
0.025766880753735052	0.007	0.005	0.0778042435407382	0.0002090172516434361	0.0002734806551772369	0.0005156121602776497	99.82155699172596
0.03434861680276616	0.007	0.005	0.1002005520698448	0.0002486775508810509	0.0004747039508006054	0.0008483653259213911	99.7621967321047
0.04353940046320129	0.007	0.005	0.12246146004521713	0.00028078194016224734	0.0007440121755543669	0.001259874330133599	99.69866280792803
0.05371670265248523	0.007	0.005	0.1451852243038536	0.0003069042827755059	0.0011021616077878456	0.001764940491339728	99.62835650034508
0.06466097809361888	0.007	0.005	0.16754389368794956	0.00032679290633909287	0.0015517355438561446	0.0023496961471681454	99.55280715168263
0.07650248083237433	0.007	0.005	0.18952192683726182	0.00034127145044804766	0.0021065779394225936	0.003015726663547282	99.47112868595725
0.08916826644350512	0.007	0.005	0.21072116974310948	0.0003507496274249141	0.0027711041022057594	0.0037525675460249874	99.38383878225255
0.10268915645579324	0.007	0.005	0.2309812278918413	0.00035564696139734665	0.003553117040299063	0.0045542928823039406	99.29074021124293
0.11701576128360021	0.007	0.005	0.25006088067672877	0.0003561882123784731	0.00445449077437993	0.00540900343392004	99.192189021355
0.13212180652094319	0.007	0.005	0.26781585206981734	0.000352588849289366	0.005476454517441325	0.006304855876553098	99.08838208647633
0.14795825027361192	0.007	0.005	0.2841319089279477	0.00034523016422706877	0.006616900515943887	0.007227819244056677	98.9796725808955
0.16449788811624302	0.007	0.005	0.2989710518327955	0.0003348059284575486	0.007873609204654658	0.00816530042002545	98.86626331292233
0.18172998667536458	0.007	0.005	0.31234596440389617	0.00032231623927038325	0.009244481246143106	0.009107024390377562	98.74824418315086
0.19967152996801996	0.007	0.005	0.3243116346165097	0.0003088953163144061	0.01072895238411154	0.010046619698211865	98.62551591054999
0.21833664691494933	0.007	0.005	0.33493167291350445	0.00029560841261362924	0.012325860901237851	0.010980431270199221	98.49799994705887
0.23770396873759725	0.007	0.005	0.3442632768388982	0.0002832937164531493	0.014030561291534762	0.011905999904803838	98.3658609617287
0.25772796351969285	0.007	0.005	0.35237209687090765	0.0002724654453338997	0.0158356737228058	0.012822376003486518	98.22942802554586
0.27839018421889034	0.007	0.005	0.35935021501367514	0.0002633063320813746	0.017735808544495458	0.01373165932241697	98.08884492673788
0.29971232379406304	0.007	0.005	0.365305329258207	0.0002557610161094127	0.019729202028168562	0.014638440582146273	97.9439827613467
0.3217437297246061	0.007	0.005	0.37034518391159443	0.00024964750047173093	0.021816871736869612	0.01554841753687558	97.79452658400673
0.3445472000254877	0.007	0.005	0.37456942501161156	0.0002447380874349397	0.02400138305184919	0.01646737121762314	97.6400730773753
0.3681910175906551	0.007	0.005	0.3780676739967471	0.0002408059265789957	0.026286076056641367	0.017400690857083102	97.48018527612683
0.3927451902884538	0.007	0.005	0.38092013459740287	0.00023764774555486118	0.02867465119548957	0.018353215311826886	97.31441846295176
0.4182810367483259	0.007	0.005	0.3831989516446498	0.00023509216904916486	0.031171074203279945	0.019329269102174598	97.14232331934583
0.4448718434556331	0.007	0.005	0.38496936945732496	0.00023300033111938885	0.03377959470239436	0.020332758924138244	96.96344187608776
0.4725948907148513	0.007	0.005	0.38629059495618184	0.0002312626471071534	0.036504908166779704	0.02136732125459098	96.77729436113349
0.5015338808298886	0.007	0.005	0.38721630227108056	0.0002297941642099028	0.039352363181172	0.022436473994564728	96.58336355340225
0.5317812505070937	0.007	0.005	0.38779489117916494	0.00022852975887449476	0.04232815739898266	0.023543749722933837	96.38108016847407
0.5634405273787262	0.007	0.005	0.3880696328576137	0.0002274197838805881	0.04543953313566731	0.024692816217300375	96.16980823404947
0.5966286783882484	0.007	0.005	0.38807877754952574	0.00022642641796227062	0.04869496393659733	0.025887582867901576	95.94883084752465
0.6314786406375507	0.007	0.005	0.3878556692003687	0.00022552074788276307	0.05210434803410199	0.027132300823413256	95.71733509789252
0.6681429199861563	0.007	0.005	0.3874288713610869	0.00022468049531757555	0.05567929221647189	0.028431688848492117	95.47439037082907
0.7067950108436984	0.007	0.005	0.38682234471393456	0.00022388835287997984	0.0594331662407981	0.02979097001091357	95.21894166621418
0.7476346355824184	0.007	0.005	0.38605561475926414	0.00022313066954015884	0.06338151011594782	0.031216032393101084	94.94977826879408
0.7908909980107605	0.007	0.005	0.38514397418534824	0.00022239652568124309	0.06754222253070773	0.032713506412028956	94.66551646938042
0.8368275156036011	0.007	0.005	0.38409868110862766	0.0002216770298781996	0.07193586324191983	0.03429088067710778	94.36457356481387
0.8857448488289327	0.007	0.005	0.38292720722623685	0.00022096482884444065	0.0765857577871064	0.03595654467909773	94.04515427146896
0.9379809990182042	0.007	0.005	0.3816335734925204	0.00022025378292913825	0.08151779070981409	0.03771971912138412	93.70525749097592
0.9939014504134452	0.007	0.005	0.38021894784353877	0.00021953884249632466	0.08675924069958169	0.039590044887796674	93.34274859129908
1.0538668691504314	0.007	0.005	0.37868282471401876	0.00021881619853682813	0.09233555140136122	0.0415764407556973	92.95557595116831
1.1181576133958828	0.007	0.005	0.3770253063843278	0.00021808382896439815	0.09826326991894853	0.043684608923872145	92.5422601130056
1.1868515760889382	0.007	0.005	0.37525053201697395	0.00021734231590656193	0.10453913474237278	0.045913194292919346	92.10266728740216
1.2597390828145205	0.007	0.005	0.3733690203133794	0.00021659498072205968	0.11113323182904211	0.04825141318569656	91.63852177197538
1.3364184417410871	0.007	0.005	0.3713952242906215	0.0002158461969935337	0.11799887181717425	0.05068260962234604	91.15275435482654
1.4164941943306435	0.007	0.005	0.3693424757317653	0.00021509919916087373	0.12509111026795502	0.053190828331641925	90.64821902412936
1.4996685796496312	0.007	0.005	0.3672208192120004	0.00021435538915998785	0.13237483479636522	0.055763650951067265	90.12711666519809
1.5857444836104457	0.007	0.005	0.3650371797473195	0.0002136145679970365	0.13982463876135312	0.05839211704527547	89.5909897589028
1.6746116966140137	0.007	0.005	0.3627959310713868	0.00021287526366941007	0.1474232056335064	0.061070123810550644	89.0408228595479
1.76624287397417	0.007	0.005	0.36049916934143694	0.00021213492203535686	0.15516055585201022	0.06379413532849175	88.47708210035985
1.8606867298234229	0.007	0.005	0.3581470161536375	0.00021139008141612392	0.1630330626834475	0.06656281373100059	87.8997719199003
1.9580811710199302	0.007	0.005	0.35573739872757076	0.000210636357411424	0.17104411910351291	0.0693772326887947	87.30837062422992
2.058670044765459	0.007	0.005	0.35326574084615303	0.00020986837651412312	0.17920498616054722	0.07224115218396956	86.70174862470692
2.162844133954317	0.007	0.005	0.350724076601389	0.0002090794929461815	0.1875374249486321	0.07516191335851097	86.07794772494749
2.271232581756614	0.007	0.005	0.3480989936479439	0.0002082610784532944	0.19607994582875574	0.07815258630367616	85.43367466086758
2.3849502546227366	0.007	0.005	0.345365957056299	0.0002074005389413567	0.20490533034566102	0.08123802614046204	84.7629071577639
2.5064496222907833	0.007	0.005	0.342469604357887	0.00020647443388665125	0.2141818868705367	0.08447609717340511	84.05205733743848
2.645825329715083	0.007	0.005	0.33917700855336874	0.0002053974225557731	0.22463230634842102	0.08811695560247845	83.24395796531326
2.774534219677671	0.007	0.005	0.3361645257324955	0.00020438400146682156	0.23410489099838136	0.09141000018872222	82.50460655519103
2.881663100235969	0.007	0.005	0.3336775448136773	0.000203530845671889	0.24186113073541252	0.09410069623085962	81.89422869429009
2.982274492397589	0.007	0.005	0.33135862288868995	0.0002027183265081104	0.24904113972632583	0.09658647721288577	81.3250974292425
3.082848393882574	0.007	0.005	0.3290566716176696	0.00020189245332794212	0.2561188730324727	0.09903170641146782	80.76013126031256
3.1847599625668868	0.007	0.005	0.32674041523626424	0.000201041628979732	0.26319057620272956	0.10146930684054131	80.19165419946114
3.2873613783212297	0.007	0.005	0.3244249499144714	0.00020017108832856358	0.2702097178874678	0.10388284307552619	79.62337128802024
3.3900838569103313	0.007	0.005	0.3221231901869613	0.0001992856729733965	0.2771376151885889	0.10625872044622191	79.0584521303752
3.4927953932934854	0.007	0.005	0.3198380037770786	0.0001983867046533446	0.28396661054638933	0.10859409018987157	78.49760054964752
3.595527738095453	0.007	0.005	0.3175685707562845	0.0001974741990996075	0.2907001872419715	0.11088994158938577	77.94061531136677
3.6983356213061427	0.007	0.005	0.3153135896947014	0.00019654804438930796	0.2973431652058283	0.11314771977061196	77.38717700656655
3.8012679299857375	0.007	0.005	0.3130719206271899	0.00019560823868033044	0.3038997778449087	0.1153686671804118	76.83700585445592
3.904365681274644	0.007	0.005	0.3108426236880946	0.00019465489790816172	0.31037357875279564	0.11755379427146785	76.28987118451246
4.007662921948901	0.007	0.005	0.3086249333880409	0.0001936882390356193	0.3167675377121645	0.11970391469210041	75.74558512325419
4.111187605054777	0.007	0.005	0.30641823432779414	0.00019270856462609998	0.32308412900016864	0.1218196775120053	75.20399663370972
4.214962272523686	0.007	0.005	0.3042220419037558	0.00019171625012813143	0.3293254022397081	0.12390159323310374	74.6649867799825
4.319004699042134	0.007	0.005	0.30203598452486624	0.00019071173225962987	0.3354930463765987	0.12595005719313526	74.12846436275822
4.4233284249068925	0.007	0.005	0.2998597887849317	0.00018969549906893595	0.3415884430281675	0.12796536913419404	73.59436228016068
4.52794324189367	0.007	0.005	0.2976932661384563	0.00018866808097603687	0.34761271369397806	0.12994775046938303	73.06263425761063
4.632855640705018	0.007	0.005	0.29553630084471955	0.0001876300426397127	0.3535667617253291	0.1318973595615213	72.53325188895012
4.738069207059887	0.007	0.005	0.2933888393945235	0.00018658197572964775	0.359451308676842	0.1338143049091921	72.00620204145706
4.843584994725641	0.007	0.005	0.2912508807877848	0.00018552449228426168	0.3652669269853647	0.1356986568975567	71.48148446968166
4.94940185475382	0.007	0.005	0.2891224680478703	0.0001844582188329563	0.371014068077334	0.13755045783667175	70.95910973281656
5.05551674174498	0.007	0.005	0.2870036805081619	0.00018338379105071968	0.3766930873347875	0.13936973077231812	70.43909730159386
5.16192498282452	0.007	0.005	0.28489462712570046	0.00018230184907163136	0.38230426536639667	0.14115648690875834	69.92147391725798
5.2686205796063135	0.007	0.005	0.2827954394023992	0.00018121303272095927	0.38784782947307705	0.1429107328976497	69.40627185422483
5.37559641570441	0.007	0.005	0.28070626642344176	0.0001801179779601394	0.39332396871239844	0.14463247590250336	68.89352770235863
5.482844474958416	0.007	0.005	0.27862726988253456	0.00017901731345256074	0.3987328483846871	0.1463217283247239	68.38328114602406
5.590356027506489	0.007	0.005	0.2765586199238112	0.0001779116576764268	0.40407462181316756	0.14797851152820352	67.87557394356776
5.698121825928086	0.007	0.005	0.2745004909619593	0.00017680161613209833	0.40934944167828374	0.14960285928439157	67.37044890145533
5.806132232477497	0.007	0.005	0.27245305897950345	0.0001756877794519324	0.4145574671127426	0.15119481977870083	66.86794921094527
5.914377391209464	0.007	0.005	0.2704164980971996	0.0001745707212131624	0.4196988723061019	0.1527544579743749	66.3681176063636
6.022847315771184	0.007	0.005	0.26839097886380414	0.00017345099678722285	0.4247738504219112	0.15428185644457254	65.87099594536336
6.131531999822283	0.007	0.005	0.26637666620515293	0.0001723291420945688	0.4297826181650712	0.15577711633226343	65.3766247055683
6.240421506846414	0.007	0.005	0.264373717845401	0.00017120567270178518	0.4347254189602062	0.15724035782238804	64.88504259709916
6.349506024507393	0.007	0.005	0.2623822834486601	0.0001700810834014633	0.43960252420190365	0.15867171998982144	64.39628635190597
6.458775926573641	0.007	0.005	0.2604025036688093	0.0001689558478106603	0.44441423464077356	0.16007136065371974	63.910390490564666
6.5682218641910755	0.007	0.005	0.2584345087235323	0.00016783041774941446	0.4491608828183163	0.1614394564970228	63.42738697230323
6.677834755817698	0.007	0.005	0.25647841884255357	0.0001667052237489929	0.45384283088888433	0.16277620182130167	62.94730530501252
6.787605805925675	0.007	0.005	0.2545343441973201	0.00016558067531712546	0.45846046973319626	0.16408180768606512	62.47017252798787
6.897526552720492	0.007	0.005	0.25260238433476123	0.00016445716095081243	0.4630142192438376	0.165356501376219	61.996013072957204
7.007588886693222	0.007	0.005	0.2506826281527039	0.000163335048493013	0.467504527303218	0.16660052549162851	61.52484875804725
7.117785025151548	0.007	0.005	0.24877515464512404	0.0001622146859728725	0.47193186699593076	0.1678141365606097	61.05669897069005
7.228107559474511	0.007	0.005	0.2468800323785188	0.00016109640171571376	0.4762967368291656	0.16899760450269488	60.59158053910941
7.3385494071697375	0.007	0.005	0.24499732061781326	0.0001599805054485313	0.4805996571585242	0.1701512110656912	60.1295080086513
7.449103836722711	0.007	0.005	0.24312706918346105	0.00015886728866199655	0.4848411696162177	0.17127524910993372	59.67049360671217
7.55976445565723	0.007	0.005	0.24126931893871995	0.00015775702535384802	0.48902183512737596	0.17237002152777037	59.21454736233059
7.670525220346552	0.007	0.005	0.239424101902147	0.00015664997254838614	0.49314223282674113	0.17343584042472598	58.76167713379697
7.781380386877125	0.007	0.005	0.2375914423338007	0.00015554637140722613	0.4972029568532403	0.17447302577636786	58.311888875239234
7.89232452035654	0.007	0.005	0.23577135682440278	0.00015444644773391015	0.5012046154547836	0.1754819047211368	57.865186658505614
8.00335250409453	0.007	0.005	0.23396385438943507	0.0001533504124717388	0.5051478301048727	0.17646281086961113	57.42157269625909
8.114459489751999	0.007	0.005	0.23216893751580955	0.00015225846277901385	0.5090332325880982	0.17741608313264978	56.98104759886063
8.225640906128772	0.007	0.005	0.23038660223076796	0.00015117078249665618	0.5128614642958995	0.17834206513701487	56.54361039127909
8.336892445741135	0.007	0.005	0.2286168385254363	0.0001500875428221153	0.5166331747876919	0.1792411044796005	56.10925861704416
8.44821005862372	0.007	0.005	0.2268596306510867	0.0001490089028929367	0.5203490206733313	0.18011355208505778	55.677988410957305
8.559589909110136	0.007	0.005	0.22511495798485917	0.00014793501071358665	0.5240096633450472	0.18095976132212244	55.24979471156557
8.671028391485535	0.007	0.005	0.2233827949491697	0.00014686600348107562	0.5276157687662567	0.18178008763295075	54.82467124138176
8.782522116051757	0.007	0.005	0.22166311139385217	0.00014580200818414772	0.5311680063088863	0.18257488795589236	54.402610600673306
8.894067902478756	0.007	0.005	0.2199558728540702	0.00014474314211134723	0.5346670478896189	0.18334452023953263	53.983604330761324
9.00566274350177	0.007	0.005	0.21826104124911766	0.0001436895136238684	0.5381135662455506	0.18408934279242065	53.56764308552679
9.117303812868833	0.007	0.005	0.21657857488857518	0.00014264122247966272	0.5415082346755332	0.18480971398179089	53.154716632921435
9.22898846585743	0.007	0.005	0.2149084285922088	0.00014159836021400608	0.5448517265613616	0.18550599189424466	52.74481388439449
9.34071419533496	0.007	0.005	0.2132505544647956	0.00014056101092264607	0.5481447136104347	0.18617853375049145	52.337923085057405
9.452478654344741	0.007	0.005	0.21160490166258125	0.00013952925139309005	0.5513878661555451	0.18682769577186573	51.93403175636584
9.5642796416631	0.007	0.005	0.20997141671203987	0.0001385031515726221	0.5545818523618559	0.1874538328295288	51.53312677435254
9.676115079893762	0.007	0.005	0.20835004392443565	0.00013748277508628066	0.5577273372826617	0.18805729808655428	51.135194471372984
9.787983023147522	0.007	0.005	0.20674072536973015	0.00013646817946170222	0.560824982801814	0.18863844283055603	50.74022062970156
9.89988163505834	0.007	0.005	0.20514340127565586	0.0001354594166143151	0.56387544676846	0.18919761616390804	50.34819057947549
10.011809181579387	0.007	0.005	0.20355801020193828	0.00013445653317817013	0.5668793825952838	0.1897351648008574	49.9590892414545
10.123764023753193	0.007	0.005	0.20198448920864512	0.00013345957082235339	0.5698374388859554	0.1902514328830785	49.572901168338376
10.235744632712128	0.007	0.005	0.20042277370959166	0.00013246856635362449	0.572750259664928	0.19074676190918985	49.189610508788455
10.347749589842039	0.007	0.005	0.1988727975386261	0.00013148355194527491	0.5756184842041162	0.19122149059509974	48.80920102369585
10.459777542406563	0.007	0.005	0.19733449362375605	0.0001305045557505694	0.5784427457460632	0.19167595456666725	48.4316562516319
10.57182721849461	0.007	0.005	0.19580779382648064	0.00012953160196824682	0.5812236718020155	0.1921104863331934	48.05695946941575
10.683897419702651	0.007	0.005	0.1942926290894845	0.00012856471109845235	0.5839618838822173	0.19252541517122676	47.68509372836239
10.795987013802128	0.007	0.005	0.19278892957887347	0.0001276039001872096	0.5866579972497804	0.19292106702265122	47.316041889191716
10.908094927393547	0.007	0.005	0.1912966248210598	0.0001266491830598956	0.5893126206970576	0.19329776440632535	46.94978665562412
11.020220160829428	0.007	0.005	0.18981564354125313	0.00012570057035254698	0.591926356858799	0.19365582641189208	46.58631053474152
11.132361780858389	0.007	0.005	0.18834591380114815	0.0001247580697306699	0.5944998019906244	0.19399556861837017	46.22559587077971
11.244518890971403	0.007	0.005	0.18688736342005316	0.00012382168628751903	0.5970335452691955	0.19431730296301078	45.867624948485926
11.356690646303164	0.007	0.005	0.18543991980462807	0.00012289142254972438	0.5995281691426314	0.19462133776021456	45.512379951331255
11.468876268539326	0.007	0.005	0.18400350978695565	0.00012196727848118006	0.6019842496527826	0.19490797771010748	45.15984292176891
11.58107503110234	0.007	0.005	0.1825780598469339	0.0001210492517330456	0.6044023560952222	0.1951775238282545	44.809995815815526
11.693286214595958	0.007	0.005	0.18116349669860882	0.00012013733812896196	0.6067830500873332	0.1954302733280378	44.46282064695463
11.805509151420354	0.007	0.005	0.17975974673879885	0.00011923153139721327	0.6091268865751146	0.19566651972679203	44.11829935081271
11.917743210938148	0.007	0.005	0.1783667362564333	0.00011833182339760507	0.6114344135405247	0.19588655280278855	43.776413836537266
12.02998780693393	0.007	0.005	0.17698439135925761	0.00011743820415766116	0.6137061721878252	0.19609065860689887	43.43714596880779
12.142242382770004	0.007	0.005	0.17561263817583958	0.00011655066208621248	0.6159426966768091	0.1962791194345947	43.1004776174143
12.254506411405107	0.007	0.005	0.17425140286913546	0.00011566918405872609	0.6181445141749621	0.19645221383454664	42.76639066058663
12.36677938797558	0.007	0.005	0.17290061173884932	0.00011479375555756398	0.6203121447681995	0.19661021660913763	42.434867010116754
12.479060859555869	0.007	0.005	0.17156019087719043	0.00011392436051225022	0.6224461020869935	0.19675339886759882	42.1058885268712
12.591350373119335	0.007	0.005	0.17023006680602268	0.0001130609817871668	0.6245468923620056	0.19688202796912568	41.779437177166265
12.703647505294336	0.007	0.005	0.16891016612722023	0.00011220360101172658	0.6266150150672108	0.19699636758593908	41.45549494695515
12.815951854938877	0.007	0.005	0.16760041562116104	0.00011135219870444274	0.6286509628421121	0.19709667771375627	41.13404386600118
12.9282630505891	0.007	0.005	0.1663007421694305	0.00011050675427713031	0.6306552216906106	0.1971832146996566	40.81506598890691
13.040580735592265	0.007	0.005	0.1650110729365156	0.00010966724620881362	0.6326282707788272	0.19725623125250244	40.498543439707106
13.152904575552856	0.007	0.005	0.1637313352900384	0.00010883365204291592	0.6345705826407226	0.1973159764756297	40.18445839229199
13.265234243461027	0.007	0.005	0.16246145697608547	0.00010800594855219154	0.6364826229945273	0.19736269588707567	39.87279311343794
13.377569442017071	0.007	0.005	0.16120136587089764	0.00010718411161826672	0.6383648512012153	0.1973966314598952	39.56352990186504
13.489909888758852	0.007	0.005	0.1599509901564953	0.00010636811639204767	0.6402177200786545	0.1974180216429419	39.256651131340604
13.602255308626	0.007	0.005	0.1587102584065197	0.00010555793739237997	0.6420416758589296	0.1974271013925225	38.95213927174711
13.714605441404206	0.007	0.005	0.15747909950569564	0.0001047535484912673	0.6438371583924494	0.19742410220808318	38.649976869316134
13.826960078935732	0.007	0.005	0.15625744225061217	0.00010395492268273415	0.6456046018046854	0.1974092521579471	38.350146448648175
13.939319065128863	0.007	0.005	0.15504521536891955	0.00010316203212985361	0.6473444345264097	0.19738277589320063	38.05263051742401
14.051682124805334	0.007	0.005	0.153842349363222	0.00010237484943833313	0.6490570767372753	0.19734489472921307	37.75741201895011
14.16404900508366	0.007	0.005	0.15264877496263993	0.00010159334664940071	0.6507429427064311	0.19729582667803855	37.46447395212661
14.2764194679416	0.007	0.005	0.15146442320759665	0.00010081749532703413	0.6524024407468534	0.197235786481824	37.173799392256505
14.38879332743178	0.007	0.005	0.15028922506560038	0.00010004726632750756	0.6540359738239158	0.19716498562069154	36.88537139674734
14.501170405032914	0.007	0.005	0.14912311191112762	9.928263014989349e-5	0.6556439389508941	0.19708363236310839	36.59917312288846
14.61355055198004	0.007	0.005	0.1479660152965884	9.852355680764047e-5	0.6572267275815457	0.1969919317842089	36.31518777163941
14.725933612053165	0.007	0.005	0.14681786733983335	9.777001611525789e-5	0.6587847251535075	0.19689008582867015	36.0333986827354
14.838319436463564	0.007	0.005	0.14567860056770465	9.702197760677254e-5	0.660318311385456	0.19677829333957852	35.75378929629005
14.950707883855092	0.007	0.005	0.1445481479158077	9.627941055841232e-5	0.6618278603552988	0.19665675009585562	35.47634315273946
15.06309881286188	0.007	0.005	0.14342644280223427	9.554228406037161e-5	0.6633137404798621	0.19652564885855298	35.20104391093599
15.175492089552538	0.007	0.005	0.14231341905094355	9.48105669857597e-5	0.6647763146951007	0.19638517940147984	34.92787532934381
15.287887594875057	0.007	0.005	0.14120901081857457	9.408422796067657e-5	0.6662159406260387	0.19623552853787976	34.65682124807637
15.400285202326529	0.007	0.005	0.1401131528137757	9.336323553199967e-5	0.6676329703745205	0.19607688018659372	34.38786564272635
15.512684800285212	0.007	0.005	0.1390257800759333	9.264755803524348e-5	0.6690277508826449	0.19590941538036916	34.120992570059215
15.625086277123545	0.007	0.005	0.13794682811988496	9.193716371009179e-5	0.670400623817732	0.19573331232313987	33.85618620353016
15.73748952865277	0.007	0.005	0.136876232862023	9.123202066664514e-5	0.6717519257401647	0.19554874641644387	33.593430815147514
15.849894450679285	0.007	0.005	0.13581393068986183	9.053209694853203e-5	0.6730819880869102	0.19535589030827585	33.3327107925469
15.962300968782918	0.007	0.005	0.134759858180617	8.98373603560097e-5	0.6743911375925504	0.1951549138770478	33.074010569921974
16.0	0.007	0.005	0.13440817719099585	8.960818976936576e-5	0.6748255709452747	0.19508571685486914	32.9876977693224
