0.0	0.007	0.005	0.0	0.0	0.0	0.0	100.0
0.000661803437618598	0.007	0.005	9.919912286343501e-5	0.00018833905867905216	1.7885262844809983e-7	9.397770998485214e-5	99.9951998618717
0.000952936315380653	0.007	0.005	0.00014283024641136143	0.00024345393891463433	3.707901334183233e-7	0.0001812308697982472	99.99308831386223
0.0014681996392307598	0.007	0.005	0.0002200399761521914	0.0003135031507398061	8.800460033797976e-7	0.0003811351493446069	99.9893512868528
0.0018963066067151251	0.007	0.005	0.00028417897312833947	0.0003526768151606958	1.4679053056567259e-6	0.0005786802255196948	99.98624648103375
0.002431033746933671	0.007	0.005	0.0003642780766160838	0.00038551741941933427	2.4120992291373657e-6	0.0008520064699179315	99.98236855777851
0.002966716755022876	0.007	0.005	0.00044450507407367134	0.0004065655375391188	3.5916789825763628e-6	0.0011453889009788282	99.97848385322995
0.003574237716080759	0.007	0.005	0.0005354724242702914	0.00042141249325903135	5.21237031249166e-6	0.0014930007431402125	99.97407837170437
0.004220895885612362	0.007	0.005	0.0006322783787991683	0.00043078452607348894	7.267679559750045e-6	0.0018735995394676343	99.96938929720925
0.004938710257979598	0.007	0.005	0.000739710449418499	0.0004366802232145345	9.947699778804095e-6	0.0023034837138122856	99.9641845094728
0.005723581571438166	0.007	0.005	0.0008571472076732181	0.00044012339594801233	1.3357707151158344e-5	0.0027784369762315665	99.95849380986444
0.006598127119938061	0.007	0.005	0.0009879628590283077	0.00044203811477630723	1.774707379741631e-5	0.0033107658890371813	99.95215330993028
0.007574289637029455	0.007	0.005	0.0011339303954665465	0.00044301444479546417	2.3380057757205028e-5	0.003906785415720536	99.9450765567767
0.008679385552716926	0.007	0.005	0.001299116367162659	0.00044346153449159663	3.0690203011996624e-5	0.004582512833107806	99.93706569731168
0.009943049334091824	0.007	0.005	0.0014879248566428674	0.0004436286152025007	4.026251906558872e-5	0.00535563357933805	99.92790616353408
0.011412005256474386	0.007	0.005	0.0017072999797910582	0.0004436598640681651	5.3015106595222334e-5	0.0062544435527654195	99.91725964644907
0.013150147048858682	0.007	0.005	0.001966727310382614	0.00044362893933796207	7.035853713715201e-5	0.007317823144929719	99.90466362242996
0.015256417448756393	0.007	0.005	0.0022808846652310716	0.0004435675315804447	9.4644190909893e-5	0.00860609805098507	99.889401959691
0.017883788359199695	0.007	0.005	0.0026724355757373783	0.00044348420790033693	0.00012994965996501338	0.010212553074140367	99.8703677627468
0.021278139022678968	0.007	0.005	0.003177745198571688	0.00044337518906334384	0.00018377800817098516	0.012287052134860027	99.84578248980405
0.025753091209816056	0.007	0.005	0.0038429879953739737	0.00044323126977699554	0.00026885512668418823	0.0150204020059931	99.81337967161892
0.03116364964077843	0.007	0.005	0.004645901084196172	0.0004430569665476674	0.0003930710991013593	0.018322844212033413	99.77421623657881
0.036610738119553066	0.007	0.005	0.005452671576163366	0.000442879816813583	0.0005416288268475801	0.02164494885707869	99.73480390719342
0.04151278407551384	0.007	0.005	0.006177376489249192	0.0004427179361940007	0.0006953891068565996	0.02463238317404822	99.69934853492724
0.045869067631772925	0.007	0.005	0.0068203343627275936	0.00044257628427355616	0.0008479153074286016	0.027285416303254657	99.66785111432098
0.049911620732565797	0.007	0.005	0.007416094035106359	0.0004424484593163089	0.0010027766846852017	0.029745866799771363	99.63863097396215
0.05386822727757892	0.007	0.005	0.00799835551343407	0.0004423236777764773	0.0011667166227567886	0.032152599016800544	99.61004036273134
0.057878884255120416	0.007	0.005	0.008587732085197058	0.00044219623174288357	0.0013453417972143493	0.034590790577756055	99.5810675534595
0.06199438043990609	0.007	0.005	0.009191637937084524	0.0004420646958696526	0.0015416154411972806	0.03709123264459366	99.55134615075895
0.06620209481025717	0.007	0.005	0.009808158448609099	0.00044192978437863065	0.0017558292890461713	0.03964614955255201	99.5209679353939
0.07045823850168331	0.007	0.005	0.010430832445502223	0.00044179312815775145	0.001986386277992883	0.04222887483768811	99.49024950798592
0.07471922531952317	0.007	0.005	0.011053266732072969	0.0004416563128532656	0.002231133701621198	0.04481293001028966	99.45950562346957
0.07896013494278192	0.007	0.005	0.011671827283726146	0.00044152027376883257	0.0024885131363285057	0.04738321164036748	99.42891603324215
0.08317641519192183	0.007	0.005	0.01228586615404121	0.00044138520055464513	0.002757979367613206	0.04993698688809722	99.39851342044997
0.08737587019230532	0.007	0.005	0.01289653473240447	0.0004412508052065902	0.0030397806022172355	0.05247900691771848	99.36824137130972
0.09156935896365538	0.007	0.005	0.013505420725098595	0.0004411166758328606	0.003334486286199634	0.05501585869895528	99.33802152991265
0.09576486258889273	0.007	0.005	0.014113685407766528	0.0004409825103518125	0.003642588520092688	0.05755237361267454	99.30779636580215
0.09996566619218525	0.007	0.005	0.014721803813742157	0.0004408481858274971	0.003964313267352697	0.06009053468391707	99.2775422336113
0.10417131045914749	0.007	0.005	0.01532970728680936	0.0004407137202202494	0.004299623292507936	0.06263005969111428	99.24726247188582
0.10837958607338082	0.007	0.005	0.015937075191501955	0.000440579196675177	0.0046483276787855025	0.06516961133720656	99.21697300903864
0.11258827599265843	0.007	0.005	0.01654358770482455	0.0004404446984795387	0.005010207105951274	0.06770785094871262	99.18668980965609
0.11679606396606991	0.007	0.005	0.017149056450525096	0.00044031027515659306	0.005385096319754904	0.07024398591279285	99.15642234025982
0.12100263711848126	0.007	0.005	0.017753438244586466	0.00044017593852218613	0.005772907937963007	0.07277782977755305	99.12617284163427
0.1252083271578237	0.007	0.005	0.018356782572336982	0.00044004167609650957	0.0061736133238933745	0.07530958446725093	99.09593891874417
0.1294136627674114	0.007	0.005	0.01895916682292061	0.0004399074679579019	0.00658720780002765	0.07783956988135494	99.06571676409875
0.1336190594826239	0.007	0.005	0.019560651755271927	0.0004397732984447173	0.007013681692476305	0.08036803712621625	99.0355033876259
0.1378247041999189	0.007	0.005	0.020161265140557376	0.0004396391605087813	0.007453006306362202	0.08289509935002816	99.00529744478598
0.14203058996989085	0.007	0.005	0.02076100696697754	0.00043950505440048577	0.007905134203878176	0.08542075305309783	98.97509898428775
0.14623661345692515	0.007	0.005	0.0213598635145536	0.00043937098399776854	0.008370007173531029	0.08794493691782362	98.94490874651997
0.15044266268249998	0.007	0.005	0.021957819923285053	0.0004392369535038242	0.00884756487474849	0.09046758459656123	98.91472753297568
0.15464866772961539	0.007	0.005	0.02255486739426327	0.000439102965538722	0.00933775070524273	0.09298865511059005	98.88455584248652
0.16306054880021112	0.007	0.005	0.02374624103182419	0.0004388397843794031	0.010355802027380632	0.09802606309262933	98.82424099220219
0.17045921409568182	0.007	0.005	0.024791139543823122	0.000438603401066945	0.011292531688523497	0.10245160301156685	98.77122150939559
0.1794123187078803	0.007	0.005	0.026051856365261274	0.00043831885456715726	0.012477361253676938	0.10780053733118847	98.70710081392741
0.1875591156025819	0.007	0.005	0.027195510444231918	0.00043805988506785107	0.013603937825086643	0.11266167203579852	98.64879093726823
0.19673877650529287	0.007	0.005	0.028480146323201203	0.00043776831764874623	0.014928211377234182	0.11813217606438148	98.58312971265421
0.20537196912020267	0.007	0.005	0.029684437699234532	0.00043749427540937816	0.01622628168156107	0.12327032419425077	98.52141720271511
0.21468479665361614	0.007	0.005	0.03097934101120589	0.0004371988540331573	0.017683258664017817	0.1288056987033218	98.45488978193065
0.2236385417260723	0.007	0.005	0.03222022216336157	0.00043691501117062065	0.01913910479918313	0.1341205392959854	98.39096987325604
0.2330381725307992	0.007	0.005	0.033518591912576556	0.0004366172316330002	0.020725013823721723	0.1396925716044323	98.32391147952119
0.24220794194788023	0.007	0.005	0.03478097257569337	0.0004363269296395767	0.022328473738781888	0.14512096966867039	98.2585369929966
0.2516723678640545	0.007	0.005	0.0360795403938163	0.00043602750165735196	0.02404129397668766	0.15071617372002405	98.1911073813732
0.2609944582274337	0.007	0.005	0.03735424417051473	0.00043573277764621536	0.02578528642486038	0.15621966771491416	98.12473707897247
0.27051441806135235	0.007	0.005	0.03865157722264391	0.0004354320034594227	0.02762409037135188	0.1618322416079895	98.05700430905804
0.27995064290659977	0.007	0.005	0.03993309662648717	0.00043513407968490207	0.02950384193013719	0.1673877444061627	97.98991343735877
0.28952321258868324	0.007	0.005	0.04122866689677744	0.0004348320594636161	0.031468338645903246	0.17301569251660248	97.92190006705495
0.2990510311953746	0.007	0.005	0.042513726684728546	0.00043453165932755245	0.03348072395919716	0.17860951357861063	97.85425153100294
0.30867627738395026	0.007	0.005	0.0438074281591365	0.0004342283981446527	0.03557097522335028	0.1842526272473437	97.78595870221694
0.3182826450918784	0.007	0.005	0.04509409673565956	0.00043392594278540377	0.03771401216647547	0.1898767594163548	97.71784734130281
0.32796194356355735	0.007	0.005	0.046386004333617684	0.0004336214042863474	0.03993026671597616	0.19553560483683366	97.64926686795098
0.33763955730495276	0.007	0.005	0.047673154975223585	0.00043331713246969397	0.04220275410348016	0.2011854637058997	97.58074645005196
0.34737478385410353	0.007	0.005	0.04896340930310741	0.00043301126467848233	0.044545356383135344	0.20686089618223016	97.51186662698053
0.3571198108726851	0.007	0.005	0.050250396414232346	0.00043270530519821227	0.046946622981960465	0.21253395623413002	97.44296615645656
0.3669129741327091	0.007	0.005	0.05153915180166376	0.00043239805220470704	0.04941596595014994	0.21822690028069427	97.37377439256083
0.3767236877227008	0.007	0.005	0.05282561769451507	0.0004320904673386767	0.05194570148628391	0.22392187776818878	97.30450789352156
0.3865767797712817	0.007	0.005	0.05411302116860717	0.00043178177404475945	0.05454220457872117	0.22963323779034495	97.23499178234482
0.39645273601276665	0.007	0.005	0.055398780223925796	0.0004314725857317456	0.05720034637704567	0.2353495989176715	97.16536419491888
0.40636768518089433	0.007	0.005	0.05668496487484636	0.0004311623993732775	0.059924447000832014	0.24108023095108758	97.09551185330125
0.41630923012318366	0.007	0.005	0.057969934592850714	0.00043085160486466134	0.06271110579476481	0.24681789810704227	97.02552255952179
0.4262879005310097	0.007	0.005	0.05925501942091603	0.00043053987501877854	0.06556325827178641	0.25256860930001696	96.955322632645
0.4362958743394339	0.007	0.005	0.06053917923657398	0.0004302274562833838	0.0684786698869508	0.2583277850202601	96.88496757137217
0.44634007793860575	0.007	0.005	0.061823270736466394	0.0004299141345005419	0.07145934632697139	0.26409934054343676	96.81440914851068
0.4564156338474682	0.007	0.005	0.06310663694962262	0.00042960006395702656	0.0745038393995185	0.26988039997664853	96.7436821086366
0.46652715072871453	0.007	0.005	0.06438983176423049	0.000429285103124606	0.07761353281032841	0.27567353470183753	96.67275458073972
0.47667164598252326	0.007	0.005	0.06567244247815553	0.00042896934710493374	0.08078750781013373	0.28147696086159996	96.60164798015693
0.48685223999973953	0.007	0.005	0.06695482940967294	0.00042865270097067144	0.08402673428872667	0.2872923882676888	96.53034093083693
0.497067169778022	0.007	0.005	0.06823673540853221	0.00042833522181137185	0.08733064975883413	0.2931187327654803	96.45884628875977
0.5073186015785109	0.007	0.005	0.0695183970559502	0.00042801684457369427	0.0906999503553934	0.29895715227552344	96.38714940398748
0.5176055609574913	0.007	0.005	0.07079965650224905	0.0004276976018389944	0.0941343145056597	0.30480701257780063	96.31525761384223
0.5279296015664208	0.007	0.005	0.07208067091773901	0.0004273774477357851	0.09763425779272997	0.3106691171176175	96.24316058835002
0.5382902586496643	0.007	0.005	0.07336134561735319	0.0004270563990642744	0.10119962163532312	0.31654312046487343	96.170862110748
0.5486886966580062	0.007	0.005	0.07464178711854792	0.0004267344221589658	0.10483080461168723	0.32242960029471857	96.09835459969332
0.5591247800545802	0.007	0.005	0.07592194067743895	0.0004264115236763176	0.10852775856580904	0.3283283959621216	96.02563955404565
0.5695994262853629	0.007	0.005	0.07720188032054003	0.0004260876777191406	0.11229080692685545	0.33423994102478033	95.95271114261425
0.5801127170464643	0.007	0.005	0.07848157690523733	0.0004257628842979026	0.11611997824729012	0.3401641951999528	95.87956936711096
0.5906654142962696	0.007	0.005	0.07976108355160139	0.0004254371224416663	0.12001554869041586	0.3461015002800585	95.8062095051241
0.6012577410823946	0.007	0.005	0.08104038707580566	0.00042511038787762187	0.1239775995958227	0.35205189281517385	95.7326305939294
0.6118903629112437	0.007	0.005	0.08231952709493652	0.00042478266272141563	0.12800637837546744	0.35801565646657135	95.65882860703083
0.6225635991067153	0.007	0.005	0.0835985006641933	0.00042445393982281726	0.13210200454647106	0.3639928787603526	95.58480193375203
0.6332780571182359	0.007	0.005	0.08487733865541136	0.0004241242032020357	0.13626470918160405	0.3699838069853591	95.51054697574418
0.6440341221220521	0.007	0.005	0.08615604451838402	0.000423793443781186	0.14049463968270598	0.3759885622091109	95.43606168792351
0.6548323663370543	0.007	0.005	0.08743464317743498	0.0004234616467746247	0.14479201819563603	0.38200736821380893	95.36134274137001
0.6656732218537474	0.007	0.005	0.08871314208131097	0.00042312880176135386	0.14915701332929318	0.38804036873726244	95.28638778967738
0.6765572439826151	0.007	0.005	0.08999156240618833	0.0004227948945956572	0.15358984457118371	0.3940877742891512	95.21119364655053
0.687484898876073	0.007	0.005	0.09126991396912805	0.0004224599139227301	0.15809069699051204	0.40014974387849594	95.13575775475078
0.6984567342522523	0.007	0.005	0.09254821529041872	0.00042212384593386137	0.16265979048903387	0.40622647988010124	95.06007700659806
0.7094732422616764	0.007	0.005	0.09382647752073235	0.00042178667860434395	0.16729732342863268	0.41231815189582527	94.98414869106605
0.7205349725783727	0.007	0.005	0.09510471761512183	0.00042144839818221663	0.17200351955127763	0.4184249593770354	94.90796971382082
0.73164243805469	0.007	0.005	0.09638294736170055	0.00042110899212024436	0.17677858830133666	0.4245470794008271	94.83153724783833
0.7427961934613548	0.007	0.005	0.09766118247473744	0.0004207684466415732	0.1816227581796411	0.4306847101194101	94.75484819130175
0.7539967706285566	0.007	0.005	0.09893943510849974	0.0004204267487361693	0.18653624886910067	0.43683803496014295	94.67789961425827
0.7652447319033955	0.007	0.005	0.10021771997484213	0.00042008388452075354	0.19151929432670736	0.4430072520154331	94.60068839126207
0.7765406270816377	0.007	0.005	0.10149604940696406	0.00041973984057311803	0.19657212387702475	0.4491925503321175	94.52321149759852
0.787885028638416	0.007	0.005	0.10277443735145415	0.0004193946028287188	0.20169497771499578	0.45539412920196554	94.44546576768134
0.7992785025495458	0.007	0.005	0.1040528960471701	0.00041904815749957956	0.20688809381103418	0.4616121821376644	94.3674480955091
0.8107216332777912	0.007	0.005	0.10533143882687653	0.0004187004902921211	0.21215171910046424	0.4678469104944856	94.28915526369745
0.8222150034375392	0.007	0.005	0.10661007781579385	0.0004183515870531497	0.2174861001663316	0.4740985123238115	94.21058408306381
0.8337592121722196	0.007	0.005	0.10788882596760681	0.00041800143318038375	0.22289149161739885	0.48036719234176845	94.13173126720375
0.845354858458778	0.007	0.005	0.10916769518773883	0.0004176500141661776	0.22836814827702423	0.4866531527995352	94.0525935469652
0.8570025542553689	0.007	0.005	0.1104466977746158	0.000417297315162425	0.23391633123471106	0.49295660058212154	93.97316758093585
0.868702916151613	0.007	0.005	0.11172584547789169	0.000416943321273404	0.23953630384186433	0.49927774262990837	93.8934500127931
0.8804565732488063	0.007	0.005	0.11300515034340007	0.0004165880172891593	0.24522833539355518	0.5056167901518884	93.81343741793064
0.8922641587239031	0.007	0.005	0.11428462377117285	0.0004162313879511855	0.25099269699360877	0.5119739540175948	93.73312636129288
0.9041263177711719	0.007	0.005	0.11556427736069964	0.0004158734177299006	0.2568296653065246	0.5183494489904562	93.65251334366668
0.9160437022487861	0.007	0.005	0.11684412230854463	0.00041551409095665266	0.262739519869441	0.524743490789408	93.57159483848928
0.9280169747590373	0.007	0.005	0.1181241698277327	0.00041515339173401017	0.26872254500630127	0.531156298228146	93.49036726450137
0.9400468064207945	0.007	0.005	0.1194044308854825	0.00041479130398183137	0.27477902864100945	0.5375880919615722	93.40882700128489
0.9521338786096761	0.007	0.005	0.1206849163667619	0.00041442781140191515	0.28090926307322783	0.5440390953600124	93.3269703778677
0.9642788823147851	0.007	0.005	0.12196563698198454	0.0004140628974870155	0.28711354456414906	0.5505095341044639	93.24479367751461
0.9764825191033912	0.007	0.005	0.12324660334493912	0.0004136965455039479	0.29339217373108223	0.5569996366393261	93.16229313163481
0.9887454988440276	0.007	0.005	0.12452782570998085	0.0004133287385587932	0.2997454542704842	0.5635096328998372	93.07946493561367
1.0010685472142045	0.007	0.005	0.1258093147309828	0.0004129594593700195	0.3061736967462721	0.570039758232327	92.99630519856716
1.0134523927884327	0.007	0.005	0.12709108008974834	0.00041258869066956465	0.31267721177009217	0.5765902464795074	92.91281003098663
1.0258977844511847	0.007	0.005	0.1283731322787271	0.0004122164146712805	0.3192563189858789	0.5831613391363212	92.82897542773713
1.0384054751139908	0.007	0.005	0.12965548088618176	0.0004118426135649157	0.32591133842206604	0.5897532766622384	92.74479737836985
1.0509762351418863	0.007	0.005	0.13093813595324963	0.00041146726911724465	0.3326425974585013	0.5963663055017553	92.66027177717066
1.063610842572821	0.007	0.005	0.13222110694063458	0.0004110903629734582	0.33945042551488025	0.6030006728517466	92.57539448953736
1.0763100916825543	0.007	0.005	0.13350440357341278	0.0004107118763893299	0.34633515850941904	0.6096566310914502	92.49016129493016
1.0890747881743457	0.007	0.005	0.13478803531880665	0.00041033179038687514	0.353297136161591	0.6163344351710683	92.40456791979152
1.101905750221611	0.007	0.005	0.13607201146235853	0.0004099500857237704	0.36033670241093485	0.6230343430811718	92.31861003110174
1.1148038112540837	0.007	0.005	0.13735634135416333	0.00040956674281866356	0.3674542068116332	0.6297566172231086	92.2322832183162
1.1277698159107383	0.007	0.005	0.1386410339714355	0.00040918174185966197	0.3746500021668012	0.6365015222109514	92.14558302108497
1.1408046271656456	0.007	0.005	0.13992609859176836	0.0004087950626153366	0.3819244483289155	0.6432693284921475	92.05850488222254
1.1539091188111112	0.007	0.005	0.14121154401247077	0.00040840668464337427	0.38927790788245265	0.6500603083442132	91.97104419863558
1.1670841852813432	0.007	0.005	0.14249737948025556	0.0004080165870055256	0.39671075148632645	0.6568747408755933	91.88319625640621
1.1803307305733677	0.007	0.005	0.14378361356715819	0.0004076247486177915	0.40422335149609834	0.6637129061868088	91.79495630543265
1.1936496799219785	0.007	0.005	0.14507025527185027	0.00040723114787427785	0.4118160883815532	0.6705750913091677	91.70631948229995
1.2070419712840768	0.007	0.005	0.14635731315066183	0.0004068357629411383	0.41948934573963875	0.6774615857000139	91.61728086778135
1.2205085627269214	0.007	0.005	0.1476447959905162	0.00040643857150366667	0.4272435143269284	0.6843726849424224	91.52783543843708
1.2340504282980083	0.007	0.005	0.1489327123670827	0.00040603955091910024	0.43507898952416113	0.6913086885052214	91.43797809490295
1.2476685610324296	0.007	0.005	0.15022107088868586	0.00040563867812080256	0.442996172876566	0.6982699011719388	91.34770364273707
1.2613639714834208	0.007	0.005	0.15150988001093374	0.0004052359296712731	0.4509954710489126	0.7052566321686802	91.25700680302779
1.275137692630865	0.007	0.005	0.1527991484510762	0.0004048312816057351	0.45907729849274737	0.712269197543799	91.16588218078002
1.2889907757027135	0.007	0.005	0.15408888474373988	0.0004044247095865749	0.467242074808439	0.7193079179035621	91.07432429353639
1.302924292369754	0.007	0.005	0.15537909739771136	0.00040401618882093566	0.47549022580617184	0.7263731194007905	90.98232755778524
1.3169393370028173	0.007	0.005	0.15666979505172848	0.0004036056939897429	0.4838221846220825	0.7334651347401498	90.88988627505687
1.3310370233599167	0.007	0.005	0.1579609861145706	0.000403193199396973	0.49223838951889604	0.7405843013579512	90.79699465480716
1.345218492509741	0.007	0.005	0.15925267943567878	0.00040277867868345146	0.5007392883688846	0.7477309652780035	90.70364676325678
1.3594849038826513	0.007	0.005	0.16054488342760193	0.000402362105130007	0.5093253330589426	0.75490547643979	90.60983658345604
1.3738374461296954	0.007	0.005	0.16183760699459265	0.00040194345134005304	0.5179969857391425	0.7621081940115473	90.51555794495302
1.3882773290684083	0.007	0.005	0.16313085873890587	0.00040152268947352425	0.5267547137116917	0.7693394821715678	90.42080457796426
1.4028057908673908	0.007	0.005	0.1644246475446774	0.0004010997910377203	0.5355989934814929	0.7765997135459374	90.3255700673924
1.417424095710173	0.007	0.005	0.16571898229914014	0.0004006747269762162	0.5445303090553527	0.7838892678561592	90.22984786946755
1.432133536284519	0.007	0.005	0.16701387204436965	0.0004002474675955244	0.5535491531511019	0.7912085329782944	90.13363129676263
1.4469354333881435	0.007	0.005	0.16830932586958416	0.0003998179825758644	0.5626560266384171	0.7985579045539062	90.03691352216347
1.4618311404827191	0.007	0.005	0.1696053532337319	0.0003993862408549087	0.5718514410100073	0.805937788050305	89.93968755056135
1.4768220364013154	0.007	0.005	0.1709019632522392	0.0003989522108462933	0.5811359135340585	0.8133485949390489	89.84194626795733
1.4919095389349288	0.007	0.005	0.1721991657958316	0.0003985158600400592	0.590509975285947	0.8207907492072455	89.74368235436819
1.5070950935534726	0.007	0.005	0.1734969704284699	0.0003980771553539203	0.5999741637911181	0.8282646815529925	89.6448883590165
1.522380185187256	0.007	0.005	0.17479538733289426	0.000397636062788108	0.6095290299458662	0.8357708349640501	89.54555662528297
1.537766330907438	0.007	0.005	0.17609442659164126	0.0003971925476427404	0.6191751330477314	0.8433096608677004	89.44567934011513
1.5532550878468185	0.007	0.005	0.17739409876538967	0.0003967465743151054	0.628913045309398	0.8508816227682001	89.34524848438079
1.568848048908829	0.007	0.005	0.17869441443117762	0.00039629810640449595	0.6387433487148056	0.858487193879093	89.24425586264347
1.584546849840255	0.007	0.005	0.1799953846724504	0.0003958471065491343	0.6486666389892458	0.866126860304623	89.14269305930367
1.6003531660032293	0.007	0.005	0.18129702070110168	0.00039539353649796846	0.6586835230680872	0.873801119175074	89.04055146160907
1.6162687196439385	0.007	0.005	0.1825993343454258	0.0003949373569283948	0.6687946231731191	0.8815104818788551	88.93782221484095
1.6322952767234857	0.007	0.005	0.18390233766897657	0.00039447852755843094	0.6790005742622516	0.889255472203369	88.83449624511532
1.648434650090212	0.007	0.005	0.1852060431095494	0.00039401700702254187	0.6893020254607386	0.8970366275472644	88.73056424126602
1.6646887016759089	0.007	0.005	0.18651046352966497	0.000393552752886141	0.699699640852368	0.9048544996378515	88.62601664318372
1.6810593436738508	0.007	0.005	0.18781561217874237	0.0003930857215574195	0.7101940995903936	0.9127096547412931	88.5208436368327
1.697548545253735	0.007	0.005	0.1891215030880911	0.00039261586815554866	0.7207860995308372	0.9206026765070999	88.41503511385605
1.7141583284371418	0.007	0.005	0.1904281505941977	0.0003921431466134392	0.7314763538836979	0.928534163591408	88.30858070096617
1.7308907727444436	0.007	0.005	0.1917355695575788	0.00039166750957310295	0.7422655934414821	0.9365047314768665	88.20146973307752
1.7477480211339511	0.007	0.005	0.19304377566617806	0.00039118890822085567	0.7531545696221559	0.9445150148679471	88.09369121844875
1.764732278226415	0.007	0.005	0.19435278512658308	0.00039070729236951175	0.7641440524973894	0.9525656663862311	87.98523385339176
1.7818458164487347	0.007	0.005	0.1956626149641951	0.0003902226102764441	0.7752348338836152	0.9606573590117196	87.87608598647876
1.799090975502548	0.007	0.005	0.1969732827973796	0.0003897348086839007	0.786427726070326	0.9687907853295704	87.76623562559557
1.8164701722436205	0.007	0.005	0.19828480739535356	0.0003892438325676941	0.797723567248391	0.9769666616650164	87.6556703788436
1.833985893406709	0.007	0.005	0.19959720792257754	0.00038874962535422026	0.8091232157471292	0.9851857241004901	87.5443775049155
1.8516407127801782	0.007	0.005	0.200910505017859	0.00038825212843703516	0.8206275601002717	0.9934487359657764	87.43234380813907
1.869437282927575	0.007	0.005	0.20222471994401653	0.0003877512814683425	0.8322375124982336	1.001756483328411	87.31955569564454
1.8873783457276765	0.007	0.005	0.20353987513763697	0.0003872470220361234	0.8439540144132289	1.0101097792856133	87.20599911517908
1.9054667336775406	0.007	0.005	0.20485599405373592	0.00038673928569032956	0.8557780361370319	1.0185094638854613	87.09165955188038
1.9237053809833977	0.007	0.005	0.20617310170899186	0.00038622800563174373	0.8677105826338128	1.0269564085550928	86.97652196346323
1.9420973215992094	0.007	0.005	0.20749122425531258	0.0003857131128048505	0.8797526907772893	1.035451514414525	86.86057079829872
1.9606456933650267	0.007	0.005	0.20881038899038387	0.0003851945357942931	0.8919054304705151	1.0439957133989666	86.74378997512801
1.979353756058486	0.007	0.005	0.21013062533098142	0.0003846722003702747	0.9041699147872291	1.052589975720152	86.6261627756826
1.9982248799704965	0.007	0.005	0.21145196366901836	0.00038414602980564925	0.9165472906908256	1.061235303692358	86.50767192330805
2.0172625683037237	0.007	0.005	0.2127744366035719	0.00038361594431598984	0.9290387517982014	1.0699327410605803	86.3882994492035
2.0364704510457847	0.007	0.005	0.21409807813852855	0.00038308186122933417	0.9416455323129577	1.0786833691645359	86.26802673846053
2.055852307045106	0.007	0.005	0.21542292481815536	0.00038254369443959285	0.9543689193180399	1.0874883159261033	86.14683439971819
2.0754120531035394	0.007	0.005	0.2167490145592812	0.0003820013547429871	0.9672102432683394	1.096348749727346	86.0247023419566
2.095153776090326	0.007	0.005	0.21807638839775348	0.0003814547489448843	0.9801708965542261	1.1052658927574353	85.90160958284416
2.115081718605906	0.007	0.005	0.21940508903968334	0.00038090378036614164	0.9932523213882973	1.1142410131960867	85.77753434800316
2.135200308330052	0.007	0.005	0.2207351623332787	0.0003803483480346114	1.0064560261690212	1.1232754370739955	85.6524538983278
2.155514157543996	0.007	0.005	0.2220666566910069	0.0003797883467459221	1.0197835820430101	1.1323705465403988	85.52634454415723
2.176028077704961	0.007	0.005	0.22339962348290734	0.00037922366673572895	1.0332366291080988	1.141527784814951	85.39918156644416
2.196747096122092	0.007	0.005	0.22473411751039063	0.00037865419326059597	1.0468168837255127	1.1507486619256397	85.27093912600981
2.2176764636667303	0.007	0.005	0.22607019684804128	0.00037807980646263964	1.0605261396600243	1.1600347563059066	85.14159022940292
2.2388216727690713	0.007	0.005	0.22740792330107165	0.00037750038090718363	1.0743662756452579	1.1693877208349515	85.01110663209901
2.260188473485641	0.007	0.005	0.22874736267413912	0.0003769157852472051	1.0883392613265306	1.1788092878407008	84.87945875495996
2.2817828961917033	0.007	0.005	0.23008858538716692	0.0003763258816655304	1.102447167139708	1.1883012768331545	84.74661556128883
2.303611256497766	0.007	0.005	0.23143166591595038	0.00037573052581676915	1.116692162141956	1.1978655942234269	84.6125445447299
2.325680192927547	0.007	0.005	0.232776684194215	0.00037512956587900737	1.13107653277012	1.207504247233979	84.47721151719178
2.347996675320126	0.007	0.005	0.23412372511562993	0.0003745228424352864	1.1456026819451584	1.2172193447073238	84.34058057860793
2.37056803939958	0.007	0.005	0.23547287955195303	0.00037391018762501625	1.1602731446593624	1.2270131091134704	84.20261392796398
2.393402012642361	0.007	0.005	0.2368242447247116	0.00037329142455841716	1.1750905972117154	1.2368878844314575	84.06327173010006
2.4165067339326387	0.007	0.005	0.23817792410946603	0.0003726663668990886	1.1900578616984143	1.2468461410537186	83.92251202261022
2.4398908010406433	0.007	0.005	0.2395340288603037	0.0003720348177135276	1.2051779277347263	1.2568904923613684	83.78029045565565
2.4635632877063194	0.007	0.005	0.24089267731200498	0.00037139656912447164	1.2204539535642573	1.2670236977944567	83.636560219976
2.487533798761414	0.007	0.005	0.24225399655053131	0.00037075140102417584	1.2358892907654742	1.2772486818584181	83.49127174658838
2.511812497863499	0.007	0.005	0.24361812223216486	0.00037009908046756537	1.2514874901112119	1.2875685408932152	83.3443725766182
2.5364101651082023	0.007	0.005	0.24498519992902376	0.00036943936030356904	1.2672523254103933	1.2979865620865372	83.19580705381915
2.561338230083754	0.007	0.005	0.24635538489424974	0.0003687719784943894	1.2831878001377333	1.3085062314630234	83.04551617009415
2.586608842823109	0.007	0.005	0.24772884372286713	0.0003680966564506681	1.2992981767666953	1.319131257302146	82.89343718683521
2.6122349205089983	0.007	0.005	0.24910575441991342	0.0003674130980074938	1.3155879887490198	1.3298655825648507	82.73950340817073
2.638230211518529	0.007	0.005	0.25048630717038994	0.00036672098795999144	1.3320620615945482	1.3407134038856805	82.5836438553953
2.66460936419667	0.007	0.005	0.25187070507118553	0.0003660199905773275	1.348725534687434	1.3516791916745052	82.42578291961684
2.69138799362754	0.007	0.005	0.2532591644495757	0.00036530974808593117	1.3655838793304362	1.3627677084554346	82.26584003349454
2.7185827608748836	0.007	0.005	0.2546519155052175	0.0003645898789326045	1.3826429218809824	1.373984031380515	82.10372927609113
2.7462114361758854	0.007	0.005	0.2560492017775491	0.0003638599765379671	1.3999088537417987	1.3853335670381042	81.9393590817513
2.7742929841895942	0.007	0.005	0.25745128039045917	0.0003631196073688269	1.4173882518714216	1.3968220742476276	81.77263182613258
2.802847623532935	0.007	0.005	0.2588584206251411	0.00036236830989554256	1.4350880795926113	1.4084556751056256	81.60344357446559
2.831896889164076	0.007	0.005	0.26027090230577304	0.0003616055934152765	1.4530156854409275	1.420240866091607	81.43168382169047
2.861463669891967	0.007	0.005	0.26168901265342426	0.0003608309375701659	1.471178782706761	1.4321845179668344	81.25723538862793
2.891572211956657	0.007	0.005	0.2631130412876445	0.0003600437928630848	1.489585404347537	1.4442938610778304	81.07997452577771
2.9222480679189737	0.007	0.005	0.26454327256607474	0.00035924358248399005	1.5082438211449305	1.4565764481440138	80.89977134397797
2.9535179734036405	0.007	0.005	0.2659799747225339	0.0003584297061946624	1.527162413639871	1.4690400882488175	80.71649066942179
2.9854095928223514	0.007	0.005	0.2674233835108276	0.000357601547437076	1.5463494642254556	1.4816927296623088	80.52999366022004
3.017951106124965	0.007	0.005	0.26887367977240184	0.0003567584846269101	1.5658128562216194	1.494542282253925	80.34014033451481
3.0511705237215154	0.007	0.005	0.27033095683773123	0.0003558999091991705	1.5855596178845008	1.5075963375194035	80.146793649595
3.0850946714605034	0.007	0.005	0.27179517669388736	0.0003550252520241834	1.6055952858490494	1.5208617675141427	79.9498254397952
3.11974770334915	0.007	0.005	0.273266110703867	0.00035413402150208026	1.6259230165655196	1.5343441525019674	79.74912499893551
3.155149030406595	0.007	0.005	0.274743262834637	0.00035322585603079067	1.646542398717412	1.5480470016131447	79.54461089609518
3.191310534615811	0.007	0.005	0.2762257733137279	0.00035230059386076877	1.6674479149273254	1.5619707256428055	79.33624670768985
3.22823309051201	0.007	0.005	0.27771230763386934	0.0003513583594010087	1.6886270967672161	1.5761113824927449	79.12406044648067
3.2659025225392844	0.007	0.005	0.27920093989571554	0.00035039966219880625	1.7100584797340086	1.5904592560321273	78.90816686144575
3.304285529747975	0.007	0.005	0.28068905416976087	0.0003494254948931715	1.731709689460561	1.604997479623808	78.6887894927918
3.343326440737777	0.007	0.005	0.28217329662482604	0.0003484374081972266	1.7535361545896346	1.6197010305733872	78.46627754985816
3.3829460786259338	0.007	0.005	0.2836496208999998	0.0003474375309559319	1.775481132736929	1.6345365612297966	78.24111043458784
3.4230437778221416	0.007	0.005	0.28511345228506324	0.00034642851026150966	1.7974775430779883	1.6494634196858522	78.0138842644972
3.4635030135625935	0.007	0.005	0.28655996901193553	0.0003454133619377114	1.819451726369716	1.664435978125522	77.78527818428284
3.504199792767891	0.007	0.005	0.28798445087620245	0.0003443952544357573	1.841328517021438	1.6794068962161532	77.55600571311162
3.5450119130493523	0.007	0.005	0.2893826160930489	0.00034337727508855503	1.8630364904539447	1.6943305830783038	77.3267621026328
3.5858270861917454	0.007	0.005	0.2907508761945289	0.00034236222893944815	1.8845122784955688	1.7091661174202148	77.0981790288727
3.626548447121938	0.007	0.005	0.29208646864734994	0.00034135250603086614	1.9057032183536384	1.7238791126332682	76.8707947259956
3.66709721062342	0.007	0.005	0.2933874751294037	0.0003403500219031873	1.9265683158448896	1.738442485601719	76.64504055751648
3.707412857511176	0.007	0.005	0.29465275346268927	0.00033935621989523843	1.9470778367812633	1.7528363124015578	76.42124155269096
3.7474517400122638	0.007	0.005	0.2958818235113283	0.0003383721123080574	1.9672120806138462	1.7670471257638796	76.19962568553075
3.7871847637694858	0.007	0.005	0.29707473456695654	0.0003373983436156727	1.9869597342234737	1.7810669104618873	75.98033808140575
3.826594865478418	0.007	0.005	0.2982319392407772	0.00033643525731215303	2.0063162012543594	1.7948920617098596	75.763456092942
3.8656744884774863	0.007	0.005	0.2993541799799698	0.00033548296171193064	2.0252820172427533	1.808522379093531	75.5490041168926
3.9044233910932196	0.007	0.005	0.30044239679921037	0.00033454138656082967	2.0438615125594533	1.8219602105912998	75.33696632890803
3.9428467539714322	0.007	0.005	0.3014976531181066	0.0003336103312890789	2.0620616947211223	1.8352097290671732	75.12729756418945
3.9809536409226225	0.007	0.005	0.30252107922148835	0.0003326895040071053	2.079891363460047	1.848276354499922	74.91993208736888
4.018755788301428	0.007	0.005	0.3035138306644922	0.0003317785518186715	2.0973604324922213	1.861166307573308	74.71479043111955
4.056266646412728	0.007	0.005	0.3044770579017804	0.00033087708467601906	2.114479409569779	1.8738862634970461	74.51178475678135
4.093500682145278	0.007	0.005	0.3054118860320451	0.00032998469249863126	2.1312590283014323	1.8864431051671704	74.31082271767224
4.130472822461829	0.007	0.005	0.30631940046887873	0.0003291009587118878	2.147709967594858	1.8988437315199835	74.11181050196859
4.167198079067695	0.007	0.005	0.30720063878581216	0.0003282254692118837	2.163842670298984	1.9110949323430837	73.91465485542885
4.203691268436981	0.007	0.005	0.30805658594174723	0.0003273578189311838	2.179667216547571	1.9232032986114598	73.71926456253813
4.239966815016779	0.007	0.005	0.30888817218414466	0.0003264976164050046	2.1951932425987164	1.9351751629969325	73.52555146145012
4.276038633565979	0.007	0.005	0.3096962731903039	0.0003256444862406544	2.210429899998018	1.9470165681038618	73.3334310230222
4.31192003762325	0.007	0.005	0.3104817109898943	0.0003247980711536193	2.2253858298677716	1.9587332441492837	73.14282278319864
4.34762371511836	0.007	0.005	0.31124525643299056	0.0003239580322004386	2.2400691679451175	1.970330609037261	72.95365041437765
4.3831616986308894	0.007	0.005	0.311987631470403	0.00032312404924358755	2.2544875484655185	1.9818137666559779	72.76584182486188
4.418545379290278	0.007	0.005	0.3127095122585662	0.00032229582037967533	2.2686481265168124	1.9931875191806523	72.5793290278797
4.453785502749629	0.007	0.005	0.31341153173659453	0.00032147306180055037	2.28255759300674	2.004456373248998	72.39404810749959
4.488892217157216	0.007	0.005	0.3140942830893451	0.0003206555063779988	2.2962222099309253	2.0156245624260487	72.20993891337953
4.523875075126675	0.007	0.005	0.3147583220983305	0.0003198429034857603	2.3096478265889795	2.0266960544456287	72.02694500105474
4.558743092014525	0.007	0.005	0.31540417041362523	0.0003190350173497016	2.32283991692387	2.037674575909779	71.84501328018624
4.593504756288356	0.007	0.005	0.31603231771683843	0.000318231626700833	2.335803597251938	2.048563621265999	71.66409391756584
4.628168066210337	0.007	0.005	0.31664322422941865	0.00031743252367293334	2.348543653277025	2.059366469698129	71.48414010547644
4.6627405810889755	0.007	0.005	0.31723732329317367	0.00031663751250494764	2.361064571166994	2.070086206020352	71.30510775846707
4.697229420956339	0.007	0.005	0.3178150228947723	0.00031584640938032814	2.3733705487255627	2.0807257250811864	71.1269554809776
4.731641326899606	0.007	0.005	0.3183767081062237	0.00031505904087721987	2.3854655277379964	2.091287754619498	70.94964422349483
4.765982665624316	0.007	0.005	0.3189227424400155	0.0003142752437918113	2.3973532052347384	2.1017748604606643	70.7731372302681
4.800259471900966	0.007	0.005	0.319453469721529	0.0003134948640105048	2.4090370574266653	2.112189463055879	70.59739979393481
4.834477465222033	0.007	0.005	0.31996921542693973	0.0003127177560031291	2.4205203537078486	2.1225338457665663	70.42239914561613
4.8686420703742	0.007	0.005	0.32047028799630606	0.0003119437823195487	2.431806171416878	2.1328101640938817	70.2481043267648
4.902758448716259	0.007	0.005	0.3209569802104064	0.0003111728126802423	2.4428974134027555	2.143020457847362	70.07448600854897
4.936831504087131	0.007	0.005	0.32142957011264967	0.00031040472390304094	2.4537968165606396	2.153166655432692	69.90151644257402
4.970865917609725	0.007	0.005	0.3218883222708978	0.00030963939891478554	2.46450696920138	2.16325058657065	69.72916926621136
5.004866141523969	0.007	0.005	0.3223334884022553	0.00030887672684679556	2.4750303147622623	2.1732739826065695	69.55741951752005
5.038836442225585	0.007	0.005	0.3227653086035551	0.0003081166020712942	2.485369170558011	2.1832384912262714	69.38624340231146
5.072780891228103	0.007	0.005	0.32318401182869255	0.0003073589242427071	2.4955257297526656	2.1931456755898378	69.2156183260897
5.106703391862456	0.007	0.005	0.3235898167871221	0.0003066035976860335	2.5055020740296716	2.202997023860353	69.0455227465395
5.140607681017647	0.007	0.005	0.3239829324793899	0.00030585053133153707	2.515300178292628	2.2127939512716317	68.87593615286028
5.174497355378612	0.007	0.005	0.3243635589826507	0.0003050996380665233	2.5249219222057966	2.222537809176135	68.7068389233066
5.208375861574077	0.007	0.005	0.32473188777786877	0.0003043508348311369	2.5343690909635592	2.232229883539926	68.5382123642177
5.242246526560201	0.007	0.005	0.32508810250013986	0.00030360404207929617	2.5436433872746913	2.24187140492156	68.37003854892104
5.276112547484672	0.007	0.005	0.3254323792066439	0.0003028591837574797	2.5527464316387958	2.2514635467207302	68.20230035942592
5.309977012834331	0.007	0.005	0.3257648869558802	0.0003021161869443632	2.561679771102645	2.2610074322863847	68.03498137310527
5.343842905533379	0.007	0.005	0.32608578816401224	0.0003013749817076428	2.570444882755685	2.270504136777984	67.86806583986737
5.37771311267864	0.007	0.005	0.32639523900449474	0.0003006355008399596	2.5790431788024852	2.2799546908306496	67.70153862704761
5.411590426220981	0.007	0.005	0.3266933897006223	0.0002998976798606016	2.587476009115183	2.289360081615443	67.53538520943592
5.445477554791836	0.007	0.005	0.3269803849007602	0.0002991614566624962	2.595744666458238	2.298721256950476	67.3695916049655
5.47937712200184	0.007	0.005	0.32725636391431806	0.0002984267715848196	2.603850388163396	2.308039125591132	67.20414437726363
5.513291682644877	0.007	0.005	0.3275214610808506	0.0002976935670081658	2.6117943620053965	2.3173145624067537	67.03903055107466
5.547223718646875	0.007	0.005	0.3277758059524427	0.000296961787431022	2.6195777270078984	2.3265484079144496	66.87423762715291
5.581175646197817	0.007	0.005	0.32801952355629477	0.00029623137929317796	2.627201576852806	2.335741470856241	66.7097535428029
5.61514982285456	0.007	0.005	0.32825273463775423	0.00029550229078233067	2.6346669630770463	2.3448945307004387	66.54556663311791
5.649148545609763	0.007	0.005	0.3284755558269368	0.0002947744718944887	2.6419748961455864	2.354008337660903	66.38166563626525
5.683174062441285	0.007	0.005	0.32868809988614134	0.00029404787414940783	2.649126349382144	2.363083616310218	66.21803963392604
5.717228568070118	0.007	0.005	0.328890475840017	0.0002933224506625447	2.6561222593643965	2.3721210649120663	66.05467806825254
5.751314213219983	0.007	0.005	0.3290827891833861	0.000292598155942235	2.6629635291194766	2.381121358336777	65.89157069402782
5.78543310257886	0.007	0.005	0.32926514200971624	0.0002918749459123931	2.669651028870495	2.390085147935639	65.72870758537675
5.819587301776401	0.007	0.005	0.3294376331837625	0.0002911527777366217	2.676185598546009	2.3990130637762497	65.56607909948356
5.8537788421034955	0.007	0.005	0.3296003584880554	0.0002904316097557668	2.682568049678994	2.40790571623116	65.40367585154026
5.888009713885748	0.007	0.005	0.32975341070897923	0.00028971140157032176	2.68879916513746	2.416763694595778	65.24148874374346
5.922281880244821	0.007	0.005	0.3298968798137163	0.0002889921137516062	2.6948797026110367	2.4255875709893266	65.0795088976065
5.956597270444048	0.007	0.005	0.3300308530240893	0.00028827370797767526	2.7008103942372856	2.434377898927074	64.91772768339332
5.9909577891205625	0.007	0.005	0.3301554149544898	0.0002875561468267179	2.706591949050516	2.4431352159791215	64.75613667448418
6.025365316433601	0.007	0.005	0.33027064770280345	0.0002868393937734208	2.7122250537135515	2.4518600440560285	64.59472764496824
6.059821703626925	0.007	0.005	0.33037663092546826	0.0002861234132664495	2.7177103725289875	2.4605528885359407	64.4334925886947
6.094328786850839	0.007	0.005	0.33047344196640205	0.00028540817043764215	2.723048550356511	2.4692142419940866	64.27242365290407
6.128888378151305	0.007	0.005	0.33056115590673296	0.0002846936312704371	2.7282402117815265	2.4778445821356434	64.11151317901997
6.163502274743074	0.007	0.005	0.3306398456663676	0.0002839797624282322	2.733285963153597	2.4864443743259574	63.95075365801157
6.198172252245639	0.007	0.005	0.3307095820589888	0.00028326653136034695	2.738186392149071	2.4950140700934633	63.79013776061947
6.232900080888238	0.007	0.005	0.33077043389334726	0.0002825539059793635	2.742942070611221	2.5035541113155046	63.62965826111226
6.26768750953351	0.007	0.005	0.3308224680039975	0.00028184185498406127	2.7475535527711155	2.5120649264261505	63.46930811033616
6.302536279606911	0.007	0.005	0.3308657493386074	0.00028113034756562693	2.7520213776608986	2.5205469340029882	63.309080370332246
6.337448122927232	0.007	0.005	0.33090034100882365	0.00028041935345955146	2.7563460692071122	2.529000542358751	63.148968223674025
6.372424764150694	0.007	0.005	0.33092630434618137	0.0002797088428498882	2.7605281369269745	2.537426150256219	62.98896496158386
6.407467918580059	0.007	0.005	0.3309436989516057	0.0002789987865029034	2.764568076041694	2.545824146495272	62.82906399335025
6.442579296934464	0.007	0.005	0.3309525827480507	0.0002782891555539056	2.768466368408443	2.5541949111702085	62.66925882395999
6.477760607824994	0.007	0.005	0.33095301202550437	0.00027757992153370543	2.772223483094974	2.562538816347311	62.50954304247169
6.513013555570918	0.007	0.005	0.33094504148325654	0.00027687105640211024	2.77583987642879	2.570856225626606	62.349910331639784
6.548339847365501	0.007	0.005	0.33092872426912395	0.0002761625323780088	2.779315993007292	2.5791474959073946	62.190354435218886
6.583741184066597	0.007	0.005	0.33090411202120246	0.0002754543221266652	2.782652265024991	2.5874129752867825	62.03086919944874
6.619219269720363	0.007	0.005	0.33087125490233144	0.00027474639858662863	2.7858491134851056	2.5956530053644506	61.871448529837075
6.654775811745042	0.007	0.005	0.33083020163260335	0.00027403873495801225	2.788906948396417	2.6038679213245906	61.71208639041622
6.690412518748275	0.007	0.005	0.3307809995247095	0.0002733313047341096	2.791826168783425	2.6120580514734786	61.55277681358336
6.726131107799748	0.007	0.005	0.3307236945055539	0.000272624081588365	2.7946071634733305	2.6202237189481834	61.393513867689755
6.7619332975263715	0.007	0.005	0.33065833115520143	0.00027191703945625916	2.797250310695043	2.6283652401566098	61.23429168810861
6.797820815417015	0.007	0.005	0.3305849527240281	0.00027121015247056	2.7997559788157926	2.6364829264726373	61.075104444881745
6.8337954004365296	0.007	0.005	0.3305036011510736	0.0002705033948401628	2.802124526609748	2.64457708482565	60.915946331603
6.869858798488214	0.007	0.005	0.3304143170973162	0.0002697967409798207	2.804356303044466	2.6526480166747617	60.75681158600349
6.906012765019173	0.007	0.005	0.33031713996463796	0.000269090165436088	2.8064516475829895	2.6606960186012953	60.597694478832025
6.942259070063689	0.007	0.005	0.3302121079039572	0.00026838364283433694	2.8084108905593155	2.668721383420682	60.438589292233125
6.978599493699545	0.007	0.005	0.3300992578477106	0.0002676771479087259	2.810234352982376	2.6767243991528007	60.279490340395945
7.015035838379989	0.007	0.005	0.32997862549033286	0.0002669706553399175	2.811922347203995	2.6847053517110018	60.12039191630358
7.051569905040973	0.007	0.005	0.32985024538458535	0.0002662641401329639	2.813475175841991	2.6926645196334267	59.96128839688859
7.088203534566014	0.007	0.005	0.3297141508175147	0.0002655575769120429	2.814893133664951	2.7006021831064886	59.80217406304177
7.124938564440204	0.007	0.005	0.3295703739769916	0.0002648509406858475	2.816176505741247	2.7085186144686464	59.64304328939633
7.161776872872375	0.007	0.005	0.3294189458019097	0.0002641442060428009	2.8173255691435326	2.7164140877157013	59.48389035373011
7.198720337669975	0.007	0.005	0.32925989615581847	0.0002634373479471005	2.8183405914900788	2.7242888695747403	59.32470961624775
7.235770875728182	0.007	0.005	0.3290932536783864	0.0002627303409643075	2.8192218321828224	2.7321432279095386	59.16549535006739
7.272930416458814	0.007	0.005	0.3289190459074774	0.0002620231597867033	2.8199695415747295	2.739977425961046	59.00624185717974
7.310200921863778	0.007	0.005	0.3287372992000708	0.0002613157788712087	2.8205839614184582	2.747791726526682	58.84694338347649
7.3475843721480025	0.007	0.005	0.32854803880847205	0.0002606081726943755	2.8210653245082207	2.755586388835033	58.6875941818671
7.3850827859884145	0.007	0.005	0.3283512887879205	0.0002599003153877464	2.8214138549064405	2.763361672687011	58.528188427281215
7.422698196141537	0.007	0.005	0.32814707212879646	0.00025919218120541547	2.8216297675726283	2.771117833273898	58.36872032216467
7.460432687341472	0.007	0.005	0.3279354105608399	0.00025848374382004657	2.8217132685538857	2.778855128901319	58.20918393729379
7.49828835181178	0.007	0.005	0.3277163248011569	0.00025777497716540876	2.821664554640444	2.7865738117014494	58.04957340211536
7.536267498924053	0.007	0.005	0.3274898333123462	0.00025706585152105967	2.8214838123210355	2.7942741700357936	57.88988202486074
7.574372473379813	0.007	0.005	0.3272559532790666	0.0002563563369632375	2.82117121630908	2.801956490759602	57.730103066488596
7.612605429726063	0.007	0.005	0.32701470205665906	0.00025564640754469303	2.820726932455502	2.809621014007813	57.57023068434339
7.650968725032174	0.007	0.005	0.3267660947914645	0.0002549360339972014	2.8201511149274467	2.817268012387361	57.41025828601715
7.689464612261727	0.007	0.005	0.3265101463484933	0.0002542251894234405	2.8194439094368056	2.824897729286743	57.25017981443422
7.728095495668058	0.007	0.005	0.3262468696724324	0.0002535138445773533	2.818605449535012	2.8325104297109256	57.089988684300714
7.766863737242824	0.007	0.005	0.3259762770646239	0.00025280197145978597	2.817635859787202	2.8401063616715656	56.92967859019183
7.805771806215915	0.007	0.005	0.32569837917392724	0.0002520895405640964	2.8165352525403415	2.8476857855256386	56.76924288858761
7.844822171727157	0.007	0.005	0.3254131857386781	0.0002513765228887098	2.8153037302873183	2.85524895270561	56.60867504489092
7.884017394133025	0.007	0.005	0.32512070493513046	0.0002506628882200147	2.813941382922358	2.8627961233124046	56.447968259680856
7.92336004803985	0.007	0.005	0.3248209439351212	0.00024994860662314516	2.81244828990977	2.8703275509752872	56.28711578836927
7.962852804030268	0.007	0.005	0.32451390829117116	0.000249233646907114	2.8108245171746784	2.8778434983435686	56.126110609445426
8.002498356470408	0.007	0.005	0.3241996024787144	0.000248517978005268	2.809070119521704	2.8853442229960136	55.96494572326642
8.042299487515683	0.007	0.005	0.32387802939518046	0.00024780156776404733	2.8071851377764983	2.8928299893760188	55.80361389452402
8.082259028779301	0.007	0.005	0.32354919065186755	0.0002470843837411412	2.805169600080597	2.9003010612231424	55.64210781224292
8.122379894270823	0.007	0.005	0.3232130862993322	0.0002463663925524929	2.8030235200043436	2.9077577074687997	55.480419960302996
8.162665052406933	0.007	0.005	0.32286971504868556	0.0002456475604289418	2.8007468976232053	2.915200196691535	55.3185427347666
8.203117562017162	0.007	0.005	0.32251907395949536	0.00024492785259450686	2.7983397172289863	2.922628803476715	55.15646830323369
8.24374055238733	0.007	0.005	0.3221611585950811	0.0002442072336262539	2.7958019480075147	2.93004380435477	54.99418868998647
8.284537235453211	0.007	0.005	0.3217959629064982	0.00024348566728270751	2.79313354295779	2.9374454796888814	54.831695731886064
8.32551091009733	0.007	0.005	0.321423479180148	0.0002427631164140956	2.79033443818309	2.9448341140640717	54.668981066470664
8.36666497203288	0.007	0.005	0.32104369793164766	0.00024203954287883552	2.7874045517406087	2.9522099976480094	54.50603609829838
8.408002904679195	0.007	0.005	0.3206566079727852	0.00024131490763795466	2.784343783797361	2.959573424113272	54.34285204094744
8.449528297475483	0.007	0.005	0.32026219622539487	0.00024058917053157764	2.7811520148369144	2.9669246934639557	54.17941985057546
8.491244834107256	0.007	0.005	0.31986044781430745	0.00023986229050651254	2.777829106039911	2.974264109466946	54.01573027869668
8.533156316731642	0.007	0.005	0.3194513458180163	0.00023913422517567482	2.7743748968913997	2.9815919834370623	53.85177378354681
8.575266657177337	0.007	0.005	0.31903487133138697	0.00023840493106043088	2.77078920529373	2.9889086321451814	53.68754057182244
8.61757989611727	0.007	0.005	0.3186110032556088	0.00023767436324904936	2.767071825381201	2.9962143806008146	53.52302053124276
8.660100194442162	0.007	0.005	0.31817971835977876	0.00023694247561431467	2.7632225276331868	3.003509559957061	53.35820327212216
8.702831847202587	0.007	0.005	0.3177409911185248	0.00023620922057293294	2.759241057050841	3.0107945093094948	53.19307808130313
8.745779300793428	0.007	0.005	0.31729479350811046	0.00023547454885854659	2.7551271308575895	3.0180695779536983	53.02763386467636
8.78894713613575	0.007	0.005	0.31684109515242825	0.00023473840986125563	2.750880439385672	3.0253351218286704	52.861859221376186
8.832340103454941	0.007	0.005	0.316379862932725	0.0002340007510295718	2.746500642016731	3.032591508672319	52.69574231962066
8.875963105745408	0.007	0.005	0.3159110611302387	0.00023326151823725963	2.741987368034607	3.0398391144554218	52.529270970648504
8.91982123147849	0.007	0.005	0.31543465104618634	0.0002325206552717778	2.7373402125251802	3.047078328026851	52.3624325145135
8.96391974420915	0.007	0.005	0.3149505910782692	0.00023177810404318165	2.732558736593014	3.054309548504365	52.19521387151626
9.008264110337645	0.007	0.005	0.3144588363829265	0.00023103380419689577	2.7276424635404446	3.0615331889298667	52.02760144899014
9.05285999801569	0.007	0.005	0.31395933884773947	0.00023028769317680561	2.722590878034124	3.0687496750931964	51.85958115875653
9.097713294011495	0.007	0.005	0.31345204686485656	0.0002295397060009587	2.717403423285164	3.0759594472422305	51.691138367281944
9.142830121139104	0.007	0.005	0.312936905091448	0.00022878977502880434	2.71207949802224	3.0831629617757184	51.52225784508608
9.188216835120869	0.007	0.005	0.3124138544419512	0.00022803783012318804	2.70661845582655	3.0903606895748017	51.352923794175375
9.233880070115383	0.007	0.005	0.31188283151894874	0.00022728379792212212	2.701019598600848	3.0975531219957997	51.183119694724944
9.279826718394656	0.007	0.005	0.3113437687970321	0.00022652760227003	2.6952821778344673	3.1047407663046327	51.01282839894434
9.32606398035194	0.007	0.005	0.3107965939892418	0.00022576916349675028	2.689405387256001	3.1119241521325414	50.84203196425906
9.37259936040129	0.007	0.005	0.31024123003770454	0.00022500839856376092	2.683388362011728	3.119103829291284	50.67071168926864
9.419440706580797	0.007	0.005	0.30967759458543653	0.00022424522049108075	2.6772301722544247	3.12628037228793	50.49884798954104
9.466596217037727	0.007	0.005	0.3091055998352206	0.00022347953840953989	2.6709298208367938	3.1334543795639385	50.32642039750129
9.514074472212451	0.007	0.005	0.30852515209697384	0.00022271125707538708	2.664486237577828	3.140626476560682	50.1534074695892
9.561884461934337	0.007	0.005	0.3079361513877389	0.00022194027662819055	2.6578982740106865	3.147797317816247	49.979786714578815
9.610035613670673	0.007	0.005	0.3073384910108513	0.0002211664922075809	2.6511646978278316	3.154967589057314	49.8055345201087
9.658537822012477	0.007	0.005	0.3067320571133787	0.0002203897936474723	2.6442841870148124	3.162138009288768	49.63062607726713
9.707401479488382	0.007	0.005	0.30611672822082325	0.00021961006513468147	2.637255323662952	3.169309332884109	49.45503530306346
9.756637531805085	0.007	0.005	0.3054923744553315	0.00021882718445674187	2.630076584074467	3.1764823550181833	49.27873467839572
9.806257495793755	0.007	0.005	0.3048588572143818	0.0002180410229212401	2.6227463340329127	3.1836579113644166	49.10169522358604
9.856273525138036	0.007	0.005	0.3042160282367637	0.0002172514445202147	2.615262816959982	3.190836884501199	48.92388630630927
9.906698448852614	0.007	0.005	0.3035637290024503	0.00021645830547258038	2.607624145791303	3.198020206016936	48.74527555158438
9.957545835556624	0.007	0.005	0.3029017897913442	0.00021566145349702375	2.599828290784482	3.2052088619871535	48.56582866460861
10.008830040422286	0.007	0.005	0.3022300289542948	0.00021486072729322826	2.5918730696942482	3.212403895599647	48.38550932021836
10.060566299650745	0.007	0.005	0.3015482515508835	0.0002140559553219299	2.5837561303443364	3.219606416048278	48.20427889076897
10.112770774015107	0.007	0.005	0.30085624863889887	0.00021324695543535187	2.5754749407634017	3.226817599783666	48.022096359906065
10.165460662026009	0.007	0.005	0.3001537956337945	0.00021243353347274711	2.5670267681275125	3.2340387009581804	47.83891799937982
10.21865427305856	0.007	0.005	0.29944065117784396	0.00021161548245123856	2.558408663595039	3.241271055680011	47.65469719460432
10.27237114449391	0.007	0.005	0.2987165554070575	0.00021079258110280271	2.549617439752173	3.2485160916636904	47.46938412606018
10.326632151307402	0.007	0.005	0.29798122829721646	0.00020996459273085323	2.54064964880183	3.255775336061478	47.28292548778907
10.381459648251635	0.007	0.005	0.2972343675484544	0.00020913126346707236	2.531501554941511	3.2630504268274163	47.09526410544136
10.436877595112142	0.007	0.005	0.2964756466763978	0.00020829232084692054	2.522169109048471	3.270343120860882	46.90633862583493
10.492911761801892	0.007	0.005	0.2957047119882486	0.00020744747135359885	2.512647909451667	3.2776553116175107	46.716082948944745
10.54958984839909	0.007	0.005	0.29492118069685214	0.00020659639922203195	2.5029331764624034	3.2849890343071477	46.524425966994684
10.606941768172328	0.007	0.005	0.2941246367651328	0.00020573876292552382	2.4930196986344697	3.292346490995182	46.33129076942358
10.664999810422906	0.007	0.005	0.29331462837410976	0.00020487419354610136	2.4829017988154876	3.299730058459688	46.13659427799689
10.723798966475478	0.007	0.005	0.2924906630968831	0.0002040022908280471	2.4725732714152935	3.307142315261428	45.940246356983906
10.783377160727246	0.007	0.005	0.29165220435732636	0.00020312262076682396	2.4620273353828224	3.3145860546082093	45.74214927191909
10.843775635328864	0.007	0.005	0.290798665704251	0.00020223471109547312	2.4512565595553104	3.322064314341851	45.54219666755272
10.90503923941121	0.007	0.005	0.2899294063914077	0.0002013380482682185	2.4402528041456026	3.3295803923549587	45.34027290114295
10.967216887167998	0.007	0.005	0.289043724543092	0.00020043207227850058	2.429007131585804	3.337137880091463	45.136251857753955
11.030361900409625	0.007	0.005	0.2881408519290979	0.0001995161732354383	2.4175097375722667	3.3447406786150653	44.92999619380731
11.094532489193272	0.007	0.005	0.2872199467642999	0.00019858968622384974	2.4057498570913567	3.3523930281566967	44.72135617660867
11.159792100274702	0.007	0.005	0.28628008840009117	0.00019765188833454006	2.393715694730607	3.3600995181420727	44.510169009647626
11.226209772598779	0.007	0.005	0.28532027196032667	0.00019670199577185004	2.3813943549306678	3.367865094823988	44.29625818537009
11.293860295571593	0.007	0.005	0.28433940590605283	0.00019573916402257406	2.368771810836808	3.375695042790682	44.07943352244254
11.362824062342334	0.007	0.005	0.283336314184304	0.0001947624924799273	2.3558329339746598	3.3835949295517427	43.85949221191821
11.433186372996982	0.007	0.005	0.2823097466537432	0.00019377103690856797	2.342561633628986	3.3915704880105073	43.63622161645509
11.505035760728601	0.007	0.005	0.28125840421469506	0.00019276383534917556	2.328941190907934	3.399627393849523	43.409405105040555
11.578460712995623	0.007	0.005	0.28018098813757886	0.00019173995570061244	2.31495491331666	3.4077708771202952	43.17883277394675
11.653543938293193	0.007	0.005	0.2790762864884663	0.00019069857587824496	2.3005872812049954	3.416005089900064	42.9443195002619
11.730352595076813	0.007	0.005	0.277943321549804	0.000189639117008846	2.2858259021407163	3.424332082099596	42.70573491568274
11.808923438420637	0.007	0.005	0.2767815744403516	0.0001885614412305718	2.2706644909964155	3.43275031224155	42.4630479817083
11.889241233145052	0.007	0.005	0.27559131213936955	0.00018746613392793874	2.2551072106754604	3.4412525685889293	42.21639052038443
11.971212145555258	0.007	0.005	0.2743739921313618	0.00018635484262085345	2.2391740528932793	3.4498235439735114	41.96613354108063
12.054637314536327	0.007	0.005	0.2731326669834705	0.0001852305994675312	2.222906235453647	3.4584376474098013	41.71295987895404
12.139199674773792	0.007	0.005	0.27187219215884345	0.00018409795287397496	2.2063690162980594	3.4670583736974616	41.45789380414277
12.224478391178977	0.007	0.005	0.2705990186598379	0.00018296272524881034	2.1896490198223435	3.4756405342463337	41.20224649576379
12.309996347262949	0.007	0.005	0.2693204842435179	0.00018183134262659797	2.1728449027986416	3.4841356145978732	40.947465058618995
12.395284561963697	0.007	0.005	0.2680438416656757	0.00018070996740228413	2.156054479577725	3.4924983735427713	40.69493723823009
12.479937412759837	0.007	0.005	0.26677541702447866	0.00017960378468642022	2.139363502821617	3.500692027330574	40.44583069007404
12.563641391201399	0.007	0.005	0.2655201622832764	0.0001785166592117238	2.122839623866955	3.5086904898646214	40.20101573296103
12.646178719557069	0.007	0.005	0.26428158699799403	0.0001774511294542604	2.106531375790316	3.5164780571440133	39.96106401704667
12.72741557659682	0.007	0.005	0.26306192539262896	0.00017640859899565657	2.0904703004104355	3.5240476733277113	39.72629162462054
12.807284697379215	0.007	0.005	0.26186239233261543	0.00017538959233017338	2.0746742868455317	3.531398803814879	39.49681666581689
12.88576810509949	0.007	0.005	0.2606834407413417	0.00017439399934972847	2.0591509582149126	3.538535474517094	39.27261434664257
12.96288232895406	0.007	0.005	0.25952498391342615	0.00017342127965377653	2.043900613428872	3.545464675403785	39.05356297106287
13.03866688777583	0.007	0.005	0.25838657002887605	0.0001724706186088807	2.0289185479840954	3.552195166965733	38.83947908803034
13.113175565633702	0.007	0.005	0.2572675153019013	0.0001715410432134156	2.014196832719477	3.5587366147249604	38.63014358140755
13.186470221992495	0.007	0.005	0.25616699920704283	0.00017063150260912915	1.9997255925780577	3.565099002494318	38.42531980588629
13.258616347161315	0.007	0.005	0.2550841334008564	0.00016974092449761029	1.9854939366837747	3.5712922344342677	38.22476628444173
13.329680104010915	0.007	0.005	0.2540180081139532	0.0001688682515121072	1.9714905888311067	3.5773258889697317	38.02824490188358
13.399726371815948	0.007	0.005	0.2529677232432047	0.00016801246425065348	1.957704313515887	3.583209072301909	37.835526098602514
13.468817464011375	0.007	0.005	0.2519324090700243	0.00016717259556253157	1.9441242025497165	3.5889503367903353	37.646392074665094
13.537012454861411	0.007	0.005	0.2509112376036264	0.00016634773701487443	1.930739835846773	3.5945576540506927	37.46063825432357
13.60436677057856	0.007	0.005	0.24990342974598367	0.00016553704207663135	1.9175413850716474	3.600038410911063	37.27807400379746
13.670932103744354	0.007	0.005	0.24890825743032632	0.00016473972540461125	1.9045196494644616	3.6053994313313535	37.09852246941551
13.736756397939208	0.007	0.005	0.247925044554713	0.00016395506137876717	1.8916660743183664	3.6106470024149635	36.92182024277835
13.801884029159154	0.007	0.005	0.2469531648457787	0.00016318238031838233	1.8789727280231434	3.6157869142090355	36.74781652018782
13.866355956362415	0.007	0.005	0.2459920400808642	0.00016242106532941624	1.8664322828088433	3.620824494678461	36.576372375718805
13.930209977537222	0.007	0.005	0.2450411366510359	0.00016167054788371386	1.8540379730254868	3.6257646507189074	36.40735978280884
13.993480928575742	0.007	0.005	0.2440999629099451	0.00016093030435244423	1.8417835630684265	3.630611902420273	36.24066081906515
14.05620095668533	0.007	0.005	0.2431680653585834	0.0001601998516550134	1.82966329964863	3.635370421001682	36.076166702705144
14.118399714563763	0.007	0.005	0.2422450259667899	0.00015947874411962847	1.8176718785065997	3.6400440586875784	35.913777065649384
14.180104609970034	0.007	0.005	0.24133045863726135	0.0001587665696387574	1.8058043996848412	3.644636381040634	35.75339910592577
14.241340976332383	0.007	0.005	0.24042400681527445	0.0001580629469662876	1.7940563374782985	3.649150691736816	35.59494696939597
14.302132280692177	0.007	0.005	0.23952534052287494	0.00015736752263289006	1.7824235027417648	3.653590058731495	35.438341054230456
14.36250029673634	0.007	0.005	0.2386341538947533	0.00015667996830304938	1.770902011596538	3.657957336523867	35.283507424958216
14.422465221413832	0.007	0.005	0.23775016353324863	0.00015599997895800183	1.7594882646285566	3.6622551832344894	35.13037738716692
14.482045879018871	0.007	0.005	0.23687310556229035	0.00015532726997278978	1.7481789092049933	3.6664860829961436	34.97888685264302
14.541259787901053	0.007	0.005	0.23600273469984492	0.00015466157604628305	1.7369708278221165	3.6706523575674828	34.82897606900084
14.600123304451609	0.007	0.005	0.23513882218356105	0.0001540026490386656	1.7258611115966611	3.674756182744382	34.68058916274351
14.658651726426523	0.007	0.005	0.23428115429137725	0.0001533502565555216	1.714847041421243	3.678799601151413	34.53367379655474
14.716859368835157	0.007	0.005	0.23342953125998753	0.0001527041807128414	1.7039260742096303	3.682784532536377	34.38818090430241
14.774759670751749	0.007	0.005	0.23258376574714107	0.0001520642166708116	1.6930958232741837	3.6867127856604434	34.244064356406795
14.832365237460554	0.007	0.005	0.23174368223769143	0.00015143017187627843	1.6823540508002308	3.690586065281342	34.101280793949556
14.889687952275745	0.007	0.005	0.2309091154299966	0.00015080186463367192	1.6716986472604378	3.6944059834408374	33.959789295628084
14.946738987011882	0.007	0.005	0.23007991009962836	0.00015017912369843088	1.6611276297273638	3.698174063541242	33.81955130185468
15.003528904996985	0.007	0.005	0.22925591961335798	0.00014956178699817053	1.6506391229401238	3.7018917502854682	33.68053031487301
15.060067671617919	0.007	0.005	0.22843700578806228	0.00014894970133775716	1.6402313575399892	3.705560413166789	33.542691831390115
15.116364723413874	0.007	0.005	0.2276230378976723	0.00014834272141071994	1.6299026574445385	3.7091813535669567	33.4060031351345
15.172428998200191	0.007	0.005	0.2268138922456448	0.00014774070940859422	1.6196514344309285	3.7127558090506043	33.27043318862141
15.228268964098683	0.007	0.005	0.22600945175152637	0.00014714353450670124	1.6094761828872197	3.7162849574049783	33.1359525302599
15.28389267691603	0.007	0.005	0.2252096051290662	0.0001465510721096487	1.5993754694039715	3.7197699222742187	33.00253310615424
15.33930778486876	0.007	0.005	0.22441424682329608	0.0001459632037436369	1.5893479319773733	3.7232117752798826	32.87014823153816
15.394521580239472	0.007	0.005	0.2236232762719541	0.00014537981632018759	1.5793922706767736	3.726611540940635	32.73877244172498
15.449540991715036	0.007	0.005	0.22283659801833777	0.000144800802149091	1.5695072490526443	3.729970197763588	32.608381486940424
15.504372652571046	0.007	0.005	0.222054120737629	0.0001442260581331992	1.5596916818733693	3.733288683878023	32.47895214861409
15.559022873684638	0.007	0.005	0.22127575762511556	0.00014365548594821978	1.5499444399916757	3.7365678967219296	32.35046228335287
15.613497699467434	0.007	0.005	0.22050142559909947	0.00014308899136823803	1.5402644403237304	3.7398086976806724	32.22289067207123
15.66780290893732	0.007	0.005	0.21973104528770587	0.00014252648416465848	1.5306506456761082	3.743011913291816	32.096217000388556
15.72194403446741	0.007	0.005	0.21896454076310518	0.0001419678779052531	1.5211020614036375	3.7461783374399658	31.970421798484672
15.775926380090064	0.007	0.005	0.2182018392826717	0.00014141308960645386	1.511617732163357	3.74930873343602	31.845486383376517
15.82975503227843	0.007	0.005	0.2174428711369161	0.00014086203964097145	1.5021967400039482	3.752403835580483	31.72139281983287
15.883434870440707	0.007	0.005	0.21668756950116394	0.00014031465151611875	1.4928382025005942	3.755464350650454	31.59812388283718
15.936970587753565	0.007	0.005	0.21593587014204385	0.00013977085161419263	1.4835412690959204	3.7584909599116902	31.475662997294563
15.99036669044648	0.007	0.005	0.21518771142742057	0.0001392305691934225	1.474305121205121	3.761484319843635	31.35399422811802
16.0	0.007	0.005	0.21505290347683328	0.00013913331830988244	1.4726427176734012	3.762021677313752	31.332093839601402
