0.0	0.007	0.005	0.0	0.0	0.0	0.0	100.0
0.006622739718697519	0.007	0.005	0.017846050921772567	7.638283577771214e-5	1.4292928212264225e-5	5.5166183598725903e-5	99.9415571646381
0.011233470181590356	0.007	0.005	0.02976047256441829	0.00011941126537479096	4.064613392909739e-5	0.0001502595389816436	99.9008896155242
0.018058747502999548	0.007	0.005	0.04666224992576668	0.00017089068261824943	0.00010326088592596826	0.00035910007785905547	99.84071970489597
0.024688205332793707	0.007	0.005	0.0622753588045538	0.0002097294188238266	0.00018983678015076853	0.0006239911453933941	99.78231078475339
0.03256771229979874	0.007	0.005	0.07985482209726888	0.0002449109550884987	0.0003239968004137741	0.000999609759190934	99.71293273226956
0.04086674988384939	0.007	0.005	0.09728451198313272	0.000272240448467142	0.0004999291958196605	0.001448753429357618	99.6399129247
0.05009765697835766	0.007	0.005	0.11544179812057379	0.00029407754680530076	0.0007347173772958873	0.0019950266104076402	99.55875679593474
0.06000733363030705	0.007	0.005	0.1335867804194021	0.00031035964374639545	0.0010294819473166926	0.0026199457097479135	99.47170664204225
0.07081110870058888	0.007	0.005	0.15189167036249976	0.00032224507067906945	0.001397492746117075	0.0033319118898290237	99.37688912856059
0.08247174563944648	0.007	0.005	0.17005110786439173	0.000330407018926083	0.0018449185740281467	0.004123449731960341	99.27465292626951
0.09511697330695768	0.007	0.005	0.18802432807546482	0.0003355935153523343	0.00238393389361979	0.004997977287807963	99.16390306302029
0.1087803330824771	0.007	0.005	0.2056122869915075	0.00033832136875992374	0.003023365810332252	0.005952558668008216	99.04437502995766
0.12352497451570812	0.007	0.005	0.22266131257399846	0.00033894785471780096	0.0037730862647849792	0.0069860188891656665	98.91554949141407
0.13933300814528657	0.007	0.005	0.23894225285640833	0.0003376608214468468	0.004638154788596952	0.00809091421020079	98.77761909775282
0.15615391294114972	0.007	0.005	0.2542451187181639	0.00033456002058702657	0.0056200908562918615	0.009256714784012927	98.63106227092034
0.17391186869909575	0.007	0.005	0.26840186768186847	0.00032976297111993636	0.0067168311440983525	0.010470466058581462	98.47657707422543
0.19255626219187363	0.007	0.005	0.28132650957786576	0.00032350234213032926	0.007925885797999688	0.011720775890273111	98.31464070110755
0.21206873442318996	0.007	0.005	0.2929985690804613	0.00031617023012929876	0.009245467396301351	0.012998973105385272	98.1454497767533
0.23246812258285038	0.007	0.005	0.30344460368343273	0.00030827739639560035	0.01067547860564566	0.014300106396283624	97.96887978984216
0.25376155664773414	0.007	0.005	0.3127000542252826	0.000300370121321273	0.012214476945285309	0.015620329320398647	97.78491009367177
0.27586601340600436	0.007	0.005	0.3207848683001412	0.0002929409881877338	0.013853752670988302	0.016952590704926145	97.59429881799431
0.29864036065388	0.007	0.005	0.32773503296133905	0.00028632564760883676	0.015579213259288375	0.018288953034891337	97.39829954918123
0.32202920515659145	0.007	0.005	0.333640112837204	0.00028064569977196904	0.017382527843723773	0.01962841349003444	97.19742152340929
0.34606779861810816	0.007	0.005	0.3386137206772359	0.0002758691189272426	0.019262348571581087	0.02097579270319272	96.99139476142045
0.3708366843146413	0.007	0.005	0.3427654769748413	0.00027188905301416504	0.021221221667898423	0.022338238780059652	96.77956571035983
0.39643392338655636	0.007	0.005	0.346191760191102	0.00026857470390975177	0.023263461820078258	0.023723306660075737	96.5611384851526
0.42296174279109117	0.007	0.005	0.3489751351331725	0.0002657980662179261	0.025394011412456823	0.02513813650483538	96.33529057585675
0.45052082547817807	0.007	0.005	0.35118651982487165	0.0002634457191240034	0.02761787640406686	0.026589173431066617	96.10122230064962
0.47920895574715716	0.007	0.005	0.35288774338442386	0.00026142241261545876	0.029939922815651453	0.028082161386714724	95.85816878426837
0.5091218736113213	0.007	0.005	0.35413363151660504	0.00025965062368584103	0.03236487312426435	0.02962225684146159	95.60539315914332
0.5403554133342259	0.007	0.005	0.35497345113832207	0.00025806838426185825	0.0348974256804264	0.03121419753379008	95.3421691000513
0.5730094702624884	0.007	0.005	0.3554517908440919	0.00025662655016334357	0.037542534322136466	0.032862546700912695	95.067748352923
0.6071911826090546	0.007	0.005	0.35560895313074536	0.00025528621856885173	0.04030562762205495	0.03457187699573548	94.78133548627609
0.6430185071391298	0.007	0.005	0.3554811027161932	0.000254016443521724	0.04319285576824957	0.03634695593038517	94.4820599789312
0.6806237772212287	0.007	0.005	0.35510028298278656	0.0002527923412199666	0.046211325729286226	0.03819291216482289	94.1689492285635
0.720156503466885	0.007	0.005	0.35449440548269645	0.0002515935888946417	0.04936926099838913	0.04011534721137562	93.84090871855865
0.7617864205140061	0.007	0.005	0.35368726425269076	0.0002504032305942341	0.052676163988615646	0.04212044292531431	93.49670103207553
0.8057076584464374	0.007	0.005	0.3526985626667795	0.0002492067149188768	0.056143046717235384	0.04421510504915177	93.13491667764367
0.8521424964805498	0.007	0.005	0.3515439817609637	0.00024799115766896136	0.059782601989954894	0.04640706540815346	92.75394978209842
0.9013460471500058	0.007	0.005	0.3502352670038131	0.0002467447430286317	0.06360941725971088	0.04870500488653471	92.3519677913327
0.9536110167359954	0.007	0.005	0.34878034516044354	0.0002454562509353779	0.06764015719896513	0.051118652008284235	91.92688261659092
1.009272596955032	0.007	0.005	0.3471834669218282	0.00024411467944185223	0.07189371331283523	0.05365885576143843	91.47632315580911
1.0687123301219474	0.007	0.005	0.34544540300564225	0.00024270896812064068	0.07639122640530537	0.056337575912479926	90.9976189511221
1.1323589344724574	0.007	0.005	0.34356374907699955	0.00024122785158693996	0.08115583055803822	0.059167701074078684	90.4878112472149
1.2006814795231235	0.007	0.005	0.3415334704219269	0.000239659933231795	0.086211791058828	0.062162502485203296	89.94372755989421
1.2741653407667057	0.007	0.005	0.3393479590793726	0.00023799417771778274	0.09158238751839912	0.06533434721305834	89.36219289462538
1.353251228414142	0.007	0.005	0.33700115952507376	0.00023622123496778655	0.09728525806228173	0.06869193300192337	88.74052518524464
1.4382010401051215	0.007	0.005	0.33449176582872714	0.0002343363441315194	0.10332295441755855	0.07223476792854139	88.07757995479776
1.5288454593542993	0.007	0.005	0.33183066785158993	0.00023234469885170922	0.10966623802671897	0.07594354265322054	87.37565502587665
1.624244554328029	0.007	0.005	0.3290504921720158	0.00023026841752339354	0.11623337536256266	0.07976844230728435	86.64295212789949
1.7225512109480579	0.007	0.005	0.3262086883098998	0.0002281487396835588	0.12288574720080363	0.08362727518997881	85.89434540156087
1.821476593835148	0.007	0.005	0.32337314205635065	0.00022603519721713588	0.12946423030554757	0.08742724842067005	85.14755620045965
1.9192186587172448	0.007	0.005	0.3205954204376584	0.00022396554411156013	0.13585192877657287	0.09110133426039572	84.41607686524284
2.015087456936487	0.007	0.005	0.31789397298691174	0.0002219531723168598	0.14201080778154554	0.09462873217308686	83.70472140785014
2.1093865867132178	0.007	0.005	0.31525889735918816	0.00021999066239373108	0.14796777631873173	0.09802598735356147	83.0108613229864
2.2028551517705663	0.007	0.005	0.31266855329322385	0.00021806207281033856	0.153774995782556	0.1013237097928975	82.32878863684259
2.2961573639178106	0.007	0.005	0.31010403008418935	0.0002161535706180896	0.15947686911318337	0.10454764232985632	81.6535193250707
2.3896491317084445	0.007	0.005	0.3075553868186747	0.00021425799747242104	0.16509666647498888	0.10771123698851645	80.98243360391224
2.4833728729051217	0.007	0.005	0.30502143998325554	0.000212374688590833	0.17063784216531536	0.11081664592490799	80.31521873171053
2.5771929873620367	0.007	0.005	0.30250579479090256	0.00021050651483452845	0.17609341300893455	0.11386018766643335	79.65282343733836
2.670946487416242	0.007	0.005	0.3000126602850074	0.00020865677052031212	0.1814553542858284	0.11683768663182113	78.99635572060835
2.7645342225464926	0.007	0.005	0.29754442642359874	0.00020682737786237266	0.18671979556113055	0.11974735352067178	78.34644473831457
2.857938207946374	0.007	0.005	0.29510128516622014	0.0002050186117452785	0.1918876528333386	0.12259007919670128	77.70314096343708
2.951193396314266	0.007	0.005	0.29268204866005765	0.00020322970942797294	0.1969627245292318	0.1253683319038175	77.06613158640407
3.0443503248928296	0.007	0.005	0.29028516274582106	0.00020145962071903688	0.20194947279069667	0.1280849124362758	76.43500736344576
3.137450450627826	0.007	0.005	0.2879093494139376	0.00019970748140091306	0.20685167412907715	0.13074221438752537	75.8094317727707
3.230518201261112	0.007	0.005	0.2855537967542564	0.00019797275225743886	0.2116720581027026	0.1333420378043411	75.18919102574316
3.3235642572643607	0.007	0.005	0.28321805858984517	0.00019625514500158626	0.21641255115152008	0.13588573298366222	74.57416763721226
3.4165924611120118	0.007	0.005	0.2809018686628036	0.00019455448650957478	0.22107468064698427	0.13837442592769014	73.96429149764806
3.5096054090934152	0.007	0.005	0.2786049959872686	0.00019287061420729252	0.2256598779220416	0.14080918382224825	73.35950178557033
3.6026070819381952	0.007	0.005	0.276327179353257	0.00019120332991684854	0.23016961066251154	0.14319108565012276	72.75972972146911
3.6956030602822656	0.007	0.005	0.27406812343846654	0.00018955239879557588	0.23460538837367523	0.14552122409577803	72.16489754386106
3.788599638505145	0.007	0.005	0.27182752157566337	0.00018791756753340998	0.23896871583237372	0.1478006802657519	71.57492450410089
3.881602797383794	0.007	0.005	0.2696050807998019	0.00018629858394997594	0.24326104439666327	0.15003049812138594	70.9897334615039
3.9746175890448345	0.007	0.005	0.2674005359490641	0.00018469520841981216	0.24748374659141367	0.15221167178603423	70.40925459627378
4.067647977064136	0.007	0.005	0.2652136524079619	0.0001831072169164218	0.2516381134782982	0.15434514501547744	69.8334261317797
4.160697008789851	0.007	0.005	0.2630442209763809	0.0001815343982747398	0.25572536699833004	0.15643181838703105	69.26219298351961
4.253767018335227	0.007	0.005	0.26089205225535567	0.00017997655104275753	0.2597466726764639	0.15847255649491918	68.69550528083565
4.346859829601248	0.007	0.005	0.25875697128370334	0.00017843348045557152	0.2637031512962285	0.1604681944346824	68.13331695468486
4.43997688541371	0.007	0.005	0.2566388140931206	0.00017690499672611665	0.26759588653448463	0.1624195420852554	67.57558483056076
4.533119296549773	0.007	0.005	0.25453742621896935	0.00017539091466813449	0.27142592870589877	0.16432738634318672	67.02226823636792
4.626287909304694	0.007	0.005	0.25245266086094503	0.00017389105299776535	0.2751942989821137	0.16619249354294924	66.47332851810722
4.719483299040891	0.007	0.005	0.2503843787613328	0.00017240523479326308	0.27890199036196206	0.16801561022390285	65.92872900781964
4.812705806939647	0.007	0.005	0.2483324471352588	0.00017093328721180773	0.2825499702942831	0.16979746470039664	65.38843474191037
4.905955539731578	0.007	0.005	0.24629673945150116	0.00016947504175211483	0.2861391816988019	0.17153876782157929	64.852412403434
4.999232406498908	0.007	0.005	0.24427713441880386	0.00016803033389717554	0.28967054533888376	0.17324021437393117	64.3206300551812
5.092536167894651	0.007	0.005	0.24227351475077755	0.00016659900255358088	0.29314496247709443	0.17490248458328617	63.79305681446409
5.185866448339615	0.007	0.005	0.240285766772082	0.00016518089004421036	0.2965633159740452	0.1765262448364408	63.26966274942067
5.279222779164405	0.007	0.005	0.2383137793894987	0.00016377584161213538	0.29992647242461246	0.17811214887622664	62.750418608087486
5.372604592327395	0.007	0.005	0.23635744414167947	0.00016238370565098705	0.30323528238344877	0.17966083806851033	62.23529583149904
5.466011276007313	0.007	0.005	0.2344166539639882	0.0001610043329969492	0.3064905827356919	0.18117294266323555	61.724266228458156
5.559442137433734	0.007	0.005	0.232491303915705	0.00015963757757435528	0.3096931957091898	0.18264908146811862	61.21730216701623
5.652896458536972	0.007	0.005	0.2305812899812228	0.00015828329565949298	0.31284393110749126	0.18408986301489275	60.71437625881623
5.746373489747728	0.007	0.005	0.2286865091771836	0.00015694134604104967	0.3159435863129936	0.1854958856731836	60.21546138730267
5.839872456178956	0.007	0.005	0.2268068594059563	0.00015561158998123368	0.3189929467063199	0.18686773795361003	59.720530669140764
5.93339257001209	0.007	0.005	0.22494223919255413	0.00015429389107758434	0.3219927862582188	0.18820599888066977	59.22955738494448
6.026933049094736	0.007	0.005	0.22309254731176684	0.00015298811503326645	0.3249438682727096	0.18951123842089798	58.74251488109633
6.120493104570566	0.007	0.005	0.22125768303833782	0.0001516941298491089	0.3278469451172902	0.19078401745341303	58.2593766356216
6.214071934695433	0.007	0.005	0.2194375462651724	0.00015041180591039414	0.3307027581779062	0.19202488784531802	57.780116289313916
6.307668780646914	0.007	0.005	0.2176320364247217	0.0001491410152308532	0.3335120396760608	0.1932343933275954	57.30470736172467
6.4012828893700755	0.007	0.005	0.21584105323465205	0.00014788163195921523	0.33627551159764474	0.1944130691024328	56.833123447505294
6.494913513600179	0.007	0.005	0.21406449670514327	0.00014663353236273242	0.3389938858041325	0.19556144197406689	56.36533821832888
6.588559911884902	0.007	0.005	0.21230226714601022	0.0001453965948042676	0.3416678641434515	0.19668003047775537	55.90132542476559
6.6822213982377	0.007	0.005	0.21055426425120244	0.00014417069907572393	0.3442981399427258	0.19776934557632567	55.44105865522195
6.775897273934958	0.007	0.005	0.20882038840112968	0.00014295572726410536	0.34688539613565805	0.19882988994735298	54.984511678856414
6.869586877169888	0.007	0.005	0.20710053974719525	0.00014175156307720687	0.34943030675501546	0.19986215867632623	54.531658204527716
6.963289589294681	0.007	0.005	0.20539461812842436	0.0001405580917443773	0.35193353713993153	0.20086663939933233	54.082471858842254
7.057004772783397	0.007	0.005	0.20370252422066826	0.00013937520076490303	0.35439574235070903	0.20184381173327653	53.63692648875121
7.150731839524083	0.007	0.005	0.20202415830564835	0.0001382027790116689	0.3568175690869423	0.20279414811592136	53.19499583742738
7.2444702198107525	0.007	0.005	0.2003594208567142	0.00013704071708812993	0.3591996549263666	0.20371811356234598	52.756653698501204
7.33821936236266	0.007	0.005	0.19870821255230584	0.00013588890728912485	0.36154262841409934	0.20461616576674985	52.321873919605466
7.431978740552592	0.007	0.005	0.19707043418103762	0.00013474724348696283	0.36384710930371345	0.2054887552600182	51.89063037738298
7.525747858637178	0.007	0.005	0.19544598655172782	0.00013361562102127546	0.3661137087837688	0.2063363255562319	51.462896953796516
7.619526220720963	0.007	0.005	0.19383477104589353	0.00013249393702975925	0.36834302881201614	0.2071593129665342	51.03864768160611
7.713313374247267	0.007	0.005	0.19223668887874806	0.00013138208989315768	0.3705356632516596	0.20795814708561106	50.61785654978237
7.807108891383699	0.007	0.005	0.19065164144185145	0.00013027997942348173	0.37269219748992455	0.20873325070469312	50.20049759372982
7.900912337972339	0.007	0.005	0.18907953083703247	0.00012918750718261574	0.37481320782254046	0.209485039654552	49.78654503587385
7.994723323240521	0.007	0.005	0.18752025904741296	0.0001281045758692504	0.3768992626890349	0.21021392331061695	49.375973067383136
8.088541450109089	0.007	0.005	0.18597372878104237	0.000127031089851055	0.37895092164122607	0.21092030428767602	48.968756070307116
8.182366364909372	0.007	0.005	0.18443984265496058	0.00012596695456359893	0.38096873654125474	0.21160457891817677	48.56486840273142
8.276197713897195	0.007	0.005	0.18291850392430783	0.0001249120769657674	0.3829532506971915	0.21226713701187314	48.16428459076003
8.370035174331942	0.007	0.005	0.18140961598191835	0.00012386636515704852	0.3849049996294827	0.21290836217591985	47.76697919675306
8.463878429626366	0.007	0.005	0.17991308277076154	0.00012282972861861818	0.3868245106374838	0.21352863172792563	47.37292692792678
8.55772718178275	0.007	0.005	0.17842880858906904	0.00012180207804161508	0.3887123031608678	0.21412831687533543	46.982102585041616
8.651581145184018	0.007	0.005	0.17695669819629575	0.00012078332536162965	0.39056888874940926	0.21470778276393968	46.59448109030269
8.7454400403827	0.007	0.005	0.17549665691401245	0.00011977338379072973	0.392394771044681	0.2152673885331559	46.2100375139259
8.83930361275467	0.007	0.005	0.17404859033982922	0.00011877216758800849	0.3941904462446884	0.21580748751812429	45.8287469988111
8.933171613855324	0.007	0.005	0.17261240464370806	0.0001177795922269467	0.39595640283622235	0.2163284272242349	45.45058483856414
9.027043820074283	0.007	0.005	0.17118800628620845	0.00011679557417166129	0.39769312204639257	0.21683054951906056	45.07552640330812
9.120920001554191	0.007	0.005	0.16977530249596162	0.00011582003116900812	0.39940107736150415	0.2173141905494238	44.70354726540717
9.214799953279726	0.007	0.005	0.16837420079969545	0.00011485288189978882	0.4010807352050182	0.21777968099590153	44.33462307571731
9.308683476429195	0.007	0.005	0.16698460930837822	0.00011389404614343925	0.4027325546905747	0.21822734605750135	43.96872963893085
9.402570372158626	0.007	0.005	0.16560643680764459	0.00011294344481089205	0.40435698762088934	0.21865750551225685	43.60584293738663
9.496460460257945	0.007	0.005	0.16423959248305944	0.00011200099973186176	0.40595447891568487	0.21907047389020923	43.24593905872916
9.590353572936019	0.007	0.005	0.1628839860163925	0.00011106663369417577	0.4075254665938881	0.21946656052194358	42.88899422125858
9.684249536167126	0.007	0.005	0.16153952785457557	0.0001101402706002642	0.4090703815627991	0.2198460695436282	42.53498484475003
9.778148213223053	0.007	0.005	0.16020612858592034	0.00010922183502267803	0.41058964843455587	0.22020930015535695	42.18388738620531
9.872049442487913	0.007	0.005	0.15888369982961337	0.00010831125278075706	0.41208368460284384	0.2205565464514302	41.83567857406605
9.965953087209519	0.007	0.005	0.1575721535245605	0.0001074084504392804	0.4135529011550953	0.22088809769845397	41.4903352209591
10.059858998186739	0.007	0.005	0.15627140245387675	0.00010651335564045235	0.4149977023760219	0.22120423827610466	41.14783436180015
10.153767057305	0.007	0.005	0.1549813596375164	0.00010562589667509586	0.4164184865209525	0.22150524790585152	40.80815309386701
10.247677140222216	0.007	0.005	0.15370193885153288	0.00010474600281254768	0.41781564532875437	0.22179140159661445	40.47126871352601
10.34158914124744	0.007	0.005	0.15243305428501996	0.00010387360405154019	0.41918956449236766	0.22206296979975088	40.13715862590117
10.435502954683363	0.007	0.005	0.15117462079471553	0.00010300863127341402	0.42054062347023274	0.22232021842376015	39.805800411914
10.529418468606789	0.007	0.005	0.1499265539824391	0.00010215101627672753	0.421869195498369	0.22256340889618617	39.47717184867342
10.62333557730856	0.007	0.005	0.1486887700235782	0.0001013006916457051	0.4231756478670187	0.22279279827371637	39.151250864314584
10.717254187514413	0.007	0.005	0.14746118558472956	0.00010045759067946087	0.424460342093884	0.223008639326099	38.82801551631304
10.811174205945708	0.007	0.005	0.1462437179861863	9.962164748580777e-5	0.42572363383888884	0.22321118057476383	38.507444034269135
10.905095551760203	0.007	0.005	0.1450362850378068	9.879279685702424e-5	0.4269658731610722	0.2234006663893299	38.189514776690736
10.99901815033263	0.007	0.005	0.14383880511973393	9.797097431015077e-5	0.4281874045170188	0.22357733703885568	37.87420625224724
11.092941920814384	0.007	0.005	0.14265119733740447	9.715611617724036e-5	0.42938856668765263	0.22374142873675265	37.56149716058536
11.186866788574381	0.007	0.005	0.14147338135803586	9.634815948332792e-5	0.43056969302997844	0.22389317373293738	37.2513663492743
11.280792672758443	0.007	0.005	0.1403052775630799	9.554704203594174e-5	0.4317311114064453	0.22403280035956658	36.94379285394829
11.3747195173922	0.007	0.005	0.13914680665816576	9.475270215336674e-5	0.432873144653506	0.22416053314160286	36.638755795600794
11.468647260278955	0.007	0.005	0.1379978900598203	9.396507891145177e-5	0.4339961102734332	0.2242765928099666	36.33623448241172
11.562575826778863	0.007	0.005	0.13685844996255492	9.318411217727273e-5	0.4351003204530326	0.22438119636311718	36.03620842741227
11.656505167133155	0.007	0.005	0.13572840888063423	9.240974229382008e-5	0.43618608258708547	0.22447455717236875	35.73865722782779
11.750435219140279	0.007	0.005	0.13460769009915705	9.164191037040734e-5	0.43725369891561394	0.22455688499853405	35.443560683852034
11.844365945480627	0.007	0.005	0.13349621722324295	9.088055797351251e-5	0.43830346703049594	0.22462838608638597	35.15089867994349
11.938297283950325	0.007	0.005	0.13239391476699514	9.012562750907791e-5	0.43933567938967966	0.22468926318099078	34.86065133990523
12.032229178565226	0.007	0.005	0.13130070777609035	8.937706196287451e-5	0.4403506237521799	0.2247397156155524	34.57279892750886
12.126161585782082	0.007	0.005	0.13021652175457582	8.863480484376156e-5	0.4413485833150672	0.2247799393679855	34.28732182721965
12.220094480719837	0.007	0.005	0.12914128259516972	8.789880012978867e-5	0.4423298368429155	0.22481012711270495	34.004200525843856
12.314027819834081	0.007	0.005	0.12807491700527673	8.716899254287276e-5	0.44329465834657944	0.2248304682607511	33.72341572470283
12.407961553358795	0.007	0.005	0.12701735235392353	8.644532743969702e-5	0.444243317298161	0.22484114902539112	33.44494829932974
12.501895631527363	0.007	0.005	0.1259685165950317	8.572775075374284e-5	0.4451760787701986	0.22484235247896653	33.16877927926639
12.595830035677892	0.007	0.005	0.12492833791980947	8.501620875887134e-5	0.4460932038081721	0.2248342586015778	32.89488975653457
12.689764772032586	0.007	0.005	0.12389674483439013	8.431064811476827e-5	0.4469949494162545	0.22481704431953842	32.62326090607909
12.783699803266058	0.007	0.005	0.12287366690854092	8.361101635512596e-5	0.44788156796690937	0.22479088356757354	32.35387418291017
12.877635067168173	0.007	0.005	0.12185903455050817	8.291726173213781e-5	0.4487533074762706	0.2247559473523164	32.08671126281813
12.971570513970594	0.007	0.005	0.12085277859323222	8.222933293753539e-5	0.44961041202824736	0.22471240379406918	31.82175393341945
13.065506106346952	0.007	0.005	0.11985483029550346	8.154717909808913e-5	0.45045312183052405	0.22466041816944424	31.558984094461216
13.159441813191846	0.007	0.005	0.1188651214082897	8.08707498141985e-5	0.45128167321556895	0.22460015295775543	31.29838377528578
13.253377615842025	0.007	0.005	0.11788358410825774	8.019999511119567e-5	0.4520962987535366	0.2245317678804987	31.03993511732635
13.347313495634184	0.007	0.005	0.11691015112707313	7.953486551964784e-5	0.4528972272011782	0.22445541995299537	30.783620408152874
13.441249433904979	0.007	0.005	0.11594475574689918	7.887531206765197e-5	0.45368468356421077	0.22437126353001652	30.52942208028691
13.535185405769894	0.007	0.005	0.11498733185907732	7.822128631477049e-5	0.4544588891078295	0.22427945035694463	30.277322726652752
13.629121386344398	0.007	0.005	0.11403781389446703	7.757274030182758e-5	0.4552200614713241	0.22418012960945632	30.027305082235248
13.723057350743955	0.007	0.005	0.1130961368190953	7.692962654384184e-5	0.4559684147273066	0.22407344793670708	29.779352022934226
13.81699328652631	0.007	0.005	0.11216223600665313	7.629189794248917e-5	0.45670415953660315	0.22395954948820426	29.53344653199154
13.910929175028091	0.007	0.005	0.11123604742255506	7.565950790290698e-5	0.4574275030549288	0.2238385759756079	29.289571748455845
14.00486500380708	0.007	0.005	0.11031750749592413	7.50324102460947e-5	0.4581386490869413	0.223710666698769	29.047710933474903
14.098800741757744	0.007	0.005	0.10940655335815931	7.441055936130486e-5	0.4588377979542565	0.22357595862044846	28.807847533112803
14.192736370216858	0.007	0.005	0.10850312253331025	7.379390999999404e-5	0.45952514678756556	0.22343458636470961	28.56996509682249
14.286671870521264	0.007	0.005	0.10760715305707709	7.318241735039208e-5	0.46020088948380633	0.2232866822714662	28.334047308779635
14.380607242671136	0.007	0.005	0.10671858329684449	7.257603691694947e-5	0.4608652168899526	0.22313237640350234	28.10007794049586
14.47454246800342	0.007	0.005	0.10583735230354119	7.197472474686181e-5	0.46151831658669834	0.22297179664301334	27.86804094346672
14.568477527855158	0.007	0.005	0.1049633996273122	7.137843730666062e-5	0.4621603730773897	0.22280506870117142	27.63792040063652
14.66241240978454	0.007	0.005	0.10409666525630176	7.078713143950704e-5	0.46279156787983855	0.22263231614285584	27.409700510279144
14.756347095128794	0.007	0.005	0.10323708972837577	7.020076443516565e-5	0.4634120794908698	0.22245366044452103	27.18336561541574
14.850281583888329	0.007	0.005	0.10238461389985948	6.961929387697707e-5	0.46402208359884406	0.22226922098168106	26.958900142920985
14.944215851179527	0.007	0.005	0.10153917933885899	6.904267789495457e-5	0.46462175284578333	0.22207911514731998	26.736288707088654
15.03814989700291	0.007	0.005	0.10070072786962361	6.847087486724365e-5	0.4652112571978835	0.22188345828820738	26.51551598965759
15.132083702696074	0.007	0.005	0.09986920196171761	6.79038436704581e-5	0.46579076371229217	0.22168236382554785	26.296566842284577
15.226017262038674	0.007	0.005	0.09904454444730798	6.734154349387771e-5	0.46636043677977734	0.22147594322399747	26.07942621210334
15.319950556368537	0.007	0.005	0.09822669873758479	6.678393397750758e-5	0.46692043801617034	0.22126430607723777	25.864079198710208
15.413883585686412	0.007	0.005	0.09741560854696371	6.62309750313331e-5	0.4674709264936969	0.22104756007053353	25.650510981543885
15.507816349993044	0.007	0.005	0.09661121805510209	6.568262693830017e-5	0.4680120586685873	0.22082581105151866	25.43870686254586
15.601748830626528	0.007	0.005	0.09581347206089316	6.513885045168875e-5	0.4685439883193113	0.2205991631065399	25.228652306708693
15.69568100892513	0.007	0.005	0.09502231581559496	6.459960668512344e-5	0.46906686670080117	0.22036771854920917	25.02033289813716
15.789612884889822	0.007	0.005	0.09423769486391025	6.406485700827854e-5	0.46958084268701444	0.2201315779026038	24.813734298203
15.883544452300756	0.007	0.005	0.09345955525203445	6.353456317942659e-5	0.47008606267026315	0.21989083998821732	24.60884230032596
15.977475704938145	0.007	0.005	0.09268784347091613	6.300868730702998e-5	0.4705826706369144	0.21964560193982735	24.405642815033833
16.0	0.007	0.005	0.0925037396331307	6.288059752289951e-5	0.47070049085951704	0.21958614011620312	24.357166420097773
