0.0	0.007	0.005	0.0	0.0	0.0	0.0	100.0
0.006353670014961777	0.007	0.005	0.02034845281223286	4.901945284167273e-5	1.5631552209491275e-5	6.159303721480794e-5	99.91701806597173
0.011054384197938426	0.007	0.005	0.03477328716898195	7.920832503864034e-5	4.673327754660656e-5	0.00017738589499598743	99.85566883833422
0.017853451492288272	0.007	0.005	0.054731406857684683	0.00011534951759336587	0.00011974355030338356	0.00043148767341069763	99.76700054965582
0.024585247789106677	0.007	0.005	0.07348430410912264	0.00014393849288876206	0.0002231247177821834	0.0007654707669352819	99.67928712826215
0.03252795658365685	0.007	0.005	0.09438907616623035	0.0001703559692517949	0.00038266132971144105	0.0012423862146378614	99.57589502190426
0.04093396048279571	0.007	0.005	0.11515470784943513	0.00019152457594198168	0.000593124843941947	0.001822248732225268	99.46658890081301
0.050246882397420624	0.007	0.005	0.13663196502330305	0.0002086152845015027	0.0008729318958328613	0.00253130154708174	99.34562991497354
0.06024203852792023	0.007	0.005	0.15801561904247233	0.0002210565055735822	0.0012238431700748475	0.0033468833316928374	99.21597351805433
0.07111078180306327	0.007	0.005	0.17945336331317935	0.00022886224391046824	0.0016602158729705032	0.004273836142316957	99.07517705433497
0.08283970360350328	0.007	0.005	0.20063423565413355	0.0002314226240149095	0.002189727680365205	0.005295283465502858	98.92346175892311
0.09555423717990126	0.007	0.005	0.22149993170799406	0.00022789269213155136	0.0028261259624378504	0.006398074758734223	98.75925985009106
0.10922109713598073	0.007	0.005	0.2417211413604819	0.0002174834061986745	0.0035753671695315592	0.007544841504176532	98.58306304815844
0.12365563685544997	0.007	0.005	0.26083831629178905	0.00020042833084642092	0.00443217988785044	0.008677948352739287	98.39731043828722
0.13862226948034928	0.007	0.005	0.27848105940670065	0.00017845788757758088	0.0053835636714039655	0.00973904272206464	98.20508010849726
0.15420833841084297	0.007	0.005	0.294749402753857	0.00015378462592094755	0.006434360766043424	0.010703549239893162	98.00529295339776
0.17082157359316813	0.007	0.005	0.3099914810764129	0.00012827034090747412	0.007613359342316383	0.011571489179499407	97.79278674261913
0.1888434123001467	0.007	0.005	0.32436929144657134	0.00010367982819658311	0.008951810737505315	0.01234050958734104	97.56278355573149
0.20662398342243873	0.007	0.005	0.3366283204172327	8.351516894961809e-5	0.010324337606760771	0.012948482851002582	97.33638968497428
0.22438398213182756	0.007	0.005	0.34720546432689375	6.743848895608752e-5	0.011739159481798433	0.013434432992290243	97.11078219037378
0.2423224225019791	0.007	0.005	0.35641124702820004	5.4827524314866096e-5	0.01320595499795459	0.013828618145916915	96.88343874797961
0.26059813661406583	0.007	0.005	0.36445805311284846	4.5041265130504165e-5	0.014733217080843174	0.014153547273823687	96.6523681790529
0.27935468332384084	0.007	0.005	0.37150026044802864	3.749756563312784e-5	0.01632948372479842	0.014426259484085706	96.41579120180002
0.2987257991322417	0.007	0.005	0.3776520617792283	3.1704669942835765e-5	0.018003324602141598	0.014659669403948297	96.1720704699636
0.31883775138726367	0.007	0.005	0.3829990721025769	2.726346807419358e-5	0.019763209339267715	0.014863590437649649	95.91968063960987
0.33980761417648264	0.007	0.005	0.38760608112587475	2.3858178038254306e-5	0.021617101245434898	0.015045486028463046	95.65722999767918
0.3617417732343069	0.007	0.005	0.39152354005694545	2.124281030227009e-5	0.023572118077260087	0.015211048227240717	95.38347896316766
0.384731394341832	0.007	0.005	0.3947924835130288	1.9228069412339096e-5	0.025633963184653327	0.015364610443329046	95.09739598307746
0.4088521865331057	0.007	0.005	0.3974493264172531	1.7669307939334774e-5	0.027806779927770305	0.015509483370858574	94.7981590716639
0.43416560839306917	0.007	0.005	0.3995293616081321	1.6456690192588042e-5	0.030093185661207576	0.015648206225265634	94.48513919739895
0.46072404786217785	0.007	0.005	0.40106902853722015	1.5507203617430167e-5	0.03249470951572743	0.015782750045716734	94.15783474863437
0.48857732320949177	0.007	0.005	0.4021066280947464	1.4758383238970377e-5	0.0350123825975877	0.0159146735227695	93.8157908342658
0.5177790831267897	0.007	0.005	0.40268184157369913	1.416339238276989e-5	0.0376473315026466	0.016045240829679036	93.4585213963589
0.548391626570095	0.007	0.005	0.40283458246492754	1.368719405281584e-5	0.040401222986682375	0.016175507133045577	93.08545235087355
0.5804892812934228	0.007	0.005	0.4026036989260245	1.3303591073210541e-5	0.043276561043635975	0.016306381183906326	92.69588378806904
0.6141615003643761	0.007	0.005	0.40202580656996	1.2992966454369208e-5	0.046276935158663476	0.016438674707383027	92.28895694944794
0.649513706432292	0.007	0.005	0.40113440164255304	1.2740608190922553e-5	0.04940704240719595	0.016573133862054463	91.86364970999239
0.6866695764006456	0.007	0.005	0.3999592415166547	1.2535454184015393e-5	0.05267281439339201	0.01671046985193119	91.41875574547646
0.7257732456731754	0.007	0.005	0.39852594020812754	1.236917853591397e-5	0.05608151033887469	0.01685138352151184	90.9528661800936
0.7669915888475826	0.007	0.005	0.3968557466558805	1.2235527528971478e-5	0.05964178874119016	0.016996585940717453	90.46435203755304
0.8105167091993802	0.007	0.005	0.3949654637588784	1.2129836764922441e-5	0.06336376677210233	0.01714681650193777	89.95134621964931
0.8565681575273357	0.007	0.005	0.39286749439068497	1.2048680336491086e-5	0.0672590235888717	0.01730285771123442	89.4117310052619
0.9053939560474272	0.007	0.005	0.3905700328926171	1.1989614906873866e-5	0.07134046982421416	0.017465544436527012	88.84314201039354
0.9572683878314346	0.007	0.005	0.38807748089522054	1.1950990060308545e-5	0.07562192206326711	0.017635761903774767	88.24301185150235
1.012481980378748	0.007	0.005	0.3853912923909329	1.1931799715213842e-5	0.08011703690935003	0.017814419033555063	87.60870428774113
1.071315450250018	0.007	0.005	0.38251162632063423	1.1931545371991201e-5	0.0848370180349251	0.018002373056769622	86.93782759345362
1.1339862726652967	0.007	0.005	0.37944031013684815	1.195007164067887e-5	0.0897863661925966	0.01820027301559249	86.22884359658569
1.2005665715690514	0.007	0.005	0.3761850759353454	1.198733176014568e-5	0.0949568670054391	0.018408322093465372	85.48196538058681
1.2709147588937375	0.007	0.005	0.3727628714514649	1.2043096548978601e-5	0.10032337509961112	0.01862609103499877	84.69984760503169
1.3447037717530745	0.007	0.005	0.3691982342743894	1.2116748151201388e-5	0.10584747895103434	0.018852627760904545	83.88716380070986
1.4215434600411012	0.007	0.005	0.3655171526934421	1.2207292542144723e-5	0.11148788813891869	0.01908683767841391	83.04916775607894
1.5010780680776008	0.007	0.005	0.36174243396909106	1.2313496139119086e-5	0.11720800134203503	0.019327767219433047	82.1905972562843
1.5830135664483722	0.007	0.005	0.3578926717285069	1.2433998809188424e-5	0.12297767509950219	0.019574666580695184	81.31539028254258
1.6671180551911788	0.007	0.005	0.35398255121962213	1.2567386926571683e-5	0.1287728586331399	0.019826973215648584	80.42670695682497
1.753201161400634	0.007	0.005	0.3500240917203393	1.2712214169927008e-5	0.13457378874039233	0.02008423676178205	79.52717356703985
1.841115065517169	0.007	0.005	0.3460268102371722	1.2867040457657661e-5	0.14036475929651143	0.02034611292426388	78.61889233370266
1.930744464924681	0.007	0.005	0.3419983482487261	1.3030443527275393e-5	0.1461331664651402	0.02061232695653318	77.70356579324381
2.022002841001139	0.007	0.005	0.3379447634005622	1.3201033681078893e-5	0.15186903105958388	0.020882658195754807	76.78255184643733
2.1148270191366163	0.007	0.005	0.33387086698146773	1.3377459968455352e-5	0.15756444946076914	0.021156921100046293	75.85693374398846
2.2091726267451555	0.007	0.005	0.3297804949562493	1.35584136864521e-5	0.16321314689939104	0.02143495013913494	74.92757780951382
2.3050095409455365	0.007	0.005	0.32567675875943625	1.3742628665838738e-5	0.16881007205624937	0.021716585518726465	73.99518825867786
2.40231758551176	0.007	0.005	0.32156226751587913	1.392887986253948e-5	0.17435104763269255	0.022001660298396456	73.06035650420827
2.5010823970346467	0.007	0.005	0.31743932746687603	1.4115981032223798e-5	0.17983246938639486	0.022289988549190707	72.12360583036559
2.601291323284085	0.007	0.005	0.31331012569738126	1.430278205146805e-5	0.1852510437102319	0.02258135411965495	71.18543280097958
2.702929405556729	0.007	0.005	0.3091768966538259	1.4488166722189695e-5	0.1906035649767086	0.02287550020798011	70.246344918719
2.805975239323874	0.007	0.005	0.3050420802226378	1.467105130481876e-5	0.19588672007354924	0.02317211925365155	69.30689645198487
2.9103967403462407	0.007	0.005	0.30090847000873966	1.4850384392823729e-5	0.20109692111610805	0.023470843401771413	68.367722079362
3.016146839051636	0.007	0.005	0.2967793507313848	1.5025148607693469e-5	0.20623016656698565	0.023771235820123065	67.42956808408147
3.1231593692860726	0.007	0.005	0.29265861449995456	1.5194364828988938e-5	0.21128194181123258	0.024072783855295588	66.49331876132685
3.2313455612573363	0.007	0.005	0.28855084155754657	1.535709956422318e-5	0.21624717367565624	0.02437489536651136	65.56001475814959
3.340591951876572	0.007	0.005	0.2844613179691476	1.5512476164664745e-5	0.22112026677116572	0.02467690055903997	64.6308570897145
3.4507608033137505	0.007	0.005	0.28039595613930923	1.565969017865086e-5	0.2258952533771834	0.024978062103084443	63.70718907934057
3.5616942868171853	0.007	0.005	0.27636108266723447	1.5798028346580542e-5	0.2305660856038076	0.025277596306296373	62.790448157672856
3.673223291626576	0.007	0.005	0.27236307722728825	1.5926889237907284e-5	0.23512707241883943	0.025574706437644482	61.88208381448639
3.785180583749382	0.007	0.005	0.26840788892540657	1.6045801741680366e-5	0.23957341498967819	0.025868625761045445	60.98344771262277
3.8974164039607495	0.007	0.005	0.2645005109489063	1.615443653010812e-5	0.24390173861703515	0.026158663435990676	60.09567432607135
4.0098124228925345	0.007	0.005	0.260644559354326	1.6252605589333552e-5	0.24811046075224308	0.026444241460373587	59.21958523869759
4.122289468233587	0.007	0.005	0.2568421015857817	1.6340247969701324e-5	0.25219985416056184	0.026724911113466813	58.355650182851484
4.2348056973594455	0.007	0.005	0.25309382085244997	1.641740433107074e-5	0.2561717446534504	0.027000342448864244	57.504024386647075
4.347345444353403	0.007	0.005	0.2493994751034551	1.6484187243938155e-5	0.26002892377189807	0.02727029061604461	56.664652855064304
4.45990242879677	0.007	0.005	0.24575850126960877	1.6540755337933497e-5	0.26377445973880953	0.027534551228100394	55.83740765631737
4.572463523721329	0.007	0.005	0.24217055181701522	1.6587297255941418e-5	0.26741113406714967	0.027792921484423538	55.022209829183105
4.684999035709916	0.007	0.005	0.23863578227841992	1.6624026541003352e-5	0.2709411737393553	0.028045180630830467	54.2190947113823
4.797463003323659	0.007	0.005	0.23515480513532833	1.6651183875469823e-5	0.27436633370519087	0.028291095252829176	53.428201461394984
4.909803001458468	0.007	0.005	0.23172835840289208	1.6669040520831403e-5	0.27768824827579935	0.028530444543840915	52.64969775949532
5.021974546463753	0.007	0.005	0.22835686457256482	1.667789744411584e-5	0.28090885682170497	0.0287630516283363	51.88367959759165
5.133953099241029	0.007	0.005	0.22504009831585833	1.667807820621182e-5	0.28403069061789765	0.028988804959667762	51.13009578006477
5.245737816750241	0.007	0.005	0.22177712311221642	1.6669917911950366e-5	0.2870568859156609	0.02920765933315623	50.38873352534331
5.357345496378015	0.007	0.005	0.21856651523989354	1.665375295157007e-5	0.2899909333972661	0.029419616970731387	49.659269357612246
5.468798306034044	0.007	0.005	0.21540674521894088	1.6629915484614782e-5	0.2928363069987939	0.02962469932430985	48.94135577232963
5.580111500679645	0.007	0.005	0.21229652799423535	1.65987334507929e-5	0.29559615160494357	0.02982292316423054	48.23470079934433
5.691286681810024	0.007	0.005	0.2092349916452954	1.6560533667534667e-5	0.29827315548910555	0.030014290451131614	47.53910633450484
5.802312923969924	0.007	0.005	0.20622161890587748	1.6515644236626093e-5	0.30086962906973275	0.03019879349821877	46.85445485265547
5.913173987892353	0.007	0.005	0.2032560309614815	1.64643936596233e-5	0.3033877109658021	0.0303764293190621	46.18066028548305
6.023857281163395	0.007	0.005	0.20033774316874184	1.640710662969816e-5	0.30582958041060604	0.030547214035017086	45.51761251989267
6.13435988126513	0.007	0.005	0.19746601721319315	1.634409877185182e-5	0.30819757263337416	0.030711189816025594	44.8651438076047
6.244689290544239	0.007	0.005	0.19463986023428498	1.6275673060241404e-5	0.3104941654516951	0.030868422364866012	44.22302856635445
6.354859461384839	0.007	0.005	0.19185814329303782	1.620211944191572e-5	0.31272187162642945	0.031018991878102007	43.591010296262134
6.464884950420722	0.007	0.005	0.18911975664582148	1.612371713360812e-5	0.3148831112284827	0.03116298308569678	42.96883685871541
6.574776290387808	0.007	0.005	0.18642372248972244	1.6040737716349877e-5	0.316980127720905	0.03130047887233017	42.35628609261066
6.68453844397044	0.007	0.005	0.1837692240627707	1.595344705119627e-5	0.3190149751440931	0.03143155911201246	41.75317242605162
6.794172201233396	0.007	0.005	0.18115556225953872	1.5862105166232197e-5	0.320989561201575	0.03155630329290243	41.15933701922394
6.903677125627624	0.007	0.005	0.1785820793950413	1.576696451306184e-5	0.32290571137160473	0.031674794290671444	40.57463044321886
7.013054200600454	0.007	0.005	0.17604809604359978	1.56682678787169e-5	0.3247652183000827	0.03178712086143474	39.998898329547075
7.122307131146227	0.007	0.005	0.17355288365429988	1.5566247037823405e-5	0.3265698614052563	0.03189337801802238	39.431975148250565
7.231441999829876	0.007	0.005	0.17109567635660133	1.54611227532599e-5	0.3283213970830391	0.031993665563535674	38.87368689018888
7.340465923209484	0.007	0.005	0.16867570394972964	1.5353105847879195e-5	0.33002153495429626	0.032088085951451475	38.32385856237326
7.449385679747832	0.007	0.005	0.16629222284071563	1.5242398566805554e-5	0.33167191757254566	0.032176742594709894	37.782321217225046
7.5582068626140195	0.007	0.005	0.16394453315502816	1.5129195646324738e-5	0.33327411132198265	0.03225973901913943	37.248915840186015
7.666933798392594	0.007	0.005	0.16163197817499644	1.5013684732426385e-5	0.33482961003492645	0.03233717881806303	36.72349322212563
7.775569947283073	0.007	0.005	0.15935393370226	1.489604631067519e-5	0.33633984509226256	0.032409165946280606	36.205911542443026
7.884118545562652	0.007	0.005	0.15710979324701013	1.4776453335033474e-5	0.33780619751588986	0.03247580504626001	35.69603300399787
7.992583037228229	0.007	0.005	0.1548989586634173	1.4655071009754059e-5	0.33923000566505745	0.03253720148624432	35.193721705438435
8.100967166907498	0.007	0.005	0.15272083830335828	1.4532056894182534e-5	0.3406125676262643	0.03259346112620951	34.69884322172031
8.209274878992185	0.007	0.005	0.15057484913293262	1.4407561214737271e-5	0.3419551410096024	0.0326446899921479	34.211265084988256
8.317510088261963	0.007	0.005	0.1484604211632635	1.4281727328195399e-5	0.34325894141425956	0.032690993946616335	33.73085779127346
8.425676515707513	0.007	0.005	0.14637700025508563	1.4154692131394944e-5	0.34452514207820584	0.032732478462114044	33.25749543770833
8.533777574902647	0.007	0.005	0.1443240497152624	1.4026586422504034e-5	0.34575487435364244	0.03276924846772915	32.79105608526204
8.6418163873478	0.007	0.005	0.1423010493338615	1.3897535121324142e-5	0.3469492297216951	0.03280140827180093	32.331421539960026
8.749795890601238	0.007	0.005	0.14030749276879734	1.3767657380421436e-5	0.3481092626684373	0.03282906151191931	31.87847675866313
8.857718874625233	0.007	0.005	0.13834288641742631	1.3637066765579937e-5	0.34923599254234033	0.03285231107351565	31.432109592689255
8.965588032280362	0.007	0.005	0.1364067481071472	1.3505871414251014e-5	0.35033040542212823	0.032871259011457085	30.992210490312075
9.073405981121379	0.007	0.005	0.13449860637931724	1.3374174219672535e-5	0.3513934555602688	0.032886006465773124	30.558672334063385
9.181175277989716	0.007	0.005	0.1326179999403906	1.3242073017730394e-5	0.3524260666714788	0.0328966535810265	30.131390316029602
9.288898347985427	0.007	0.005	0.13076447860592155	1.3109660863921903e-5	0.35342913236572054	0.03290329942755302	29.710262152333268
9.396577499105279	0.007	0.005	0.1289376027073835	1.2977026209695387e-5	0.3544035174130401	0.03290604194690758	29.2951879483599
9.504214929700614	0.007	0.005	0.12713694265008826	1.2844253080746514e-5	0.35535005887551874	0.03290497790126214	28.88607009831516
9.611812728775616	0.007	0.005	0.12536207860880805	1.2711421257344358e-5	0.3562695671232306	0.032900202828194856	28.482813216068855
9.71937289050625	0.007	0.005	0.1236126000034863	1.2578606432920655e-5	0.35716282692426304	0.03289181100013268	28.085324016034267
9.826897257529527	0.007	0.005	0.12188810613801206	1.244588044589774e-5	0.3580305979079388	0.03287989539563643	27.693511458300332
9.934387571050738	0.007	0.005	0.12018820509404408	1.2313311386444462e-5	0.35887361589343914	0.03286454766977856	27.30728649730372
10.041845527968874	0.007	0.005	0.11851251259248352	1.2180963690600718e-5	0.3596925941650185	0.03284585811816303	26.92656182315044
10.149272738332192	0.007	0.005	0.1168606524585893	1.204889833974945e-5	0.3604882239128154	0.03282391565701907	26.55125196729206
10.256670746839339	0.007	0.005	0.11523225607345167	1.1917172983594914e-5	0.36126117515320255	0.03279880779957174	26.18127317789811
10.36404101164765	0.007	0.005	0.11362696249309212	1.1785842104906963e-5	0.36201209729890355	0.03277062064448741	25.816543446916103
10.471384940056435	0.007	0.005	0.11204441771421482	1.1654957116801752e-5	0.3627416201079416	0.03273943885433269	25.45698234324707
10.57870383886992	0.007	0.005	0.11048427522160194	1.1524566548015441e-5	0.3634503540090445	0.03270534565984951	25.102511137116146
10.685998942953859	0.007	0.005	0.10894619536718883	1.1394716137629085e-5	0.3641388909529367	0.03266842284744077	24.753052658995706
10.79327144375192	0.007	0.005	0.1074298447902346	1.1265448926119404e-5	0.3648078052062507	0.032628750744906614	24.40853116786569
10.900522446751639	0.007	0.005	0.1059348968595335	1.1136805417926519e-5	0.36545765366813165	0.032586408234567314	24.06887245168582
11.007753028388073	0.007	0.005	0.10446103071313279	1.1008823633433354e-5	0.3660889767869356	0.032541472732314704	23.7340036092154
11.114964200602403	0.007	0.005	0.10300793161121717	1.0881539255200492e-5	0.3667022988776655	0.032494020202762465	23.403853130190143
11.222156910916285	0.007	0.005	0.10157529078086748	1.0754985731591933e-5	0.3672981286504621	0.03244412516467791	23.078350860050715
11.32933206379075	0.007	0.005	0.10016280498670299	1.0629194354510356e-5	0.3678769598330715	0.03239186068765715	22.757427902390763
11.43649052777238	0.007	0.005	0.09877017631248777	1.0504194348685857e-5	0.36843927168194424	0.03233729839517283	22.441016569336924
11.543633107157357	0.007	0.005	0.09739711240525485	1.0380012993089918e-5	0.36898552929232314	0.0322805084876631	22.129050437014893
11.650760570422072	0.007	0.005	0.09604332597992542	1.0256675680635845e-5	0.3695161841944349	0.03222155973882855	21.821464232996735
11.757873664445176	0.007	0.005	0.09470853453340651	1.013420598992519e-5	0.3700316748421179	0.03216051949810331	21.518193771342684
11.864973079074415	0.007	0.005	0.09339246068203329	1.0012625802698507e-5	0.3705324268469231	0.03209745372260599	21.21917602926943
11.972059468442179	0.007	0.005	0.09209483178227061	9.891955361146854e-6	0.37101885348134683	0.032032426979290075	20.924349060971885
12.079133458084936	0.007	0.005	0.09081537974461562	9.772213336833333e-6	0.37149135608964456	0.031965502454763324	20.63365195534104
12.186195630787847	0.007	0.005	0.08955384110600777	9.653416916979353e-6	0.37195032439079273	0.031896741979215965	20.347024852415863
12.293246526612846	0.007	0.005	0.08830995692699602	9.535581873631508e-6	0.3723961368380861	0.03182620604320574	20.064408920019194
12.40028667836591	0.007	0.005	0.08708347228834047	9.418722597371513e-6	0.3728291611078854	0.03175395379093929	19.785746239383393
12.507316597432563	0.007	0.005	0.08587413638068873	9.3028521756885e-6	0.3732497543601794	0.031680043045592396	19.51097982552539
12.614336752532175	0.007	0.005	0.0846817026606893	9.187982474072257e-6	0.373658263472371	0.03160453034175444	19.24005366271605
12.72134756973947	0.007	0.005	0.08350592875723889	9.074124194234939e-6	0.37405502535461105	0.03152747094483434	18.972912683179416
12.828349489191217	0.007	0.005	0.08234657577026012	8.961286880335989e-6	0.37444036745576165	0.031448918828820026	18.709502607771746
12.935342908404326	0.007	0.005	0.08120340882568325	8.84947902451114e-6	0.37481460783364473	0.03136892673539956	18.449770072075903
13.042328203548102	0.007	0.005	0.0800761967652332	8.738708099844788e-6	0.3751780555126257	0.03128754617826937	18.193662555919556
13.149305729454591	0.007	0.005	0.07896471207636781	8.628980610457953e-6	0.3755310107502433	0.031204827462632062	17.941128367456855
13.256275812544366	0.007	0.005	0.07786873089584648	8.520302145324803e-6	0.3758737652731487	0.03112081971058054	17.692116643979215
13.36323877917094	0.007	0.005	0.0767880326534519	8.412677400682936e-6	0.3762066026174819	0.031035570858748824	17.446577270967442
13.470194934374819	0.007	0.005	0.07572240023170625	8.30611024233144e-6	0.3765297982984656	0.03094912769458913	17.20446091837982
13.57714456189147	0.007	0.005	0.07467161990153066	8.20060374769501e-6	0.3768436200457236	0.030861535876734507	16.965719026033703
13.684087917076557	0.007	0.005	0.07363548132746103	8.096160251584321e-6	0.37714832801142695	0.030772839961355457	16.730303804790573
13.791025262323245	0.007	0.005	0.07261377716541922	7.99278135711453e-6	0.3774441750906913	0.030683083393086397	16.498168145167984
13.897956838736896	0.007	0.005	0.0716063032863716	7.890467995635415e-6	0.37773140704936814	0.03059230854835727	16.26926566815558
14.004882873222295	0.007	0.005	0.07061285865172715	7.78922045668048e-6	0.3780102627502888	0.03050055674983198	16.04355069690512
14.11180356432656	0.007	0.005	0.06963324538875118	7.689038432404576e-6	0.37828097431692825	0.030407868298934663	15.820978273864839
14.218719117647836	0.007	0.005	0.06866726841162189	7.589921023882802e-6	0.3785437674173281	0.030314282465419673	15.601504074681744
14.325629724594881	0.007	0.005	0.06771473557154896	7.491866788591203e-6	0.37879886139358326	0.03021983752539771	15.385084442309262
14.432535576550249	0.007	0.005	0.06677545748282379	7.394873760372958e-6	0.3790464694759431	0.030124570768640203	15.171676347485084
14.539436829473885	0.007	0.005	0.06584924778655549	7.298939502939637e-6	0.3792867988760242	0.030028518549869623	14.96123744865313
14.646333660543457	0.007	0.005	0.06493592260880222	7.204061097819698e-6	0.3795200510868453	0.02993171625774216	14.753725968848642
14.753226197362432	0.007	0.005	0.06403530112638482	7.110235219124626e-6	0.3797464218897905	0.029834198398045447	14.549100824253516
14.86011458167639	0.007	0.005	0.06314720497368415	7.017458115042073e-6	0.3799661016560777	0.029735998555498126	14.347321489417995
14.966998955214594	0.007	0.005	0.062271458328581414	6.925725642248646e-6	0.38017927546660796	0.029637149425187335	14.148348016786805
15.073879438456075	0.007	0.005	0.06140788804580104	6.835033302622723e-6	0.3803861232193593	0.029537682851009224	13.952141066995107
15.180756137711025	0.007	0.005	0.060556323552592335	6.745376260098987e-6	0.38058681979221104	0.02943762983803542	13.75866188516703
15.28762919466686	0.007	0.005	0.05971659641877938	6.656749331597653e-6	0.3807815352750867	0.02933702052429533	13.56787220322904
15.39449870145451	0.007	0.005	0.0588885409945533	6.569147059533018e-6	0.3809704349478117	0.029235884278510267	13.379734384819198
15.501364764350276	0.007	0.005	0.058071993865819016	6.482563691785568e-6	0.381153679532541	0.02913424965834452	13.194211301539516
15.60822746838925	0.007	0.005	0.057266794092795434	6.396993221218884e-6	0.3813314252597188	0.029032144461527278	13.01126638716697
15.715086891521775	0.007	0.005	0.056472783061207024	6.312429394484355e-6	0.3815038240199476	0.02892959573000885	12.830863603843607
15.821943118767672	0.007	0.005	0.05568980434313001	6.228865721018822e-6	0.38167102350787196	0.028826629753489055	12.65296741046015
15.928796249292006	0.007	0.005	0.054917703617821494	6.146295485998658e-6	0.3818331673480241	0.02872327207924539	12.477542744668048
16.0	0.007	0.005	0.05440915116963267	6.088414271328641e-6	0.3819384797546202	0.028654195668220264	12.361997401506205
