0.0	0.007	0.005	0.0	0.0	0.0	0.0	100.0
0.0006641230782300349	0.007	0.005	8.448640379914425e-5	0.0002031782113153381	2.493463975778779e-7	9.990840074403357e-5	99.9947090932376
0.0009563151011702919	0.007	0.005	0.00012165308320636065	0.00026308802690198636	5.169786754841359e-7	0.00019290165496139717	99.9923813592544
0.0014725821749549395	0.007	0.005	0.00018731524213299211	0.00033956941750999567	1.2256521136882424e-6	0.00040602386572657044	99.98826867438692
0.0019015572408618295	0.007	0.005	0.0002418684814226622	0.0003826744859852333	2.0435019006825515e-6	0.0006170703120892264	99.98485150346323
0.0024364838156431404	0.007	0.005	0.00030988734926032363	0.00041904008039148776	3.3544288365772945e-6	0.0009091031073675173	99.98059049741107
0.0029720416391640337	0.007	0.005	0.00037797720785507917	0.0004425546782548767	4.990413195117422e-6	0.0012228693813217425	99.97632464500072
0.0035784197451111674	0.007	0.005	0.00045505982740245553	0.0004592893316659843	7.233290824824914e-6	0.001594515567461156	99.97149491097925
0.004223057639812272	0.007	0.005	0.0005369929756044878	0.0004699705967313224	1.0072317129798673e-5	0.0020013743857957853	99.9663606978699
0.004937275418315687	0.007	0.005	0.000627753994443369	0.0004767731613583218	1.376460248166674e-5	0.002460451584497932	99.96067262426163
0.00571674264196162	0.007	0.005	0.0007267879221235096	0.0004808057591230003	1.8449812053620415e-5	0.0029670384555812498	99.95446526947649
0.0065831743090504985	0.007	0.005	0.000836847916147021	0.0004830882638247487	2.4460230816688092e-5	0.003533721851451857	99.94756581818051
0.007547682525020632	0.007	0.005	0.0009593377058325485	0.00048427822041862084	3.214403593336946e-5	0.004166700873510727	99.93988593714826
0.00863599849697403	0.007	0.005	0.0010975146164993639	0.00048483948197703287	4.206942827806719e-5	0.004882110596172291	99.9312209474648
0.009875655407023988	0.007	0.005	0.0012548597377398992	0.00048505989824608703	5.4995021953950964e-5	0.005697548028181645	99.92135192179278
0.01130985261892829	0.007	0.005	0.0014368351944667429	0.00048511020523217785	7.20994437607956e-5	0.0066410901355056584	99.9099353584854
0.012996924759374202	0.007	0.005	0.0016508111705071248	0.00048508056417887634	9.516892052280316e-5	0.0077508655160285845	99.89650751807318
0.015026228922912204	0.007	0.005	0.0019080716075933874	0.0004850118733860608	0.0001271359729204335	0.009085422296699116	99.88035815604583
0.017534345274723737	0.007	0.005	0.0022258487105287603	0.0004849169859102712	0.0001729992252946322	0.010734283200946245	99.86040197633392
0.020741171119584075	0.007	0.005	0.002631856342739732	0.00048479340579999036	0.00024184866374640438	0.01284152111181494	99.83489222451777
0.024965673116237895	0.007	0.005	0.0031662031710479087	0.0004846302768432593	0.0003499876473337725	0.015615832109053112	99.801296979212
0.030294641675034692	0.007	0.005	0.003839431289482877	0.0004844243515507452	0.0005145804132988361	0.01911278907894383	99.7589346159089
0.0359425795662041	0.007	0.005	0.004551958460915862	0.000484205018317569	0.0007231976638801756	0.022815801580010557	99.71405625010428
0.04113440524999048	0.007	0.005	0.0052060393388524365	0.00048400071158052514	0.0009458474422961621	0.02621681721888822	99.67281994963423
0.04572806214071573	0.007	0.005	0.005784039491723295	0.00048382053600434907	0.0011674028115465627	0.029223629572255234	99.6363488500984
0.049925390767616054	0.007	0.005	0.006311579470294037	0.0004836599739648919	0.0013899223240543775	0.03196908048939382	99.60303604596282
0.05397457370858834	0.007	0.005	0.0068199646290389975	0.00048350632091622526	0.001622693170377562	0.03461587805567903	99.57090958020162
0.058047594437403	0.007	0.005	0.007330812907396321	0.0004833509418501197	0.001874709334484906	0.03727652623395253	99.53860443787981
0.06222064074231714	0.007	0.005	0.007853656028209397	0.0004831909016155524	0.0021514432641703317	0.040000715173412714	99.5055168136562
0.06649657902553903	0.007	0.005	0.008388812949376104	0.0004830264166629732	0.0024543843986516746	0.04279018380333395	99.47162477902448
0.07083631307555881	0.007	0.005	0.008931356995683232	0.000482859239324624	0.0027818340657752723	0.04561931657612655	99.43723888839608
0.07519248672141907	0.007	0.005	0.009475351699586968	0.00048269138987745453	0.0031307011024789004	0.0484571879845347	99.40273469292441
0.07953320585482068	0.007	0.005	0.010016814474404064	0.0004825242519870895	0.0034983637866850673	0.05128302074086507	99.36836481803883
0.08384834547010091	0.007	0.005	0.010554491354196385	0.00048235828772823155	0.003883607984686795	0.054090252505461484	99.33420926116547
0.08814325917597375	0.007	0.005	0.011089059371446839	0.0004821932720013894	0.0042865260714496575	0.05688239838997228	99.30022545588359
0.0924289604159929	0.007	0.005	0.011621895864757894	0.00048202871887241284	0.004707880215337834	0.059666639494820775	99.26632613390237
0.09671482696543315	0.007	0.005	0.012154169114999466	0.0004818642137385463	0.005148460664375488	0.062449075628389944	99.2324370776379
0.10100560602465311	0.007	0.005	0.012686468153125801	0.0004816995483646146	0.005608719006963578	0.06523278668036625	99.19852076680746
0.10530174815758767	0.007	0.005	0.01321884727685238	0.0004815347038440965	0.0060887018662369174	0.06801805939350944	99.16457367763054
0.10960130311247449	0.007	0.005	0.013751063519975532	0.0004813697660109193	0.006588179406656017	0.07080362479792075	99.13061125215279
0.11390186899051695	0.007	0.005	0.014282819165489456	0.0004812048401943084	0.007106831527519172	0.07358792509733601	99.0966524770759
0.1182017894032644	0.007	0.005	0.014813909833562858	0.00048103999907080764	0.007644390482745642	0.0763698889558586	99.06271042932158
0.12250047124174497	0.007	0.005	0.015344263155799598	0.0004808752687087495	0.008200699452323424	0.07914913521093296	99.02878977905738
0.12679811034129748	0.007	0.005	0.015873904260880544	0.00048071064051117407	0.008775698764643462	0.08192579331400876	98.99488896773138
0.13109523103706427	0.007	0.005	0.01640289858738061	0.0004805460914242455	0.009369378559956862	0.08470020438858163	98.96100384896214
0.135392312004845	0.007	0.005	0.016931305676997226	0.0004803816003987465	0.009981731751242008	0.08747267917331508	98.92713064190016
0.13968961393533683	0.007	0.005	0.017459158050402875	0.0004802171559679383	0.010612727274743956	0.09024338705390757	98.89326728832548
0.14398717839604017	0.007	0.005	0.017986461215629523	0.00048005275629069616	0.011262305144024522	0.09301235581528985	98.85941345866756
0.14828491744756517	0.007	0.005	0.018513204793995163	0.00047988840521095397	0.011930385829740509	0.09577952981038447	98.8255698434641
0.1525827118314878	0.007	0.005	0.019039374621884507	0.00047972410794614926	0.012616883377908764	0.0985448334028642	98.79173737880748
0.15688047530463287	0.007	0.005	0.01956496063506374	0.00047955986826355785	0.013321715444316446	0.10130821238832444	98.75791673974085
0.16117817314318808	0.007	0.005	0.020089959105472878	0.0004793956876682746	0.014044807166227361	0.10406964580651278	98.72410819516304
0.16547581189434732	0.007	0.005	0.020614371356586288	0.0004792315658533133	0.01478609047535555	0.10682913924885301	98.69031168910203
0.16977341632044374	0.007	0.005	0.021138200926907685	0.0004790675017120355	0.01554550084942157	0.10958670997812443	98.6565270224882
0.17407101089874205	0.007	0.005	0.021661451306499165	0.00047890349415049584	0.01632297430718722	0.11234237502962136	98.62275399876002
0.17836860986016884	0.007	0.005	0.022184124726382398	0.0004787395425247211	0.017118445533588253	0.11509614483108684	98.58899250210122
0.1826662163355433	0.007	0.005	0.022706222061779312	0.0004785756466780759	0.01793184749879679	0.11784802267887808	98.55524250400657
0.18696382662481886	0.007	0.005	0.02322774335736326	0.0004784118067537635	0.018763112060002658	0.12059800749341075	98.52150402962248
0.19126143475098745	0.007	0.005	0.023748688383546247	0.00047824802299489263	0.019612170728501414	0.12334609674523389	98.48777712192303
0.1955590361601501	0.007	0.005	0.02426905708576887	0.00047808429558207714	0.02047895537691263	0.12609228882361884	98.45406181265689
0.19985662885999222	0.007	0.005	0.024788849721164206	0.0004779206245834871	0.021363398505558937	0.12883658376016263	98.42035811343945
0.20415421313514864	0.007	0.005	0.025308066822471963	0.0004777570099673635	0.022265433234813413	0.1315789830415705	98.38666601801839
0.20845178983948598	0.007	0.005	0.025826708990538905	0.00047759345167697957	0.023184992982503014	0.13431948851601908	98.3529855156855
0.2127493601114829	0.007	0.005	0.026344776859648183	0.00047742994964313455	0.024122011412401837	0.1370581022105949	98.31931659351375
0.2170469253742294	0.007	0.005	0.026862271097330873	0.000477266503784155	0.025076422439478357	0.13979482633067272	98.28565923636106
0.22134448619696306	0.007	0.005	0.02737919226731667	0.0004771031140558482	0.02604815997536702	0.14252966253505087	98.25201343578574
0.22564204201045734	0.007	0.005	0.027895540795926866	0.0004769397804639793	0.02703715784459965	0.14526261175689287	98.21837919226209
0.2299395922454877	0.007	0.005	0.028411317109390936	0.00047677650301431585	0.02804335003024217	0.14799367492947138	98.18475650625965
0.23423713661744666	0.007	0.005	0.028926521667947916	0.00047661328170013953	0.02906667074195412	0.15072285316685383	98.15114537601764
0.23853467541095655	0.007	0.005	0.02944115499972091	0.0004764501164897663	0.030107054490815698	0.15345014794383985	98.11754579532393
0.24283220862602461	0.007	0.005	0.029955217598261023	0.00047628700736400853	0.031164435888475776	0.1561755605534037	98.08395776019493
0.24712973683188544	0.007	0.005	0.030468710024701768	0.00047612395427871525	0.03223874985627378	0.15889909264825644	98.0503812622018
0.25142725917470493	0.007	0.005	0.03098163266972777	0.0004759609572521622	0.03332993112626464	0.1616207449782842	98.01681630403584
0.2557247759391039	0.007	0.005	0.03149398605973427	0.0004757980162526949	0.03443791487840881	0.164340519014234	97.98326287949355
0.2600222876943149	0.007	0.005	0.032005770754447674	0.00047563513123619056	0.03556263653734699	0.16705841640540836	97.94972098015478
0.26431979387111915	0.007	0.005	0.03251698717754966	0.00047547230220845304	0.03670403139679633	0.1697744380799682	97.91619060648789
0.2686172944695239	0.007	0.005	0.033027635820230314	0.00047530952915033345	0.03786203506058913	0.17248858532556496	97.88267175451752
0.27291479034337107	0.007	0.005	0.033537717274574934	0.0004751468120052525	0.03903658353166883	0.17520085996766746	97.84916441361352
0.2772122812080545	0.007	0.005	0.03404723199692636	0.0004749841507665553	0.040227612672111335	0.17791126311159933	97.81566858202812
0.2815097667789692	0.007	0.005	0.03455618044338604	0.00047482154542759203	0.04143505850297056	0.1806197958622969	97.78218425801187
0.28580724677151115	0.007	0.005	0.035064563069814016	0.00047465899598171603	0.04265885720396421	0.18332645932430894	97.74871143981362
0.2901047217549079	0.007	0.005	0.03557238043266696	0.0004744965023848584	0.04389894536115733	0.18603125513901358	97.71525011903354
0.2944021920137752	0.007	0.005	0.03607963305413625	0.00047433406460543664	0.04515525964778404	0.18873418476697001	97.68180028949419
0.2986996566942896	0.007	0.005	0.036586321321721835	0.0004741716826617744	0.04642773656404788	0.19143524895206177	97.64836195387913
0.30299711636567667	0.007	0.005	0.037092445790484756	0.000474009356509827	0.04771631318827968	0.1941344493322829	97.61493510379721
0.3072945713125511	0.007	0.005	0.037598006981334406	0.00047384708611803274	0.04902092668162558	0.19683178736518261	97.58151973307737
0.3115920206810926	0.007	0.005	0.038103005280937546	0.00047368487150472737	0.05034151401837266	0.19952726379311686	97.54811584440044
0.31588946532513273	0.007	0.005	0.03860744127635172	0.00047352271261341753	0.05167801285490437	0.20222088042903502	97.51472342717284
0.3201869049600689	0.007	0.005	0.03911131542039251	0.00047336060943750836	0.053030360660043165	0.20491263837069496	97.48134247965285
0.32448433958590694	0.007	0.005	0.039614628198950334	0.0004731985619579368	0.054398495149353715	0.20760253889355612	97.44797299788753
0.3287817692026527	0.007	0.005	0.04011738009752743	0.00047303657015564847	0.05578235419786303	0.21029058327220174	97.4146149779253
0.33307919409491876	0.007	0.005	0.04061957163447846	0.0004728746339991248	0.057181875932915724	0.21297677295818007	97.38126841360783
0.33737661454731704	0.007	0.005	0.041121203327622306	0.0004727127534568583	0.05859699864474704	0.2156611094016737	97.34793329878123
0.34167402999063956	0.007	0.005	0.04162227559474416	0.00047255092853475025	0.06002766050030845	0.21834359351871505	97.31460963391567
0.3459714407094981	0.007	0.005	0.04212278895292609	0.0004723891592013049	0.06147380010524605	0.2210242267578619	97.2812974128592
0.3502688467038978	0.007	0.005	0.04262274388562346	0.0004722274454375029	0.06293535612970434	0.22370301038895896	97.24799663166934
0.35456624797384384	0.007	0.005	0.04312214087590548	0.0004720657872243288	0.06441226740118512	0.22637994568097872	97.21470728640494
0.3588636442347365	0.007	0.005	0.043620980373437104	0.00047190418455523566	0.06590447280487327	0.2290550337249165	97.18142937532977
0.3631610357711862	0.007	0.005	0.04411926289360816	0.00047174263739875794	0.06741191157926914	0.2317282759653523	97.14816289230038
0.36745842286780256	0.007	0.005	0.04461698895127569	0.00047158114572343917	0.06893452312323525	0.234399673845507	97.11490783117769
0.3717558052399861	0.007	0.005	0.04511415899494889	0.0004714197095227522	0.07047224679093708	0.23706922845376507	97.08166419022955
0.3760531828877419	0.007	0.005	0.04561077350577057	0.0004712583287777156	0.07202502219151291	0.23973694105474744	97.04843196552163
0.3803505558110753	0.007	0.005	0.0461068329644992	0.0004710970034693535	0.07359278908940321	0.24240281291220642	97.01521115312096
0.3846479242945946	0.007	0.005	0.046602337884306774	0.0004709357335662376	0.07517548750932163	0.2450668454654002	96.98200174689693
0.38894528833830433	0.007	0.005	0.04709728874507388	0.00047077451904940857	0.0767730575282424	0.24772903997598097	96.94880374292156
0.3932426485114144	0.007	0.005	0.04759168609174642	0.00047061335987500056	0.078385439591946	0.2503893980569957	96.91561713287324
0.3975400036755189	0.007	0.005	0.04808553027246831	0.0004704522560738874	0.08001257365844791	0.2530479202636	96.88244192161814
0.4018373541152257	0.007	0.005	0.04857882179884189	0.00047029120761467015	0.081654400369859	0.25570460803146533	96.84927810303185
0.4061347001151416	0.007	0.005	0.049071561181940504	0.00047013021446595793	0.08331086052545474	0.2583594627949125	96.81612567099432
0.41043204224447405	0.007	0.005	0.04956374896488721	0.00046996927658392106	0.08498189519244952	0.2610124861625582	96.78298461719541
0.4147293796494231	0.007	0.005	0.05005538552742368	0.000469808393986992	0.08666744503776616	0.2636636788635676	96.7498549443009
0.41902671261459473	0.007	0.005	0.050546471379368185	0.00046964756664380264	0.08836745132131524	0.2663130423293078	96.7167366461971
0.4233240417091947	0.007	0.005	0.051037007062480585	0.0004694867945105478	0.09008185557276237	0.2689605781650809	96.68362971458244
0.4276213660794255	0.007	0.005	0.05152699295568736	0.00046932607760567227	0.09181059890611316	0.27160628709855683	96.65053415211999
0.4319186860098924	0.007	0.005	0.05201642956755464	0.00046916541589782975	0.09355362303887402	0.2742501705581548	96.61744995270236
0.4362160020697994	0.007	0.005	0.0525053174384823	0.00046900480934323953	0.09531086996009407	0.2768922301458695	96.58437710803655
0.4405133139745504	0.007	0.005	0.05299365701123002	0.0004688442579354661	0.09708228146354193	0.27953246693747535	96.55131561640454
0.44481062115495124	0.007	0.005	0.05348144869603612	0.00046868376168052324	0.09886779937074537	0.2821708818336931	96.51826547827507
0.44910792389560583	0.007	0.005	0.05396869299980181	0.0004685233205470945	0.10066736600463512	0.2848074762590212	96.48522668754916
0.453405222765716	0.007	0.005	0.05445539046111876	0.00046836293449143	0.10248092396202459	0.2874422518110549	96.45219923594523
0.45770251776528514	0.007	0.005	0.05494154155355365	0.0004682026034946772	0.10430841575337775	0.2900752097369368	96.41918311956144
0.46199980860971873	0.007	0.005	0.05542714671815268	0.0004680423275504321	0.10614978391564142	0.29270635110875715	96.38617833668273
0.4662970947298253	0.007	0.005	0.05591220636362238	0.00046788210666472884	0.10800497100735174	0.2953356768241555	96.35318488777712
0.47059437726399983	0.007	0.005	0.05639672109100057	0.00046772194076897107	0.10987392047340788	0.2979631888246131	96.32020276020427
0.4748916559276481	0.007	0.005	0.05688069134020037	0.0004675618298567756	0.11175657529550206	0.3005888881796558	96.28723195225317
0.4791889307207736	0.007	0.005	0.0573641175829001	0.00046740177390931884	0.11365287872531987	0.30321277613215225	96.2542724600287
0.48778347085840584	0.007	0.005	0.05832934032798803	0.0004670871278856077	0.11748619618209534	0.30845511563985806	96.18838738936188
0.49556937329871337	0.007	0.005	0.05920187549536688	0.0004667964081968568	0.12100541323989346	0.3131979922019138	96.12874020549617
0.5048659589361132	0.007	0.005	0.06024137962987515	0.00046645101627722956	0.12526495571637883	0.31885336479817394	96.05756824341908
0.5134702415547757	0.007	0.005	0.06120122004968491	0.00046613132907873534	0.12926260456776187	0.3240800818497155	95.99174330785863
0.5230843297423975	0.007	0.005	0.06227115042462758	0.0004657744409899553	0.1337917500108162	0.32991168429185785	95.91824646182177
0.5322285891646347	0.007	0.005	0.06328629433771896	0.00046543523661390023	0.13816006216285417	0.33544996561658963	95.84839353345174
0.5420432168647733	0.007	0.005	0.06437315173572501	0.0004650714423235652	0.14291363082238626	0.34138522887507233	95.7734762670955
0.5515522220828926	0.007	0.005	0.06542349684356046	0.00046471924715123437	0.14758278093368304	0.34712676637094153	95.70094773688507
0.5615068581433517	0.007	0.005	0.066520257592246	0.00046435083252841945	0.152537166704124	0.353128000795026	95.62507906916093
0.5712708192559341	0.007	0.005	0.06759322588771977	0.0004639897583735691	0.1574620203812861	0.35900498383194346	95.55072204880229
0.5813352245230388	0.007	0.005	0.06869632964737628	0.0004636178675671381	0.16260549767163238	0.3650531801108066	95.4741375237684
0.5912878510647315	0.007	0.005	0.06978431202922737	0.0004632504002286092	0.16775815577777434	0.37102460878213234	95.3984639370424
0.6014482261484378	0.007	0.005	0.0708920667680221	0.00046287556291553885	0.17308569721683348	0.3771108577522614	95.32127262966254
0.6115503025387954	0.007	0.005	0.07199052858215381	0.0004625031770555043	0.1784494266229015	0.38315235854991403	95.24458615694478
0.621801421199965	0.007	0.005	0.07310220936553606	0.0004621256033966957	0.1839596356475839	0.38927299377862995	95.16683134699511
0.6320302723291881	0.007	0.005	0.07420848209725624	0.0004617491571459058	0.18952479417217363	0.39537030996362577	95.08930870649134
0.6423712386273263	0.007	0.005	0.07532384729275603	0.00046136889649819104	0.19521818832473004	0.40152429542230544	95.01100055662778
0.652714195086519	0.007	0.005	0.07643638302410004	0.000460988875909622	0.2009795895425451	0.40766926219608796	94.93274184314983
0.6631462284799874	0.007	0.005	0.07755542287407252	0.00046060589952989295	0.20685767219384746	0.41385683226713493	94.85387443506423
0.6735966582910571	0.007	0.005	0.07867334381978235	0.00046022256679566193	0.21281292388329012	0.4200449401930899	94.77493364204705
0.6841219690643212	0.007	0.005	0.07979615331534515	0.00045983680981028104	0.21887769627968814	0.42626691089585794	94.69549361580341
0.6946768887066915	0.007	0.005	0.08091898194624901	0.0004594502923516123	0.22502616402336267	0.4324958433667347	94.61589698346565
0.7052981267665033	0.007	0.005	0.08204569871870132	0.00045906167429322567	0.23127987772167757	0.4387532753963384	94.53586776845039
0.7159567732693575	0.007	0.005	0.0831731971612188	0.00045867201794854237	0.23762204481337215	0.44502203679110236	94.45562473648145
0.726676771738787	0.007	0.005	0.08430397260962037	0.00045828045231860644	0.24406708241140834	0.45131607879926255	94.37498851981007
0.7374397525778638	0.007	0.005	0.08543604738129795	0.00045788765297546984	0.2506041570969999	0.4576244765638487	94.29409824133953
0.7482614213635064	0.007	0.005	0.08657103458113037	0.0004574930512265818	0.2572429811494448	0.46395629970850505	94.2128367879272
0.7591302020606672	0.007	0.005	0.08770767936090514	0.0004570970738726803	0.26397665220362443	0.470304632785505	94.13129205240794
0.7700564898081365	0.007	0.005	0.08884702858652468	0.0004566993468457422	0.27081178597362504	0.47667540676888354	94.04938700223926
0.7810330916214425	0.007	0.005	0.08998829046604122	0.00045630013680273497	0.27774407476102053	0.48306428179483735	93.96717655018912
0.7920669834656153	0.007	0.005	0.09113214862817956	0.00045589919486279046	0.28477810102038453	0.48947517237999627	93.88460944347233
0.8031538018819396	0.007	0.005	0.09227810781290641	0.0004554966845535996	0.2919112701476797	0.4959053931745444	93.80171935764784
0.8142983260673207	0.007	0.005	0.09342661886571146	0.0004550924373687491	0.2991468341539029	0.5023575650187095	93.71847159261844
0.8254980246337353	0.007	0.005	0.09457737669353042	0.00045468655026610334	0.3064833328634917	0.5088300675445554	93.63488611472604
0.8367562675763716	0.007	0.005	0.0957306829102258	0.0004542789063064073	0.3139231504178267	0.5153246919101533	93.55093884251588
0.8480717126837818	0.007	0.005	0.09688635438600263	0.00045386955940070585	0.3214655798908238	0.5218405039300664	93.46664087781252
0.8594468304933284	0.007	0.005	0.09804459723885377	0.00045345842556318577	0.3291124432698144	0.5283787642369825	93.38197492452399
0.8708810572074811	0.007	0.005	0.09920530692273116	0.00045304553066492504	0.3368635383817728	0.5349389834579443	93.29694631131612
0.8823762924721252	0.007	0.005	0.100368628461026	0.0004526308116964799	0.34472032607634534	0.5415220837274719	93.21154206184666
0.8939324840198144	0.007	0.005	0.10153450783438807	0.00045221427623302223	0.3526829440263847	0.5481278640809932	93.1257637375994
0.9055511742099814	0.007	0.005	0.10270305116408669	0.0004517958744852655	0.36075262519809054	0.5547570324045057	93.0396010829345
0.9172326528255031	0.007	0.005	0.10387423719204249	0.00045137560191650097	0.3689297404078073	0.5614095769838032	92.95305316509751
0.9289782446058186	0.007	0.005	0.10504814751273439	0.0004509534168752381	0.37721538359834633	0.5680860722311253	92.86611140671283
0.9407884697335457	0.007	0.005	0.10622478195726415	0.00045052930679018106	0.3856100868958817	0.5747866304546467	92.77877321889777
0.952664526124756	0.007	0.005	0.10740420683433544	0.0004501032348868868	0.39411486401803836	0.5815117447411361	92.69103102731333
0.9646070972717703	0.007	0.005	0.10858643602271104	0.00044967518299361036	0.40273036462312645	0.588261612119261	92.60288109140436
0.9766173115743598	0.007	0.005	0.10977152629224898	0.0004492451171425442	0.4114575598569954	0.5950366769628285	92.51431641577375
0.9886959704896093	0.007	0.005	0.11095950079625964	0.0004488130152392184	0.4202971865929478	0.6018371943992785	92.42533244965821
1.0008441728709447	0.007	0.005	0.112150410694106	0.00044837884469599114	0.4292502001703195	0.6086635825541784	92.33592248275369
1.013062812322003	0.007	0.005	0.11334428563393015	0.00044794258043134627	0.4383174072019979	0.6155161392707614	92.24608135014674
1.0253529832887767	0.007	0.005	0.1145411735590103	0.0004475041903594338	0.4474997642280079	0.6223952702831841	92.1558024437339
1.0377156546629316	0.007	0.005	0.11574110874792193	0.00044706364704326346	0.4567981358949186	0.6293013059250638	92.06508011380329
1.0501519343112125	0.007	0.005	0.11694413755751312	0.0004466209182659028	0.4662134921629709	0.6362346491220866	91.9739077264718
1.0626628581216584	0.007	0.005	0.11815029788541609	0.00044617597457072516	0.47574674987499366	0.6431956573287535	91.88227921329175
1.0752495600828726	0.007	0.005	0.11935963559337592	0.00044572878317415655	0.48539890121299234	0.6501847372399256	91.7901878251962
1.0879131362152712	0.007	0.005	0.12057219133163974	0.00044527931284667183	0.49517091011093967	0.6572022688776648	91.69762713050399
1.1006547590037707	0.007	0.005	0.12178801149347868	0.0004448275298363136	0.5050637998077345	0.6642486689857185	91.60459017874618
1.1134755818081483	0.007	0.005	0.12300713900624259	0.0004443734012733694	0.5150785790926098	0.6713243378568283	91.51107020079135
1.126376820813295	0.007	0.005	0.12422962110575282	0.00044391689227005286	0.5252163057465371	0.6784297044874639	91.41706001167121
1.139359691621136	0.007	0.005	0.12545550324564747	0.00044345796816788545	0.5354780370207094	0.6855651913636195	91.32255247467636
1.1524254587577591	0.007	0.005	0.12668483373829575	0.00044299659280401223	0.5458648683523932	0.692731241543855	91.22754014193896
1.1655754008827932	0.007	0.005	0.12791766040673502	0.0004425327297320404	0.5563779058221249	0.6999282993108443	91.13201550932104
1.1788108374999227	0.007	0.005	0.12915403304093093	0.0004420663413121579	0.5670182872173769	0.7071568246141935	91.0359708236849
1.1921331139163318	0.007	0.005	0.13039400192041473	0.00044159738921627396	0.5777871699375978	0.7144172845956833	90.93939819390215
1.2055436116259446	0.007	0.005	0.13163761872019067	0.00044112583410622035	0.5886857391832487	0.7217101590275705	90.8422895171944
1.2190437455372392	0.007	0.005	0.1328849361815531	0.000440651635709745	0.5997152056044655	0.7290359385443101	90.74463650108994
1.2326349647288557	0.007	0.005	0.13413600811198137	0.0004401747528187724	0.6108768057443953	0.7363951247986582	90.64643065980302
1.2463187577895989	0.007	0.005	0.1353908898023728	0.000439695143108382	0.6221718062568045	0.743788233083428	90.54766327760633
1.2600966519083179	0.007	0.005	0.13664963786249615	0.0004392127631922756	0.6336015030181625	0.751215791546082	90.44832541752537
1.2739702128538062	0.007	0.005	0.137912310138316	0.00043872756859394567	0.6451672209165964	0.7586783408843706	90.3484079236172
1.2879410496087234	0.007	0.005	0.1391789660496267	0.0004382395136488776	0.6568703175033318	0.7661764365331869	90.24790138982036
1.3020108154107843	0.007	0.005	0.14044966659319913	0.00043774855144031465	0.6687121836771773	0.77371064889237	90.1467961548669
1.3161812078822066	0.007	0.005	0.1417244742608559	0.0004372546338250626	0.6806942435699771	0.7812815630559055	90.04508230382551
1.330453975823965	0.007	0.005	0.14300345355227395	0.00043675771119044743	0.6928179600564828	0.7888897820843548	89.94274962193403
1.3448309157049065	0.007	0.005	0.1442866705542694	0.0004362577326243487	0.7050848315522833	0.796535924748207	89.83978762256815
1.359313876712302	0.007	0.005	0.1455741932859235	0.00043575464571148054	0.7174963960254204	0.8042206278293933	89.73618551387706
1.3739047630658954	0.007	0.005	0.1468660917898447	0.000435248396511337	0.7300542326995985	0.8119445469329951	89.63193218525927
1.388605538376355	0.007	0.005	0.1481624383970005	0.00043473892938066514	0.7427599655131496	0.8197083583544105	89.52701617942522
1.4034182222576628	0.007	0.005	0.14946330730179233	0.00043422618713770704	0.7556152598660778	0.8275127568311572	89.42142571991992
1.4183449017450593	0.007	0.005	0.15076877543513706	0.0004337101106617146	0.7686218321492568	0.8353584610863539	89.3151486331824
1.4333877270899165	0.007	0.005	0.15207892195318648	0.00043319063907499785	0.7817814457414901	0.8432462110967069	89.20817238228476
1.4485489215502203	0.007	0.005	0.15339382894471282	0.00043266770942509405	0.795095919151519	0.8511767726967286	89.10048400117653
1.4638307772848032	0.007	0.005	0.15471358091753346	0.00043214125681570605	0.808567121998184	0.8591509348578872	88.99207012802984
1.4792356685582428	0.007	0.005	0.156038265777345	0.00043161121401173334	0.8221969861609649	0.8671695159899303	88.88291691586888
1.4947660447418045	0.007	0.005	0.1573679740489456	0.0004310775116815255	0.8359874991166465	0.8752333596535967	88.77301008686459
1.5104244470651416	0.007	0.005	0.1587028001309716	0.0004305400778484239	0.8499407182394282	0.8833433426034337	88.66233481858407
1.526213501812849	0.007	0.005	0.16004284151580908	0.0004299988381470572	0.864058764205055	0.8915003705353358	88.55087579739914
1.5421359355564142	0.007	0.005	0.16138819987981096	0.00042945371533029315	0.8783438339533516	0.8997053852163958	88.43861711637932
1.5581945706542373	0.007	0.005	0.16273898048006422	0.0004289046294726348	0.8927981960079674	0.9079593613530412	88.32554231296392
1.574392338942395	0.007	0.005	0.1640952930779575	0.00042835149748165493	0.9074242020335351	0.9162633127950723	88.2116342786717
1.5907322840135891	0.007	0.005	0.16545725187901122	0.0004277942330980994	0.9222242881314239	0.9246182927882529	88.0968752497798
1.6072175679964755	0.007	0.005	0.1668249758362374	0.00042723274668267646	0.9372009801125617	0.9330253964848498	87.98124676672452
1.623851480857221	0.007	0.005	0.16819858914161664	0.00042666694494990746	0.9523569010173265	0.9414857646634935	87.86472961637178
1.6406374478771757	0.007	0.005	0.16957822154201602	0.0004260967307126786	0.9676947769361588	0.9500005864309484	87.74730378772057
1.6575790352070194	0.007	0.005	0.17096400847586884	0.00042552200278611396	0.983217440988719	0.9585711008705021	87.62894844163482
1.6746799625348334	0.007	0.005	0.1723560917693362	0.0004249426555656713	0.9989278437255358	0.9671986022069892	87.50964183148571
1.691944112892036	0.007	0.005	0.17375462006556794	0.00042435857876394585	1.014829060853445	0.9758844434048106	87.38936124465398
1.7093755417652865	0.007	0.005	0.17515974916859986	0.00042376965713599774	1.0309243002173796	0.9846300393101532	87.2680829496532
1.7269784913622062	0.007	0.005	0.1765716427710036	0.0004231757700702877	1.047216913423658	0.9934368722628253	87.14578210825105
1.7447573984539975	0.007	0.005	0.17799047262843046	0.0004225767913780186	1.0637104014056336	1.0023064943561617	87.02243273323216
1.7627169194347048	0.007	0.005	0.17941642007048264	0.0004219725884961274	1.0804084358112507	1.0112405381480485	86.89800752773179
1.7808619299708988	0.007	0.005	0.1808496754394839	0.00042136302261465164	1.0973148566657318	1.0202407145333003	86.77247790205291
1.7991975614431066	0.007	0.005	0.18229044040364092	0.00042074794745173736	1.114433704055831	1.029308828746814	86.645813736854
1.81772920213752	0.007	0.005	0.1837389274211389	0.0004201272093870222	1.1317692168262186	1.03844677864662	86.5179833919171
1.8364625311161946	0.007	0.005	0.18519536172280546	0.00041950064632388656	1.1493258615111852	1.0476565689769362	86.38895349052758
1.8554035336919956	0.007	0.005	0.18665998177776263	0.00041886808734519805	1.1671083438606122	1.0569403162718234	86.25868883285152
1.8745585319100215	0.007	0.005	0.18813304085564653	0.00041822935175874604	1.1851216341216804	1.0663002608789396	86.12715220786095
1.8939342090285765	0.007	0.005	0.18961480803674377	0.0004175842483901942	1.2033709863772717	1.0757387757197736	85.9943042488999
1.913537644671028	0.007	0.005	0.19110556994956202	0.0004169325745794473	1.2218619675412814	1.0852583799222109	85.86010321849993
1.9333763508088588	0.007	0.005	0.1926056324589245	0.0004162741150627207	1.240600486731314	1.0948617524443225	85.72450479054429
1.9534583059780857	0.007	0.005	0.1941153221037839	0.0004156086410543056	1.2595928224692994	1.1045517444141482	85.58746184768043
1.973792012170937	0.007	0.005	0.19563498910767213	0.00041493590848092277	1.2788456707470846	1.114331401925884	85.44892412758585
1.994386530622854	0.007	0.005	0.1971650086442642	0.00041425565699667574	1.298366172483659	1.1242039780716082	85.30883801754996
2.0152515550727923	0.007	0.005	0.1987057847308445	0.0004135676077816396	1.3181619756855816	1.1341729623611028	85.16714609845019
2.0363974645822167	0.007	0.005	0.20025775238837148	0.0004128714620123716	1.3382412773662624	1.1442420995548137	85.0237868335922
2.0578354061144526	0.007	0.005	0.20182138177518066	0.00041216689842235745	1.3586128926327814	1.154415421891186	84.87869406157618
2.0795773773949184	0.007	0.005	0.20339718206076302	0.00041145357083127677	1.3792863228268075	1.1646972804173645	84.73179649488824
2.101636328002366	0.007	0.005	0.20498570631617602	0.00041073110518684964	1.4002718395302758	1.1750923838193648	84.58301710365366
2.1240262654583093	0.007	0.005	0.20658755640524024	0.0004099990964460783	1.4215805715890177	1.1856058382851795	84.43227247550854
2.1467624067379694	0.007	0.005	0.20820339070794325	0.0004092571040382681	1.4432246332876795	1.1962432071580142	84.27947188110582
2.1698613099290465	0.007	0.005	0.20983392991363703	0.00040850464801441255	1.4652172311510112	1.207010559389871	84.12451648723997
2.193341077657017	0.007	0.005	0.21147996732811872	0.000407741203033146	1.487572836053755	1.2179145494089822	83.96729810376867
2.2172215548643934	0.007	0.005	0.2131423780521927	0.00040696619246707367	1.5103073463131964	1.2289624916656818	83.80769798842616
2.2415246061091008	0.007	0.005	0.2148221328800308	0.0004061789802025209	1.5334383220204932	1.2401624689526642	83.64558514269712
2.2662743968564443	0.007	0.005	0.21652031143222936	0.00040537886233610164	1.5569852176654548	1.2515234387227434	83.48081460971532
2.2914977908922953	0.007	0.005	0.2182381220600404	0.00040456505533035256	1.5809697184359168	1.2630553882857383	83.31322503219349
2.3172247749611437	0.007	0.005	0.21997692204736644	0.000403736683452423	1.6054160938274804	1.2747694967020269	83.14263607243095
2.343489022464288	0.007	0.005	0.22173824538703796	0.0004028927620895111	1.6303516726603415	1.2866783532397665	82.96884496086167
2.3703285716833844	0.007	0.005	0.22352383587097774	0.00040203217754294766	1.65580741304402	1.2987962190032603	82.79162235238778
2.397786654755049	0.007	0.005	0.22533568728128697	0.00040115366250037917	1.6818185976465716	1.3111393457747194	82.61070726871041
2.4259127691963434	0.007	0.005	0.22717609587185808	0.0004002557642575736	1.7084257357688157	1.3237263901156717	82.42580054602826
2.4547639816854177	0.007	0.005	0.22904772323833994	0.00039933680606971046	1.7356756548477594	1.336578913564246	82.23655689003616
2.484406631122498	0.007	0.005	0.2309536789421904	0.0003983948367491698	1.7636229290234706	1.3497220378632793	82.04257448400575
2.514918438286988	0.007	0.005	0.2328976211754148	0.0003974275683149926	1.7923316370535176	1.3631852503419142	81.84338216336882
2.5463911937938897	0.007	0.005	0.2348838837740462	0.0003964322969036591	1.8218775916198453	1.377003425387636	81.63842311048596
2.5789340155223237	0.007	0.005	0.2369176254588336	0.000395405807417743	1.8523510044597213	1.3912180448035532	81.42703522855348
2.6126771043611976	0.007	0.005	0.2390049928571935	0.00039434426486834647	1.8838594856807573	1.405878570917976	81.20842877254904
2.6477752003329273	0.007	0.005	0.2411532443029026	0.0003932431181453411	1.9165305914989088	1.421043611855101	80.98166651588022
2.6844083048647267	0.007	0.005	0.24337068646132837	0.00039209709224293773	1.9505116283589568	1.4367808303201735	80.74566216497671
2.722772485617496	0.007	0.005	0.24566600679755868	0.0003909004916752412	1.9859601071872812	1.4531625748542107	80.49924282781552
2.7630425451562193	0.007	0.005	0.24804598117051763	0.00038964837383221744	2.0230083730372064	1.4702497093307914	80.24139066092968
2.805261404125428	0.007	0.005	0.2505090969051633	0.0003883399682056029	2.061662144672303	1.488045256153277	79.97194699496056
2.849138571607517	0.007	0.005	0.2530345196119943	0.0003869848254277938	2.1016199500865183	1.506412121980977	79.6928786113827
2.8939097740339346	0.007	0.005	0.25557554494592405	0.0003856069446847301	2.1421553396826276	1.5250200238130531	79.40912773754671
2.938640093948881	0.007	0.005	0.2580784192764588	0.0003842352214601247	2.18240370376853	1.5434775179587668	79.12664489736702
2.982694771621736	0.007	0.005	0.26050880777132107	0.00038288898758759743	2.2217891927575497	1.5615267873538365	78.8494111497835
3.0257576701192077	0.007	0.005	0.262851525984467	0.00038157761955439837	2.260033813813435	1.5790464506019322	78.57935742788045
3.0677208448374738	0.007	0.005	0.26510335655779227	0.0003803040616581281	2.297051337422729	1.5960022632319253	78.31709005309452
3.108577912432067	0.007	0.005	0.2672666343089403	0.0003790681576908247	2.3328479394806596	1.612401443297458	78.06257685430063
3.148378917000219	0.007	0.005	0.2693465351086572	0.0003778680612051836	2.367479861204991	1.6282733473912856	77.81543759459566
3.1871954408917924	0.007	0.005	0.2713491043641685	0.00037670130890664957	2.401021509051086	1.6436549944357874	77.57516499716839
3.225110319777648	0.007	0.005	0.27328068235457925	0.00037556513654057416	2.4335558764325373	1.6585868176964496	77.3411898105408
3.262205470098658	0.007	0.005	0.27514727838943037	0.0003744568450511936	2.465163761285917	1.6731078430570505	77.11295621449322
3.2985605421618978	0.007	0.005	0.2769545250272625	0.00037337383830499707	2.495922572174632	1.6872552391789908	76.88992957409353
3.33424842789622	0.007	0.005	0.27870748141825435	0.0003723137534908504	2.525902567597757	1.7010626652965726	76.67162331168292
3.3693362508684834	0.007	0.005	0.28041071442487536	0.00037127442749672557	2.5551678262754365	1.7145607732172892	76.45759197467046
3.403883801609665	0.007	0.005	0.28206825176901884	0.0003702539394655613	2.583775083869067	1.727776712331209	76.24743998782643
3.4379449438552303	0.007	0.005	0.28368367814105694	0.0003692505652666073	2.6117750669276942	1.7407347735043495	76.0408123060313
3.471567210425395	0.007	0.005	0.28526014018830337	0.000368262786319108	2.6392123102282006	1.7534563248374504	75.83739619411588
3.50479305823402	0.007	0.005	0.28680042756188573	0.00036728924951468514	2.6661263324304856	1.765960369128656	75.63691300996733
3.5376599040484926	0.007	0.005	0.2883069929857854	0.0003663287637821344	2.69255179378299	1.7782636259049471	75.43911746991748
3.5702011122349604	0.007	0.005	0.2897820139697634	0.00036538026889487187	2.718519412640654	1.7903809625758198	75.24379123759297
3.6024461714543827	0.007	0.005	0.2912274144084631	0.00036444282844321293	2.7440562091976988	1.802325511038421	75.05074147661317
3.634421419158108	0.007	0.005	0.29264490904176527	0.00036351560712857925	2.7691861740752626	1.814108980969817	74.85979616990547
3.6661502629169886	0.007	0.005	0.29403602321492445	0.0003625978629180778	2.79393052181016	1.8257417786985652	74.67080251273114
3.6976536898137384	0.007	0.005	0.2954021239185895	0.00036168893116020936	2.818308160101122	1.83723322667793	74.48362362756987
3.7289504689724415	0.007	0.005	0.2967444358686715	0.0003607882176613424	2.8423359073951255	1.8485916647972445	74.29813715019516
3.76005751844158	0.007	0.005	0.2980640636150047	0.0003598951872228468	2.8660288290967335	1.8598246075322418	74.1142328706013
3.7909900705174286	0.007	0.005	0.29936200393948215	0.00035900935822799987	2.889400409858601	1.8709388239297724	73.93181159941847
3.8217619359060846	0.007	0.005	0.3006391616533385	0.0003581302942444463	2.9124627946002706	1.881940450301902	73.75078347285971
3.852385635225814	0.007	0.005	0.30189635907089146	0.0003572575999185638	2.9352269225166956	1.8928350523951336	73.57106706211296
3.8828725897170515	0.007	0.005	0.30313434736534867	0.0003563909148255537	2.957702700491096	1.9036277065607548	73.39258815111069
3.913233220452552	0.007	0.005	0.3043538136312582	0.00035552991034788365	2.9798991035515985	1.914323046341118	73.21527906702168
3.943477090717208	0.007	0.005	0.3055553892823628	0.0003546742852303127	3.0018243034236973	1.9249253227616518	73.03907777020154
3.973612977888005	0.007	0.005	0.30673965523038327	0.0003538237632125247	3.0234857418897043	1.935438438318947	72.86392736728496
4.003648989787016	0.007	0.005	0.3079071485192985	0.0003529780894305298	3.044890233503278	1.9458659953801898	72.68977537432689
4.033592606472372	0.007	0.005	0.3090583657444797	0.00035213702898570607	3.066044011956533	1.9562113174884066	72.51657342174202
4.063450775313284	0.007	0.005	0.3101937683241083	0.0003513003640980355	3.086952812403441	1.9664774883377858	72.34427665672196
4.093229934834713	0.007	0.005	0.3113137848184158	0.00035046789316657274	3.1076219013529935	1.9766673653265177	72.17284356402565
4.122936098163521	0.007	0.005	0.3124188153520255	0.00034963942826935667	3.128056146772418	1.9867836129833354	72.00223544764906
4.152574872048515	0.007	0.005	0.3135092334364063	0.00034881479451543193	3.148260041620047	1.9968287136722773	71.83241628871548
4.182151502373057	0.007	0.005	0.3145853886725575	0.00034799382858449187	3.168237744706862	2.006804986923353	71.66335245425822
4.211670916683079	0.007	0.005	0.31564760920820883	0.00034717637741827354	3.1879931180751098	2.0167146072314694	71.49501242721584
4.241137736617667	0.007	0.005	0.3166962030031824	0.00034636229780675394	3.207529743109424	2.0265596113356104	71.32736671134009
4.2705563170374425	0.007	0.005	0.31773145997757096	0.00034555145512220765	3.22685095379843	2.036341914165728	71.16038758614194
4.299930766996298	0.007	0.005	0.3187536534196485	0.0003447437227092722	3.2459598569258756	2.0460633183612327	70.99404896801128
4.329264970246294	0.007	0.005	0.3197630413115744	0.0003439389812073534	3.2648593513109203	2.05572552338395	70.82832627594544
4.3585625995171835	0.007	0.005	0.32075986738150875	0.0003431371180650633	3.283552142448876	2.0653301323542674	70.6631963342208
4.387827140143972	0.007	0.005	0.3217443624217225	0.0003423380268563588	3.3020407626035726	2.0748786617534627	70.49863722392907
4.417061899814694	0.007	0.005	0.32271674508124637	0.00034154160691417853	3.3203275814748783	2.0843725463716587	70.33462821436235
4.446270029677165	0.007	0.005	0.32367722299675805	0.00034074776269863306	3.3384148235903814	2.09381314779402	70.17114963184918
4.47545452587772	0.007	0.005	0.324625993233435	0.00033995640371048424	3.3563045730539782	2.1032017563824175	70.00818283954996
4.50461825217441	0.007	0.005	0.32556324338678844	0.0003391674438233703	3.3739987910336753	2.112539599946809	69.84571010025256
4.5337639353379515	0.007	0.005	0.3264891517665468	0.00033838080134418106	3.3914993162149036	2.1218278435347084	69.68371459213391
4.562894193224078	0.007	0.005	0.32740388860328506	0.0003375963982405654	3.4088078848017545	2.1310675995774697	69.5221802433265
4.592011526052592	0.007	0.005	0.3283076160514294	0.0003368141602925185	3.4259261280055164	2.140259926175905	69.36109177208176
4.621118332659238	0.007	0.005	0.3292004889668213	0.00033603401665056567	3.442855584362853	2.1494058332732986	69.20043458867939
4.650216915075919	0.007	0.005	0.33008265529165165	0.0003352558996848892	3.459597704813913	2.158506285024989	69.0401947628747
4.679309490734264	0.007	0.005	0.3309542566515038	0.00033447974458531565	3.476153861969036	2.1675622044792746	68.88035894994303
4.708398187256144	0.007	0.005	0.3318154284092753	0.0003337054894991033	3.4925253492135275	2.176574472754578	68.72091441306499
4.737485060297496	0.007	0.005	0.3326663003961986	0.00033293307503948823	3.508713392806213	2.1855439353411503	68.56184891945705
4.766572088218011	0.007	0.005	0.3335069969355111	0.0003321624443545352	3.524719150664133	2.1944714011394804	68.40315076421115
4.795661180184665	0.007	0.005	0.3343376372549965	0.0003313935429215249	3.5405437186480797	2.2033576456279786	68.24480872074395
4.824754186158688	0.007	0.005	0.33515833593203104	0.00033062631828394617	3.556188137582175	2.2122034145216545	68.08681198169438
4.85385289143023	0.007	0.005	0.33596920288698884	0.00032986072009715466	3.5716533917636033	2.221009422670707	67.92915018424722
4.882959024604363	0.007	0.005	0.33677034375301257	0.0003290966999761103	3.5869404147282293	2.2297763570391007	67.77181336245776
4.912074261704547	0.007	0.005	0.3375618601218524	0.0003283342113348986	3.602050092739249	2.238504878445874	67.61479192113158
4.941200230251039	0.007	0.005	0.338343849778261	0.00032757320923846163	3.6169832681332412	2.247195623256827	67.45807661018242
4.970338509457307	0.007	0.005	0.3391164068216374	0.00032681365044723244	3.6317407405818694	2.255849203884766	67.30165852014261
4.999490634262792	0.007	0.005	0.33987962188497317	0.0003260554932007387	3.646323270274428	2.2644662104132345	67.14552905719587
5.028658097417913	0.007	0.005	0.3406335822937453	0.00032529869725354544	3.6607315800130036	2.273047211608662	66.98967992893414
5.057842353485677	0.007	0.005	0.3413783722674401	0.0003245432236740525	3.6749663581770964	2.2815927564697343	66.83410312009006
5.087044818964047	0.007	0.005	0.3421140730143974	0.0003237890348744803	3.689028259700176	2.2901033746104686	66.67879088919825
5.116266874325718	0.007	0.005	0.342840762872202	0.00032303609451604025	3.7029179079635113	2.298579577192488	66.52373575512516
5.145509869922685	0.007	0.005	0.3435585175368279	0.00032228436738955947	3.7166358984302854	2.3070218589490237	66.36893046333506
5.174775122198523	0.007	0.005	0.3442674100457588	0.00032153381944445103	3.7301827976178084	2.3154306973782615	66.21436800374113
5.204063921517794	0.007	0.005	0.3449675110429531	0.0003207844176138747	3.743559147494099	2.323806555278022	66.06004156715292
5.233377526413019	0.007	0.005	0.3456588887094103	0.00032003612994184564	3.756765463519338	2.332149879356517	65.90594457363497
5.262717177240984	0.007	0.005	0.3463416091521426	0.0003192889252554264	3.7698022414775476	2.3404611043714674	65.75207059878161
5.292084074849832	0.007	0.005	0.34701573596856117	0.00031854277361504236	3.782669948590536	2.348740647314851	65.59841348387083
5.32147941564199	0.007	0.005	0.34768133111813804	0.0003177976455231924	3.795369039622084	2.356988917552786	65.44496715041738
5.350904358528138	0.007	0.005	0.3483384542170537	0.00031705351267933245	3.807899942901503	2.3652063077067806	65.29172577159756
5.380360054190265	0.007	0.005	0.34898716325620127	0.00031631034726319496	3.820263073537931	2.373393202073142	65.13868361790497
5.4098476217074465	0.007	0.005	0.3496275141291343	0.0003155681225039429	3.8324588239568746	2.3815499702814837	64.98583517748317
5.439368170059958	0.007	0.005	0.35025956115632245	0.0003148268121668322	3.8444875734548583	2.3896769734617123	64.8331750429518
5.468922790354463	0.007	0.005	0.3508833569557153	0.00031408639066989003	3.856349685310912	2.3977745622361724	64.68069795068918
5.498512551921003	0.007	0.005	0.3514989524068499	0.00031334683323755875	3.86804550571043	2.4058430758243596	64.52839879965066
5.528138516058319	0.007	0.005	0.3521063969805303	0.0003126081155425301	3.879575369633934	2.4138828459540993	64.37627257939579
5.557801726255172	0.007	0.005	0.3527057385713772	0.0003118702139590987	3.8909395973110645	2.421894194325574	64.22431441948854
5.587503208191318	0.007	0.005	0.35329702354061876	0.00031113310549067273	3.9021384946961333	2.4298774327723573	64.07251958827176
5.617243983537428	0.007	0.005	0.3538802970268518	0.00031039676747262403	3.91317235902779	2.4378328671027663	63.920883421377034
5.647025056193615	0.007	0.005	0.35445560270351706	0.00030966117795647527	3.9240414739193166	2.445760793513844	63.76940139126596
5.676847424139662	0.007	0.005	0.35502298304373364	0.0003089263152822156	3.9347461140700597	2.453661501879159	63.618069045968895
5.706712069576938	0.007	0.005	0.3555824791603687	0.0003081921584656526	3.9452865419585352	2.4615352732344613	63.46688205845208
5.73661997081425	0.007	0.005	0.35613413106081404	0.00030745868679913843	3.955663012375757	2.4693823830291537	63.31583616559306
5.7665720903982685	0.007	0.005	0.3566779774528427	0.00030672588017204185	3.9658757685083397	2.4772030980981463	63.164927227564185
5.796569392995295	0.007	0.005	0.35721405609800755	0.00030599371865451975	3.9759250483311823	2.484997681434819	63.01415113700292
5.826612819566427	0.007	0.005	0.35774240337162944	0.0003052621830843996	3.98581107611431	2.492766385553357	62.863503948371566
5.85670332520674	0.007	0.005	0.3582630549590688	0.00030453125414641217	3.995534075238847	2.500509462387605	62.71298168737493
5.886841837316074	0.007	0.005	0.3587760451426571	0.0003038009134334604	4.0050942546363055	2.5082271525529563	62.56258056019907
5.917029293527171	0.007	0.005	0.35928140748305537	0.00030307114246418663	4.014491821311613	2.5159196951961444	62.4122967631624
5.947266619767711	0.007	0.005	0.3597791744593854	0.00030234192326185783	4.023726973419777	2.5235873224164167	62.262126592055736
5.977554738276103	0.007	0.005	0.3602693776265365	0.0003016132381177782	4.032799903008004	2.531230261390076	62.11206640168489
6.0078945656187175	0.007	0.005	0.360752047601176	0.00030088506967000054	4.041710795572625	2.5388487339300214	61.96211261534944
6.038287016736536	0.007	0.005	0.3612272141442693	0.0003001574007819858	4.050459831408559	2.546442957562311	61.81226170448971
6.0687330070054415	0.007	0.005	0.36169490620651645	0.00029943021449570695	4.0590471862676365	2.554013146079581	61.66251017838438
6.099233442172133	0.007	0.005	0.3621551517889875	0.0002987034942946954	4.067473028636191	2.561559507086533	61.51285463341573
6.1297892325242005	0.007	0.005	0.36260797817582113	0.0002979772237246595	4.075737523851729	2.5690822455704523	61.36329168314118
6.160401278753524	0.007	0.005	0.36305341173573097	0.0002972513867713944	4.083840830321346	2.5765815604500877	61.21381802742881
6.19107049024501	0.007	0.005	0.3634914782049673	0.0002965259673829894	4.0917831045373285	2.5840576491119327	61.06443036283568
6.22179776887677	0.007	0.005	0.3639222024619952	0.00029580094988129995	4.099564496832334	2.5915107034684732	60.91512546167031
6.252584019220403	0.007	0.005	0.36434560868752114	0.00029507631873996624	4.10718515415558	2.598940912489488	60.76590012209205
6.28343014246405	0.007	0.005	0.36476172029076526	0.0002943520586606989	4.114645218613732	2.6063484607601204	60.61675119754802
6.314337046681702	0.007	0.005	0.36517056005932746	0.0002936281543955579	4.121944830038029	2.6137335309784637	60.46767554703108
6.345305634598446	0.007	0.005	0.3655721500039878	0.00029290459101061905	4.129084123082953	2.6210963010423267	60.31867009421593
6.376336815942337	0.007	0.005	0.3659665115318284	0.00029218135358700096	4.136063230204555	2.628436947025025	60.1697317678641
6.407431497222699	0.007	0.005	0.366353665321953	0.000291458427470795	4.142882279339328	2.6357556407629463	60.02085755105297
6.438590594148274	0.007	0.005	0.36673363149014687	0.00029073579800108364	4.149541396706908	2.6430525528043183	59.87204442168681
6.469815017235704	0.007	0.005	0.3671064294177554	0.0002900134508057171	4.156040703695891	2.6503278490388356	59.72328942145646
6.50110568633833	0.007	0.005	0.36747207793682646	0.0002892913714785836	4.1623803200139395	2.657581694116478	59.5745895865125
6.532463522436841	0.007	0.005	0.3678305952360187	0.00028856954581313495	4.1685603619409015	2.664814249532375	59.42594198682504
6.563889451855295	0.007	0.005	0.36818199891634895	0.0002878479596342132	4.174580943205639	2.6720256746137325	59.277343706280774
6.595384404251613	0.007	0.005	0.36852630597330643	0.0002871265989049877	4.1804421745870375	2.679216126059271	59.128791852407794
6.626949312680473	0.007	0.005	0.368863532803877	0.00028640544968048295	4.186144163954857	2.6863857579623875	58.9802835562204
6.658585119955902	0.007	0.005	0.3691936952784452	0.00028568449802321156	4.191687017399939	2.6935347232536837	58.83181594254212
6.69029277035334	0.007	0.005	0.36951680865572945	0.0002849637301041435	4.197070837713056	2.700663171811959	58.68338616932326
6.722073215983228	0.007	0.005	0.3698328876541254	0.00028424313216203153	4.202295725511042	2.7077712519057737	58.534991397950435
6.753927414780084	0.007	0.005	0.37014194643339665	0.0002835226904579753	4.207361778850901	2.7148591097302646	58.38662880301091
6.785856334826569	0.007	0.005	0.37044399863853544	0.0002828023912520802	4.212269093871077	2.721926890356525	58.23829555252191
6.8178609438567666	0.007	0.005	0.37073905730257944	0.00028208222100075346	4.217017763140487	2.7289747353962395	58.08998885705816
6.84994222844975	0.007	0.005	0.3710271350276821	0.00028136216592144754	4.221607878516896	2.7360027872258157	57.94170588107976
6.882101168621796	0.007	0.005	0.3713082437541559	0.00028064221261544316	4.226039527373154	2.743011183384553	57.79344386098342
6.914338769893827	0.007	0.005	0.371582395047862	0.0002799223472723242	4.230312797100194	2.75000006357437	57.64519995739428
6.946656033533863	0.007	0.005	0.3718495998382265	0.0002792025564180671	4.234427770896151	2.756969563142898	57.496971392937006
6.979053978052124	0.007	0.005	0.37210986860421913	0.00027848282639316986	4.238384530621002	2.763919817735553	57.34875535372778
7.011533628620028	0.007	0.005	0.37236321128369937	0.0002777631435749037	4.2421831553177265	2.7708509609749745	57.20054903856593
7.044096021489195	0.007	0.005	0.37260963730951535	0.0002770434943486323	4.245823721707556	2.7777631253880357	57.05234963919647
7.076742204132185	0.007	0.005	0.3728491556086648	0.0002763238650271369	4.249306304109448	2.7846564424024582	56.90415434028232
7.109473235385585	0.007	0.005	0.37308177460142866	0.000275604241916676	4.252630974362428	2.7915310423431805	56.75596031937675
7.142290189953655	0.007	0.005	0.3733075022299589	0.0002748846111766765	4.255797802160344	2.798387055336787	56.607764727241154
7.175194145493263	0.007	0.005	0.3735263458670107	0.0002741649591252314	4.258806853708333	2.805224608576197	56.459564746834204
7.208186206769954	0.007	0.005	0.37373831247639494	0.0002734452717139526	4.261658193887616	2.812043831313652	56.31135748507444
7.241267470828072	0.007	0.005	0.37394340838181056	0.0002727255352931064	4.264351883045075	2.8188448475993293	56.16314013024808
7.274439073191122	0.007	0.005	0.37414163955797397	0.0002720057356035056	4.266887980827113	2.8256277857759886	56.01490974533705
7.307702141922672	0.007	0.005	0.3743330113401069	0.0002712858587688119	4.269266542283454	2.832392768979574	55.86666347472363
7.341057839656684	0.007	0.005	0.3745175286718817	0.00027056589041068497	4.271487620983618	2.83913992368999	55.71839835713853
7.374507330688875	0.007	0.005	0.37469519590795203	0.0002698458163645231	4.273551266461255	2.845869372969893	55.57011147336292
7.40805180107084	0.007	0.005	0.3748660169243303	0.0002691256222141647	4.275457525516815	2.852581240496831	55.42179985756871
7.441692454415183	0.007	0.005	0.3750299950867787	0.0002684052934368009	4.27720644173716	2.8592756496436484	55.27346051704423
7.4754305098824165	0.007	0.005	0.3751871332349026	0.0002676848154138667	4.278798055244882	2.8659527230176987	55.1250904420421
7.509267202386925	0.007	0.005	0.3753374336787217	0.00026696417345265086	4.280232402603559	2.8726125824492517	54.9766866057665
7.543203794077601	0.007	0.005	0.375480898241662	0.00026624335252033177	4.281509517123555	2.8792553511799333	54.828245915127034
7.577241558860293	0.007	0.005	0.37561752818376754	0.00026552233762416953	4.282629428028085	2.885881150744128	54.67976527974772
7.611381796170225	0.007	0.005	0.3757473242531085	0.0002648011134731767	4.283592160824872	2.8924901035979453	54.53124155280317
7.645625822207359	0.007	0.005	0.3758702866413936	0.00026407966471119057	4.284397736821973	2.899082331333253	54.38267157047972
7.679974972447952	0.007	0.005	0.37598641498793317	0.00026335797584259145	4.2850461730871165	2.905657955101614	54.23405214209391
7.71443061564097	0.007	0.005	0.37609570841594553	0.0002626360309516545	4.285537482484368	2.912217098202804	54.085379990903576
7.748994131287004	0.007	0.005	0.3761981654472782	0.00026191381419564326	4.285871673067129	2.918759881691206	53.93665185283632
7.783666935136937	0.007	0.005	0.3762937840729819	0.0002611913092465911	4.286048748238487	2.925286429140485	53.78786436784201
7.818450458880584	0.007	0.005	0.3763825616804398	0.0002604684997630875	4.2860687063039276	2.931796862696179	53.639014168826314
7.853346159650366	0.007	0.005	0.3764644950728753	0.0002597453691713958	4.2859315404051825	2.938291304791723	53.4900978420841
7.888355841385517	0.007	0.005	0.37653958111487484	0.0002590218940373803	4.285637234893893	2.944769937350773	53.34111056310683
7.9234808729342605	0.007	0.005	0.37660781495730816	0.00025829806027109124	4.285185769789525	2.9512328565416297	53.192049430692215
7.9587229667677555	0.007	0.005	0.3766691917703781	0.00025757384702302717	4.284577115670553	2.957680217163092	53.04291015033164
7.994083603259396	0.007	0.005	0.3767237055844803	0.0002568492385571991	4.2838112402298405	2.964112126458417	52.89368948072793
8.029564496749742	0.007	0.005	0.3767713501175614	0.00025612421465947047	4.282888100629753	2.970528729415923	52.74438326153803
8.065167222603293	0.007	0.005	0.37681211816895743	0.0002553987583361307	4.281807650956947	2.976930140723822	52.59498799001329
8.100893521581733	0.007	0.005	0.37684600203201646	0.00025467284953695587	4.280569834458447	2.9833164997881485	52.44549954097146
8.136745066308363	0.007	0.005	0.3768729931955904	0.00025394647000030507	4.2791745900215075	2.989687928530636	52.295914149663254
8.172723637275665	0.007	0.005	0.37689308250902664	0.00025321959961119165	4.2776218461132665	2.996044562791235	52.14622767651185
8.20883099722598	0.007	0.005	0.3769062600612658	0.000252492219007058	4.275911525179655	3.0023865298124908	51.9964361339507
8.245068987265011	0.007	0.005	0.3769125152232935	0.00025176430763892	4.274043539344582	3.0087139651080017	51.846535288385425
8.28143945309262	0.007	0.005	0.3769118365996106	0.0002510358452399287	4.272017793531071	3.015026999335707	51.69652096873433
8.317944315466733	0.007	0.005	0.3769042120211261	0.00025030681046388475	4.269834181514538	3.021325770441671	51.54638877736686
8.35458551046086	0.007	0.005	0.37688962852242686	0.0002495771820700566	4.267492588843498	3.027610413103981	51.396134339263526
8.391365038622995	0.007	0.005	0.3768680723134445	0.0002488469379427826	4.264992889625628	3.033881067057381	51.245753102278606
8.42828493162713	0.007	0.005	0.3768395287677989	0.00024811605579519924	4.262334948244723	3.0401378711764107	51.095240476810226
8.465347284814674	0.007	0.005	0.3768039823799678	0.00024738451253325663	4.259518616769021	3.0463809688301473	50.94459170565096
8.502554228534095	0.007	0.005	0.3767614167625713	0.00024665228481635305	4.256543736619045	3.0526105028232466	50.79380198385807
8.539907956043143	0.007	0.005	0.3767118145958993	0.0002459193485574264	4.25341013608619	3.0588266198975655	50.642866348355525
8.577410712076524	0.007	0.005	0.3766551576104554	0.00024518567911532466	4.250117630748944	3.065029468579203	50.49177972778943
8.61506479621327	0.007	0.005	0.3765914265565273	0.0002444512513044528	4.246666022800782	3.0712191995220737	50.34053693221464
8.652872568833702	0.007	0.005	0.37652060116582997	0.0002437160392302889	4.243055100075543	3.0773959662544197	50.189132632682714
8.690836454682788	0.007	0.005	0.3764426601127246	0.00024298001629733746	4.2392846352081905	3.083559925503321	50.03756135081679
8.72895893637592	0.007	0.005	0.376357580995911	0.00024224315532777555	4.235354385802597	3.089711235881681	49.88581748863264
8.767242568144715	0.007	0.005	0.3762653402774699	0.00024150542830147652	4.231264092578252	3.0958500598514944	49.73389527770772
8.805689971986517	0.007	0.005	0.37616591325532933	0.0002407668064813516	4.227013479220373	3.101976562810864	49.58178879887355
8.844303841446147	0.007	0.005	0.3760592740191457	0.00024002726033827735	4.22260225146641	3.1080909134108645	49.42949197159103
8.883086950650567	0.007	0.005	0.3759453953874096	0.00023928675940342842	4.218030095517091	3.114193284675436	49.276998522998
8.92204214541723	0.007	0.005	0.3758242488935783	0.00023854527249441584	4.213296678500471	3.120283852275281	49.12430202779585
8.961172362808759	0.007	0.005	0.3756958046868273	0.00023780276730614292	4.208401645559825	3.126362797262094	48.97139583652538
9.000480617150284	0.007	0.005	0.3755600315325494	0.00023705921076340713	4.203344620938565	3.1324303035278533	48.81827313573465
9.039970019893492	0.007	0.005	0.37541689670298867	0.00023631456862265192	4.198125204874758	3.138486560523847	48.66492687592245
9.079643778842188	0.007	0.005	0.3752663659289778	0.00023556880555979505	4.192742972958947	3.14453176272896	48.51134978073137
9.119505192072955	0.007	0.005	0.3751084033754335	0.0002348218852759486	4.187197476306746	3.1505661083245426	48.357534376554185
9.159557671044393	0.007	0.005	0.3749429715014567	0.00023407377012380957	4.181488237697238	3.156589802282963	48.203472909631344
9.19980472411221	0.007	0.005	0.3747700310722284	0.00023332442143881264	4.175614753137118	3.1626030534254244	48.049157416455294
9.240249993493304	0.007	0.005	0.3745895409460798	0.00023257379886423737	4.169576485747642	3.168606079486547	47.89457958905012
9.280897212016834	0.007	0.005	0.3744014582044033	0.0002318218612292836	4.16337287134497	3.174599100175888	47.73973094810848
9.321750267571684	0.007	0.005	0.37420573780126076	0.00023106856537795993	4.157003307975507	3.1805823462172733	47.584602604690325
9.362813151700388	0.007	0.005	0.37400233273496275	0.0002303138671520541	4.150467162875822	3.1865560512137807	47.42918546452114
9.40409002229124	0.007	0.005	0.37379119367896235	0.00022955772025529017	4.143763761794132	3.1925204602489528	47.27346999880298
9.44558515745645	0.007	0.005	0.37357226913690206	0.0002288000772210363	4.136892395366171	3.1984758225585597	47.1174464282183
9.487303013755898	0.007	0.005	0.373345505068835	0.00022804088832757114	4.129852308679147	3.2044223992986742	46.96110451316321
9.529248188289936	0.007	0.005	0.3731108450094289	0.0002272801023414652	4.122642706488973	3.2103604574131888	46.804433706861744
9.571425461234975	0.007	0.005	0.3728682297556794	0.00022651766586556874	4.11526274503639	3.216290274996541	46.647423006762295
9.613839788771783	0.007	0.005	0.3726175973139303	0.0002257535234080161	4.107711532072876	3.2222121395087346	46.49006099294354
9.656496312907558	0.007	0.005	0.37235888275256146	0.00022498761739680608	4.099988124031939	3.228126348368523	46.3323358037205
9.69940038592197	0.007	0.005	0.37209201795623664	0.00022421988770501326	4.092091520410941	3.2340332114986317	46.174235058290044
9.742557563968003	0.007	0.005	0.37181693155950246	0.0002234502718673254	4.084020663640125	3.23993304952966	46.01574589441174
9.785973635252795	0.007	0.005	0.3715335486611779	0.00022267870466219532	4.075774432563958	3.24582619672121	45.85685487938678
9.829654622952336	0.007	0.005	0.3712417906869588	0.0002219051181137121	4.067351640461261	3.251713000329216	45.69754801529119
9.873606802936386	0.007	0.005	0.3709415751507218	0.00022112944126474016	4.058751030229059	3.257593821933652	45.53781069084132
9.917836722134716	0.007	0.005	0.37063281539903864	0.0002203515999625616	4.049971269275173	3.2634690387509813	45.377627632447364
9.96235120868482	0.007	0.005	0.3703154204024311	0.00021957151671884875	4.041010945917136	3.2693390437630265	45.21698288644982
10.007157400432007	0.007	0.005	0.3699892944069035	0.0002187891103706246	4.03186856200211	3.2752042481829844	45.05585973644419
10.052262753443173	0.007	0.005	0.36965433671459813	0.0002180042959892289	4.022542529388539	3.2810650811714765	44.894240694491906
10.097675072128071	0.007	0.005	0.3693104412965952	0.0002172169845165336	4.01303116191866	3.2869219922817403	44.73210741621243
10.143402534442837	0.007	0.005	0.36895749642273407	0.00021642708237791495	4.003332668153023	3.292775453105306	44.5694406359222
10.189453699712097	0.007	0.005	0.368595384412939	0.0002156344915379292	3.9934451476732025	3.298625956573477	44.40622016550718
10.235837566401834	0.007	0.005	0.36822398098407205	0.00021483910863364644	3.9833665765696655	3.3044740224884483	44.24242471814774
10.282563563634595	0.007	0.005	0.36784315509802556	0.00021404082527558713	3.9730948069326337	3.310320194462892	44.07803196958678
10.329641624263687	0.007	0.005	0.36745276814173156	0.0002132395269169867	3.962627548499122	3.316165046995064	43.91301833377748
10.377082191346348	0.007	0.005	0.367052673618503	0.0002124350929629376	3.951962364541109	3.322009183948044	43.747358976845895
10.424896273009347	0.007	0.005	0.3666427164234025	0.00021162739602318052	3.94109665691148	3.3278532428812486	43.58102766402556
10.473095480512436	0.007	0.005	0.36622273222829993	0.00021081630146155983	3.9300276544993924	3.33369789703236	43.413996669600124
10.52169207470663	0.007	0.005	0.3657925467691775	0.00021000166684861016	3.9187523995427127	3.339543858080535	43.24623666156293
10.570699014829323	0.007	0.005	0.3653519750832616	0.00020918334137355743	3.9072677331235384	3.345391878912544	43.077716582655256
10.62013002634163	0.007	0.005	0.36490082054107986	0.00020836116495393382	3.8955702758800843	3.3512427583431936	42.90840347099548
10.66999965226739	0.007	0.005	0.36443887398795216	0.0002075349677363821	3.883656412212129	3.357097343503384	42.73826234323072
10.720323344408136	0.007	0.005	0.36396591247820503	0.00020670456881742653	3.8715222646410816	3.3629565365409206	42.567255947601105
10.771117494941052	0.007	0.005	0.36348169852082013	0.00020586977611730878	3.859163682084822	3.3688212939204503	42.395344726925714
10.822399583374317	0.007	0.005	0.36298597819087036	0.00020503038429129665	3.846576199885525	3.374692638670993	42.222486397383875
10.874188220740734	0.007	0.005	0.3624784801523248	0.00020418617449236996	3.8337550241652774	3.3805716601368982	42.04863588510778
10.926503273956309	0.007	0.005	0.361958913860914	0.00020333691267185696	3.8206949962667722	3.3864595224233724	41.87374500064741
10.979365990651473	0.007	0.005	0.3614269676817022	0.00020248234820146354	3.8073905563371566	3.3923574721300853	41.69776212410622
11.032799092607071	0.007	0.005	0.3608823072501617	0.00020162221278036512	3.793835714284794	3.398266841851056	41.520632006768174
11.086826962572946	0.007	0.005	0.36032457281141195	0.00020075621810010591	3.7800239966425155	3.4041890632606306	41.34229527550243
11.141475759204232	0.007	0.005	0.35975337719333617	0.0001998840546503431	3.765948410920377	3.4101256712593053	41.16268819163945
11.196773618429795	0.007	0.005	0.35916830279620654	0.00019900538924042297	3.751601387351913	3.416078316620956	40.98174214077595
11.25275080168505	0.007	0.005	0.3585688990274537	0.00019811986346994603	3.7369747336593386	3.4220487717086243	40.799383316467086
11.309439943306131	0.007	0.005	0.35795467857258356	0.00019722709071604236	3.722059563512189	3.4280389456203113	40.615532100319875
11.366876216643476	0.007	0.005	0.3573251144069323	0.0001963266545267732	3.7068462455979434	3.4340508892505484	40.430102730671116
11.425097592580496	0.007	0.005	0.35667963568752403	0.00019541810565852006	3.6913243281011687	3.440086808720748	40.24300269556838
11.484145036284865	0.007	0.005	0.35601762418591654	0.00019450096025910865	3.6754824792260283	3.446149070742601	40.054132352710994
11.544062721848585	0.007	0.005	0.35533841041258585	0.0001935746978612364	3.6593084232187962	3.452240208362253	39.863384518127454
11.604898234107203	0.007	0.005	0.35464126977544863	0.00019263875967973635	3.642788880342818	3.45836292383666	39.670644123842315
11.666702640231557	0.007	0.005	0.35392542015537637	0.00019169254913880976	3.625909543426664	3.464520077044282	39.47578831385001
11.729530502395061	0.007	0.005	0.3531900201762972	0.00019073543328133844	3.608655073062683	3.4707146673061886	39.27868674251387
11.793439647852697	0.007	0.005	0.3524341704075858	0.00018976674799273517	3.591009163157478	3.4769497911796843	39.07920264185513
11.858490606835858	0.007	0.005	0.3516569187848354	0.0001887858080535249	3.5729547043918664	3.4832285693649765	38.87719490893089
11.924745507700097	0.007	0.005	0.3508572730863425	0.00018779192529837964	3.5544741076665085	3.489554025192941	38.67252182410108
11.992266151801703	0.007	0.005	0.3500342243216351	0.00018678443832823304	3.535549870211851	3.4959288927572274	38.465047186117395
12.061110844032834	0.007	0.005	0.34918678695945876	0.0001857627598733461	3.516165510445456	3.5023553216914247	38.25465005544935
12.131329455437001	0.007	0.005	0.3483140635559133	0.0001847264485434003	3.496307028728677	3.5088344403808307	38.04123953489813
12.20295609641954	0.007	0.005	0.3474153430476947	0.0001836753130512581	3.4759650818286123	3.5153657354563888	37.8247762297707
12.275998784563862	0.007	0.005	0.34649024244038346	0.0001826095562032207	3.455138059588689	3.5219462118328884	37.605301913465254
12.35042630168792	0.007	0.005	0.34553889169310753	0.0001815299541306831	3.4338360202228526	3.5285693751286398	37.38297640763038
12.426153120894774	0.007	0.005	0.34456215235802606	0.00018043805566743862	3.412085234979384	3.5352241365863053	37.158118670358675
12.503026255688152	0.007	0.005	0.3435618206250027	0.00017933634594148544	3.3899322214324674	3.5418939880319456	36.93124047390812
12.580819282089834	0.007	0.005	0.3425407431631268	0.0001782283005424368	3.367445707214165	3.548556876681882	36.70305755418114
12.659240113717596	0.007	0.005	0.3415027516286235	0.00017711824210785748	3.3447145496605533	3.555186270853777	36.47446008412093
12.737954494131127	0.007	0.005	0.3404523781239873	0.00017601098102003692	3.321840958676943	3.561753464423139	36.24643867948117
12.816620133557926	0.007	0.005	0.33939440839181256	0.00017491132123110178	3.2989304458249094	3.5682305777952044	36.0199826313026
12.894920581984698	0.007	0.005	0.3383334148187258	0.0001738235890504294	3.2760816888751254	3.5745932953119324	35.79598286868743
12.972589307397838	0.007	0.005	0.3372734025914976	0.00017275131545786755	3.253379164750461	3.580822592765712	35.57516653943528
13.049420324828434	0.007	0.005	0.3362176288299873	0.00017169711518430134	3.230889708717069	3.586905255926966	35.358072097047234
13.125267780797722	0.007	0.005	0.33516857208693546	0.00017066272073639366	3.20866236339755	3.592833487983229	35.1450563268449
13.200038831343667	0.007	0.005	0.334127999347155	0.00016964910605024263	3.1867302757400933	3.598604024117072	34.93631979050211
13.273683862384393	0.007	0.005	0.33309707749018735	0.00016865664102399923	3.1651134541525656	3.604217107095632	34.73193866204626
13.346186446833546	0.007	0.005	0.3320764961736372	0.00016768524381237832	3.1438216675068524	3.609675517539682	34.5318960905021
13.41755457748251	0.007	0.005	0.33106657950509844	0.00016673451058426314	3.122857014863042	3.6149837691388544	34.336108910289774
13.487813274067205	0.007	0.005	0.33006738355294607	0.00016580382228895309	3.1022161198261125	3.6201474624944017	34.14444964057452
13.556998926647708	0.007	0.005	0.32907877310097994	0.00016489242491899916	3.0818918302377596	3.625172810528774	33.956763004254725
13.625154934954267	0.007	0.005	0.3281004826079538	0.00016399948995753555	3.0618745436719874	3.6300662898502436	33.77287838531265
13.692328527273702	0.007	0.005	0.32713216207726303	0.00016312415754954763	3.0421531873750363	3.6348343995265973	33.59261870790577
13.758568466654234	0.007	0.005	0.32617341129904587	0.0001622655666736192	3.022715935288638	3.63948349821378	33.4158066617101
13.823923488453364	0.007	0.005	0.32522380419761376	0.00016142287503463477	3.0035507063761098	3.6440197026545573	33.24226879298061
13.888441185219957	0.007	0.005	0.32428290704114254	0.00016059527263202126	2.9846455270239756	3.6484488233792685	33.071838292586406
13.952167369522506	0.007	0.005	0.3233502898371695	0.00015978198878345505	2.965988748564336	3.6527763368252737	32.904356450641444
14.015145586958056	0.007	0.005	0.3224255355343745	0.0001589822970977981	2.9475692163418974	3.6570073692442264	32.73967368144179
14.077416993662755	0.007	0.005	0.3215082438075492	0.0001581955157544379	2.929376328059934	3.661146705702154	32.57764957806312
14.139020164724405	0.007	0.005	0.3205980357254145	0.0001574210087040415	2.911400108843278	3.6651987939834116	32.41815314999124
14.199991216022035	0.007	0.005	0.3196945536562114	0.00015665818278492161	2.893631191691452	3.6691677685522976	32.26106225395171
14.260363761046783	0.007	0.005	0.3187974634491288	0.00015590648725129856	2.876060843570326	3.673057462486657	32.10626346849671
14.320169147453008	0.007	0.005	0.31790645231933995	0.00015516540965282633	2.858680907821082	3.6768714364658504	31.95365126461595
14.379436452705455	0.007	0.005	0.3170212301606497	0.000154434474945269	2.8414838149459625	3.6806129909244243	31.80312781425615
14.438192780259609	0.007	0.005	0.31614152624774877	0.00015371324090214197	2.8244625045573475	3.6842851962191467	31.654602049703215
14.496463244761088	0.007	0.005	0.3152670904529588	0.0001530012974946009	2.8076104364145276	3.6878909019188715	31.50798953274959
14.554271261800025	0.007	0.005	0.31439768979764315	0.0001522982626002783	2.790921512154341	3.691432764176112	31.363211568936645
14.611638574465422	0.007	0.005	0.31353310884408536	0.0001516037809557418	2.774390072441224	3.6949132556748028	31.22019500285686
14.668585463213097	0.007	0.005	0.31267314724705086	0.0001509175210758553	2.7580108404359747	3.6983346860245496	31.07887156687152
14.72513080071206	0.007	0.005	0.3118176195582573	0.00015023917397331645	2.7417789094483327	3.701699211865438	30.939177631026663
14.781292235542542	0.007	0.005	0.31096635301637043	0.0001495684504696061	2.725689693052659	3.705008854013697	30.80105364471569
14.837086235734454	0.007	0.005	0.31011918739246863	0.00014890508023245884	2.7097389151261457	3.708265505551555	30.66444393667436
14.892528216760205	0.007	0.005	0.3092759735040117	0.00014824880981700902	2.6939225753175973	3.7114709443775356	30.529296315711214
14.947632616927164	0.007	0.005	0.3084365724765919	0.0001475994014226645	2.678236929357	3.7146268421095963	30.39556181004578
15.002412994460196	0.007	0.005	0.307600854632913	0.00014695663139221662	2.6626784629777425	3.7177347737688047	30.26319436176565
15.056882063266144	0.007	0.005	0.3067686992785851	0.00014632028949558863	2.647243883107675	3.720796223544978	30.13215067692832
15.111051812303263	0.007	0.005	0.30593999317882953	0.00014569017724407884	2.6319300851821614	3.7238125949253114	30.002389880112116
15.164933503741118	0.007	0.005	0.3051146308564721	0.0001450661076577855	2.6167341547117737	3.7267852136548476	29.873873466680276
15.218537779856309	0.007	0.005	0.30429251320188083	0.00014444790379943568	2.6016533379610642	3.729715336493795	29.746564998853575
15.271874678682035	0.007	0.005	0.30347354745516475	0.0001438353983708992	2.586685038350564	3.732604154618599	29.620430025082587
15.324953704637897	0.007	0.005	0.3026576463253833	0.00014322843271321567	2.5718267972906164	3.7354527998133213	29.495435872454085
15.377783837753519	0.007	0.005	0.30184472803378853	0.00014262685652427005	2.5570762922022707	3.7382623471113186	29.371551588179404
15.430373604600106	0.007	0.005	0.30103471539237997	0.00014203052687588216	2.542431317201868	3.741033820565637	29.248747738882773
15.482731085081234	0.007	0.005	0.30022753585372924	0.00014143930799875084	2.5278897816936996	3.7437681954070334	29.12699636384695
15.534863959949835	0.007	0.005	0.29942312092102197	0.00014085307057500895	2.5134496975522804	3.746466402214741	29.006270835387056
15.586779533020373	0.007	0.005	0.2986214059356247	0.0001402716914107373	2.4991091733392743	3.749129329601177	28.886545780981912
15.638484752626471	0.007	0.005	0.29782232986595414	0.0001396950530259324	2.4848664086846584	3.7517578267423852	28.76779700910374
15.689986245967626	0.007	0.005	0.2970258348874497	0.00013912304318905384	2.47071968509891	3.754352706446132	28.650001407486137
15.741290328857847	0.007	0.005	0.29623186633383114	0.0001385555547080493	2.4566673635527017	3.7569147468588113	28.533136899824026
15.792403028560383	0.007	0.005	0.2954403724384042	0.00013799248504511614	2.4427078784234646	3.7594446937496278	28.417182373919356
15.843330112724754	0.007	0.005	0.29465130397335615	0.00013743373597019636	2.428839729789774	3.7619432629941816	28.302117597821624
15.894077090841437	0.007	0.005	0.29386461430811006	0.00013687921340791522	2.4150614832229076	3.764411141617365	28.187923199719005
15.944649248885696	0.007	0.005	0.2930802589475908	0.00013632882700977456	2.401371760529759	3.766848990393342	28.074580574078862
15.995051630003685	0.007	0.005	0.2922981959016497	0.00013578249029695024	2.3877692451266386	3.769257443760932	27.96207191024134
16.0	0.007	0.005	0.2922213977957509	0.00013572897063306863	2.386436028301278	3.7694927641038127	27.951050455104642
