0.0	0.007	0.005	0.0	0.0	0.0	0.0	100.0
0.00021693239508118928	0.007	0.005	2.8186565906549304e-5	0.0001933013683237671	1.4756075147311291e-9	1.6771287307134294e-6	99.99841622158975
0.00031633177775013447	0.007	0.005	4.110104105114848e-5	0.0002500089501886036	3.137588385984031e-9	3.2901899295405083e-6	99.99769053569882
0.0004915081202637656	0.007	0.005	6.385972285244576e-5	0.0003190082640415976	7.574449596617395e-9	6.952745234359785e-6	99.99641163715233
0.0006391582878711462	0.007	0.005	8.304112736379061e-5	0.00035623912736125067	1.2808230623304472e-8	1.059413186384488e-5	99.99533370986617
0.0008250749642901788	0.007	0.005	0.00010719233096577365	0.00038601137482921087	2.134210259741996e-8	1.563232738723914e-5	99.99397643258382
0.0010131941087496976	0.007	0.005	0.0001316280004003744	0.00040404055233292954	3.218203720419368e-8	2.105045302646508e-5	99.9926030950229
0.001229018556097746	0.007	0.005	0.000159660405730106	0.00041595895100286393	4.7349966125131145e-8	2.749852252638431e-5	99.99102752199772
0.001461394551792194	0.007	0.005	0.00018984018205551063	0.0004229073020786116	6.694380325548677e-8	3.459669935710127e-5	99.98933114624045
0.0017230487313553693	0.007	0.005	0.00022381943913065018	0.0004268919161228721	9.30549986849593e-8	4.269059396988635e-5	99.98742107028352
0.0020135201271914865	0.007	0.005	0.00026153725102642106	0.0004289702728696636	1.270639389255789e-7	5.17376474425992e-5	99.98530067133558
0.002343257441866219	0.007	0.005	0.0003043489849508149	0.00042997895367247646	1.720725222793825e-7	6.204298147541953e-5	99.9828936913856
0.0027191733214643778	0.007	0.005	0.0003531501652713591	0.00043041257679008723	2.3168664813796276e-7	7.38099033354948e-5	99.98014969294351
0.0031559192228491403	0.007	0.005	0.0004098399847505554	0.000430571057921433	3.1205239966132236e-7	8.748925749387979e-5	99.97696176025323
0.0036710880606997355	0.007	0.005	0.0004766977003882326	0.00043061114417026434	4.221868269608437e-7	0.0001036276670811207	99.97320152688638
0.004293630384936766	0.007	0.005	0.0005574736443720475	0.0004306064081790311	5.774189592059885e-7	0.0001231294906038761	99.96865775981591
0.005066703756468945	0.007	0.005	0.0006577560983425382	0.0004305850303137826	8.038993418092408e-7	0.0001473448014563595	99.96301559503341
0.00606096146825705	0.007	0.005	0.000786689449115083	0.00043055417537577855	1.150049560669789e-6	0.00017848442541029132	99.95575961629929
0.007372254332410708	0.007	0.005	0.0009566648383391227	0.00043051293388048	1.700903368481122e-6	0.00021954650670135914	99.9461907567593
0.008991292000574979	0.007	0.005	0.0011664209199204053	0.00043046147662213817	2.5289048230130823e-6	0.0002702345103320317	99.93437746367796
0.010658705539225086	0.007	0.005	0.0013823168077666552	0.0004304056953087435	3.55222749239727e-6	0.000322424558937544	99.92221265600602
0.012172108747740664	0.007	0.005	0.001578159494165661	0.0004303499552746132	4.630684558442736e-6	0.0003697831917855263	99.91117273040838
0.01351342936292715	0.007	0.005	0.0017516446845329515	0.00043030330737920265	5.705407712903427e-6	0.00041174803505949554	99.90138912703931
0.014749244528287537	0.007	0.005	0.0019114098475162752	0.00043026761972629574	6.794374773806814e-6	0.00045040452679867245	99.89237592924067
0.01595111745864666	0.007	0.005	0.0020667188943938814	0.0004302341681824368	7.944207637030124e-6	0.00048799255961689907	99.88361106307266
0.017165461102497188	0.007	0.005	0.0022235712707116212	0.00043019855514212234	9.19678968180838e-6	0.0005259639403816703	99.87475603313744
0.018410886524941	0.007	0.005	0.0023843672215864125	0.0004301604406533467	1.0576159587769864e-5	0.0005649002503182498	99.86567516937477
0.019685578539075255	0.007	0.005	0.0025488671835486886	0.00043012048240393416	1.2087174683997652e-5	0.000604744210038218	99.85638176690348
0.020976905661228045	0.007	0.005	0.0027154370219836395	0.00043007951802999584	1.372015966081905e-5	0.0006451005776345943	99.84696796461745
0.022271194094470734	0.007	0.005	0.002882311211938743	0.00043003833763284084	1.546004863258846e-5	0.0006855418405448916	99.8375334648367
0.02484881849008738	0.007	0.005	0.0032144160860637402	0.00042996550694698963	1.9232299289132057e-5	0.0007660590814460587	99.81874695693494
0.028198680309230083	0.007	0.005	0.00364555711564678	0.0004298587072099074	2.4744687139993413e-5	0.0008706536313472013	99.79433743083479
0.03480393445180103	0.007	0.005	0.004494159109212671	0.00042965179128979185	3.7626970977308324e-5	0.0010767427429843642	99.74622423901411
0.04696112787489367	0.007	0.005	0.006050774040190666	0.00042927055946027595	6.827718489679918e-5	0.0014555361983734038	99.65773091046529
0.058215604115906	0.007	0.005	0.007485739193027162	0.0004289179902192643	0.000104604554390811	0.0018056024049615783	99.5758785270654
0.07392262965587129	0.007	0.005	0.00947870319882686	0.000428426411279535	0.00016794678287625377	0.002293200292022101	99.46175568538506
0.08869521245581886	0.007	0.005	0.011342820796974386	0.0004279645921693459	0.0002408120099861427	0.002750767995165936	99.35454160044515
0.1068198583875903	0.007	0.005	0.01361638079372108	0.00042739866109421334	0.000347573373729528	0.003310812728190468	99.22315731503511
0.12414358816598012	0.007	0.005	0.01577559041734644	0.0004268584376552893	0.0004672538170130763	0.003844722268839828	99.09774121168866
0.14380471840220121	0.007	0.005	0.01820978358156032	0.00042624615188689696	0.0006236439984309556	0.004449031245321053	98.95559540393403
0.16285571609678276	0.007	0.005	0.02055194996719177	0.0004256537046389842	0.000795711943329681	0.005032930084845205	98.81805522997597
0.18348008542398717	0.007	0.005	0.02306936580290179	0.00042501325696790005	0.001004389160379261	0.005663218445448487	98.66937146952652
0.20367714083847463	0.007	0.005	0.025516411182078008	0.0004243870125560126	0.0012309320822116027	0.006278606289633447	98.52398508160756
0.2249208444206708	0.007	0.005	0.028070941804211998	0.0004237293107072655	0.0014924899233351497	0.00692392410863822	98.3712956614419
0.24588937254382434	0.007	0.005	0.030573074032550846	0.00042308112783057383	0.0017736459750251322	0.007558917753838262	98.22081612613468
0.2675595268338779	0.007	0.005	0.033138903013968476	0.00042241229798634235	0.002087764546777856	0.008213113761835415	98.06554327498317
0.28906945726167	0.007	0.005	0.03566575883317287	0.00042174945894018844	0.0024228006525369855	0.008860423448048223	97.91166122298496
0.31106091686991744	0.007	0.005	0.03822871487791053	0.0004210728566193469	0.002788820378733969	0.009520119904123617	97.75458394422228
0.33297589846878345	0.007	0.005	0.04076230722402233	0.00042039968706949945	0.0031767356860191425	0.010175412560782115	97.5983036038587
0.35523377397366784	0.007	0.005	0.0433147838972983	0.0004197170863151016	0.003593932821738569	0.010838809582576193	97.43983375225751
0.3774747699122366	0.007	0.005	0.04584456907687915	0.0004190361102885264	0.004033719885454983	0.01149954756285465	97.28174109262052
0.3999721241880946	0.007	0.005	0.04838254775115028	0.00041834840909341385	0.004501405030540025	0.012165716067808132	97.12208714522869
0.42249448867186024	0.007	0.005	0.050902369436393445	0.0004176610739046808	0.004992143298078481	0.012830430755195108	96.96251816425118
0.44521967151823616	0.007	0.005	0.0534237531051344	0.000416968693671412	0.005509682863368338	0.013498913292377361	96.8017779507854
0.4679992093687791	0.007	0.005	0.05593001271365446	0.0004162758093026472	0.006050555147937691	0.014166766140840845	96.64092069685574
0.49094883303129644	0.007	0.005	0.05843371521445123	0.000415578915732728	0.006617364413801564	0.014837356778269844	96.47913268452366
0.5139734820513713	0.007	0.005	0.06092429672284513	0.0004148809163346425	0.00720764377568048	0.015507878990383042	96.31708794650295
0.5371486031156589	0.007	0.005	0.06340975447551604	0.0004141795391939861	0.007823173224454093	0.016180504308578966	96.15425904437691
0.5604135195954469	0.007	0.005	0.06588339847138644	0.0004134766370709477	0.008462202104359405	0.016853443912992854	95.99107610938071
0.5838175777046413	0.007	0.005	0.0683503105663842	0.00041277073467650845	0.009125924367123527	0.01752809908709382	95.82719664338062
0.607322244448665	0.007	0.005	0.07080625116195961	0.00041206301069046376	0.00981309468044823	0.018203331438938444	95.66289428424568
0.6309599763545989	0.007	0.005	0.07325444396366182	0.00041135250388553716	0.010524494727613657	0.018880046678410686	95.49794587615344
0.6547065062369654	0.007	0.005	0.07569219862101714	0.00041063996037637675	0.011259231750640508	0.019557522204024888	95.33252463677916
0.678583378796582	0.007	0.005	0.0781215556912776	0.00040992475022023255	0.01201779998625578	0.020236345250531945	95.16648431886371
0.7025755262032104	0.007	0.005	0.08054080403286468	0.0004092073418221842	0.012799550429661006	0.020916059087755262	94.99993366548838
0.7266974481442582	0.007	0.005	0.08295123053288503	0.00040848731867325117	0.01360477806646402	0.02159704627567986	94.83277598060577
0.7509400176736327	0.007	0.005	0.08535174269787271	0.0004077649707102459	0.014433001030033468	0.022279020162191084	94.66507857661087
0.7753131985751281	0.007	0.005	0.08774314768374131	0.00040704001864595257	0.015284377010349664	0.022962231966933044	94.49677661867035
0.7998117079882205	0.007	0.005	0.09012474346070269	0.00040631263767666975	0.016158537820914944	0.02364650386960419	94.32791077018953
0.8244425914638189	0.007	0.005	0.09249703106797398	0.00040558263676863064	0.01705554663086785	0.02433200270218851	94.1584366925939
0.8492030608170982	0.007	0.005	0.09485955452182847	0.00040485011717958456	0.017975111889727724	0.025018620310144516	93.98837788383042
0.8740983026842706	0.007	0.005	0.09721262028580921	0.0004041149442490616	0.01891723214421729	0.025706469644803377	93.81770308902854
0.8991271523616545	0.007	0.005	0.09955592671328328	0.00040337717158243376	0.019881666868037867	0.026395487085378443	93.64642474548472
0.9242936078251037	0.007	0.005	0.10188965507269772	0.00040263670074250097	0.02086836982891091	0.02708575086641172	93.47452000952958
0.9495975797309718	0.007	0.005	0.1042136011521351	0.00040189355419030634	0.021877134420194313	0.0277772261638092	93.30199409046756
0.9750423135845657	0.007	0.005	0.10652786527444195	0.0004011476567252323	0.02290788315678898	0.028469968858524344	93.1288295290345
1.0006284322528574	0.007	0.005	0.10883230361058974	0.00040039901055387	0.0239604312220592	0.02916396255712643	92.95502683926823
1.0263587210228453	0.007	0.005	0.11112696447850968	0.00039964755497655033	0.025034679347628198	0.02985924898249759	92.78057192989237
1.052234280045334	0.007	0.005	0.11341174079909096	0.0003988932790386332	0.026130456135959455	0.030555823491532193	92.6054622558948
1.078257615891271	0.007	0.005	0.11568664648379007	0.00039813613118135457	0.027247646498066797	0.03125371868540618	92.42968584919971
1.1044301599940038	0.007	0.005	0.11795159663809456	0.00039737609165320587	0.028386086895802454	0.03195293752045368	92.25323812351807
1.130754261732073	0.007	0.005	0.1202065822011962	0.0003966131144925568	0.029545650473390986	0.03265350679793435	92.07610840762966
1.157231585332312	0.007	0.005	0.12245153076061582	0.00039584717409436046	0.030726177481902654	0.03335543427575001	91.89829076117528
1.183864401103218	0.007	0.005	0.12468641739919747	0.0003950782278352281	0.031927531847460604	0.03405874305161959	91.71977528440648
1.2106545430813873	0.007	0.005	0.12691117600534088	0.0003943062461959118	0.03314955474148277	0.03476344388526546	91.54055512471204
1.2376042566223644	0.007	0.005	0.12912577051808907	0.00039353118829523647	0.03439210258080007	0.03546955758668213	91.36062079533077
1.2647155054700023	0.007	0.005	0.13133013716459527	0.0003927530219303615	0.035655015395040915	0.03617709675458195	91.17996481592343
1.2919905389720907	0.007	0.005	0.13352423112978343	0.00039197170720562595	0.036938142782592026	0.03688608063606088	90.99857792641663
1.3194314289493703	0.007	0.005	0.13570798873247117	0.0003911872098825208	0.03824132227157282	0.03759652301103177	90.81645217746315
1.347040445916699	0.007	0.005	0.13788135771380824	0.00039039949059714005	0.03956439684114364	0.03830844196515424	90.63357843002291
1.374819754644671	0.007	0.005	0.14004427287923166	0.00038960851356699075	0.0409072003696893	0.039021851982789395	90.44994837988094
1.4027716571556155	0.007	0.005	0.1421966752314977	0.00038881423971977574	0.04226956911060827	0.03973677020358728	90.26555295006517
1.4308984028623843	0.007	0.005	0.14433849707915827	0.00038801663202187096	0.04365133240233365	0.04045321152348398	90.08038354963413
1.4592023322261651	0.007	0.005	0.14646967309148565	0.000387215651503856	0.04505231950494445	0.04117119225790207	89.89443112821374
1.4876857706064628	0.007	0.005	0.14859013212906347	0.00038641126022128313	0.04647235425624165	0.041890727416974874	89.70768687834239
1.5163511097530407	0.007	0.005	0.15069980334852212	0.00038560341899593895	0.04791125894835257	0.042611832758224784	89.52014170279992
1.5452007323207992	0.007	0.005	0.15279861054040972	0.0003847920895470499	0.04936885041219795	0.04333452286359215	89.33178671245246
1.5742370829510177	0.007	0.005	0.15488647732943917	0.00038397723246070994	0.050844943426133174	0.04405881291258482	89.14261276402516
1.603462605302293	0.007	0.005	0.15696332254684214	0.00038315880906062826	0.052339347380968515	0.04478471708776036	88.95261087434919
1.6328797907357069	0.007	0.005	0.15902906371674755	0.0003823367799947257	0.05385186858758516	0.04551224977578147	88.76177190584362
1.6624911378016785	0.007	0.005	0.16108361414733013	0.0003815111063719798	0.05538230804383314	0.04624142454562222	88.57008683287702
1.6922991819055082	0.007	0.005	0.16312688500896286	0.0003806817489813783	0.056930462789158476	0.04697225486959883	88.37754655194406
1.7223064679441733	0.007	0.005	0.16515878342752421	0.0003798486690664155	0.05849612432158522	0.04770475343631602	88.18414206152704
1.7525155784047666	0.007	0.005	0.1671792144028599	0.0003790118275001138	0.06007907988804381	0.048438932826157	87.9898642833797
1.7829290954914785	0.007	0.005	0.1691880782587527	0.00037817118592041845	0.06167911033451213	0.049174804576001714	87.79470430908593
1.8135496334080687	0.007	0.005	0.1711852728300821	0.0003773267058018886	0.06329599162148843	0.04991237995456434	87.59865319472807
1.8443798100699453	0.007	0.005	0.1731706916157873	0.0003764783492593421	0.06492949316401832	0.05065166926769997	87.4017021448457
1.8754222654387227	0.007	0.005	0.17514422501862945	0.0003756260785414789	0.06657937862497916	0.05139268229253284	87.20384239714735
1.906679640883166	0.007	0.005	0.1771057590663398	0.0003747698566246254	0.06824540464905139	0.052135427775740935	87.005065356388
1.9381545871961676	0.007	0.005	0.17905517599921877	0.0003739096470225145	0.06992732111485521	0.05287991362164282	86.80536254485492
1.9698497623183664	0.007	0.005	0.18099235419495385	0.0003730454137416344	0.07162487084648483	0.05362614683337275	86.60472561864306
2.001767818331006	0.007	0.005	0.18291716746343814	0.0003721771218185935	0.07333778875145558	0.05437413320476758	86.40314645142979
2.033911405131874	0.007	0.005	0.18482948539224406	0.0003713047370758561	0.07506580185435374	0.055123877409168874	86.2006171121087
2.0662831677612887	0.007	0.005	0.18672917330534305	0.0003704282262714178	0.0768086289978144	0.055875382938902006	85.99712988261138
2.0988857305813364	0.007	0.005	0.1886160914804329	0.00036954755750061335	0.0785659798408015	0.05662865174366966	85.79267735783068
2.131721707166896	0.007	0.005	0.19049009590083943	0.00036866269997138106	0.08033755524848851	0.05738368446942621	85.58725238344931
2.1647936840830044	0.007	0.005	0.19235103750149912	0.0003677736243462596	0.08212304628519593	0.05814048009480279	85.38084815741662
2.1981042196297005	0.007	0.005	0.19419876231788805	0.000366880302912458	0.0839221340239431	0.05889903591857535	85.1734582368618
2.2316558358327527	0.007	0.005	0.1960331112746589	0.0003659827096389693	0.08573448900433168	0.05965934739558346	84.96507658675428
2.265451014659221	0.007	0.005	0.19785392023856693	0.0003650808203889291	0.0875597709327984	0.06042140807333469	84.75569760164946
2.299492180481152	0.007	0.005	0.19966101936458172	0.000364174613355227	0.08939762765663967	0.06118520922369226	84.54531621192238
2.3337817185121423	0.007	0.005	0.20145423439166257	0.00036326406846859155	0.09124769609879987	0.06195074028781049	84.33392776683645
2.368321924814709	0.007	0.005	0.2032333843525042	0.00036234916882186457	0.09310959951984009	0.06271798779285495	84.12152833951878
2.403115049658257	0.007	0.005	0.20499828421636895	0.00036142989947152376	0.09498294983990276	0.06348693636072461	83.90811445534142
2.4381632326152287	0.007	0.005	0.20674874196132859	0.0003605062490649885	0.09686734414952108	0.06425756731359604	83.6936834857832
2.4734685507093594	0.007	0.005	0.20848456146257444	0.0003595782086423472	0.09876236733844998	0.06502985979049979	83.47823334709248
2.5090329521310313	0.007	0.005	0.21020553965978067	0.0003586457732880399	0.10066758859967821	0.06580378934799974	83.26176289899638
2.5448582927178274	0.007	0.005	0.21191146888300783	0.00035770894115971005	0.10258256349062718	0.06657932882530532	83.04427171395166
2.580946296807092	0.007	0.005	0.2136021354911004	0.0003567677144792781	0.10450683197125474	0.06735644756082715	82.82576030705093
2.6172985555167894	0.007	0.005	0.21527732039635677	0.0003558220995326205	0.10643991849199032	0.06813511143562528	82.60623013631755
2.6539165226075223	0.007	0.005	0.21693679948235087	0.00035487210671306856	0.10838133198975883	0.06891528286726152	82.38568361722159
2.690801493061931	0.007	0.005	0.2185803432705992	0.0003539177510619746	0.1103305650110528	0.06969692044184844	82.16412424030372
2.727954595857184	0.007	0.005	0.22020771729363553	0.00035295905237868225	0.11228709364043592	0.07047997885977185	81.941556601634
2.765376781603968	0.007	0.005	0.22181868227316195	0.00035199603547052136	0.11425037720758319	0.07126440877971452	81.7179864630001
2.803068812386384	0.007	0.005	0.22341299443669355	0.0003510287303737288	0.11621985816442923	0.07205015671758755	81.49342079758867
2.8410312539173774	0.007	0.005	0.22499040596455067	0.0003500571724997646	0.1181949621374029	0.07283716500096776	81.26786782071733
2.879264462475993	0.007	0.005	0.22655066524922818	0.0003490814028312505	0.1201750977633946	0.07362537162227867	81.04133705044791
2.9177685664211417	0.007	0.005	0.228093516984758	0.00034810146837078017	0.12215965630930914	0.07441470999071192	80.81383939867807
2.9565434782825624	0.007	0.005	0.22961870351519262	0.0003471174217060562	0.12414801292889749	0.07520510931903769	80.58538708025637
2.995588855408561	0.007	0.005	0.23112596414748085	0.0003461293220423283	0.1261395253284542	0.07599649396278371	80.35599382487206
3.0349041302585014	0.007	0.005	0.23261503723282687	0.00034513723412663976	0.12813353606573694	0.07678878418667391	80.12567467734091
3.0744884627962774	0.007	0.005	0.23408565923226826	0.00034414122954032404	0.13012937092547866	0.07758189535401953	79.89444625508955
3.1143407738858904	0.007	0.005	0.23553756689186753	0.0003431413857336075	0.1321263414717754	0.07837573875838957	79.66232652947468
3.1544597132150063	0.007	0.005	0.23697049693863195	0.00034213778663119124	0.13412374433284438	0.07917022113936925	79.429334989935
3.194843672189306	0.007	0.005	0.23838418745139958	0.0003411305222899248	0.13612086280640465	0.07996524510346842	79.19549254463264
3.2354907812834695	0.007	0.005	0.23977837862689091	0.0003401196888542006	0.1381169677196833	0.08076070923266199	78.96082151180185
3.276398902139366	0.007	0.005	0.24115281335963795	0.0003391053886152243	0.14011131807780072	0.08155650809269971	78.72534564081823
3.3175656416576143	0.007	0.005	0.24250723854734474	0.000338087729582219	0.14210316282557842	0.08235253267060977	78.4890900062351
3.358988361305864	0.007	0.005	0.24384140616069414	0.00033706682514392423	0.14409174238265765	0.08314867071021113	78.25208093043425
3.400664162001883	0.007	0.005	0.24515507348883953	0.0003360427943227421	0.14607628902785794	0.08394480657532735	78.01434604621731
3.4425899274836125	0.007	0.005	0.24644800520601468	0.0003350157606338635	0.14805603009540744	0.08474082222989225	77.77591402558733
3.484762298998179	0.007	0.005	0.24771997318795475	0.000333985852556886	0.15003018788763833	0.08553659689482998	77.53681470174773
3.5271777257881043	0.007	0.005	0.24897075861659276	0.0003329532022854228	0.15199798316802304	0.08633200813866435	77.29707876062366
3.569832446227549	0.007	0.005	0.2502001518819096	0.000331917946040383	0.15395863536720816	0.08712693164330051	77.05673782777704
3.612722528620106	0.007	0.005	0.25140795419680695	0.0003308802230238225	0.15591136554902138	0.08792124208324131	76.81582421871516
3.6558438845855514	0.007	0.005	0.2525939782831785	0.00032984017501768413	0.15785539804365387	0.08871481347213073	76.57437084674044
3.6991922829494475	0.007	0.005	0.25375804899862525	0.0003287979459419818	0.15978996206544255	0.08950751950776965	76.3324111294375
3.742763378620137	0.007	0.005	0.2549000042780788	0.0003277536811705017	0.16171429394540385	0.09029923417750314	76.08997881341789
3.7865527277145894	0.007	0.005	0.2560196955995413	0.00032670752707672897	0.1636276386754119	0.0910898320945925	75.84710787834277
3.830555814827938	0.007	0.005	0.2571169886758597	0.00032565963032383486	0.16552925191673284	0.09187918903978486	75.60383237561044
3.8747680868668186	0.007	0.005	0.25819176418763434	0.00032461013705808886	0.16741840219029025	0.09266718259914573	75.36018623393718
3.919184949235857	0.007	0.005	0.2592439174988898	0.0003235591929836158	0.1692943713641552	0.09345369211263657	75.11620327512794
3.963801815324545	0.007	0.005	0.2602733595922141	0.00032250694211503374	0.17115645733794804	0.09423859955866867	74.87191693821221
4.008614115287481	0.007	0.005	0.26128001691378133	0.0003214535266370932	0.17300397488196723	0.09502178969416719	74.62736023079798
4.053617331844356	0.007	0.005	0.2622638317663917	0.00032039908604844075	0.17483625751116283	0.09580315065511395	74.38256553477817
4.098806997628601	0.007	0.005	0.2632247617670748	0.00031934375719314335	0.17665265767958815	0.09658257387053118	74.1375646241466
4.1441787466388735	0.007	0.005	0.2641627804189911	0.0003182876731284832	0.17845254908057498	0.09735995490138709	73.89238839080244
4.189728302938324	0.007	0.005	0.26507787626399654	0.0003172309634590565	0.1802353263091502	0.09813519317918823	73.64706691343348
4.235451523661782	0.007	0.005	0.26597005312629235	0.00031617375324073443	0.1820004066057852	0.09890819266689527	73.40162923429125
4.281344396870685	0.007	0.005	0.26683932937445576	0.000315116163236053	0.1837472297186918	0.09967886173456182	73.15610338188013
4.3274030667108505	0.007	0.005	0.26768573769687526	0.0003140583092402911	0.18547525875335516	0.10044711349019567	72.91051624820369
4.3736238403747345	0.007	0.005	0.26850932448655546	0.00031300030213307455	0.1871839802362601	0.10121286579319204	72.66489356536056
4.4200032042154	0.007	0.005	0.26931014937373915	0.0003119422474335033	0.1888729044513918	0.10197604141336895	72.41925983460415
4.466537827550597	0.007	0.005	0.2700882845198684	0.00031088424536682824	0.19054156525149685	0.10273656797903152	72.17363832209105
4.5132245725250915	0.007	0.005	0.2708438140139151	0.0003098263906776617	0.19218952003656112	0.10349437802100367	71.92805102330263
4.560060503931371	0.007	0.005	0.27157683325557586	0.00030876877247769375	0.1938163496672477	0.10424940901004394	71.6825186288113
4.607042895869567	0.007	0.005	0.2722874482806767	0.00030771147421806337	0.1954216582092991	0.10500160333807625	71.4370605076417
4.654169222671147	0.007	0.005	0.27297577486125096	0.0003066545739034586	0.19700507210423246	0.1057509080465777	71.19169477318032
4.701437174633495	0.007	0.005	0.2736419379985796	0.00030559814387616025	0.19856624015887017	0.10649727495234716	70.94643821962687
4.748844651786846	0.007	0.005	0.27428607109676517	0.0003045422510054907	0.20010483275179575	0.10724066042071424	70.7013063735491
4.796389763738183	0.007	0.005	0.27490831525542797	0.00030348695683609175	0.20162054123281872	0.10798102523828967	70.45631351351841
4.844070826213407	0.007	0.005	0.2755088185439366	0.00030243231761681023	0.20311307720236374	0.10871833443613534	70.2114727066549
4.89188637330954	0.007	0.005	0.27608773549384846	0.0003013783842410034	0.20458217226484687	0.10945255735679374	69.96679576454531
4.939835128412861	0.007	0.005	0.27664522610676545	0.0003003252028950704	0.20602757649125977	0.1101836670866542	69.72229341086378
4.987916028902572	0.007	0.005	0.277181455553896	0.00029927281461792114	0.2074490585452417	0.11091164071982529	69.47797517303111
5.036128199884246	0.007	0.005	0.2776965932932167	0.00029822125593636644	0.20884640425028547	0.11163645884387181	69.23384953413088
5.084470962807726	0.007	0.005	0.27819081262898154	0.0002971705588136763	0.21021941622054377	0.11235810556256223	68.98992390627822
5.132943824828789	0.007	0.005	0.2786642900827815	0.0002961207508311783	0.2115679129245215	0.11307656823001333	68.74620470152551
5.181546471204946	0.007	0.005	0.2791172048399266	0.0002950718555681281	0.2128917278622511	0.11379183723735697	68.50269738642169
5.230278770493185	0.007	0.005	0.2795497383447083	0.00029402389242391415	0.21419070910255875	0.1145039059918424	68.25940647192445
5.2791407473382375	0.007	0.005	0.27996207363263415	0.00029297687739101837	0.21546471796388808	0.11521277042541561	68.01633566476578
5.328132610178552	0.007	0.005	0.2803543951778072	0.00029193082242760896	0.2167136291726383	0.1159184293096632	67.7734877441451
5.377254704279975	0.007	0.005	0.28072688813403945	0.0002908857365942296	0.21793732908596822	0.11662088349070066	67.53086480948977
5.426507549165712	0.007	0.005	0.28107973829700167	0.0002898416252235807	0.2191357161078434	0.11732013634814852	67.2884681085752
5.475891791277606	0.007	0.005	0.2814131314314673	0.0002887984911266606	0.22030869898741218	0.1180161930416238	67.04629828452063
5.52540823491533	0.007	0.005	0.2817272532094423	0.00028775633385215703	0.22145619707552958	0.11870906087869289	66.80435523593952
5.57505781095081	0.007	0.005	0.2820222887276864	0.0002867151504787041	0.22257813908877372	0.11939874880365788	66.56263828272384
5.624841588101983	0.007	0.005	0.28229842233994584	0.0002856749353896648	0.22367446291036358	0.12008526749111043	66.32114612240574
5.674760754532902	0.007	0.005	0.28255583732597467	0.0002846356807149613	0.22474511472835773	0.12076862902882463	66.07987693083624
5.724816619156849	0.007	0.005	0.28279471570397074	0.00028359737638689877	0.22579004864749347	0.12144884687937714	65.83882836617802
5.775010619636094	0.007	0.005	0.2830152380774559	0.00028256000995185765	0.22680922643557674	0.1221259359317867	65.5979975409345
5.825344293737678	0.007	0.005	0.2832175833329197	0.0002815235672891174	0.22780261653522796	0.12279991206033587	65.35738116964517
5.875819293880685	0.007	0.005	0.2834019285596648	0.0002804880322178513	0.2287701939947467	0.12347079227312942	65.11697550819751
5.92643737501109	0.007	0.005	0.2835684488622859	0.0002794533869792673	0.22971193986669342	0.12413859450213821	64.8767764209824
5.977200399177873	0.007	0.005	0.28371731725296045	0.0002784196119788612	0.23062784095040506	0.12480333761897523	64.63677936793549
6.028110309760834	0.007	0.005	0.28384870446794064	0.0002773866865020558	0.23151788900340722	0.12546504105565448	64.39697953472144
6.079169166382754	0.007	0.005	0.2839627789694662	0.00027635458793101673	0.232382081055897	0.126123725220911	64.15737167594344
6.130379102121694	0.007	0.005	0.2840597067475752	0.00027532329275393194	0.23322041836479568	0.1267794109056893	63.91795032459028
6.181742355161314	0.007	0.005	0.28413965131850777	0.0002742927758219429	0.23403290667389182	0.12743211965634293	63.67870965090866
6.233261242759564	0.007	0.005	0.28420277360341284	0.00027326301102800093	0.23481955551104375	0.12808187340537852	63.439643591738864
6.284938162300298	0.007	0.005	0.2842492318838477	0.0002722339712540299	0.2355803779694713	0.12872869445537202	63.20074585214344
6.336775606152004	0.007	0.005	0.28427918176520384	0.00027120562815518304	0.2363153906842896	0.1293726056335797	62.9620098436669
6.388776131867893	0.007	0.005	0.2842927761115566	0.00027017795266301995	0.23702461317067408	0.1300136298901703	62.723428828645744
6.440942397778435	0.007	0.005	0.284290165027548	0.00026915091446988004	0.23770806810465714	0.13065179071065341	62.48499576307775
6.4932771400643805	0.007	0.005	0.2842714958078213	0.000268124482371583	0.23836578077656206	0.1312871118010206	62.24670340914542
6.545783264602059	0.007	0.005	0.2842369128402545	0.0002670986226182067	0.2389977799764888	0.13191961816347972	62.00854392574493
6.598463583318384	0.007	0.005	0.28418655774209006	0.0002660733039933499	0.23960409459883172	0.13254933288863552	61.77051007176937
6.651321122143884	0.007	0.005	0.2841205691689892	0.0002650484919198933	0.24018475721514154	0.13317628084794578	61.532593814045356
6.7043588667799945	0.007	0.005	0.2840390830311961	0.00026402415334567656	0.24073980094884037	0.13380048562524932	61.294787483176066
6.757579967419317	0.007	0.005	0.2839422322518423	0.0002630002528630755	0.24126926159791393	0.13442197192739133	61.05708285702083
6.810987577923827	0.007	0.005	0.2838301469979786	0.00026197675580324884	0.24177317577450327	0.13504076366407833	60.819471888627604
6.864584980701825	0.007	0.005	0.28370295446655713	0.00026095362587784686	0.24225158202405833	0.1356568853873607	60.58194615377535
6.918375495757566	0.007	0.005	0.28356077906699567	0.0002599308269568645	0.24270451980696475	0.1362703612116577	60.34449726237594
6.972362542399662	0.007	0.005	0.2834037422897641	0.00025890832188797853	0.24313202993387192	0.13688121550394386	60.107116590496815
7.026549604851597	0.007	0.005	0.28323196279626367	0.00025788607320460625	0.24353415413293691	0.1374894724665065	59.869795438848485
7.080940240619607	0.007	0.005	0.2830455564135259	0.00025686404295979695	0.24391093501276734	0.13809515621280594	59.632525001546554
7.135538096289753	0.007	0.005	0.28284463608995897	0.0002558421925087647	0.24426241605336116	0.1386982909208951	59.39529630353185
7.190346887206346	0.007	0.005	0.282629311976406	0.00025482048286674117	0.244588641351899	0.13929890058457922	59.158100295634824
7.245370417006744	0.007	0.005	0.28239969136892884	0.00025379887440776447	0.2448896556434326	0.13989700920720088	58.92092777608188
7.30061256449942	0.007	0.005	0.2821558787736063	0.00025277732710115105	0.2451655041172061	0.14049264063475744	58.68376945395276
7.356077296107075	0.007	0.005	0.28189797587102633	0.0002517558003387681	0.24541623238749585	0.14108581866857905	58.44661590219284
7.411768656356486	0.007	0.005	0.2816260815755033	0.00025073425313993167	0.2456418863528055	0.14167656693991496	58.20945760522283
7.467690776777969	0.007	0.005	0.28134029201397315	0.0002497126439938018	0.24584251215106473	0.14226490898272953	57.97228492765109
7.523847881268772	0.007	0.005	0.28104070051455027	0.0002486909308161706	0.24601815608732183	0.14285086826547364	57.73508809882534
7.580244269079128	0.007	0.005	0.2807273977175406	0.00024766907128968266	0.24616886449986386	0.14343446798985698	57.497857291888984
7.636884353950613	0.007	0.005	0.2804004713812677	0.0002466470221393374	0.2462946837924363	0.14401573147261162	57.260582466335386
7.693772620877956	0.007	0.005	0.28006000664195174	0.00024562474004310205	0.2463956602411052	0.14459468167269976	57.02325355759223
7.750913654142379	0.007	0.005	0.27970608588267293	0.0002446021810530216	0.2464718400041551	0.1451713414572984	56.785860366643334
7.808312146893422	0.007	0.005	0.2793387886896561	0.00024357930051776132	0.2465232690529087	0.1457457336699652	56.54839252875746
7.865972876439821	0.007	0.005	0.2789581920299344	0.0002425560535661796	0.2465499930777774	0.1463178808555632	56.31083962420691
7.9239007329365885	0.007	0.005	0.2785643700934417	0.00024153239459941828	0.24655205745716488	0.14688780552119593	56.073191067837605
7.982100702287428	0.007	0.005	0.2781573944286662	0.0002405082776496834	0.24652950718869351	0.14745552993837996	55.83543618828373
8.040578082126185	0.007	0.005	0.2777373324052064	0.00023948365263719475	0.24648238663646585	0.14802107819870355	55.597563359330266
8.099337967941747	0.007	0.005	0.27730425088528565	0.00023845847443516613	0.24641073979300343	0.14858447119464024	55.359562103694806
8.158385807254552	0.007	0.005	0.2768582123054411	0.00023743269317617356	0.2463146098629426	0.14914573196469785	55.12142084505292
8.217726952553312	0.007	0.005	0.2763992779842766	0.0002364062621119286	0.24619403973286702	0.14970488137045657	54.88312872979892
8.277367040571484	0.007	0.005	0.2759275053066385	0.00023537913104377658	0.24604907135988785	0.15026194167984583	54.644674105464134
8.33731169095811	0.007	0.005	0.2754429500698056	0.0002343512516119474	0.24587974631834775	0.1508169336902506	54.406045742214104
8.39756675470172	0.007	0.005	0.2749456645624267	0.00023332257301646078	0.24568610519493136	0.15136987902279114	54.16723184878879
8.458138121481792	0.007	0.005	0.2744356991441833	0.00023229304540028133	0.24546818808523166	0.15192079830158972	53.92822085105834
8.519031874618273	0.007	0.005	0.2739131010099448	0.00023126261724472154	0.24522603409624164	0.15246971254687283	53.68900078794632
8.580254181168657	0.007	0.005	0.2733779151424054	0.000230231237289241	0.24495968170834148	0.15301664213783825	53.4495597571489
8.641811375778213	0.007	0.005	0.27283018363477424	0.00022919885313743595	0.2446691684444357	0.15356160753684459	53.20988559667951
8.703709906713422	0.007	0.005	0.2722699461964624	0.00022816541224846798	0.24435453108957286	0.15410462877012185	52.96996610822714
8.765956371585665	0.007	0.005	0.27169723988041616	0.00022713086135067387	0.2440158055351801	0.15464572571110374	52.7297889296035
8.828557508232691	0.007	0.005	0.2711120992045348	0.00022609514675186096	0.2436530268248745	0.15518491796272518	52.48934158283294
8.891520197923334	0.007	0.005	0.2705145561674447	0.00022505821415235127	0.24326622915316923	0.15572222484935094	52.248611474320576
8.954851468658047	0.007	0.005	0.2699046402645987	0.00022402000883527885	0.2428554458680499	0.15625766540856573	52.00758589504171
9.018558494324104	0.007	0.005	0.26928237854644144	0.00022298047562230847	0.24242070950715494	0.156791258347446	51.76625203679589
9.082648598093852	0.007	0.005	0.2686477956390287	0.000221939558911101	0.24196205181602873	0.15732302203487564	51.524596992461596
9.147129255923126	0.007	0.005	0.26800091376495105	0.00022089720269302744	0.2414795037703291	0.1578529744936957	51.2826077562881
9.212008087183076	0.007	0.005	0.2673417528971704	0.00021985335071044636	0.24097309570535652	0.1583811332876025	51.04027127255887
9.277292866741977	0.007	0.005	0.2666703307019931	0.00021880794639848384	0.24044285729741793	0.15890751558517183	50.79757440376484
9.342991506769142	0.007	0.005	0.2659866627938277	0.00021776093315514008	0.23988881779373775	0.1594321379782767	50.554504011871096
9.409112090821477	0.007	0.005	0.2652907624535401	0.00021671225389154403	0.23931100582251566	0.15995501672103143	50.31104684566056
9.47566282030394	0.007	0.005	0.26458264126399705	0.0002156618519698917	0.23870944995738824	0.16047616727077774	50.067189752074114
9.54265205291654	0.007	0.005	0.2638623087917872	0.0002146096705910996	0.2380841785167274	0.16099560456419754	49.82291954728748
9.610088270424965	0.007	0.005	0.2631297730177201	0.00021355565339812126	0.23743521999545503	0.16151334273641754	49.57822314777563
9.677980090573218	0.007	0.005	0.26238504030502235	0.00021249974433845516	0.23676260311921965	0.16202939518940432	49.33308753898861
9.746336252019015	0.007	0.005	0.2616281156626841	0.00021144188792447205	0.23606635716602145	0.1625437744535424	49.08749984203511
9.815165594113731	0.007	0.005	0.26085900307850346	0.00021038202963855765	0.23534651237638105	0.16305649201850106	48.841447397175244
9.884477068277649	0.007	0.005	0.2600777055083231	0.00020932011575239783	0.23460310006066126	0.1635675584056499	48.59491773307473
9.954279684547544	0.007	0.005	0.25928422560000425	0.00020825609423366463	0.23383615341556158	0.164076982765208	48.347898766147665
10.024582545234644	0.007	0.005	0.25847856544603887	0.00020718991419238264	0.2330457074384356	0.1645847731240006	48.10037868822547
10.09539476637339	0.007	0.005	0.2576607276185284	0.00020612152717978965	0.23223180009734262	0.16509093582066767	47.85234624990031
10.166725510414448	0.007	0.005	0.25683071494596693	0.0002050508866824129	0.23139447230074006	0.16559547575932101	47.6037906487013
10.238583914584584	0.007	0.005	0.2559885314982553	0.00020397794915373186	0.23053376908059445	0.1660983959226047	47.35470178151452
10.31097906961198	0.007	0.005	0.25513418300838603	0.00020290267442496474	0.22964974025413695	0.16659969726396492	47.1050703159368
10.383919997563824	0.007	0.005	0.254267677310262	0.00020182502589530856	0.2287424411192825	0.16709937860353144	46.85488776226514
10.457415574810486	0.007	0.005	0.2533890254392688	0.00020074497176409773	0.22781193387146995	0.1675974361641171	46.60414672967029
10.531474521140348	0.007	0.005	0.252498241961833	0.0001996624850181021	0.22685828824949447	0.1680938635822655	46.35284094991569
10.60610531368096	0.007	0.005	0.25159534621250756	0.00019857754465885032	0.22588158316875737	0.16858865142815577	46.100965552795856
10.681316127531021	0.007	0.005	0.25068036322972503	0.0001974901364971938	0.22488190808148972	0.16908178693717998	45.848517242466535
10.757114784164074	0.007	0.005	0.24975332460572175	0.00019640025375920666	0.22385936427354186	0.16957325381705676	45.595494441083495
10.833508631531172	0.007	0.005	0.2488142701814045	0.0001953078985996754	0.2228140671274917	0.1700630316412621	45.34189765252638
10.910504511999063	0.007	0.005	0.2478632486780633	0.00019421308241031907	0.22174614725309869	0.17055109584713485	45.08772952331473
10.988108599664399	0.007	0.005	0.2469003199419089	0.00019311582794710082	0.22065575344879457	0.17103741693255564	44.832995327105884
11.066326346301452	0.007	0.005	0.2459255558600507	0.00019201616965839694	0.21954305422268652	0.171521960390173	44.57770307702646
11.14516233607354	0.007	0.005	0.24493904240696365	0.00019091415564480066	0.21840824061910916	0.17200468610713346	44.3218639266644
11.224620161507824	0.007	0.005	0.24394088143304143	0.00018980984880727602	0.21725152879858095	0.17248554795222537	44.06549248580553
11.30470231666079	0.007	0.005	0.24293119223224272	0.00018870332804472043	0.21607316238929497	0.1729644935146689	43.80860706663665
11.385410011602014	0.007	0.005	0.2419101140921825	0.00018759469025549444	0.2148734160079745	0.17344146342190395	43.5512301674524
11.466743056869976	0.007	0.005	0.24087780795333882	0.00018648405141150293	0.2136525977721116	0.1739163911370408	43.29338871360291
11.548699728620655	0.007	0.005	0.2398344582878816	0.00018537154782674006	0.21241105207126892	0.17438920268820524	43.035114345367155
11.631276586464505	0.007	0.005	0.23878027555510883	0.00018425733787098974	0.21114916302946704	0.1748598161794028	42.776443837676325
11.714468358978841	0.007	0.005	0.2377154977640328	0.0001831416029091875	0.2098673569033326	0.17532814174780614	42.517419288525474
11.798267777538495	0.007	0.005	0.23664039265346584	0.00018202454864698332	0.2085661051975209	0.17579408127329388	42.258088453339674
11.88266548070766	0.007	0.005	0.23555525892106127	0.00018090640556246433	0.20724592660463623	0.17625752853060367	41.99850484374438
11.967649885197245	0.007	0.005	0.2344604278230237	0.00017978742976638995	0.20590738934097677	0.17671836918781147	41.73872791717842
12.053207119651256	0.007	0.005	0.2333562639029548	0.00017866790293867495	0.20455111236014203	0.17717648117748463	41.47882306163345
12.13932095554841	0.007	0.005	0.23224316568678244	0.0001775481321999175	0.20317776644088897	0.1776317350634293	41.21886158191093
12.225972810744347	0.007	0.005	0.2311215653649849	0.00017642844915074883	0.20178807393167114	0.17808399479428033	40.95892046151419
12.313141741642518	0.007	0.005	0.2299919285434306	0.00017530920899617782	0.20038280846451834	0.1785331183780628	40.69908215985011
12.40080454648688	0.007	0.005	0.2288547524774567	0.0001741907882123603	0.19896279266172995	0.1789789591006661	40.439434082001206
12.488935842638435	0.007	0.005	0.22771056456602543	0.0001730735827146716	0.19752889602393753	0.1794213665517918	40.180068138541145
12.577508258267759	0.007	0.005	0.22655991929136435	0.0001719580045150652	0.1960820307335861	0.17986018816126614	39.921079983055854
12.666492610991423	0.007	0.005	0.2254033952650514	0.00017084447875779894	0.19462314744055337	0.18029527057444036	39.6625683120131
12.755858197050065	0.007	0.005	0.22424159078717498	0.00016973343937445496	0.19315322903187163	0.1807264614661228	39.4046338699651
12.845573025517009	0.007	0.005	0.22307512008281363	0.00016862532569946292	0.1916732851167222	0.18115361096239668	39.14737864788986
12.935604192360035	0.007	0.005	0.2219046076997723	0.0001675205773826911	0.19018434406120785	0.18157657360668528	38.89090471430999
13.025918185447145	0.007	0.005	0.22073068380070462	0.00016641963042541083	0.1886874460438204	0.1819952098498737	38.63531328670246
13.116481249694825	0.007	0.005	0.21955397868814108	0.00016532291257192233	0.18718363505107477	0.18240938768609521	38.380703671840806
13.207259721033287	0.007	0.005	0.21837511776710192	0.0001642308393349489	0.18567395136665749	0.18281898400361318	38.12717233669217
13.298220387265228	0.007	0.005	0.21719471620690448	0.0001631438099054246	0.18415942363807267	0.18322388592633174	37.87481194463447
13.389330789708255	0.007	0.005	0.21601337443496788	0.00016206220371447772	0.18264106199550165	0.18362399176461316	37.62371059627502
13.480559530060667	0.007	0.005	0.21483167363707842	0.0001609863774546942	0.1811198511925054	0.18401921188322498	37.37395109060258
13.571876526709852	0.007	0.005	0.21365017199667083	0.00015991666247894864	0.17959674473088483	0.18440946925298474	37.12561035746536
13.663253207037721	0.007	0.005	0.2124694018503399	0.0001588533633191717	0.17807266022242746	0.18479469965577042	36.87875909023991
13.754662719613966	0.007	0.005	0.21128986667605507	0.000157796755854809	0.1765484746071181	0.185174851919723	36.63346134538834
13.84608005075276	0.007	0.005	0.21011203940763198	0.00015674708690908564	0.17502502116636223	0.18554988771001746	36.389774417512726
13.937482099683647	0.007	0.005	0.2089363613667316	0.00015570457412023643	0.17350308742961087	0.18591978113431407	36.14774883404889
14.028847772967314	0.007	0.005	0.207763241027336	0.00015466940577047572	0.17198341296194672	0.1862845184215233	35.90742830495654
14.120157953200833	0.007	0.005	0.20659305446972445	0.00015364174199090293	0.17046668943822058	0.1866440971013622	35.66885000675332
14.211395511948194	0.007	0.005	0.2054261453277122	0.00015262171547107998	0.16895356016006594	0.18699852538874423	35.432044745571886
14.302545264587161	0.007	0.005	0.20426282553647393	0.00015160943281655466	0.16744462070377927	0.18734782136710332	35.19703726732261
14.393593910048153	0.007	0.005	0.20310337631834366	0.0001506049759651826	0.16594041996507392	0.18769201215313047	34.963846598123574
14.484529919961625	0.007	0.005	0.20194804984807802	0.00014960840422629954	0.16444146216618866	0.18803113291602006	34.73248650317559
14.575343486234182	0.007	0.005	0.20079707020086549	0.0001486197555055653	0.1629482080049491	0.18836522616610576	34.502965783588344
14.6660263770883	0.007	0.005	0.19965063548327286	0.00014763904853996743	0.16146107740243212	0.18869434075013886	34.27528879346969
14.75657184649973	0.007	0.005	0.198508919295961	0.00014666628451614745	0.15998045143877196	0.1890185310985341	34.04945580652394
14.84697451921025	0.007	0.005	0.19737207251202682	0.00014570144884899056	0.15850667474516306	0.1893378564310925	33.825463430844145
14.937230263798762	0.007	0.005	0.19624022520393664	0.00014474451297582513	0.15704005812698038	0.18965237997067486	33.603305038753355
15.027336101863538	0.007	0.005	0.19511348811128557	0.00014379543581222987	0.15558088062276862	0.18996216833066543	33.38297109356774
15.117290081802453	0.007	0.005	0.1939919545445364	0.00014285416547920083	0.1541293921527071	0.19026729082145574	33.164449550846214
15.20709118897105	0.007	0.005	0.19287570182099492	0.00014192064057285078	0.1526858155793651	0.19056781892400534	32.94772615782198
15.296739226785768	0.007	0.005	0.19176479304877236	0.0001409947917515925	0.15125034923166708	0.1908638257024088	32.732784811763054
15.386234752006635	0.007	0.005	0.1906592782214165	0.00014007654260702232	0.14982316854569233	0.19115538543211066	32.51960777676072
15.475578963301535	0.007	0.005	0.18955919587589098	0.00013916581107362456	0.1484044284382499	0.19144257310332394	32.308176003153434
15.564773637966171	0.007	0.005	0.18846457413635198	0.00013826251031020284	0.14699426488793518	0.19172546411128266	32.09846932245201
15.65382105158434	0.007	0.005	0.18737543195176604	0.00013736654956662359	0.14559279676518427	0.19200413391477522	31.890466675052608
15.742723921958296	0.007	0.005	0.1862917800180982	0.0001364778350248675	0.14420012725222164	0.19227865779361913	31.684146273528746
15.831485318388376	0.007	0.005	0.18521362210533932	0.00013559627070500874	0.14281634577765248	0.19254911051863516	31.479485839691655
15.920108653820199	0.007	0.005	0.18414095535806174	0.0001347217587039126	0.14144152862522094	0.1928155662939622	31.2764626436421
16.0	0.007	0.005	0.18317728847035028	0.00013393824684093	0.1402081339009195	0.1930527437995196	31.094565675275504
