0.0	0.007	0.005	0.0	0.0	0.0	0.0	100.0
0.006283387772266788	0.007	0.005	0.02023633616359068	8.538437195046749e-5	1.5376839379786292e-5	7.412491480263075e-5	99.9067637703351
0.010584255393056836	0.007	0.005	0.03350670199366558	0.00013324058914650393	4.311401509374826e-5	0.00019976835100203946	99.84299534275067
0.016968262234607207	0.007	0.005	0.05237214205565367	0.0001914300219673711	0.00010887637954072165	0.0004768214412844814	99.74841550978213
0.023130030878869303	0.007	0.005	0.06967847974052252	0.00023576891098473982	0.0001989285905729205	0.0008271961388916656	99.6572131335177
0.030436665805156398	0.007	0.005	0.08911037302226488	0.00027655597765499396	0.0003377070123771669	0.001324705574206323	99.5491732750088
0.03810034066220493	0.007	0.005	0.10829008146305684	0.00030869029096690506	0.0005184065128351906	0.0019194408329910484	99.43597988126129
0.04659355744167585	0.007	0.005	0.1281949267139121	0.00033462049217599266	0.000757994366789274	0.0026426169280850034	99.31068440731887
0.05567609831805681	0.007	0.005	0.14801077708304142	0.0003537692274069207	0.0010567942091715982	0.003468528092666582	99.1768696660536
0.06554137118712973	0.007	0.005	0.1679332823039851	0.0003667585357443704	0.0014274631564630167	0.004405720865194295	99.03172706731708
0.07615618948759725	0.007	0.005	0.18764736328272824	0.0003733027570053297	0.0018755812496911426	0.005439460534034962	98.87579402327118
0.08764186685770664	0.007	0.005	0.20713089112358857	0.00037278627181141735	0.0024129614741573613	0.0065649260561666065	98.70734450598907
0.10002435010193282	0.007	0.005	0.22617152354019265	0.0003641298342825043	0.0030476255213125756	0.007760840997846138	98.52606383927221
0.11327957085286375	0.007	0.005	0.24450672025940676	0.00034655150357069064	0.003784121919382604	0.008992458552490623	98.33237515675798
0.12720437427130035	0.007	0.005	0.2617142560932189	0.00032079213264485303	0.004614444026716866	0.010203702435985694	98.12931244956215
0.1416675330679468	0.007	0.005	0.2775912988054704	0.0002892593558029513	0.005531159047260353	0.01134951900803256	97.91884296790008
0.1568425626716109	0.007	0.005	0.2923014604100791	0.00025474069320481694	0.006545183155623169	0.012416955987300292	97.6984995400915
0.17323821028087383	0.007	0.005	0.3062094445913426	0.0002194847098844443	0.007692991722339299	0.013417299984655087	97.4609898037793
0.1907185559069065	0.007	0.005	0.31904241239836817	0.00018684307514296798	0.008968073445074859	0.014326001089760529	97.20840290016183
0.2074260494098886	0.007	0.005	0.3296246964567054	0.00016129981334173958	0.010228985314691014	0.015066371249715792	96.96759540056064
0.22439205666641288	0.007	0.005	0.3389004522711714	0.0001407747728841237	0.011545172606484737	0.01571533824545427	96.72367234936668
0.24141501088087386	0.007	0.005	0.34690539028213	0.000124883291923321	0.012896366957144578	0.016285098928271426	96.47954724461998
0.25885702809548	0.007	0.005	0.3539269701076616	0.00011252217665963429	0.014307438278644374	0.01680414318730141	96.23005146792548
0.27674356844002823	0.007	0.005	0.36004733001030115	0.0001030138487737534	0.015777647469100667	0.01728493619715524	95.97486715577433
0.29526999672653725	0.007	0.005	0.3653868216445011	9.568306348279804e-5	0.0173206325046601	0.017741694888585968	95.71126709363382
0.3145238184610476	0.007	0.005	0.37000571955826816	9.00393858929739e-5	0.018941578463388363	0.01818314675712707	95.43808460088808
0.3346405592321642	0.007	0.005	0.37396289643403263	8.568003071992097e-5	0.020649847350371262	0.018617332718179006	95.15349149090338
0.3557126606912031	0.007	0.005	0.37729699410137973	8.230328548816193e-5	0.022451192007016438	0.019049907249910982	94.85629283368931
0.37783567940618784	0.007	0.005	0.38004254229349593	7.967590191654224e-5	0.024351506118538965	0.01948557948150387	94.54527095514084
0.4010795673178794	0.007	0.005	0.38222899126307985	7.762275316227736e-5	0.026354278705058395	0.019927789403887446	94.2195896149341
0.42550605111341594	0.007	0.005	0.38388628088595667	7.601139816922157e-5	0.02846202251527511	0.02037926984818413	93.87854723068796
0.4511643609207874	0.007	0.005	0.3850457347120578	7.474282423759453e-5	0.030675889048803102	0.020842108187151404	93.52163542559435
0.47810280602438215	0.007	0.005	0.3857410510724624	7.37430726344262e-5	0.03299667385039971	0.021318064468614083	93.14837677222377
0.5063717705629099	0.007	0.005	0.38600754152804023	7.295735778765868e-5	0.03542509054622211	0.021808695329725795	92.75828427463952
0.5360298139123303	0.007	0.005	0.38588104252871996	7.234535682508674e-5	0.03796230488094118	0.02231551329300518	92.350779350128
0.5671458303379598	0.007	0.005	0.38539662351357656	7.187771587174272e-5	0.04061011249856812	0.022840062356796396	91.92516599109501
0.5998010091060453	0.007	0.005	0.38458748645549173	7.153338332064876e-5	0.04337108008545465	0.023383981826050906	91.4806088361024
0.6340880619044631	0.007	0.005	0.38348419176996124	7.129763345024687e-5	0.046248436577175096	0.02394901879003485	91.01614943664464
0.670111581395047	0.007	0.005	0.3821141544722983	7.116056939378859e-5	0.049246047207782036	0.024537056482852163	90.5307075756232
0.70798482006376	0.007	0.005	0.380501503345006	7.111601609474518e-5	0.052368080369388614	0.025150082075976212	90.02313118819745
0.7478243405174186	0.007	0.005	0.37866726765649455	7.116064705044867e-5	0.055618507753637095	0.025790120920862337	89.49227370641671
0.7897390686905373	0.007	0.005	0.3766300002350357	7.129323552860984e-5	0.05900017865503847	0.026459083133070084	88.9371432021492
0.8338127970982732	0.007	0.005	0.3744068582531327	7.15139076932288e-5	0.06251343879393226	0.02715850956977217	88.35713205829018
0.8800807490473467	0.007	0.005	0.3720150508000042	7.182330679879354e-5	0.06615440156337632	0.027889227003477263	87.75231420368772
0.9285089413920107	0.007	0.005	0.3694731191677104	7.222168797911688e-5	0.0699136072705338	0.028651046884916764	87.12369159471294
0.9789923151696254	0.007	0.005	0.3668011311503842	7.270816243692412e-5	0.07377627835903289	0.029442750115891047	86.47318511231273
1.0313802030118027	0.007	0.005	0.3640193355531213	7.328038765835908e-5	0.07772466592698497	0.030262482485071813	85.80327271161532
1.0855146832605507	0.007	0.005	0.3611461530020093	7.393473868623908e-5	0.08174118572472416	0.031108332755557667	85.11647748698921
1.1412613992276637	0.007	0.005	0.3581967027607872	7.466671635982845e-5	0.08581073408152548	0.031978782810887146	84.41497297191698
1.1985193058488295	0.007	0.005	0.3551825914200929	7.547126102300076e-5	0.08992126775384383	0.03287282913795576	83.70047032090295
1.2572244930853265	0.007	0.005	0.35211208498919183	7.634301668396729e-5	0.09406388397395961	0.03379001765940209	82.9741859804344
1.3173481051421116	0.007	0.005	0.3489905904456765	7.727649130936389e-5	0.09823245672346272	0.034730392769317074	82.23688517046381
1.3788943154050455	0.007	0.005	0.34582109119134213	7.826617501229628e-5	0.10242328634540859	0.035694452453732595	81.48892439220951
1.4418992147028373	0.007	0.005	0.3426044808605158	7.930663042330662e-5	0.10663482165217411	0.0366831213640756	80.73028251403827
1.5064315445328644	0.007	0.005	0.3393397536336046	8.039257372751535e-5	0.11086750846409629	0.03769775506453111	79.9605699751669
1.5725958851772872	0.007	0.005	0.336024035131113	8.151895888720702e-5	0.11512378752948091	0.03874018389890245	79.17901039817292
1.6405394963975055	0.007	0.005	0.33265241327463724	8.268108333793706e-5	0.11940829426475486	0.039812814312435836	78.38438278562994
1.7104650560573786	0.007	0.005	0.3292174821328108	8.387474412780288e-5	0.12372836331815064	0.04091882197921705	77.57490176859731
1.7826542748227854	0.007	0.005	0.3257083888177955	8.509650590444297e-5	0.12809507914598822	0.042062513964663546	76.74798479448512
1.8575139536718415	0.007	0.005	0.3221088809298245	8.634422159451422e-5	0.13252544266658012	0.043250040479879875	75.89978660440691
1.9356766739903775	0.007	0.005	0.31839293348887854	8.761820576264229e-5	0.13704726839860562	0.04449096071847732	75.02416524944555
2.0182737960909654	0.007	0.005	0.3145127075656889	8.892457291812739e-5	0.14171280925522986	0.045802513154687655	74.10984245630405
2.1079440630102035	0.007	0.005	0.3103536958946651	9.028799717945655e-5	0.14664983768609136	0.047225460227433284	73.12983296015243
2.2200741280379925	0.007	0.005	0.3052302567662454	9.189915439615108e-5	0.1526410806753252	0.04900136151638226	71.92257418890212
2.3070986659098605	0.007	0.005	0.3013122983074614	9.307505531216988e-5	0.15715515646739897	0.050375260955818235	70.99936954035606
2.389908489065229	0.007	0.005	0.29763079609351284	9.412803303702825e-5	0.16134348266642803	0.051677682014461164	70.1318825596668
2.471875969898107	0.007	0.005	0.2940310403861001	9.510356792785795e-5	0.16538885490422053	0.05296092239816363	69.28365808469306
2.5528873683326716	0.007	0.005	0.2905160534994746	9.600097181591496e-5	0.16929129882308547	0.05422226757444962	68.4554081460049
2.6330033289746044	0.007	0.005	0.2870812458408779	9.682222817162884e-5	0.1730592224420204	0.05546182958912372	67.64605121456579
2.7124110249795783	0.007	0.005	0.2837168780628878	9.757077213622485e-5	0.1767062667954242	0.056681730832500145	66.85329233722896
2.791273799613967	0.007	0.005	0.2804146214823657	9.824967629813867e-5	0.18024400883681738	0.05788373624663716	66.0751689774384
2.8697299881953677	0.007	0.005	0.2771675299063134	9.886165883171735e-5	0.1836821027710535	0.059069232198640166	65.31004436833652
2.9478968843491358	0.007	0.005	0.27396980422271794	9.940915019263082e-5	0.1870286276677136	0.06023928733474884	64.55655203836862
3.0258745281051764	0.007	0.005	0.2708165797808313	9.989435358204041e-5	0.19029038876305213	0.06139471138016965	63.81354570884777
3.103749061495068	0.007	0.005	0.26770374477555675	0.00010031929487487907	0.19347316779939563	0.06253610736480132	63.08005649812987
3.181592958419287	0.007	0.005	0.26462789304545303	0.00010068585044120948	0.1965818223949142	0.06366387810017163	62.35528179868601
3.2594692519348833	0.007	0.005	0.2615861240306847	0.0001009957919060447	0.19962053165163607	0.06477829139910059	61.63853814014655
3.337432275247724	0.007	0.005	0.25857598937318604	0.00010125080587656618	0.20259288216877852	0.0658794935491264	60.92924860634424
3.415529145562007	0.007	0.005	0.2555954142811507	0.00010145251405831515	0.20550197364712522	0.06696753353344553	60.22692430604908
3.4938008028578573	0.007	0.005	0.2526426402934992	0.00010160248803370422	0.2083504976478863	0.06804238053610279	59.531150886298555
3.5722828323005045	0.007	0.005	0.24971617938814056	0.00010170226069058049	0.211140800997716	0.06910393815308913	58.84157771872908
3.6510062190452826	0.007	0.005	0.24681477317706724	0.00010175333512844375	0.21387494078036645	0.07015205738630698	58.157908284548306
3.7299978956169024	0.007	0.005	0.24393736193535948	0.00010175719129725016	0.2165547270598934	0.07118654654211003	57.47989287671416
3.809281225947242	0.007	0.005	0.24108305759916432	0.00010171529104370977	0.21918175957066183	0.07220718005803803	56.80732223734205
3.88887639211547	0.007	0.005	0.23825112168113058	0.00010162908184289237	0.22175745790369236	0.07321370582796996	56.140022353832386
3.9688007486190418	0.007	0.005	0.23544094549986	0.00010149999945125334	0.22428308795414897	0.07420585189331715	55.4778498002596
4.049069055169673	0.007	0.005	0.23265203566272943	0.00010132946983231924	0.22675978226156449	0.07518333141007652	54.820688316633465
4.129693747608431	0.007	0.005	0.22988399897213943	0.00010111891031243031	0.22918855976072783	0.07614584792262875	54.168445252300515
4.2106851093373185	0.007	0.005	0.2271365314811155	0.000100869730328162	0.2315703408607167	0.07709309924155844	53.521048987073286
4.292051449894673	0.007	0.005	0.22440940784124563	0.00010058333168897794	0.23390596146810214	0.07802478126317501	52.87844642124406
4.373799231878224	0.007	0.005	0.22170247288351175	0.00010026110860151798	0.23619618436511514	0.07894059103557258	52.240600991744046
4.4559332437631864	0.007	0.005	0.2190156321023515	9.99044471658241e-5	0.23844171088845906	0.07984023019041711	51.60749042986638
4.538456655678984	0.007	0.005	0.21634884639375823	9.951472506373562e-5	0.2406431884554834	0.08072340691414874	50.979105521384525
4.621371164818257	0.007	0.005	0.21370212415707968	9.909331064434051e-5	0.24280121983819425	0.08158983877941485	50.355448245468835
4.704677067018369	0.007	0.005	0.2110755161233677	9.864156213993067e-5	0.24491636971673716	0.08243925461706039	49.73653055607093
4.788373369559488	0.007	0.005	0.20846910914084685	9.81608265104281e-5	0.24698917169402976	0.0832713966756685	49.12237291756997
4.872457856958067	0.007	0.005	0.2058830217205258	9.765243840480651e-5	0.2490201335198164	0.08408602214147241	48.51300325516774
4.956927192824109	0.007	0.005	0.20331739870273863	9.711771880663628e-5	0.25100974268832205	0.08488290486710405	47.90845569814577
5.041776974133018	0.007	0.005	0.20077240762968543	9.655797388813759e-5	0.25295847038942654	0.08566183648143517	47.308769725112995
5.127001855686566	0.007	0.005	0.19824823322712423	9.597449333872911e-5	0.25486677663873564	0.08642262799707325	46.71398886370572
5.212595581457323	0.007	0.005	0.1957450749205626	9.53685492692482e-5	0.25673511281251327	0.08716511039242147	46.1241601053185
5.2985511261541225	0.007	0.005	0.19326314130442654	9.474139432056309e-5	0.25856392625024854	0.08788913601898869	45.539332601853154
5.38486072008733	0.007	0.005	0.190802648272278	9.409426059197957e-5	0.2603536618798805	0.08859457881419158	44.95955722513476
5.471515967551933	0.007	0.005	0.1883638146249881	9.342835789845816e-5	0.2621047655247049	0.08928133516571449	44.384885532048806
5.558507904674317	0.007	0.005	0.18594685964314528	9.274487249916812e-5	0.2638176855727865	0.08994932410365511	43.81536919251839
5.6458271112625535	0.007	0.005	0.18355199934420183	9.204496543843996e-5	0.2654928754214068	0.09059848776699514	43.25105910756139
5.733463749544102	0.007	0.005	0.18117944497277214	9.132977152139685e-5	0.2671307941834788	0.09122879115847918	42.6920050535536
5.821407685876798	0.007	0.005	0.17882939939406897	9.060039767587475e-5	0.26873190873394087	0.09184022238434897	42.13825483240044
5.909648521070392	0.007	0.005	0.1765020561571585	8.985792214175204e-5	0.2702966937843729	0.09243279209612397	41.58985405080811
5.998175709681877	0.007	0.005	0.1741975963361588	8.910339299209879e-5	0.2718256333815968	0.09300653344135909	41.046845375963045
6.0869785751422985	0.007	0.005	0.17191618828725502	8.83378276330963e-5	0.27331922035492257	0.09356150120011258	40.509268478276574
6.17604641390835	0.007	0.005	0.16965798520233183	8.756221163030636e-5	0.2747779571795293	0.09409777142482804	39.97715945493799
6.265368535833698	0.007	0.005	0.1674231244624369	8.677749818423157e-5	0.2762023555901612	0.09461544057988305	39.45055067756856
6.354934316872163	0.007	0.005	0.16521172676974855	8.598460759976841e-5	0.2775929363193208	0.09511462470541213	38.92947058768387
6.444733258261796	0.007	0.005	0.1630238952242853	8.518442679395016e-5	0.2789502288459853	0.09559545856195974	38.41394347913536
6.53475501632885	0.007	0.005	0.1608597152119762	8.437780916538968e-5	0.28027477062670847	0.09605809457250895	37.90398947173575
6.624989450333659	0.007	0.005	0.15871925391653566	8.356557439391308e-5	0.2815671065698696	0.09650270184089021	37.39962439624049
6.715426640527264	0.007	0.005	0.15660256060418842	8.274850860132084e-5	0.2828277880523789	0.09692946500436087	36.90085986143838
6.806056936135208	0.007	0.005	0.1545096662427491	8.192736432037021e-5	0.28405737236274997	0.0973385832320067	36.407703164393894
6.896870955256949	0.007	0.005	0.15244058428314097	8.110286098396897e-5	0.2852564214809484	0.0977302690016819	35.92015747459958
6.98785961457931	0.007	0.005	0.15039531075805054	8.027568520944131e-5	0.28642550130730193	0.09810474703958011	35.438221857222125
7.079014134802977	0.007	0.005	0.14837382495175566	7.944649137021107e-5	0.287565180599745	0.09846225317653812	34.96189143093671
7.170326063921593	0.007	0.005	0.14637608967259358	7.861590205683525e-5	0.28867603018475846	0.09880303330956873	34.491157432129825
7.261787257860992	0.007	0.005	0.14440205246092006	7.778450898177509e-5	0.28975862169368116	0.09912734223759498	34.02600749953488
7.353389909229788	0.007	0.005	0.1424516457251393	7.69528734766201e-5	0.29081352695115736	0.09943544272449437	33.56642570628593
7.445126545530888	0.007	0.005	0.14052478754429015	7.61215273068397e-5	0.29184131703683525	0.09972760448478732	33.112392749033795
7.536990008760702	0.007	0.005	0.13862138282922407	7.529097368444357e-5	0.2928425612149913	0.10000410316586575	32.66388622155892
7.62897345287711	0.007	0.005	0.13674132406563105	7.446168813270852e-5	0.29381782614872953	0.10026521944872245	32.22088078985361
7.721070365408898	0.007	0.005	0.13488449154935525	7.36341191424423e-5	0.29476767542099347	0.100511238260473	31.78334824757013
7.813274533909284	0.007	0.005	0.1330507547265783	7.280868934560016e-5	0.2956926685279869	0.10074244787783405	31.351257831813278
7.9055800425803335	0.007	0.005	0.13123997287124742	7.198579641120926e-5	0.29659336027143374	0.10095913917700654	30.924576382765395
7.9979812809158	0.007	0.005	0.12945199550723507	7.116581383118521e-5	0.29747030031660143	0.10116160495530113	30.50326844316151
8.090472896999302	0.007	0.005	0.12768666387462557	7.034909220399302e-5	0.2983240322785257	0.10135013917814242	30.0872966037959
8.183049830181634	0.007	0.005	0.12594381082058168	6.953595978581895e-5	0.29915509362494663	0.10152503645270126	29.67662147780673
8.275707282317796	0.007	0.005	0.12422326185713801	6.872672358978234e-5	0.2999640150396837	0.1016865914079676	29.271201949927832
8.368440701020713	0.007	0.005	0.12252483593931451	6.792167035771097e-5	0.3007513199658792	0.10183509815531996	28.870995359838638
8.461245775015257	0.007	0.005	0.12084834598522573	6.712106740539398e-5	0.30151752430456424	0.10197084981477472	28.47595762471948
8.554118429352245	0.007	0.005	0.11919359937697767	6.63251634514183e-5	0.3022631361486459	0.10209413807765415	28.086043357279845
8.647054789696773	0.007	0.005	0.11756039897996358	6.553418969633419e-5	0.3029886553132942	0.10220525276935281	27.701206105938937
8.740051208030643	0.007	0.005	0.11594854303988443	6.474836033915309e-5	0.3036945733977869	0.10230448153079613	27.32139833056023
8.833104251345492	0.007	0.005	0.11435782573255857	6.396787340179024e-5	0.30438137356766015	0.1023921094750328	26.94657153200514
8.926210659367547	0.007	0.005	0.11278803820355297	6.319291179354879e-5	0.3050495301538653	0.10246841885529391	26.57667649710543
9.01936735147748	0.007	0.005	0.11123896872496725	6.242364392243689e-5	0.3056995086603332	0.10253368881950756	26.211663335606755
9.11257140888291	0.007	0.005	0.10971040325477568	6.166022449611651e-5	0.3063317656136603	0.10258819516891117	25.851481611968566
9.205820099941091	0.007	0.005	0.10820212526906994	6.0902794935274074e-5	0.3069467487283671	0.10263221016771035	25.496080305834816
9.299110831311067	0.007	0.005	0.10671391679388903	6.015148438948901e-5	0.3075448965885447	0.1026660023326585	25.145408055168
9.392441154606242	0.007	0.005	0.10524555849609654	5.940641025732277e-5	0.30812663873591384	0.10268983628419148	24.79941317766294
9.48580876683533	0.007	0.005	0.10379682987101277	5.866767873906201e-5	0.30869239572323137	0.10270397260909578	24.458043714959278
9.579211486054003	0.007	0.005	0.10236750979967707	5.7935385569168525e-5	0.3092425790323487	0.10270866773851701	24.121247563951215
9.67264727027182	0.007	0.005	0.10095737641975135	5.720961637298972e-5	0.309777591268541	0.10270417385075478	23.78897244636808
9.76611422397692	0.007	0.005	0.09956620719660654	5.64904471102301e-5	0.3102978262751031	0.10269073877864492	23.46116592552478
9.859610530313228	0.007	0.005	0.09819378007927487	5.5777945085547634e-5	0.3108036688521636	0.1026686059472173	23.137775678703118
9.953134432699024	0.007	0.005	0.09683987385683826	5.507216952671672e-5	0.3112954947992325	0.10263801434164607	22.818749581129026
10.046684290773468	0.007	0.005	0.09550426743508784	5.437317156431581e-5	0.3117736713502361	0.10259919845978839	22.504035535529116
10.14025856821409	0.007	0.005	0.09418674012826171	5.368099473832709e-5	0.312238557227929	0.10255238828116787	22.19358154087388
10.233855814320187	0.007	0.005	0.09288707201731433	5.2995675529648004e-5	0.3126905026822145	0.10249780925507906	21.88733577679812
10.32747467036581	0.007	0.005	0.09160504394560622	5.231724368186932e-5	0.3131298496602871	0.10243568228827135	21.585246602585315
10.421113857337915	0.007	0.005	0.09034043776754484	5.164572264810392e-5	0.3135569318892169	0.10236622375122996	21.28726261575577
10.514772169853774	0.007	0.005	0.08909303649788206	5.098112997192279e-5	0.3139720749960314	0.10228964549140895	20.993332687246188
10.60844847006231	0.007	0.005	0.08786262445114386	5.032347765115813e-5	0.314375596632509	0.10220615485496501	20.703405994264003
10.702141687737212	0.007	0.005	0.0866489872917349	4.96727724405036e-5	0.314767806629678	0.10211595471009169	20.41743203209376
10.795850801740709	0.007	0.005	0.08545191231770186	4.9029016273327616e-5	0.31514900707684507	0.1020192434947667	20.135360680961305
10.889574852506312	0.007	0.005	0.08427118833425336	4.839220644390731e-5	0.31551949253325756	0.10191621524098361	19.857142176230752
10.98331294210727	0.007	0.005	0.08310660569145019	4.7762335869419436e-5	0.31587955018266334	0.10180705961233674	19.582727117285703
11.077064215689694	0.007	0.005	0.08195795654638134	4.7139393468713656e-5	0.3162294599179236	0.10169196196840607	19.312066529306716
11.170827873941105	0.007	0.005	0.08082503473196292	4.6523364309732075e-5	0.3165694945467481	0.10157110339801378	19.045111832355854
11.264603154506178	0.007	0.005	0.07970763600405488	4.5914229961375274e-5	0.3168999198796609	0.10144466079313226	18.781814899605823
11.358389344447396	0.007	0.005	0.07860555790614811	4.531196861942451e-5	0.31722099493188927	0.10131280688696216	18.522128025455626
11.452185774071513	0.007	0.005	0.07751859985933257	4.4716555351247224e-5	0.31753297205432846	0.10117571031726696	18.266003946730105
11.545991810749435	0.007	0.005	0.0764465632448481	4.412796232843353e-5	0.3178360970657718	0.10103353569342673	18.01339586213175
11.639806852730331	0.007	0.005	0.07538925147953927	4.3546159047820466e-5	0.318130609386047	0.10088644366678425	17.764257450020327
11.733630329164962	0.007	0.005	0.07434647001593846	4.297111250156515e-5	0.31841674218840305	0.10073459099367454	17.518542868432494
11.827461706341815	0.007	0.005	0.0733180262738896	4.240278729973032e-5	0.3186947225671134	0.10057813058866358	17.2762067389701
11.921300481493393	0.007	0.005	0.07230372971040043	4.184114586555428e-5	0.3189647716638052	0.100417211598219	17.037204163259656
12.015146189029554	0.007	0.005	0.07130339175144253	4.128614854368446e-5	0.31922710482838973	0.10025197945448713	16.801490706882134
12.108998388123256	0.007	0.005	0.0703168259231264	4.0737753818139325e-5	0.3194819317242843	0.10008257596180867	16.569022430282292
12.202856644074371	0.007	0.005	0.06934384803524818	4.01959185560728e-5	0.3197294564205673	0.09990913939832984	16.339755932018466
12.29672055318424	0.007	0.005	0.06838427590667376	3.966059797683441e-5	0.3199698775993205	0.09973180453905105	16.113648284053735
12.390589742768245	0.007	0.005	0.06743792936065106	3.913174577240135e-5	0.32020338868763326	0.09955070272092312	15.890657030651438
12.4844638587324	0.007	0.005	0.06650463034225142	3.8609314294797384e-5	0.32043017795728324	0.0993659619325601	15.670740216048204
12.578342571798855	0.007	0.005	0.06558420284341902	3.809325462492276e-5	0.32065042866997673	0.09917770686878723	15.453856366793191
12.672225565078332	0.007	0.005	0.06467647301189564	3.758351674543163e-5	0.32086431917521113	0.09898605902177886	15.239964517414348
12.76611254651187	0.007	0.005	0.06378126901434161	3.708004956283803e-5	0.32107202306442373	0.0987911367222707	15.029024178165145
12.860003224004178	0.007	0.005	0.06289842125755625	3.6582801138645186e-5	0.3212737092383815	0.09859305525690523	14.820995387151559
12.9538973365193	0.007	0.005	0.06202776207471298	3.6091718596489236e-5	0.32146954209608	0.09839192686904563	14.615838636398442
13.047794635430913	0.007	0.005	0.06116912588740756	3.560674830921279e-5	0.32165968160995556	0.09818786086171158	14.413514910033582
13.141694878306993	0.007	0.005	0.060322349241766264	3.512783600739356e-5	0.3218442834292803	0.0979809636757331	14.213985692796038
13.235597847569839	0.007	0.005	0.05948727062024007	3.465492674858235e-5	0.32202349902961036	0.09777133891222951	14.017212925688451
13.32950333184258	0.007	0.005	0.05866373059220041	3.418796508713039e-5	0.3221974757850466	0.0975590874358701	13.823159041462466
13.4234111383901	0.007	0.005	0.05785157168367425	3.372689507098499e-5	0.32236635709915673	0.09734430740885859	13.631786933924003
13.517321074463366	0.007	0.005	0.0570506385194917	3.327166040041684e-5	0.3225302824757423	0.09712709439430864	13.443059991427972
13.611232978398974	0.007	0.005	0.056260777536605716	3.282220432257887e-5	0.32268938767585736	0.09690754134459145	13.256942029326693
13.705146682303852	0.007	0.005	0.05548183728281563	3.237846987971082e-5	0.3228438047520236	0.09668573874652837	13.073397360359301
13.799062030715325	0.007	0.005	0.05471366823487602	3.1940399861715126e-5	0.32299366217906017	0.09646177463682665	12.892390751792036
13.892978880602739	0.007	0.005	0.05395612277913077	3.150793685469132e-5	0.3231390849484389	0.0962357346589652	12.71388742085495
13.986897076488704	0.007	0.005	0.05320905538871695	3.10810234082313e-5	0.32328019462345564	0.09600770217976125	12.537853076497148
14.080816487769866	0.007	0.005	0.05247232229996455	3.0659601891798635e-5	0.3234171094879788	0.09577775825504806	12.364253843135636
14.174737008718708	0.007	0.005	0.05174578150023997	3.024361453935874e-5	0.32354994463090814	0.0955459816822268	12.193056257790815
14.268658521163603	0.007	0.005	0.05102929299828525	2.983300366748003e-5	0.32367881197822945	0.09531244914512034	12.024227333787541
14.362580919369911	0.007	0.005	0.05032271860616473	2.942771158920438e-5	0.3238038204137445	0.09507723520561759	11.857734509374406
14.4565041100408	0.007	0.005	0.04962592192055525	2.9027680648688306e-5	0.3239250758597629	0.0948404123544873	11.69354564331507
14.550427987436409	0.007	0.005	0.04893876848486249	2.8632853367098573e-5	0.3240426813250712	0.09460205112455758	11.531629053088338
14.644352458255497	0.007	0.005	0.048261125579852224	2.8243172354919244e-5	0.32415673701597747	0.09436222007778364	11.37195346555383
14.73827744163603	0.007	0.005	0.047592862205471036	2.785858034110802e-5	0.32426734041076216	0.09412098585299451	11.214488012668307
14.832202862935175	0.007	0.005	0.04693384910606898	2.7479020227882634e-5	0.32437458632524596	0.09387841322880187	11.059202237428964
14.926128635068157	0.007	0.005	0.04628395887756928	2.710443519601317e-5	0.3244785669642312	0.0936345652184427	10.906066119126285
15.020054702051777	0.007	0.005	0.045643065642684125	2.6734768535925877e-5	0.32457937204051435	0.09338950300237428	10.755049996813861
15.113981001681836	0.007	0.005	0.04501104529155948	2.6369963833719238e-5	0.32467708880050244	0.09314328606902454	10.606124626012464
15.20790747797423	0.007	0.005	0.044387775373479675	2.6009964935857167e-5	0.3247718021048378	0.0928959722260593	10.459261153191964
15.30183406250353	0.007	0.005	0.04377313519793058	2.5654716045256012e-5	0.32486359447489604	0.09264761769217617	10.314431139585277
15.3957607117262	0.007	0.005	0.043167005567009545	2.5304161581365492e-5	0.324952546193109	0.09239827704021845	10.17160649813503
15.48968737587811	0.007	0.005	0.042569268960667615	2.4958246327022274e-5	0.32503873533310174	0.09214800331967936	10.030759537142977
15.583614011415651	0.007	0.005	0.04197980943409365	2.461691539095585e-5	0.32512223783180727	0.09189684806353683	9.891862936090119
15.67754056235426	0.007	0.005	0.04139851271310448	2.4280114295877377e-5	0.3252031275314509	0.09164486137701867	9.754889768113951
15.771466997591531	0.007	0.005	0.040825265940886125	2.394778884148051e-5	0.32528147626894727	0.09139209187552357	9.619813440332086
15.865393286025185	0.007	0.005	0.040259957815828334	2.361988521726022e-5	0.3253573539083411	0.09113858678794669	9.486607726320713
15.959319396553097	0.007	0.005	0.03970247857020065	2.329635001250907e-5	0.3254308283949201	0.09088439199293746	9.35524676109
16.0	0.007	0.005	0.039463429176879616	2.31621914893731e-5	0.3254619220653555	0.09077409095204998	9.298918638938812
