0.0	0.007	0.005	0.0	0.0	0.0	0.0	100.0
0.006588758098510131	0.007	0.005	0.01765820030334086	6.91133226076258e-5	1.444096987686907e-5	4.323514438855772e-5	99.9484761524158
0.012251224351829277	0.007	0.005	0.03213314001276313	0.00012006236197992004	4.919855070655134e-5	0.000142797110553212	99.90421708489491
0.020047136966707374	0.007	0.005	0.05105462016435815	0.0001793845748671476	0.0001291119328244577	0.0003596324831788497	99.8433146010666
0.02814865631354163	0.007	0.005	0.06954737697149936	0.00022991123477980033	0.00024934070951660435	0.0006666746865255672	99.78006402351818
0.037611367288542336	0.007	0.005	0.08973104654854915	0.0002772821659642261	0.0004346483212168945	0.00111044610166807	99.70623701554688
0.04778293091907536	0.007	0.005	0.1098407874344746	0.0003170499708007389	0.0006839536279967101	0.0016683430927983134	99.62694053321822
0.059012179744204724	0.007	0.005	0.13027726217561753	0.0003504969736508175	0.0010147581611691249	0.002358973997771692	99.53947168410555
0.07108094255644741	0.007	0.005	0.15034552630129364	0.0003770469119152393	0.0014297960555291716	0.003166501920464526	99.44554916341987
0.08410630202879393	0.007	0.005	0.16999467569612497	0.0003973889611360442	0.0019405308255136663	0.004092556222516414	99.34428157242299
0.09801906315068101	0.007	0.005	0.1888955283853906	0.00041184304607926026	0.0025509527364681855	0.005124232645396938	99.23622864372716
0.11285336846239229	0.007	0.005	0.20691285610282806	0.0004208287253229566	0.003267829018708538	0.006253953792552247	99.12114803372722
0.12857269018577136	0.007	0.005	0.2238570171632424	0.00042455261521644145	0.004093447992919155	0.007466930630548744	98.99934733269845
0.14516268207885513	0.007	0.005	0.23961305750536815	0.0004231187044066985	0.005029610051808224	0.008747864962018875	98.8709625998648
0.16258165738238897	0.007	0.005	0.25408511329118666	0.00041661080116430095	0.00607511054794843	0.010077192432918883	98.73634180052889
0.18079824606695435	0.007	0.005	0.2672322713875612	0.0004052623314268982	0.007227880760274597	0.011434456363449533	98.59575280127989
0.19978473158650964	0.007	0.005	0.27905276603046	0.0003896049285663969	0.00848491886804049	0.012798839188229784	98.44943506596097
0.21953611898805156	0.007	0.005	0.28958539819237517	0.00037051275706764624	0.009843883020964912	0.014151988391523007	98.29745311057104
0.2400744789065948	0.007	0.005	0.298896758939723	0.0003491243279305538	0.011303846307017622	0.015479611862651909	98.1396644264326
0.2614438380987421	0.007	0.005	0.307066662020691	0.00032668537338240763	0.012865290942305412	0.01677201850182473	97.97576033842145
0.2836691207000035	0.007	0.005	0.31416838727230123	0.00030440711299629296	0.01452722207416941	0.018022219966663235	97.80558167108455
0.3067073368777611	0.007	0.005	0.3202621415300812	0.0002833472866097511	0.016283277900190487	0.019224015835946885	97.6294903832498
0.33046304411784927	0.007	0.005	0.32541186447362735	0.000264270223821459	0.018122604258204625	0.020373484806927165	97.4482469901679
0.3548726938688288	0.007	0.005	0.3297028919746259	0.0002475506004257724	0.020036456301304642	0.02147235021670122	97.2623648465522
0.3799385164504331	0.007	0.005	0.33323342079398616	0.00023323370936765666	0.022021254256963742	0.022527406839326806	97.07185486369913
0.4057108618713338	0.007	0.005	0.33609944022937605	0.00022116533092875692	0.02407748524502419	0.023547852987762585	96.87636410730023
0.43226826043083455	0.007	0.005	0.33838732820121836	0.00021109666621407018	0.02620820156377765	0.024543418061288732	96.67533035093328
0.45970508293265877	0.007	0.005	0.34017207182318665	0.00020275036527334626	0.028418003747475003	0.025523437771167477	96.46807766287618
0.48812492302558796	0.007	0.005	0.3415179415877053	0.0001958572055430733	0.03071243858250784	0.02649649324337949	96.25386790158717
0.5176370846662605	0.007	0.005	0.34247993077872013	0.00019017408234094026	0.03309763866586293	0.02747032748716788	96.03192836858591
0.5483551251957735	0.007	0.005	0.3431052697325633	0.00018549086535934106	0.03558013264840849	0.02845190126166742	95.80146381349083
0.580396772844728	0.007	0.005	0.3434347349644389	0.0001816311063071695	0.038166774681166374	0.029447512959788237	95.56165811704514
0.6138829920653393	0.007	0.005	0.3435036770479107	0.00017844979179208333	0.04086461252433139	0.030462889620387536	95.31168242644205
0.6489401481177068	0.007	0.005	0.34334282335297844	0.0001758294055222667	0.043681011071527505	0.03150336152390982	95.05068024877325
0.6857006924308314	0.007	0.005	0.3429788315145214	0.00017367589866497903	0.04662365817785365	0.03257397270696965	94.77776389702319
0.7243037519072854	0.007	0.005	0.34243470471674764	0.00017191478452648808	0.04970056263685472	0.03367957458166021	94.49201188408685
0.7648954021614944	0.007	0.005	0.3417301159902595	0.00017048762790932028	0.05292002544043491	0.03482489803360034	94.19246889518017
0.8076274042316183	0.007	0.005	0.3408817035485605	0.00016934904907816038	0.05629048793501425	0.036014572657627406	93.87815727178887
0.8526537244237274	0.007	0.005	0.3399033916974185	0.00016846420350780743	0.05982020814324258	0.03725307945562486	93.54810472745038
0.9001239383271714	0.007	0.005	0.33880678064868275	0.00016780665858240186	0.06351670433238402	0.0385446175501494	93.20139440636198
0.9501728807360112	0.007	0.005	0.33760163069842	0.00016735656045829258	0.06738593149493759	0.03989287271731014	92.83724120634838
1.0029073123678474	0.007	0.005	0.33629642107917135	0.00016709898168024343	0.07143127027177006	0.04130071229765224	92.45508780553811
1.058392649961647	0.007	0.005	0.3348988980792258	0.00016702238592369834	0.07565257963477362	0.04276988781989685	92.05469746703973
1.1166455942803153	0.007	0.005	0.3334164551044585	0.00016711723529030454	0.08004575955673908	0.0443008938736028	91.63620137798837
1.1776377619068945	0.007	0.005	0.33185621369341023	0.00016737486201896562	0.084603181547075	0.04589310546864479	91.20006508926986
1.2413103722104601	0.007	0.005	0.3302248167841956	0.00016778672746414874	0.08931493683823429	0.04754518253294201	90.74697622414442
1.3075938734542318	0.007	0.005	0.3285281070344161	0.00016834407397460927	0.09417039373670501	0.04925557661222495	90.27769964344724
1.3764258447939444	0.007	0.005	0.3267708653181916	0.00016903785250656954	0.09915954791223903	0.051022970986526514	89.79294863452296
1.447764423058039	0.007	0.005	0.32495666900416964	0.0001698587876828034	0.10427396977631966	0.052846591852307175	89.29329140431551
1.5215981383173354	0.007	0.005	0.3230878313788328	0.00017079749523808257	0.10950742992201387	0.05472642082803878	88.77908591715618
1.5979553748321345	0.007	0.005	0.3211653297576673	0.00017184463632510647	0.1148564433274467	0.05666339489228165	88.25042013265218
1.6769106154295552	0.007	0.005	0.3191887912405902	0.00017299103809076267	0.1203205362699885	0.05865952284249859	87.70707723800982
1.7585991619195602	0.007	0.005	0.31715624637550466	0.00017422792049595712	0.12590304657941084	0.06071821368745765	87.14844540556649
1.8432352295730658	0.007	0.005	0.3150637920860522	0.0001755471517045099	0.13161205982307367	0.06284468249627935	86.57340947305151
1.9311459133358304	0.007	0.005	0.3129048698704579	0.00017694168756842191	0.1374622785828165	0.06504674142221975	85.98014207380287
2.0228361173496934	0.007	0.005	0.3106688199904326	0.00017840638245312742	0.14347869200624735	0.06733633765474305	85.36569952607674
2.119121831459507	0.007	0.005	0.30833785972037475	0.00017993962785406344	0.1497042078316892	0.06973273740614566	84.72518721302231
2.2214908152823836	0.007	0.005	0.3058787889833735	0.00018154793969774713	0.1562207421540626	0.07227122160552371	84.04947781192111
2.333453363612446	0.007	0.005	0.3032117031546615	0.0001832637514103557	0.16322919032586383	0.07503583822187453	83.31661260294503
2.4753008698853334	0.007	0.005	0.29986608289106903	0.00018534675456568933	0.1719333887948412	0.07851899868137863	82.39730075344089
2.586771068468403	0.007	0.005	0.29726286471444396	0.0001868999820439095	0.17863891954214542	0.08123932779903485	81.68198725417936
2.700078441790863	0.007	0.005	0.2946399012521926	0.00018838969461303315	0.18533583941548207	0.08398757828085307	80.96124834295998
2.8096169014208807	0.007	0.005	0.29212618892345066	0.00018973827323093872	0.19169779776745882	0.08662662173110378	80.2705295849408
2.917629968046872	0.007	0.005	0.2896684821331298	0.00019097461117638278	0.197864994842459	0.08921023774096025	79.59520008349567
3.0239260102960457	0.007	0.005	0.28727003168048215	0.0001920975309834783	0.20383295490808764	0.09173318796210804	78.9361530733951
3.1290685818095256	0.007	0.005	0.2849171456081652	0.0001931148086238137	0.20963902199841014	0.09420821035252681	78.28962626525319
3.233242882180749	0.007	0.005	0.2826049339575534	0.00019403021416969978	0.215297902276424	0.09663892332718052	77.65427599089854
3.336725398640259	0.007	0.005	0.28032665518324107	0.00019484835711935984	0.22082833927755263	0.09903099769990206	77.02824980465826
3.4397023997601157	0.007	0.005	0.27807773856621426	0.0001955729413785592	0.22624330339203125	0.10138790299012031	76.41029176215713
3.5423572333910944	0.007	0.005	0.2758538152433157	0.00019620751889060426	0.23155490313859856	0.10371295907285692	75.79920138543388
3.644839744036723	0.007	0.005	0.2736513662599648	0.00019675526620158005	0.23677288599261048	0.10600864275220054	75.19401173485818
3.7472838361829752	0.007	0.005	0.27146731766721677	0.00019721912810515693	0.24190567534915958	0.10827700264530186	74.59387814967157
3.8498037372055087	0.007	0.005	0.26929910337959384	0.00019760182206870125	0.2469602724630877	0.11051958719265627	73.99809552003974
3.9525004416255176	0.007	0.005	0.2671445121509293	0.00019790589537652478	0.25194266087053724	0.1127375998034433	73.40605623900605
4.0554618912987275	0.007	0.005	0.2650016714438942	0.0001981337484546164	0.25685787947501815	0.11493191302644155	72.81724577014593
4.158765666940117	0.007	0.005	0.26286898021164545	0.00019828766447964376	0.26171020861486244	0.11710313672495185	72.23122417728256
4.262479996106687	0.007	0.005	0.2607450789907324	0.00019836982983635355	0.26650326406220415	0.1192516485150099	71.64761790660397
4.3666652542686615	0.007	0.005	0.2586288112266604	0.00019838235223958324	0.27124010672209287	0.12137763371829222	71.06610915968798
4.471374871370188	0.007	0.005	0.2565191981709888	0.0001983272747363629	0.2759233176662575	0.1234811118184462	70.48642899571851
4.5766562510473445	0.007	0.005	0.25441541453584443	0.00019820658706250032	0.28055506845619016	0.1255619623923715	69.90835064182417
4.6825514746952175	0.007	0.005	0.25231676938570263	0.0001980222346099286	0.2851371771939497	0.12761994590653863	69.33168424251592
4.789097912217152	0.007	0.005	0.2502226896110773	0.00019777612548828828	0.28967115675627514	0.12965472201535821	68.75627231858223
4.8963286996550535	0.007	0.005	0.248132706632499	0.00019747013613815218	0.2941582541995026	0.13166586470632213	68.1819861136035
5.004273169769227	0.007	0.005	0.2460464445132796	0.0001971061156660974	0.2985994856401372	0.13365287606769963	67.60872232757367
5.112957179437983	0.007	0.005	0.24396361048909104	0.00019668588931102192	0.30299566469551753	0.1356151976958883	67.03640051461534
5.222403405394019	0.007	0.005	0.24188398643662726	0.0001962112610764368	0.30734742788769176	0.137552221170904	66.46496073873524
5.332631535587858	0.007	0.005	0.23980742260413435	0.0001956840160180987	0.31165525441007635	0.1394632963655054	65.89436185109753
5.443658508808417	0.007	0.005	0.23773383064329603	0.00019510592168298373	0.31591948661363534	0.14134774035911274	65.32457957532299
5.555498626910271	0.007	0.005	0.23566317923262747	0.00019447872961093982	0.32014034445385703	0.1432048439007243	64.75560530488383
5.668163707849613	0.007	0.005	0.23359548907280545	0.00019380417621616474	0.32431794070607045	0.1450338784063189	64.18744472791883
5.781663153405594	0.007	0.005	0.2315308295833365	0.00019308398378578795	0.3284522922293673	0.14683410137227285	63.620116919542525
5.896004096211021	0.007	0.005	0.2294693142487581	0.00019231986067641435	0.332543333523962	0.14860476291406913	63.05365306307323
6.011191414953029	0.007	0.005	0.22741109845961474	0.00019151350206917923	0.3365909248859645	0.1503451100425952	62.488095856775516
6.127227821258583	0.007	0.005	0.2253563761124011	0.00019066659005161264	0.34059486271938705	0.15205439195925352	61.92349857959143
6.244113912623854	0.007	0.005	0.2233053768950836	0.00018978079371083836	0.3445548881469069	0.1537318646610856	61.35992434525534
6.361848213685878	0.007	0.005	0.22125836383487907	0.00018885776913921227	0.34847069481080134	0.15537679523163864	60.79744542847173
6.480427276719741	0.007	0.005	0.21921562988081475	0.00018789915879839452	0.3523419382113413	0.15698846677910405	60.236142325869935
6.599845684716788	0.007	0.005	0.21717749624937158	0.00018690659149575694	0.3561682413640128	0.15856618180667337	59.676103301419424
6.720096129418377	0.007	0.005	0.21514430952476044	0.00018588168163935687	0.35994920256206675	0.16010926643771345	59.11742358964282
6.8411694706232975	0.007	0.005	0.2131164391603625	0.00018482602851152427	0.36368440207073727	0.1616170741337912	58.56020470906074
6.963054800337943	0.007	0.005	0.21109427497246355	0.00018374121539343043	0.3673734085448103	0.1630889892236287	58.004553773519355
7.085739569149173	0.007	0.005	0.2090782236944012	0.00018262880802520369	0.3710157868438469	0.16452443088109056	57.45058254533807
7.209209620699313	0.007	0.005	0.20706870715693307	0.00018149035380379537	0.37461110256188185	0.16592285566506015	56.89840693531
7.333449296163488	0.007	0.005	0.20506615939742082	0.00018032738029570832	0.37815892822734687	0.1672837606006803	56.34814620836315
7.458441569510712	0.007	0.005	0.2030710233984455	0.00017914139339538518	0.3816588498200342	0.16860668620883934	55.799922087395686
7.584168147294796	0.007	0.005	0.20108374853165295	0.00017793387577586163	0.38511047170294005	0.16989121874107257	55.25385805089506
7.710609615583149	0.007	0.005	0.1991047873814495	0.00017670628487075296	0.3885134223249704	0.17113699251408493	54.7100784601522
7.83774553361186	0.007	0.005	0.1971345935475369	0.00017546005137581333	0.39186735791433636	0.1723436912955196	54.16870795544126
7.965554616689238	0.007	0.005	0.1951736181921478	0.0001741965768963726	0.39517196802999865	0.17351105016098467	53.629870507267654
8.094014848199986	0.007	0.005	0.19322230784716493	0.00017291723232718565	0.3984269786506084	0.17463885623324774	53.09368881380795
8.223103655532839	0.007	0.005	0.1912811013862425	0.00017162335565087188	0.40163215639759425	0.17572694960737542	52.56028346890807
8.352798030473293	0.007	0.005	0.18935042799731375	0.00017031625036236645	0.4047873108143094	0.17677522337664103	52.02977240496837
8.483074696036196	0.007	0.005	0.18743070459920735	0.00016899718350926878	0.40789229732922827	0.17778362368447098	51.50227018308073
8.61391022477742	0.007	0.005	0.18552233412673297	0.00016766738432077248	0.41094701857530735	0.17875214902369063	50.977887521803545
8.745281203014361	0.007	0.005	0.18362570327421232	0.00016632804247261758	0.41395142639474686	0.17968084957034544	50.45673067712879
8.877164310111375	0.007	0.005	0.1817411816022217	0.00016498030733612718	0.4169055215017689	0.1805698256055606	49.93890119703228
9.009536521731478	0.007	0.005	0.17986911897759428	0.00016362528606580506	0.4198093556412776	0.1814192265478095	49.42449521803656
9.142375112710642	0.007	0.005	0.17800984598676076	0.00016226404387211548	0.4226630289735667	0.18222924841007554	48.913603578789015
9.27565782715713	0.007	0.005	0.17616367204949637	0.00016089760268255546	0.42546669099395745	0.18300013221684297	48.40631130175643
9.409362925725548	0.007	0.005	0.17433088535520253	0.00015952694118503565	0.42822053856964626	0.18373216148607088	47.902697575716644
9.543469232285988	0.007	0.005	0.1725117528456053	0.00015815299498275374	0.43092481392939475	0.18442565967387142	47.402835751004154
9.677956260323318	0.007	0.005	0.17070651916868274	0.00015677665602142782	0.4335798041859936	0.18508098797413702	46.906793052070256
9.81280419638757	0.007	0.005	0.16891540762228935	0.00015539877358626523	0.43618583791220933	0.18569854233394217	46.41463083677241
9.947993971692282	0.007	0.005	0.16713861992341175	0.00015402015446409496	0.4387432835207481	0.1862787509480154	45.92640453296992
10.083507270252968	0.007	0.005	0.16537633684888745	0.00015264156383045923	0.44125254642321265	0.18682207147502153	45.44216381458124
10.21932650874415	0.007	0.005	0.1636287192342037	0.00015126372648106127	0.4437140657825163	0.1873289882353748	44.96195287603401
10.355434896200995	0.007	0.005	0.16189590793344094	0.0001498873272876865	0.44612831283196897	0.1878000098070091	44.48581042125846
10.491816420740808	0.007	0.005	0.16017802473013246	0.00014851301244263546	0.4484957879227084	0.18823566640316325	44.013769913973604
10.628455807821409	0.007	0.005	0.15847517357718216	0.00014714139101440956	0.45081701724283746	0.18863650729690976	43.54585991839227
10.765338558825759	0.007	0.005	0.15678744080522913	0.00014577303570039528	0.45309255106504465	0.1890030986195646	43.0821041564757
10.902450879863467	0.007	0.005	0.15511489668027797	0.00014440848470224365	0.4553229602565439	0.18933602095098903	42.62252193593955
11.039779727542507	0.007	0.005	0.15345759548786503	0.00014304824241637314	0.4575088348910463	0.18963586735957133	42.16712817338124
11.17731271744653	0.007	0.005	0.15181557726982642	0.00014169278150117889	0.45965078075493804	0.18990324122487715	41.71593387150954
11.315038122568852	0.007	0.005	0.1501888684203252	0.00014034254401932436	0.46174941749668663	0.19013875443183784	41.268946282921114
11.452944889381756	0.007	0.005	0.14857748206313298	0.00013899794239429124	0.46380537713206227	0.19034302568349534	40.826169013770304
11.591022543529412	0.007	0.005	0.1469814196972232	0.00013765936143712	0.46581930101623015	0.19051667875628753	40.38760247594555
11.729261204418185	0.007	0.005	0.14540067152079872	0.00013632715926366486	0.46779183861885576	0.19066034106894408	39.953243976105725
11.867651571891157	0.007	0.005	0.1438352170686589	0.00013500166846590613	0.469723645964157	0.19077464229352317	39.523087890816456
12.00618487565693	0.007	0.005	0.14228502624265643	0.00013368319761369033	0.47161538366811184	0.19086021304351042	39.09712594969888
12.144852824080672	0.007	0.005	0.14075006030122986	0.00013237203271956692	0.47346771512898383	0.19091768369930268	38.675347507334145
12.283647626009161	0.007	0.005	0.13923027200643953	0.0001310684379660628	0.4752813058156205	0.1909476833732808	38.25773958366578
12.42256192951871	0.007	0.005	0.13772560667174227	0.00012977265719723628	0.4770568215271293	0.19095083892067063	37.84428715190759
12.561588815430012	0.007	0.005	0.13623600257333537	0.0001284849148471301	0.47879492748965	0.1909277740689757	37.43497325157293
12.700722094870471	0.007	0.005	0.13476138814319102	0.0001272054140149522	0.48049629119151843	0.19087910847850506	37.029778217175725
12.83995556490707	0.007	0.005	0.1333016902212825	0.00012593434424075647	0.4821615724692538	0.1908054571848674	36.62868194578002
12.97928328638286	0.007	0.005	0.1318568312464552	0.00012467187959430172	0.48379142664976227	0.19070743007815427	36.23166312510637
13.118699751718504	0.007	0.005	0.13042672775559785	0.00012341817784902213	0.48538650603150196	0.19058563122821404	35.8386988211339
13.258199812724213	0.007	0.005	0.12901129141053908	0.00012217338186317923	0.4869474584891247	0.19044065835236934	35.44976476027098
13.397778700542029	0.007	0.005	0.12761042904951808	0.00012093762008106845	0.4884749272222888	0.19027310228165917	35.064835343498586
13.537431915954572	0.007	0.005	0.12622404402451504	0.00011971100816861808	0.48996954913825147	0.19008354663534668	34.683884013842295
13.677155221144615	0.007	0.005	0.12485203646993075	0.0001184936496844624	0.49143195447245624	0.18987256747414322	34.3068833302002
13.816944622087444	0.007	0.005	0.12349430365118198	0.00011728563680548883	0.49286276635030174	0.18964073300869033	33.93380506312991
13.956796360093525	0.007	0.005	0.1221507402096614	0.00011608705094247775	0.49426260048609905	0.18938860333578328	33.564620262158904
14.096706893995568	0.007	0.005	0.12082123848610159	0.00011489796341031833	0.49563206482327193	0.18911673022782682	33.19929934463867
14.236672891512972	0.007	0.005	0.11950568874263329	0.00011371843599092012	0.49697175930345344	0.18882565694254447	32.8378121567616
14.376691211270213	0.007	0.005	0.11820397946182043	0.00011254852155088568	0.4982822755769554	0.1885159180840331	32.48012805573022
14.516758903295443	0.007	0.005	0.11691599746187446	0.000111388264476748	0.49956419691822745	0.1881880394547251	32.126215941415715
14.656873181630408	0.007	0.005	0.11564162826084064	0.00011023770132343816	0.5008180979075745	0.1878425379969874	31.77604435642921
14.797031434001005	0.007	0.005	0.11438075608946517	0.00010909686112734102	0.5020445444788313	0.18747992167482852	31.429581489657394
14.937231194318286	0.007	0.005	0.11313326423560768	0.00010796576601007243	0.5032440936520033	0.18710068946763955	31.086795270900183
15.077470152272422	0.007	0.005	0.11189903504492593	0.00010684443145337517	0.5044172936144115	0.18670533129157252	30.747653371059073
15.217746107158238	0.007	0.005	0.11067795040721011	0.00010573286701040182	0.5055646833485689	0.18629432809447516	30.412123335771998
15.3580570145685	0.007	0.005	0.10946989141859285	0.00010463107624280036	0.506686793052812	0.18586815170633214	30.080172492595512
15.498400930857809	0.007	0.005	0.10827473893376549	0.00010353905747032822	0.5077841437274683	0.1854272649974303	29.751768102742847
15.638776031915727	0.007	0.005	0.10709237346225776	0.00010245680390195269	0.5088572473878145	0.1849721218367498	29.426877332583548
15.779180585442122	0.007	0.005	0.10592267545849904	0.00010138430412253738	0.5099066069184734	0.184503167205447	29.105467333346695
15.919612951088254	0.007	0.005	0.10476552536646223	0.00010032154234145928	0.5109327161614117	0.1840208372375557	28.787505253388183
16.0	0.007	0.005	0.10410884136529262	9.972049534353237e-5	0.5115097258898798	0.18373892112409104	28.607061409219405
