0.0	0.007	0.005	0.0	0.0	0.0	0.0	100.0
0.005919806121322141	0.007	0.005	0.01923344037631646	6.248304013764552e-5	1.3803924277894038e-5	3.140851020126791e-5	99.95467478178186
0.01110508812555602	0.007	0.005	0.03509595624171602	0.00011027831484988354	4.7674179429329004e-5	0.00010609016847370529	99.91499035372959
0.0181436193836867	0.007	0.005	0.05524944952487782	0.00016620538134622163	0.00012409268980049135	0.0002682272041722802	99.86114769313028
0.02548137408218202	0.007	0.005	0.07468395858279817	0.0002151331179889663	0.00023849725514355283	0.000500753509595625	99.8050469538438
0.03395451388655193	0.007	0.005	0.09528167200239744	0.00026171853689317524	0.00041116102486746253	0.0008361119998434578	99.7403048454731
0.043007982727867614	0.007	0.005	0.11529210875649674	0.0003018633471007042	0.0006394829532314118	0.001258956795192457	99.67117493160697
0.05287506439076815	0.007	0.005	0.1349697150474295	0.0003364832321385922	0.0009349341764568124	0.0017802512132747516	99.59588704867902
0.06335485201463638	0.007	0.005	0.15367836847507899	0.00036493850281159887	0.001296482215544078	0.0023877848358281094	99.51598636736934
0.07449568455232095	0.007	0.005	0.17135620576936053	0.0003877657947739372	0.0017288303449347312	0.0030799318861409178	99.43111599579191
0.08621965621994981	0.007	0.005	0.18777578947802515	0.00040527812653891413	0.0022309893434619503	0.0038462996395210577	99.34188145696059
0.0985280058339153	0.007	0.005	0.20288956399741812	0.0004180016476640911	0.002803830741131565	0.004680397353653487	99.24828521800973
0.11138913008661067	0.007	0.005	0.21664521451736196	0.00042640967503392095	0.003445900300135179	0.0055730711745743825	99.15057973236361
0.12479864865828719	0.007	0.005	0.22905685324806516	0.00043100305701983173	0.00415627594025752	0.006516771413950723	99.04881054007285
0.13874662749212585	0.007	0.005	0.24015632059331163	0.00043229688980298215	0.004933230049395985	0.007503617497891893	98.94306562931463
0.1532351722656444	0.007	0.005	0.2500031994648883	0.0004308487985418511	0.005775300169528272	0.008526914136678974	98.83334202318004
0.16826898314241512	0.007	0.005	0.2586693216534256	0.00042725374169017504	0.00668093536826621	0.009580783087326456	98.7196176790572
0.18386031578876286	0.007	0.005	0.26623693369549317	0.000422117634662478	0.007648896237694786	0.010660762622364296	98.601814147612
0.2000257641810065	0.007	0.005	0.27279224398122587	0.0004160163786504596	0.00867815770892244	0.011763736721026727	98.479821200563
0.21678698330408602	0.007	0.005	0.2784227434513192	0.00040945526900829326	0.009768016076208842	0.012888022909597768	98.35349163235318
0.23416927930581297	0.007	0.005	0.28321444039876387	0.0004028418577947952	0.010918042549905705	0.014033201998040354	98.22265216903521
0.2522019500107427	0.007	0.005	0.2872505180850644	0.0003964754491340913	0.012128132356197427	0.01519998607691153	98.08710116896518
0.27091851774762177	0.007	0.005	0.2906102825102405	0.00039055194196897764	0.01339853876966214	0.016390032747514396	97.9466071755519
0.29035763381519125	0.007	0.005	0.2933684952381765	0.0003851786593115369	0.014729945832401597	0.017605790688909113	97.80090248131543
0.3105638328577549	0.007	0.005	0.29559482886203375	0.0003803939608960978	0.01612352586010787	0.0188503480778529	97.6496779072044
0.3315883029941723	0.007	0.005	0.2973535054261183	0.0003761872069630419	0.017580992256217495	0.020127310587322613	97.49257755759893
0.35348957933052694	0.007	0.005	0.2987030998453322	0.0003725163932944581	0.019104641281967982	0.021440709191811378	97.32919425242096
0.37633431177032306	0.007	0.005	0.29969650305835593	0.0003693222028506228	0.02069739346270484	0.02279494600256769	97.15906452000894
0.4001981733208297	0.007	0.005	0.30038100926526434	0.0003665382916353147	0.02236283968865727	0.024194776634418807	96.981662681011
0.4251670235242698	0.007	0.005	0.3007984917344625	0.0003640982082388521	0.024105300245149994	0.025645328636005358	96.7963932056773
0.45133836112340464	0.007	0.005	0.30098563257214717	0.00036193960609229965	0.025929899013542517	0.027152150460029504	96.60258114171643
0.4788231830020023	0.007	0.005	0.3009741822193965	0.00036000643308812754	0.027842660377961407	0.02872129086450586	96.39945981073419
0.5077483449604082	0.007	0.005	0.3007912289726639	0.0003582497153920244	0.029850634297781634	0.030359408032579457	96.18615515631159
0.538259901102772	0.007	0.005	0.30045946019427455	0.0003566274155355312	0.03196208066256197	0.03207392969650252	95.96166335526003
0.5705255840629895	0.007	0.005	0.29999742903650506	0.00035510384067784717	0.03418658318204987	0.033873156093057376	95.72483536388653
0.6047403657696809	0.007	0.005	0.29941978243847467	0.00035364865590793596	0.036535362325105514	0.03576652275043602	95.47433958926099
0.6411315208362971	0.007	0.005	0.29873747549858537	0.0003522358917878631	0.03902153432766155	0.03776481548510866	95.20862932568178
0.6799660114299761	0.007	0.005	0.2979579390315506	0.0003508429110600445	0.041660504401709014	0.0398804890177142	94.92589460797183
0.721559033710203	0.007	0.005	0.29708521329869086	0.0003494494578567163	0.04447040498520449	0.04212801577000947	94.62400751758763
0.7662846494057867	0.007	0.005	0.2961200323036757	0.0003480367805431269	0.04747263036289893	0.04452430501629775	94.30045486558694
0.8145876694421224	0.007	0.005	0.29505987658863014	0.00034658686408090716	0.05069239621830416	0.04708913392448249	93.95226516928881
0.8669948747110258	0.007	0.005	0.2938990397122263	0.00034508181461299534	0.05415918062251976	0.04984547532730251	93.57594465718482
0.9241196404380461	0.007	0.005	0.29262884226671	0.00034350353062961327	0.05790664481040246	0.052819403478732	93.16746551043246
0.986635491647823	0.007	0.005	0.29123853544270295	0.00034183424928211563	0.06197045938406951	0.05603833517524342	92.72247977993553
1.0551762918229337	0.007	0.005	0.28971781102062955	0.0003400588872601883	0.0663814591174614	0.0595255911252177	92.23705074061847
1.1301189444700948	0.007	0.005	0.2880618191259675	0.0003381699865553314	0.07115173267049776	0.06328944296904558	91.70918965019965
1.211381211424078	0.007	0.005	0.28627564756465906	0.0003361716892438392	0.07626270507542676	0.06731386144980547	91.14022932628802
1.2985865378737926	0.007	0.005	0.28437056309006925	0.00033407463783422306	0.08167707930033709	0.07156812662729842	90.5335843623896
1.391392356922356	0.007	0.005	0.28235678358039246	0.00033188783810401707	0.08736018722692496	0.07602370854349114	89.89241411290047
1.489531663001145	0.007	0.005	0.2802426721381729	0.00032961799145754826	0.09328254277276998	0.08065624590234638	89.21933536207746
1.5927969448119081	0.007	0.005	0.27803518187434983	0.00032727009644886935	0.09941872003902144	0.08544463028228	88.51654137429104
1.701014036752055	0.007	0.005	0.2757404781222783	0.0003248481551988953	0.10574568596963321	0.09036967525030148	87.78598660766114
1.8140503218306439	0.007	0.005	0.27336379982351	0.000322355043407931	0.11224320847191392	0.095414411688543	87.02933575640515
1.9318214648973413	0.007	0.005	0.27090935320801274	0.00031979242183769526	0.11889410947763644	0.10056425615564747	86.24792679022252
2.0543033829530586	0.007	0.005	0.26838010440484644	0.00031716054806571643	0.12568474181955464	0.1058073458342846	85.44270363435024
2.181541506731173	0.007	0.005	0.26577764353657934	0.00031445816473854	0.13260522397030688	0.1111346772073284	84.61417240523794
2.313661936090406	0.007	0.005	0.263102026163094	0.00031168235971641765	0.13964969489109216	0.11654025155275541	83.7623507545159
2.450886201204706	0.007	0.005	0.2603515621751901	0.00030882836202353006	0.14681666254927891	0.12202128096736303	82.88670060094658
2.5935567069046614	0.007	0.005	0.2575224195760739	0.00030588913041425806	0.1541097737471268	0.12757869937053196	81.98600196988795
2.7421881369089225	0.007	0.005	0.25460776424127174	0.00030285443512295614	0.16153967018094323	0.1332184689324923	81.05807911784859
2.897591967393007	0.007	0.005	0.25159557354105067	0.000299708509849395	0.16912898242401866	0.13895519655406688	80.09910446588695
3.061255950740986	0.007	0.005	0.24846179624743062	0.00029642270849842184	0.1769283774676175	0.14482390635804837	79.10142095626735
3.237044104415525	0.007	0.005	0.24513933398510904	0.0002929222117134126	0.18509015728762815	0.15093433107454793	78.04366684681227
3.4545054980475927	0.007	0.005	0.24109064212272913	0.0002886242861823663	0.19488676769099092	0.15822386436101213	76.75470699799342
3.5891031906489275	0.007	0.005	0.23861827801954977	0.00028599107130778426	0.20078853760176046	0.16259000527476103	75.96759398248575
3.715779461850496	0.007	0.005	0.23631458317337606	0.00028352729739990434	0.20623266488065162	0.16659968949302645	75.23417927433272
3.845644855728661	0.007	0.005	0.23397597757483385	0.000281013845781149	0.21170500653913782	0.1706119892951406	74.48965022119515
3.979546832361298	0.007	0.005	0.23158891244289903	0.00027843624775228393	0.21723433141593954	0.17464664324224394	73.72969337188066
4.115676894575902	0.007	0.005	0.2291870903893476	0.0002758307592758357	0.22274031338817074	0.17864387403786464	72.96503844227216
4.252543417609354	0.007	0.005	0.22679738599708565	0.0002732266368546531	0.2281612446146973	0.18255846278546164	72.20424134610572
4.38960676838959	0.007	0.005	0.22442921576273214	0.00027063444786348595	0.23347696402229456	0.18637591145774066	71.45029996182483
4.52678206522795	0.007	0.005	0.22208386949685102	0.0002680559898351491	0.23868614728182527	0.1900954897497554	70.70362491935308
4.664109558765549	0.007	0.005	0.2197604712728202	0.0002654907124138289	0.2437923107698952	0.19371995348982507	69.96393735472999
4.801642943942268	0.007	0.005	0.2174579511404311	0.00026293785857349147	0.24879929440919152	0.19725226468467116	69.2308966337694
4.939422455365002	0.007	0.005	0.21517549956538098	0.0002603969621793377	0.25371026878022246	0.20069488773557634	68.50424502946986
5.077472924132678	0.007	0.005	0.21291258661640972	0.00025786786936392325	0.2585277261462278	0.20404979547421592	67.78381383051918
5.215807605981966	0.007	0.005	0.21066888636995895	0.00025535065426241	0.2632536718147119	0.20731861463772092	67.06949927441964
5.354431952643557	0.007	0.005	0.20844420648909356	0.00025284553939627365	0.26788979384034894	0.21050275204735247	66.36124012791478
5.4933463309595965	0.007	0.005	0.20623843850259987	0.0002503528384574717	0.27243758035650206	0.2136034809156066	65.65900185761856
5.632547717113083	0.007	0.005	0.2040515270033602	0.00024787292001307126	0.2768983916100431	0.21662199351372102	64.9627668238704
5.772030789063029	0.007	0.005	0.2018834499490411	0.0002454061836672777	0.28127350546360164	0.21955943412975512	64.27252800917331
5.911788502445643	0.007	0.005	0.19973420801557734	0.00024295304658711572	0.28556414222963417	0.22241691703356783	63.58828562872109
6.051812533761455	0.007	0.005	0.19760381657187426	0.00024051393317531402	0.28977148289929205	0.2251955393898039	62.91004457542796
6.192093635552354	0.007	0.005	0.19549229943871382	0.00023808926695015486	0.2938966828223186	0.22789639066198483	62.23781243298559
6.332621864974702	0.007	0.005	0.19339968489129028	0.00023567946517266878	0.297940880248139	0.23052055826783419	61.57159820321275
6.473386842914986	0.007	0.005	0.19132600145128426	0.00023328493338806313	0.3019052047449903	0.23306913287807182	60.91141096640067
6.614377884684113	0.007	0.005	0.18927127579930153	0.00023090606256350056	0.30579078109870683	0.23554321055506497	60.257259216707595
6.755584225639947	0.007	0.005	0.18723552945697283	0.0002285432249261464	0.30959873524402914	0.2379438960199427	59.60914980585734
6.896995126654715	0.007	0.005	0.18521877738816284	0.0002261967721410738	0.3133301962671822	0.2402723032449435	58.967087497813424
7.038599933342575	0.007	0.005	0.18322102734649023	0.00022386703446925722	0.31698629689650676	0.24252955502096926	58.331074761053024
7.180388220217201	0.007	0.005	0.1812422780961733	0.00022155431869592466	0.3205681759622076	0.24471678368056718	57.70111120214696
7.322349860280668	0.007	0.005	0.17928251878344525	0.00021925890747684305	0.32407697861793994	0.24683513035322446	57.077193365641044
7.464475038249889	0.007	0.005	0.1773417291292294	0.00021698105971909503	0.32751385506799596	0.24888574329765903	56.45931479539669
7.606754320206116	0.007	0.005	0.17541987886765167	0.00021472101013087364	0.3308799606575104	0.25086977705992325	55.84746585583352
7.749178638362078	0.007	0.005	0.17351692836523905	0.00021247897021130422	0.3341764538907973	0.25278839040309375	55.24163392905963
7.891739360540788	0.007	0.005	0.1716328281037694	0.0002102551279342146	0.3374044964840502	0.25464274546112287	54.64180325022998
8.03442824619912	0.007	0.005	0.16976751968836978	0.00020804964926890023	0.34056525081580463	0.25643400540176725	54.04795522848883
8.177237468261298	0.007	0.005	0.16792093596115165	0.00020586267866591634	0.3436598790075898	0.25816333309078526	53.46006848314706
8.320159606379425	0.007	0.005	0.16609300148676995	0.0002036943400012709	0.34668954142844083	0.2598318894659943	52.878118998267155
8.463187658896011	0.007	0.005	0.16428363278681302	0.0002015447372326787	0.3496553956856193	0.26144083222870373	52.30208019728444
8.606315016688088	0.007	0.005	0.16249273904832606	0.00019941395562923239	0.35255859489856406	0.26299131419041905	51.73192316857603
8.749535446215248	0.007	0.005	0.16072022268751554	0.00019730206283334205	0.35540028630081766	0.26448448186537127	51.167616844924055
8.892843072336502	0.007	0.005	0.15896597989301428	0.00019520910989912204	0.3581816099530082	0.26592147418272877	50.60912817647234
9.036232360917145	0.007	0.005	0.15722990114883562	0.00019313513230428744	0.36090369756181895	0.26730342131318113	50.056422297216145
9.179698139270986	0.007	0.005	0.15551187128431995	0.00019108015038719328	0.36356767209824603	0.2686314439494624	49.509462540903485
9.323235549944144	0.007	0.005	0.15381177031703241	0.00018904417073060972	0.36617464622594975	0.26990665202812175	48.96821070938392
9.466840013783788	0.007	0.005	0.1521294741432415	0.00018702718735664553	0.36872572105874063	0.2711301436948166	48.43262729243226
9.610507230901037	0.007	0.005	0.1504648547560328	0.0001850291823426013	0.3712219857031226	0.2723030047081425	47.90267153718834
9.75423321011565	0.007	0.005	0.14881778013294142	0.00018305012602410384	0.3736645173191728	0.2734263081100617	47.37830141238341
9.898014212639188	0.007	0.005	0.14718811510582122	0.00018108997837480606	0.3760543797465605	0.27450111325881116	46.8594738852751
10.04184671463802	0.007	0.005	0.14557572197149912	0.0001791486900638772	0.37839262259768913	0.27552846515446244	46.3461451160586
10.185727426865363	0.007	0.005	0.14398046043994642	0.00017722620269801037	0.3806802813606253	0.27650939425773086	45.838270441366014
10.329653266596818	0.007	0.005	0.14240218811189762	0.00017532244969301446	0.38291837675507734	0.2774449160041958	45.33580452632335
10.473621348549992	0.007	0.005	0.14084076072633533	0.00017343735685424619	0.3851079144588971	0.27833603052012834	44.83870144334075
10.617628975749492	0.007	0.005	0.1392960323975096	0.0001715708429320557	0.38724988487537404	0.2791837223848979	44.346914747571056
10.761673630342592	0.007	0.005	0.13776785584171847	0.00016972282015276149	0.3893452629389268	0.2799889604371707	43.86039754910908
10.905752964370496	0.007	0.005	0.136256082594088	0.0001678931947257328	0.39139500795688287	0.2807526976222121	43.3791025820062
11.04986477140705	0.007	0.005	0.1347605634126273	0.00016608186756826806	0.3934000632224334	0.28147587078454717	42.90298233290727
11.194006967690784	0.007	0.005	0.13328114856251877	0.0001642887348741327	0.3953613558222709	0.28215940057180655	42.431989131558716
11.33817764006795	0.007	0.005	0.1318176874102738	0.00016251368782617498	0.3972797973686338	0.28280419167578846	41.96607502160193
11.482375007996083	0.007	0.005	0.13037002890521807	0.00016075661338352146	0.39915628355104954	0.28341113266231865	41.50519191386138
11.626597366388697	0.007	0.005	0.12893802222176445	0.00015901739525835517	0.4009916935247226	0.28398109580349573	41.049291790820995
11.770843123946158	0.007	0.005	0.1275215164293241	0.00015729591369134985	0.4027868905780401	0.28451493734988287	40.5983266015359
11.91511079372565	0.007	0.005	0.12612036064662188	0.00015559204581092417	0.4045427221656997	0.2850134975950242	40.15224831076131
12.059399002807215	0.007	0.005	0.12473440400538019	0.00015390566574937644	0.40626002018763063	0.28547760102256936	39.711008887390086
12.203706463722089	0.007	0.005	0.12336349597933853	0.00015223664519989786	0.4079396008174475	0.2859080563388629	39.27456040920132
12.348031964972874	0.007	0.005	0.1220074865149639	0.0001505848537225149	0.40958226459450503	0.2863056566032894	38.84285510447367
12.49237436154114	0.007	0.005	0.12066622615484607	0.00014895015903366597	0.4111887965322691	0.2866711793767954	38.41584539127016
12.636732584507032	0.007	0.005	0.11933956597924354	0.00014733242706432286	0.412759966447473	0.2870053869292794	37.9934838588286
12.781105631543596	0.007	0.005	0.11802735772510047	0.0001457315222298263	0.4142965290744649	0.2873090263999083	37.57572330545209
12.92549255740144	0.007	0.005	0.11672945389815012	0.0001441473076849785	0.4157992241935117	0.2875828299726618	37.16251677419884
13.069892502641276	0.007	0.005	0.11544570754010608	0.00014257964514655583	0.41726877715683663	0.287827515126766	36.753817478764354
13.214304636290752	0.007	0.005	0.1141759727642951	0.0001410283956598868	0.41870589852812334	0.2880437847344389	36.349578974007535
13.35872818456498	0.007	0.005	0.11292010451254528	0.00013949341939760847	0.4201112846260826	0.28823232733136944	35.949755078553025
13.503162430896824	0.007	0.005	0.11167795857338887	0.00013797457577571594	0.4214856177578752	0.2883938173246784	35.55429988058583
13.647606696830659	0.007	0.005	0.11044939176125454	0.00013647172376428805	0.42282956627499096	0.2885289151852889	35.16316779489983
13.79206034204237	0.007	0.005	0.10923426192412017	0.0001349847219812966	0.424143784823041	0.28863826767367623	34.77631356533463
13.936522754789705	0.007	0.005	0.10803242802979789	0.0001335134288795431	0.42542891450441256	0.2887225080597427	34.39369229224518
14.0809933710638	0.007	0.005	0.10684375001161596	0.00013205770263063929	0.4266855832960131	0.2887822563605358	34.0152593833724
14.225471655468633	0.007	0.005	0.10566808893377407	0.00013061740140178044	0.427914406119581	0.28881811955083003	33.64097060648671
14.369957129941069	0.007	0.005	0.10450530676294525	0.00012919238313942785	0.4291159853244363	0.28883069179146054	33.27078201667397
14.514449335487718	0.007	0.005	0.10335526668488342	0.00012778250602701104	0.43029091059653324	0.2888205546385754	32.90465005713214
14.658947937464804	0.007	0.005	0.10221783227659732	0.00012638762751467168	0.4314397600351364	0.2887882772442042	32.54253129562092
14.803452601184858	0.007	0.005	0.10109286851087454	0.0001250076056266287	0.4325630993493875	0.288734416563135	32.184382744266294
14.947962810071711	0.007	0.005	0.09998024313542234	0.00012364230073735964	0.43366148075266553	0.28865951770384995	31.830162298630334
15.09247811448998	0.007	0.005	0.09887982469889277	0.00012229157316530763	0.4347354451988314	0.28856411411383914	31.479828109267544
15.236998103044057	0.007	0.005	0.09779148278243946	0.00012095528350995807	0.4357855223649332	0.28844872778756464	31.133338655444305
15.381522440873503	0.007	0.005	0.0967150877200083	0.00011963329234843471	0.4368122311308149	0.2883138694300465	30.790652656089193
15.526050850520447	0.007	0.005	0.09565051075759416	0.00011832546047743043	0.4378160796254713	0.28816003865352063	30.451729120494992
15.670583064076324	0.007	0.005	0.09459762441037377	0.00011703164940117209	0.43879756509723583	0.287987724224506	30.11652746201692
15.815118842329296	0.007	0.005	0.09355630231623734	0.00011575172118829808	0.4397571742648507	0.28779740425265216	29.785007451442276
15.959657926904883	0.007	0.005	0.09252641957317582	0.00011448553893222435	0.4406953832172692	0.28758954646255613	29.45712932440266
16.0	0.007	0.005	0.09224099975501109	0.00011413692780574557	0.4409534850521686	0.2875284594536669	29.36626178047077
