0.0	0.007	0.005	0.0	0.0	0.0	0.0	100.0
0.005989170327932252	0.007	0.005	0.016286275070922042	6.174018956044529e-5	1.2142261039079854e-5	3.280192086957156e-5	99.94940634368943
0.011022579685167545	0.007	0.005	0.02908542260203608	0.00010702643201010426	4.029784540982454e-5	0.00010672097505202874	99.90690629690454
0.01793271416682219	0.007	0.005	0.04542751255532797	0.00016070270122636615	0.00010375291208772243	0.00026763270047843433	99.84858938535739
0.025039084408924182	0.007	0.005	0.06085935137191367	0.00020708303020096735	0.00019668387134907955	0.0004943455124020342	99.78865187915991
0.03325010400959559	0.007	0.005	0.07710292458850436	0.000251269843418958	0.00033594065083135226	0.0008204254584028138	99.71944219245057
0.041976808429729194	0.007	0.005	0.09267322074465283	0.0002889182080665632	0.0005178659750564257	0.001228227856667853	99.64593847821087
0.05147646022060742	0.007	0.005	0.10783888264846134	0.0003206925978704757	0.0007515199510702217	0.001728566057667031	99.56598593437036
0.061541821169861455	0.007	0.005	0.12209692086603531	0.00034540776985464634	0.0010351063119893055	0.002307051149579047	99.48134216957153
0.07223085383390458	0.007	0.005	0.13543212446577144	0.00036291684351577895	0.001372036093516929	0.0029594765298845563	99.39153247525368
0.08346524705503594	0.007	0.005	0.14768426089385578	0.00037285466457010857	0.0017609006990184303	0.0036707884347670933	99.29722802650117
0.09524990498323249	0.007	0.005	0.15884037097152354	0.0003752398216412969	0.0022020303309957367	0.0044283359986701295	99.19840066875875
0.10755380351156368	0.007	0.005	0.16888018055355006	0.000370436947742401	0.002693863470597104	0.005215442645719699	99.09532386010216
0.12037497854376143	0.007	0.005	0.17783552101114336	0.0003592848310690424	0.0032354265227333137	0.006016665349691056	98.98802748402596
0.1337067743929861	0.007	0.005	0.18575045295174117	0.00034304634356858434	0.0038252301993844683	0.006816951434774384	98.8765810899574
0.14755839912878685	0.007	0.005	0.1926894111472694	0.0003232321429887465	0.004462261420606685	0.007604071215380167	98.76092212044416
0.16194417354999427	0.007	0.005	0.1987233862227549	0.00030139440052371323	0.005145652113694054	0.00836867793284748	98.6409462958244
0.17688499882166922	0.007	0.005	0.20392694981740242	0.00027893695030222583	0.005874817612501849	0.009104670987018242	98.51649569544615
0.1924011124126218	0.007	0.005	0.20837333134161481	0.00025700395969159356	0.006649147915633331	0.00980872726237788	98.38741938834252
0.20851248474699585	0.007	0.005	0.2121341011162343	0.00023642795781482872	0.0074680356744907484	0.010480007313701498	98.25357017889355
0.22524011750299672	0.007	0.005	0.21527881509620994	0.00021773409476244323	0.008330954416507807	0.0111197174376796	98.11479390353692
0.24260990329303667	0.007	0.005	0.21787472265638505	0.00020117992400428986	0.009237675356346231	0.011730678150418863	97.9708976188325
0.2606549370170694	0.007	0.005	0.21998577406973055	0.00018681623544677167	0.010188409070750564	0.012316817920149657	97.82163088806168
0.2794168894452971	0.007	0.005	0.22167164348170026	0.00017455090156948542	0.011183892486518866	0.012882711028813009	97.66667502449218
0.2989462692462346	0.007	0.005	0.22298700474940822	0.00016420518022665964	0.012225407804896768	0.01343319812716388	97.5056416616638
0.31930251986292546	0.007	0.005	0.22398120427908635	0.000155557328922585	0.013314783201539565	0.013973124655436956	97.33807277879211
0.3405541475799172	0.007	0.005	0.22469823574494327	0.00014837342586733755	0.014454387968501677	0.014507182174835768	97.16344056497836
0.36277918258806585	0.007	0.005	0.225176915362656	0.00014242726039199324	0.01564714025632593	0.01503983422201703	96.98114466516702
0.3860659983969766	0.007	0.005	0.22545115975474664	0.000137511880798153	0.01689653007783889	0.015575302172043781	96.79050665319676
0.41051455356676686	0.007	0.005	0.22555030513185712	0.00013344518809513657	0.01820666140234457	0.01611759277646719	96.59076127466301
0.4362380978442379	0.007	0.005	0.2254994306874945	0.0001300715443199856	0.019582315250399097	0.016670553478543654	96.38104420136236
0.4633654873393639	0.007	0.005	0.22531966607481752	0.00012726088434032137	0.02102904052352607	0.01723794798395819	96.16037522817436
0.4920437813950186	0.007	0.005	0.2250284769242407	0.00012490645447709464	0.02255325353963102	0.01782353791732817	95.92763971274752
0.5224411684608612	0.007	0.005	0.22463993225877157	0.00012292188923770673	0.024162347078683498	0.018431167537946817	95.68156800565656
0.5547509781397514	0.007	0.005	0.22416494368048093	0.00012123807867114479	0.02586484668899552	0.01906486350033277	95.4207069308973
0.5891953797738294	0.007	0.005	0.22361149411421855	0.00011980023329569075	0.027670537142731565	0.019728919519232176	95.14339489293751
0.6260289929867643	0.007	0.005	0.2229848614900952	0.0001185652486086822	0.029590568806562956	0.02042797095572795	94.84773895929756
0.6655404568489461	0.007	0.005	0.22228787180824866	0.00011749948426570753	0.03163744046193836	0.021167023138898594	94.53160974818617
0.7080490951434294	0.007	0.005	0.22152123586876804	0.00011657696325110653	0.033824713742286565	0.021951384422984454	94.19267678339108
0.753890638800217	0.007	0.005	0.2206840789590722	0.00011577796886626613	0.03616616279797963	0.022786401952711217	93.82853138883962
0.8033840866837172	0.007	0.005	0.21977480342658332	0.00011508793910387491	0.03867399214557228	0.02367687383634971	93.43695714640064
0.8567771531396294	0.007	0.005	0.21879231646909808	0.00011449644993462151	0.041356062754973416	0.02462611769518476	93.01636269424593
0.9141928133060829	0.007	0.005	0.21773718807612974	0.00011399598716482377	0.0442133356756806	0.025635115418509512	92.56619331062163
0.97562617229293	0.007	0.005	0.2166118291475214	0.00011358046265402595	0.047239978866686815	0.026702578808501607	92.08693544474357
1.0410024107223068	0.007	0.005	0.21541952547368035	0.00011324403845254361	0.05042650115887156	0.027826050714456665	91.5796431656088
1.11023509568452	0.007	0.005	0.21416347601566368	0.00011298074504491944	0.053762761048455086	0.029002939926699983	91.04547287095983
1.1832484844165014	0.007	0.005	0.21284649297425898	0.00011278457672651723	0.057239092008647866	0.030230888738911353	90.48550749629243
1.259980023881599	0.007	0.005	0.21147104316449328	0.0001126496097918097	0.060846424019939185	0.0315077907913141	89.90073747447418
1.3403805451462496	0.007	0.005	0.21003930434252407	0.00011257002626615875	0.06457628474061873	0.03283177047847	89.29206027123533
1.4244183057451842	0.007	0.005	0.20855313184260663	0.00011254008283751893	0.06842096966370838	0.03420122562532235	88.66025161343205
1.512086434543854	0.007	0.005	0.2070139543032935	0.0001125540720977327	0.07237384363000775	0.03561492105979835	88.00591318833128
1.603412962865097	0.007	0.005	0.2054226224559912	0.00011260629578577743	0.07642972032113554	0.03707211569050217	87.32940432659433
1.6984731680870322	0.007	0.005	0.2037792230623936	0.00011269105243455309	0.08058529309128386	0.03857271522745381	86.63076099773401
1.7974058622814169	0.007	0.005	0.2020828358064015	0.00011280263481091835	0.08483967238252922	0.040117472234710634	85.90959161487584
1.900436824599476	0.007	0.005	0.20033118556120746	0.0001129353309168924	0.0891951398686892	0.041708276203419554	85.1649288530675
2.007917176903002	0.007	0.005	0.19852006923003615	0.00011308342376740482	0.09365839705333531	0.04334864019733303	84.39498584774046
2.1203940175830587	0.007	0.005	0.196642289269803	0.00011324118770976151	0.09824291661238038	0.0450446190361205	83.596702761182
2.238761197640438	0.007	0.005	0.19468534933876408	0.00011340288873621287	0.10297409088349974	0.04680681337430135	82.76476713604585
2.3646535702788927	0.007	0.005	0.19262536401847105	0.00011356283699069254	0.10790299069169533	0.048655703674797206	81.88902478591447
2.501916695525545	0.007	0.005	0.1904041492866997	0.00011371582015931933	0.11315858617387062	0.05064181763816614	80.94474047964924
2.6712228227598005	0.007	0.005	0.18769965784531417	0.00011386319362994151	0.1194748918466123	0.05304860790489483	79.7950052523771
2.808516534475275	0.007	0.005	0.1855347632458687	0.00011394604415750386	0.12446547331193196	0.0549651896098172	78.87466379881873
2.9371370202099607	0.007	0.005	0.1835292898286303	0.00011399056169903186	0.12903657813077754	0.05673187730519241	78.0220955858604
3.063917336349675	0.007	0.005	0.1815737242353616	0.00011400024015291025	0.1334457857219427	0.05844575161377853	77.19074422071913
3.1896933052453336	0.007	0.005	0.17965424136303965	0.00011397506870409822	0.1377274056329875	0.06011877706324152	76.37473236626482
3.3145102626007907	0.007	0.005	0.17776945470130023	0.00011391523003827556	0.14188706012478183	0.06175194343076886	75.57347058827547
3.438559309285537	0.007	0.005	0.17591585577260427	0.00011382109765494711	0.14593480512034446	0.06334807636540234	74.78546736041139
3.562055283223212	0.007	0.005	0.17408971979199175	0.00011369311885290347	0.14988079922555456	0.06491015267898384	74.00913919957597
3.6851834455315244	0.007	0.005	0.17228789487012117	0.00011353180287046824	0.15373361354910198	0.0664406197171557	73.24314617244411
3.808101170532617	0.007	0.005	0.17050775061026457	0.00011333771018702512	0.15750041513544372	0.06794144913673401	72.48637004298364
3.930940051483235	0.007	0.005	0.16874712367892672	0.00011311144954839784	0.16118714631974793	0.06941419287203873	71.73789113339842
4.053809849463131	0.007	0.005	0.16700424032870054	0.00011285367511488626	0.16479874169829964	0.07086005759303274	70.99695538699346
4.176803634216733	0.007	0.005	0.165277626595126	0.00011256507981965866	0.16833935808961564	0.0722799875009089	70.26293619100242
4.299999903305737	0.007	0.005	0.16356606536025833	0.00011224639324222961	0.1718124968170293	0.07367470640614932	69.53531612342307
4.423464896818572	0.007	0.005	0.16186855301758588	0.00011189837840094097	0.17522112021965122	0.07504475916083232	68.81366853037754
4.547254512003423	0.007	0.005	0.16018426388066914	0.00011152182845952924	0.17856774654160024	0.07639054572731037	68.09764239548954
4.67141571381658	0.007	0.005	0.15851252323532136	0.00011111756393366676	0.18185452281703782	0.07771234740042299	67.38695088380832
4.795987830929382	0.007	0.005	0.15685278330499197	0.00011068642946644064	0.18508328827403928	0.07901034997473942	66.68136112419693
4.921003506921627	0.007	0.005	0.15520460498659544	0.00011022929105338099	0.188255623336703	0.08028466169714803	65.98068644485522
5.046489533587308	0.007	0.005	0.15356764203721934	0.00010974703316525123	0.1913728914407638	0.0815353287689011	65.28477965076269
5.172467553431475	0.007	0.005	0.1519416277352455	0.00010924055590507388	0.19443627404103164	0.0827623484435925	64.59352735304478
5.298954624554394	0.007	0.005	0.15032636395424356	0.00010871077234854335	0.1974467993329625	0.0839656798507139	63.906845324059724
5.4259637239194864	0.007	0.005	0.14872171154598907	0.00010815860586038481	0.20040536709657197	0.08514525344866058	63.22467440902045
5.553504172897157	0.007	0.005	0.14712758216109878	0.00010758498751673835	0.2033127696477568	0.08630097905131474	62.546977048777535
5.681581984814205	0.007	0.005	0.1455439314265359	0.00010699085371108174	0.2061697092703211	0.08743275254155664	61.87373437943532
5.810200202136525	0.007	0.005	0.14397075257574932	0.00010637714368608698	0.20897681394364484	0.08854046196416349	61.20494352439342
5.939359198055086	0.007	0.005	0.14240807081853385	0.00010574479713191482	0.2117346509431339	0.08962399280211321	60.54061520085659
6.069056933459097	0.007	0.005	0.14085593851887346	0.00010509475193567423	0.21444373831243757	0.09068323241792896	59.88077166983719
6.199289185798134	0.007	0.005	0.1393144309403949	0.00010442794203885198	0.21710455474363233	0.09171807385888979	59.225444927458966
6.330049827542068	0.007	0.005	0.13778364162478327	0.0001037452950154707	0.21971754954018646	0.09272841966291387	58.57467474022631
6.461330980841477	0.007	0.005	0.1362636794403234	0.00010304773029244246	0.22228314920561584	0.09371418430941302	57.928507390297824
6.5931232556614905	0.007	0.005	0.13475466482512963	0.00010233615695378787	0.22480176499822527	0.09467529699772993	57.28699407840608
6.725415932459183	0.007	0.005	0.13325672686082318	0.00010161147186648947	0.22727379866991107	0.09561170366373697	56.650189679816975
6.858197149696753	0.007	0.005	0.13177000045235973	0.00010087455782538356	0.229699647681945	0.09652336873295433	56.01815154541635
6.991454069471255	0.007	0.005	0.13029462390915336	0.00010012628187523153	0.23207970944587733	0.0974102764359417	55.39093847339574
7.125173047177272	0.007	0.005	0.1288307366229767	9.936749367578104e-5	0.234414385131567	0.09827243189144226	54.76860972207956
7.259339787162538	0.007	0.005	0.1273784770371379	9.859902401862001e-5	0.2367040827565856	0.09910986185013539	54.15122414658035
7.39393948379738	0.007	0.005	0.1259379808978309	9.782168350823823e-5	0.2389492196145746	0.09992261512588259	53.53883945541193
7.528956974303249	0.007	0.005	0.1245093794950102	9.703626125806059e-5	0.24115022453219634	0.10071076289657191	52.931511462648245
7.664376849294209	0.007	0.005	0.1230927984618093	9.624352392188891e-5	0.24330753909729394	0.10147439856921638	52.32929357753176
7.800183547090408	0.007	0.005	0.12168835682612672	9.544421491446955e-5	0.2454216183909963	0.1022136374176159	51.7322364012832
7.936361503678832	0.007	0.005	0.12029616556794971	9.463905338916806e-5	0.247492932362545	0.10292861639424469	51.1403871137896
8.072895232057638	0.007	0.005	0.11891632699434054	9.382873372365045e-5	0.24952196587260916	0.10361949342428177	50.55378920789827
8.209769384196532	0.007	0.005	0.11754893434277813	9.301392519870877e-5	0.25150921835927265	0.10428644654005272	49.9724823207893
8.346968840779057	0.007	0.005	0.11619407115352981	9.21952715923019e-5	0.25345520381197584	0.10492967309345348	49.39650196715744
8.484478765097105	0.007	0.005	0.11485181104901716	9.137339106760086e-5	0.25536045012770514	0.10554938873667961	48.82587944541627
8.622284647953448	0.007	0.005	0.11352221763215599	9.054887618822808e-5	0.25722549830080255	0.10614582633750609	48.26064179448038
8.76037238005175	0.007	0.005	0.11220534414938069	8.972229383240736e-5	0.2590509019493297	0.10671923499386317	47.70081165050981
8.898728241960645	0.007	0.005	0.11090123396831211	8.889418566837985e-5	0.26083722572207224	0.10726987869128662	47.14640744997681
9.037338976236043	0.007	0.005	0.10960992028096295	8.806506818273052e-5	0.2625850448177497	0.10779803531965997	46.597443303492255
9.176191785961619	0.007	0.005	0.10833142652025492	8.72354332034284e-5	0.2642949435503696	0.1083039954001246	46.0539291728757
9.315274351198594	0.007	0.005	0.10706576660528354	8.640574835322856e-5	0.26596751420293796	0.10878806092209681	45.515870975422324
9.45457482657623	0.007	0.005	0.10581294535724942	8.557645765052641e-5	0.2676033557056662	0.10925054415175381	44.98327076072427
9.594081847628564	0.007	0.005	0.10457295882782638	8.474798208335338e-5	0.26920307248762565	0.10969176651905911	44.45612685026647
9.733784545977779	0.007	0.005	0.10334579454541334	8.392072015124977e-5	0.27076727348416546	0.11011205757413614	43.93443394211322
9.873672536343294	0.007	0.005	0.10213143200490324	8.309504859342798e-5	0.27229657088263487	0.11051175390089425	43.41818331911981
10.01373590304699	0.007	0.005	0.10092984314459198	8.227132312935506e-5	0.27379157894829964	0.1108911980903453	42.9073630516756
10.153965204646056	0.007	0.005	0.09974099265312479	8.144987909624517e-5	0.27525291311936	0.11125073781915219	42.4019581281936
10.294351431691219	0.007	0.005	0.09856483866076596	8.063103236806993e-5	0.27668118868284636	0.11159072486109164	41.901950748983424
10.434886038467232	0.007	0.005	0.09740133278798449	7.981507983080059e-5	0.2780770202941471	0.1119115143436656	41.40732034690634
10.575560909307349	0.007	0.005	0.09625042073648422	7.900230024398888e-5	0.27944102087679606	0.11221346388658196	40.91804383863384
10.716368333794733	0.007	0.005	0.09511204278072996	7.819295503887754e-5	0.2807738007035	0.11249693282814596	40.43409583360629
10.857300990941166	0.007	0.005	0.09398613416598231	7.738728905171568e-5	0.2820759666396016	0.11276228152853164	39.95544880324501
10.998351951769894	0.007	0.005	0.09287262534538211	7.658553113768432e-5	0.28334812161469075	0.11300987075532298	39.48207318174238
11.139514653630012	0.007	0.005	0.09177144243041027	7.5787894936507e-5	0.28459086388550187	0.11324006106007445	39.01393755756116
11.280782892947517	0.007	0.005	0.09068250747865882	7.499457951485755e-5	0.2858047865263063	0.11345321223636792	38.55100879577251
11.422150770932703	0.007	0.005	0.08960573912707591	7.420577026079435e-5	0.2869904765736922	0.11364968275428514	38.093252307260606
11.563612713954445	0.007	0.005	0.08854105263072407	7.342163933043695e-5	0.28814851487317156	0.11382982935560244	37.6406320652005
11.70516349384549	0.007	0.005	0.08748835990727633	7.264234608441758e-5	0.2892794759294956	0.11399400666423563	37.19311062397413
11.846798135508113	0.007	0.005	0.0864475704095687	7.186803814128525e-5	0.2903839268937308	0.11414256669996896	36.750649490109645
11.988511936833586	0.007	0.005	0.085418591133222	7.109885177255706e-5	0.2914624275254764	0.11427585857958741	36.31320912552293
12.130300460395944	0.007	0.005	0.08440132683121615	7.033491244139388e-5	0.2925155299470661	0.11439422820707806	35.88074903873624
12.272159525035553	0.007	0.005	0.08339568022016015	6.957633532393949e-5	0.29354377842672175	0.11449801799222849	35.45322787256888
12.414085159726351	0.007	0.005	0.08240155244029383	6.882322601685939e-5	0.294547708926228	0.11458756657435734	35.03060359969282
12.556073641940179	0.007	0.005	0.08141884290676418	6.807568076386928e-5	0.2955278492893095	0.11466320863460015	34.61283345940739
12.698121441914868	0.007	0.005	0.08044744981573003	6.733378717782935e-5	0.2964847187801092	0.11472527466782552	34.199874172794985
12.840225232657874	0.007	0.005	0.07948727017766662	6.659762458590963e-5	0.2974188281179046	0.11477409082358346	33.79168195687928
12.982381881083779	0.007	0.005	0.07853819997738415	6.586726446129815e-5	0.2983306793944348	0.11480997875349404	33.38821259265265
13.124588429669057	0.007	0.005	0.07760013438863826	6.514277088742584e-5	0.29922076595221997	0.11483325547746193	32.98942151631122
13.26684207803601	0.007	0.005	0.07667296797739397	6.44242010036339e-5	0.30008957228925487	0.11484423327351355	32.59526390566687
13.409140173900447	0.007	0.005	0.07575659483373215	6.371160538431572e-5	0.30093757404370514	0.11484321958925071	32.205694736223386
13.5514802511242	0.007	0.005	0.07485090839912549	6.300502816309214e-5	0.301765238264123	0.11483051696320265	31.820668707747604
13.69386008665526	0.007	0.005	0.07395580119057597	6.230450705883782e-5	0.3025730237599152	0.11480642293488223	31.44014012699485
13.836277389566293	0.007	0.005	0.07307116681898312	6.161007524107054e-5	0.30336137940139696	0.11477123004469837	31.06406376575903
13.978729989828647	0.007	0.005	0.0721968988175875	6.0921760628252916e-5	0.30413074534395235	0.11472522580596735	30.692394362819353
14.121215885724734	0.007	0.005	0.07133289040575512	6.023958591753111e-5	0.3048815533639445	0.114668692657959	30.325086523520664
14.263733178004598	0.007	0.005	0.0704790349459194	5.9563569166677336e-5	0.3056142265869505	0.11460190796347364	29.96209491402869
14.406280136149386	0.007	0.005	0.06963522559265131	5.889372371115905e-5	0.30632917992470754	0.11452514396657457	29.603374112142557
14.548855085243268	0.007	0.005	0.06880135601112468	5.8230058945489647e-5	0.3070268195990199	0.1144386678445715	29.248878912729083
14.691456481643257	0.007	0.005	0.06797731996159413	5.7572580171080215e-5	0.3077075436406196	0.11434274167881486	28.898564151076062
14.83408284699414	0.007	0.005	0.06716301171816587	5.692128911918357e-5	0.30837174168366643	0.11423762250959124	28.552384880920105
14.976732768320103	0.007	0.005	0.06635832608840432	5.627618414035771e-5	0.3090197951038294	0.11412356236636476	28.21029638278202
15.11940492646063	0.007	0.005	0.06556315827504511	5.563726025476833e-5	0.30965207727999844	0.1140008082764344	27.872254105178026
15.262098058358857	0.007	0.005	0.0647774041102059	5.5004509503594877e-5	0.31026895355478507	0.11386960232976263	27.538213764187663
15.40481097603361	0.007	0.005	0.06400095996701609	5.437792102646716e-5	0.31087078145532065	0.11373018170348499	27.20813130588578
15.547542566650426	0.007	0.005	0.0632337227788878	5.375748122097854e-5	0.3114579108245755	0.11358277870281323	26.881962914534903
15.69029176422139	0.007	0.005	0.062475590207657195	5.314317402095907e-5	0.3120306838397819	0.11342762083634253	26.559665084065742
15.833057578020323	0.007	0.005	0.06172646050426585	5.253498091134022e-5	0.3125894352661042	0.11326493083669405	26.241194558849948
15.97583905480981	0.007	0.005	0.0609862327206227	5.193288123197431e-5	0.3131344924429476	0.11309492675475703	25.926508423766915
16.0	0.007	0.005	0.060861855232984874	5.183322391030657e-5	0.3132253876965933	0.11306544995294422	25.87363298225962
