0.0	0.007	0.005	0.0	0.0	0.0	0.0	100.0
0.006515466755681052	0.007	0.005	0.01702060024935778	6.261210171141849e-5	1.3474767828694372e-5	4.687257045508036e-5	99.94436548372128
0.011562924629463747	0.007	0.005	0.029584295949698504	0.00010302676696482982	4.1840641484478735e-5	0.0001403158682273376	99.90128733549884
0.018763079971023305	0.007	0.005	0.04661382573788099	0.00015062605933309785	0.00010798076077202527	0.00034443348227789254	99.83986885942755
0.02600307985242019	0.007	0.005	0.0627347236471585	0.00018875413776197226	0.00020328257330357133	0.0006180711326767509	99.77814857659578
0.03453239657021575	0.007	0.005	0.0805152597073725	0.00022380790675738814	0.00035025016675086467	0.00100943989240835	99.70548594562689
0.043612365324419	0.007	0.005	0.09809895674901825	0.0002520578332642513	0.0005451211266936828	0.0014890832100417125	99.62819037046381
0.0536740667705772	0.007	0.005	0.11608270879647496	0.00027514958507569555	0.0008038083126298697	0.00207701897456113	99.54260753176969
0.06448260402264155	0.007	0.005	0.1337821857153783	0.0002928645947112228	0.0011276386045398564	0.0027563417018150052	99.45075415937755
0.07620035630868488	0.007	0.005	0.1512383555506981	0.0003060732779096606	0.001527655560151247	0.003531638854639559	99.35126982410702
0.0887661976338242	0.007	0.005	0.16813970300557524	0.00031528326809134326	0.002007756555733102	0.004392717468845845	99.24469574818079
0.10224267158181098	0.007	0.005	0.1843809244924924	0.0003210920667812553	0.0025753647413862325	0.005336895649435938	99.13052541290492
0.11660250291961206	0.007	0.005	0.1997656447822035	0.00032392419038828734	0.0032335579071193004	0.0063548101107857085	99.00901596089051
0.1318404342120171	0.007	0.005	0.2141657528396593	0.0003241082579712482	0.003985095134075399	0.007438011331256928	98.8802391138326
0.14791294573033342	0.007	0.005	0.22745982028177292	0.00032189378092911794	0.004829581901691117	0.008574737696034264	98.74459067161837
0.16478799015679146	0.007	0.005	0.2395842079600956	0.0003175278876823503	0.005765825448387114	0.00975361482776509	98.60236928299993
0.18243593698348828	0.007	0.005	0.2505158419225854	0.000311325897667836	0.006791643537038139	0.010963416254174081	98.45385306489077
0.20084699835306818	0.007	0.005	0.2602735363898886	0.00030370601647851316	0.007905150727200343	0.012194852908642757	98.29915327014658
0.22002629555631237	0.007	0.005	0.2689023435383839	0.0002951747271714424	0.009104820932262465	0.013440822175040926	98.13825683721987
0.23998940835957497	0.007	0.005	0.2764628056147603	0.0002862683106357386	0.010389447730053951	0.014696589604869454	97.97106463549163
0.260742284424416	0.007	0.005	0.2830192881749021	0.00027748487408529025	0.011756964057275724	0.015958800353881836	97.79756007560079
0.28226889172432795	0.007	0.005	0.2886376334872187	0.0002692241376804688	0.013203602499781112	0.017224846684117102	97.61791139372401
0.30454341768103005	0.007	0.005	0.29338987323362054	0.00026174749862251383	0.014724698630036413	0.018493438685315867	97.43236840787014
0.3275589550466181	0.007	0.005	0.2973568600045652	0.00025517203780620745	0.01631675485212831	0.019765728026553218	97.24102337213688
0.3513390616692024	0.007	0.005	0.30062299819738797	0.00024950079377947145	0.017978417310496285	0.021045226449852017	97.04371661304744
0.3759345480194354	0.007	0.005	0.3032698129482732	0.000244665421183493	0.019710377408130513	0.022337009039104308	96.84006569943654
0.401414770038341	0.007	0.005	0.30537200404634046	0.00024056288904290558	0.021514802446738576	0.02364685591113571	96.62953986033575
0.42786124987958873	0.007	0.005	0.3069962339653158	0.0002370800874704365	0.023394870405928615	0.02498072096186616	96.41151450944905
0.4553638568115169	0.007	0.005	0.308201323584496	0.0002341080657824405	0.02535445969169677	0.026344459644103993	96.18530419899194
0.4840191954070843	0.007	0.005	0.30903899305815163	0.00023154900459858223	0.02739798793028051	0.027743735719133345	95.9501771869904
0.5139300275585789	0.007	0.005	0.30955467704490347	0.0002293187252908447	0.02953032421265866	0.0291840093820533	95.70536149107224
0.5452069518395344	0.007	0.005	0.30978826236303714	0.0002273465700689804	0.031756863673514484	0.030670642661704085	95.45003259803735
0.5779700136694714	0.007	0.005	0.3097746298967373	0.00022557411321944674	0.03408359664503242	0.032208995120878464	95.18330210526585
0.6123513914655404	0.007	0.005	0.30954406001636936	0.00022395333705918532	0.03651725071577297	0.03380455910474901	94.90419804905252
0.6484987020755365	0.007	0.005	0.3091225198563924	0.00022244473616436197	0.03906546905775172	0.03546310765055446	94.61164085460135
0.6865769506834388	0.007	0.005	0.3085319050092765	0.0002210156279951157	0.04173688231621134	0.03719076284692109	94.30443102088869
0.7267733865300784	0.007	0.005	0.3077902187166584	0.00021963857424602985	0.04454137121415439	0.03899417879759791	93.98121419926449
0.7693010006222468	0.007	0.005	0.30691174560191414	0.00021829012098515142	0.04749021431207397	0.040880639797235364	93.64045846836149
0.8144037336522235	0.007	0.005	0.3059071954111112	0.00021694971260181756	0.050596331801302345	0.0428582108270024	93.28041929322042
0.8623618804614555	0.007	0.005	0.3047838430519941	0.0002155988085259384	0.053874512621078084	0.04493586669722936	92.89910478839258
0.9134991133254889	0.007	0.005	0.30354563809484797	0.00021422012436843224	0.05734171499841733	0.04712365614138628	92.494230427779
0.9681912451622303	0.007	0.005	0.3021932777242093	0.00021279696987215325	0.061017435595359	0.049432894900269767	92.06316307286134
1.0268789227920703	0.007	0.005	0.30072418906456416	0.00021131260582346544	0.06492427596637715	0.0518764644201509	91.6028382338909
1.0900883092870448	0.007	0.005	0.2991323196329296	0.00020974950977553636	0.06908894148677253	0.05446935464651166	91.1096209270128
1.1584701608203978	0.007	0.005	0.2974074809583117	0.00020808830009476056	0.07354428675409412	0.057229815396925565	90.57903337879156
1.2328825574472078	0.007	0.005	0.29553363244954456	0.00020630573567542872	0.07833388734349188	0.060181991666304176	90.00516380751432
1.314592190027306	0.007	0.005	0.2934842935445362	0.00020437007643053074	0.08352352919906444	0.06336264098779197	89.37920505526205
1.4057897983179952	0.007	0.005	0.2912104095893253	0.0002022293693850575	0.0892308039328976	0.06683847508849747	88.68570067027684
1.5106022455605068	0.007	0.005	0.2886167521403149	0.00019978876376824971	0.09568107286088799	0.0707383456799536	87.89530677817639
1.6176985548051532	0.007	0.005	0.28598944314158425	0.000197313419466523	0.10215346301479188	0.0746203578650526	87.09496588356832
1.7203153183573396	0.007	0.005	0.2834940705492962	0.00019495851402497567	0.1082448070527959	0.07824433903999746	86.33493867080047
1.8230575500249757	0.007	0.005	0.28101729573266815	0.0001926173584682456	0.11423733323239967	0.08178074385192628	85.5806266446029
1.9264138853653545	0.007	0.005	0.2785474786338371	0.0001902800330272269	0.12016025666624715	0.08524715383685176	84.82845554333349
2.030741176882467	0.007	0.005	0.27607644179613977	0.00018794034449906523	0.12603346759042694	0.08865522707251908	84.07592247287849
2.136415060500731	0.007	0.005	0.27359584338051807	0.0001855922226509953	0.13187648731935053	0.09201604480495101	83.32048161653611
2.2438048514731572	0.007	0.005	0.2710977932114857	0.00018323022299873674	0.1377070486099427	0.095339297974324	82.5597277795678
2.353288654829712	0.007	0.005	0.26857450902052477	0.00018084916593727425	0.14354194003442744	0.0986337880528137	81.79128995595272
2.465278871287419	0.007	0.005	0.2660177550078461	0.00017844360209930943	0.1493982890185866	0.10190814342493937	81.01265959587593
2.580262605994437	0.007	0.005	0.2634179801004912	0.00017600702698818637	0.15529543906119564	0.10517181690132922	80.2209278459171
2.6988825032371984	0.007	0.005	0.26076261420358726	0.0001735303553156119	0.1612585804099404	0.10843696555291725	79.41226655046052
2.8221431086905477	0.007	0.005	0.2580317184262708	0.00017099804014463065	0.16732797337195435	0.11172319282017662	78.58060351671415
2.9521470497830284	0.007	0.005	0.25518240465553454	0.0001683741653344948	0.17359204872691442	0.11507459199462258	77.7128776481999
3.0971355917745056	0.007	0.005	0.25204176797692246	0.00016550706320808122	0.18041552572382558	0.11867755447742839	76.75643272902809
3.2361323481645026	0.007	0.005	0.24906721725481817	0.00016282155972988517	0.18679977244330725	0.12200232532095162	75.85056738629044
3.3445662199313824	0.007	0.005	0.24677111311559413	0.00016076042142168246	0.19167572010378023	0.12451079973109873	75.15131517761432
3.443056199926219	0.007	0.005	0.24470392226056054	0.0001589158187928218	0.19602667667905205	0.12672617805913855	74.52177588700897
3.541375979428217	0.007	0.005	0.24265757570645846	0.00015710479780513685	0.20029747576614976	0.12887922897708193	73.89858448946526
3.642564905497614	0.007	0.005	0.24056938066255687	0.00015527172694485933	0.2046183946909066	0.1310354754918337	73.26264861383603
3.7459549869845885	0.007	0.005	0.23845432071160763	0.00015343001741266598	0.20895657450972122	0.13317760440973353	72.61853133857014
3.8501693794645733	0.007	0.005	0.23634121567348376	0.0001516049332746362	0.2132522212080808	0.1352758784476168	71.97500940961004
3.9545660463316583	0.007	0.005	0.23424318945765746	0.00014980768666420814	0.2174791167005183	0.13731796096484133	71.33607956321985
4.0590125891304965	0.007	0.005	0.23216279862663974	0.00014804020176854282	0.2216329941758594	0.13930250931219723	70.70252037122043
4.163521045919604	0.007	0.005	0.23009966761323455	0.00014630184163000012	0.22571553917610354	0.14123107313596905	70.0742174589249
4.268124087807675	0.007	0.005	0.22805302837536398	0.0001445916148401631	0.22972916900422685	0.14310551008915726	69.45093692791787
4.372850325166348	0.007	0.005	0.2260222148218002	0.00014290860095930778	0.2336760423099288	0.14492751096385212	68.83247592774742
4.477722154501614	0.007	0.005	0.22400670006188955	0.00014125198327054697	0.2375579975894647	0.14669857816748888	68.21867399990174
4.58275692813729	0.007	0.005	0.2220060685393242	0.00013962102674521692	0.24137661903019628	0.14842006338082617	67.60940459146836
4.687968130841807	0.007	0.005	0.2200199893572542	0.00013801505742655574	0.24513329695486577	0.15009320081287275	67.00456693160285
4.793366183327742	0.007	0.005	0.2180481978435318	0.00013643344887118137	0.24882926994310722	0.1517191305877444	66.40408041743505
4.898959004447661	0.007	0.005	0.21609048245160062	0.00013487561306152902	0.252465655053183	0.15329891571472637	65.80788062488492
5.004752359031727	0.007	0.005	0.21414667620062347	0.0001333409949822643	0.2560434682822352	0.1548335539914086	65.21591670185157
5.110750200829143	0.007	0.005	0.21221664859497422	0.00013182906755776345	0.25956364320184244	0.15632398853978813	64.62814890738728
5.216954856038734	0.007	0.005	0.21030030078312267	0.00013033932908278396	0.2630270428825726	0.15777111500530946	64.0445471373911
5.323367278947139	0.007	0.005	0.20839755964440618	0.0001288712997488992	0.26643447318709196	0.15917578897692802	63.46508912380302
5.42998720388702	0.007	0.005	0.2065083739807434	0.000127424519737139	0.2697866917106182	0.1605388312544379	62.889759274833736
5.536813305862484	0.007	0.005	0.2046327107268537	0.00012599854724423942	0.27308441627378294	0.1618610326794805	62.3185475208311
5.64384335581977	0.007	0.005	0.20277055142760098	0.00012459295664404838	0.27632833254845957	0.16314315837507967	61.75144824149478
5.751074334954196	0.007	0.005	0.20092188958361976	0.0001232073372339007	0.27951909982295486	0.16438595103604434	61.188459457517446
5.858502578870025	0.007	0.005	0.1990867276122655	0.00012184129162569595	0.2826573571442506	0.1655901341897775	60.62958190507706
5.966123873343185	0.007	0.005	0.19726507477202793	0.0001204944347920915	0.28574372752782284	0.16675641453937745	60.07481840374062
6.07393352973057	0.007	0.005	0.19545694552641094	0.00011916639336502553	0.2887788212232417	0.1678854838261221	59.524173358202475
6.181926497086998	0.007	0.005	0.19366235737926107	0.00011785680448458297	0.2917632396905802	0.16897802084585234	58.977652099058496
6.290097446716858	0.007	0.005	0.1918813292721707	0.00011656531500606372	0.2946975784461171	0.1700346929270046	58.4352603947537
6.398440807258997	0.007	0.005	0.19011388086773426	0.0001152915812862038	0.2975824283166868	0.17105615675080638	57.89700423330596
6.506950886544605	0.007	0.005	0.1883600304728608	0.00011403526794120065	0.30041837881499084	0.1720430598575381	57.36288918987458
6.615621879133421	0.007	0.005	0.18661979489692582	0.00011279604794141524	0.30320601824127513	0.17299604091716994	56.832920383562346
6.724447917262216	0.007	0.005	0.18489318863280158	0.00011157360216773793	0.3059459348440879	0.17391573034243094	56.30710222800746
6.833423136636083	0.007	0.005	0.18318022285201077	0.00011036761879774775	0.3086387182016203	0.17480275092285746	55.785438125369126
6.942541692006328	0.007	0.005	0.1814809052362294	0.00010917779323917293	0.3112849592221657	0.1756577179551827	55.26793041501384
7.0517978162965935	0.007	0.005	0.17979523915302908	0.00010800382756884553	0.3138852511423969	0.17648123967487486	54.75458012249688
7.161185800263655	0.007	0.005	0.17812322409049702	0.00010684543080835473	0.3164401885456142	0.17727391702848302	54.24538709192104
7.270700044602133	0.007	0.005	0.17646485498086098	0.0001057023183988313	0.3189503680986262	0.17803634398652518	53.74034977995445
7.380335090476339	0.007	0.005	0.1748201218886706	0.00010457421190518851	0.3214163886935987	0.17876910763815723	53.23946516086948
7.49008561375776	0.007	0.005	0.17318901025896788	0.00010346083907652644	0.32383885074368324	0.1794727880216437	52.74272880212038
7.599946419153774	0.007	0.005	0.1715715011593151	0.00010236193387482421	0.3262183555169582	0.18014795797788294	52.25013493805024
7.709912492552094	0.007	0.005	0.16996757066899273	0.00010127723591192949	0.3285555057353206	0.1807951833611869	51.76167628387796
7.819978980564229	0.007	0.005	0.1683771903550682	0.00010020649060329666	0.3308509045692417	0.18141502278188407	51.27734418067967
7.930141191799804	0.007	0.005	0.16680032741865358	9.914944908279546e-5	0.3331051551493743	0.18200802750855863	50.79712863992985
8.040394612684203	0.007	0.005	0.1652369446336043	9.810586796888791e-5	0.33531886039026204	0.18257474145396554	50.32101832483274
8.150734886694805	0.007	0.005	0.1636870008058788	9.707550946535108e-5	0.3374926220898138	0.18311570097540314	49.84900069021492
8.261157851993255	0.007	0.005	0.1621504504041808	9.605814090925446e-5	0.3396270412186245	0.1836314349820041	49.38106187004171
8.371659498562181	0.007	0.005	0.16062724432110403	9.50535350553208e-5	0.34172271663874976	0.18412246465263435	48.917186909215204
8.482235998408017	0.007	0.005	0.15911732960424332	9.406146968104305e-5	0.343780245286364	0.18458930352279926	48.45735968168715
8.592883684470625	0.007	0.005	0.15762064989791144	9.308172765333468e-5	0.34580022138488886	0.18503245734103546	48.00156302497857
8.703599058753717	0.007	0.005	0.1561371454755354	9.211409672727214e-5	0.34778323624300117	0.1854524240695318	47.54977875004608
8.814378763718306	0.007	0.005	0.15466675376028044	9.11583696585666e-5	0.34972987741733325	0.18584969375464694	47.10198779983151
8.925219597614483	0.007	0.005	0.15320940924601087	9.021434393028673e-5	0.35164072870250285	0.18622474858401045	46.65817022519189
9.036118522459464	0.007	0.005	0.15176504352211134	8.928182155057003e-5	0.3535163699853924	0.1865780629084799	46.21830519245798
9.147072635229716	0.007	0.005	0.15033358577346045	8.836060915484923e-5	0.3553573764976201	0.1869101031546206	45.78237113569598
9.258079168363382	0.007	0.005	0.14891496288352146	8.74505178567872e-5	0.3571643186124394	0.1872213278552975	45.35034578810232
9.36913549022807	0.007	0.005	0.1475090995355981	8.655136310241624e-5	0.3589377616550059	0.18751218768381805	44.922206212840045
9.480239098194353	0.007	0.005	0.14611591840409505	8.566296458529118e-5	0.3606782656113916	0.18778312547416906	44.49792886128513
9.59138759693557	0.007	0.005	0.14473534052092868	8.47851462747852e-5	0.36238638463879247	0.18803457622011704	44.07748968461235
9.702578742959274	0.007	0.005	0.1433672848132535	8.391773593139176e-5	0.36406266761505995	0.18826696723237368	43.660863993015596
9.813810378654104	0.007	0.005	0.14201166901019038	8.30605654821925e-5	0.36570765700446817	0.18848071804984226	43.248026731841115
9.925080454657536	0.007	0.005	0.14066840944025413	8.221347070744591e-5	0.3673218891164099	0.18867624056728705	42.83895241989685
10.036387037493993	0.007	0.005	0.13933742101767663	8.13762910524685e-5	0.36890589412762076	0.18885393911948808	42.4336151452869
10.14772827294782	0.007	0.005	0.1380186177537197	8.054886976873876e-5	0.37046019548932635	0.18901421049933642	42.031988721126226
10.259102408390252	0.007	0.005	0.13671191255298645	7.973105361838232e-5	0.37198531020130193	0.1891574440822289	41.63404662350965
10.370507785602559	0.007	0.005	0.13541721736431575	7.892269280384659e-5	0.3734817486650798	0.1892840218988871	41.23976203746479
10.48194284095638	0.007	0.005	0.13413444324086768	7.81236408471598e-5	0.37495001465174316	0.1893943187218866	40.849107875250795
10.59340606127782	0.007	0.005	0.13286350090157573	7.73337547794986e-5	0.37639060470898533	0.1894887021179447	40.46205694734159
10.704896028273403	0.007	0.005	0.1316043002669879	7.655289471023523e-5	0.37780400875137543	0.1895675325935179	40.07858182107223
10.816411396514045	0.007	0.005	0.13035675076233194	7.57809238700298e-5	0.37919070977153413	0.1896311636691144	39.698654912933584
10.927950893550225	0.007	0.005	0.12912076136096773	7.501770850052194e-5	0.3805511838557486	0.18967994197945667	39.32224850180523
11.039513290458668	0.007	0.005	0.1278962409496724	7.426311794290248e-5	0.3818858998533166	0.18971420736555172	38.94933484019906
11.151097446267087	0.007	0.005	0.12668309787501245	7.351702423763379e-5	0.3831953199485988	0.18973429299678682	38.57988601611212
11.262702256308883	0.007	0.005	0.12548124054594764	7.277930236553523e-5	0.3844798990805507	0.18974052545874945	38.21387413654237
11.37432668925241	0.007	0.005	0.12429057706215936	7.20498299073327e-5	0.3857400854259747	0.18973322486691252	37.85127121430075
11.485969831551348	0.007	0.005	0.12311101478609393	7.132848667772154e-5	0.38697632091769874	0.18971270495017858	37.492049037681696
11.597630798791196	0.007	0.005	0.12194246132680286	7.061515520669269e-5	0.3881890402783079	0.18967927315070038	37.1361794700803
11.709308624770136	0.007	0.005	0.12078482569914294	6.99097213218113e-5	0.389378669934537	0.18963323079450958	36.78363480301376
11.821002416838697	0.007	0.005	0.11963801669653044	6.921207307745874e-5	0.3905456298217256	0.1895748731783927	36.43438726056185
11.932711363362102	0.007	0.005	0.11850194285192363	6.852210063862141e-5	0.3916903334962652	0.18950448965198863	36.08840898748504
12.044434689381008	0.007	0.005	0.11737651292135393	6.783969647692043e-5	0.3928131877265469	0.18942236373544297	35.74567219647809
12.156171686250245	0.007	0.005	0.11626163560634115	6.716475511953656e-5	0.3939145928600319	0.18932877319797142	35.406149083634894
12.267921682077425	0.007	0.005	0.11515721987481563	6.649717325511683e-5	0.39499494259063733	0.18922399017534527	35.069811926181636
12.37968405655717	0.007	0.005	0.11406317483201377	6.583684957753832e-5	0.39605462417764675	0.18910828125553697	34.736633043159436
12.491458181777812	0.007	0.005	0.11297941031343835	6.518368505607654e-5	0.39709401796712473	0.18898190764131723	34.406584976003735
12.603243466652808	0.007	0.005	0.1119058364540875	6.453758260783662e-5	0.398113497913225	0.1888451252125887	34.079640357357796
12.715039356944715	0.007	0.005	0.11084236370238854	6.389844703522996e-5	0.39911343165770335	0.1886981846219258	33.75577191531616
12.826845313071459	0.007	0.005	0.10978890304198831	6.326618508721534e-5	0.40009418041656913	0.1885413314205564	33.43495254096838
12.938660832337057	0.007	0.005	0.10874536578856442	6.264070527561925e-5	0.40105609926761365	0.18837480612598873	33.117155226520154
13.050485448950912	0.007	0.005	0.10771166360255673	6.202191782058431e-5	0.4019995372294373	0.18819884431211384	32.80235306917059
13.162318719231541	0.007	0.005	0.10668770863644363	6.140973467636607e-5	0.4029248372190894	0.18801367672288527	32.4905193159634
13.274160191988601	0.007	0.005	0.10567341380764164	6.080406963125006e-5	0.40383233590463274	0.18781952941783397	32.18162744689561
13.386009460382185	0.007	0.005	0.10466869232748215	6.020483798006216e-5	0.40472236422660385	0.18761662377841548	31.87565103147247
13.497866124897183	0.007	0.005	0.10367345804380483	5.961195666943842e-5	0.4055952471831385	0.1874051766596096	31.572563833040693
13.609729822985104	0.007	0.005	0.10268762517959225	5.9025344096872406e-5	0.40645130415373754	0.18718540042322526	31.272339729192314
13.721600206848834	0.007	0.005	0.10171110853686059	5.8444920179876636e-5	0.40729084881016414	0.18695750306382625	30.974952773857602
13.833476936039656	0.007	0.005	0.10074382356165956	5.78706063466211e-5	0.4081141891543002	0.18672168831091898	30.680377217099636
13.945359692282212	0.007	0.005	0.09978568621583239	5.730232541792282e-5	0.40892162772001206	0.18647815568315895	30.3885874660607
14.057248172071498	0.007	0.005	0.0988366130435683	5.674000160282117e-5	0.4097134616055157	0.18622710058528427	30.099558105229775
14.169142086678322	0.007	0.005	0.09789652117220671	5.618356045819058e-5	0.4104899825618767	0.18596871438900844	29.81326389668752
14.281041147332136	0.007	0.005	0.09696532843566062	5.5632928919683435e-5	0.4112514769805113	0.18570318454784926	29.52967981769362
14.392945094868985	0.007	0.005	0.09604295312593913	5.5088035122868134e-5	0.41199822618503196	0.18543069460609884	29.24878098501556
14.504853684914977	0.007	0.005	0.09512931411986163	5.454880843959543e-5	0.4127305064104984	0.18515142430750892	28.97054269351816
14.61676668047832	0.007	0.005	0.09422433093897799	5.4015179477434735e-5	0.4134485888403854	0.18486554968878707	28.694940434411436
14.728683859364233	0.007	0.005	0.0933279236877963	5.3487080011592686e-5	0.4141527397402926	0.1845732431349413	28.421949876438774
14.840604999353456	0.007	0.005	0.09244001317090748	5.296444301925598e-5	0.41484322044906824	0.18427467349045432	28.15154690154566
14.952529893029038	0.007	0.005	0.09156052077144289	5.244720258046573e-5	0.415520287557019	0.18397000609227387	27.883707567865525
15.064458347779462	0.007	0.005	0.09068936845101354	5.193529384906391e-5	0.4161841929850986	0.1836594028379545	27.61840810970106
15.176390156148807	0.007	0.005	0.08982647897703537	5.142865315222738e-5	0.4168351838922652	0.18334302233700825	27.355625006753698
15.28832514772973	0.007	0.005	0.0889717755172859	5.092721773599468e-5	0.4174735030622011	0.18302101983310745	27.09533486065035
15.400263159514163	0.007	0.005	0.08812518187093457	5.043092586946517e-5	0.41809938880228104	0.18269354734994225	26.83751446530114
15.51220403589482	0.007	0.005	0.08728662246543228	4.993971681826983e-5	0.41871307502239785	0.1823607537557365	26.582140805952072
15.624147621252678	0.007	0.005	0.08645602240811659	4.945353084950947e-5	0.41931479127306703	0.18202278484893802	26.329191074900862
15.736093745129498	0.007	0.005	0.08563330758889448	4.8972309265768205e-5	0.4199047627482205	0.1816797834674191	26.078642702767844
15.848042274126769	0.007	0.005	0.08481840429337692	4.849599416783645e-5	0.42048321063702043	0.18133188939124228	25.830473240680323
15.959993082251904	0.007	0.005	0.08401123942285939	4.802452855651994e-5	0.421050352033565	0.1809792394893539	25.584660427265398
16.0	0.007	0.005	0.08372465649995327	4.785449452392356e-5	0.421250322455214	0.1808520947346331	25.4973848815506
