0.0	0.007	0.005	0.0	0.0	0.0	0.0	100.0
0.005871924127216049	0.007	0.005	0.018838172789990334	8.30710892139939e-5	1.4553563792156526e-5	3.5031142521289553e-5	99.95930720523211
0.010652355207030922	0.007	0.005	0.03326955827351238	0.0001401142755059756	4.703368196766381e-5	0.00010978825557972546	99.9261907526549
0.017322316930179223	0.007	0.005	0.05213364804538579	0.00020646159067223792	0.00012129364093899763	0.00027172288867848937	99.88000290275524
0.024125722413289957	0.007	0.005	0.06995059556612379	0.0002609469886659929	0.0002294126974606216	0.0004937831218571496	99.83291298134826
0.03205612487488641	0.007	0.005	0.08904399682106176	0.0003108273472616209	0.0003934314174784487	0.0008100633890602969	99.77805054709147
0.040498801607562265	0.007	0.005	0.10755511684697419	0.0003508447335627099	0.0006091341882059739	0.0011990918773937425	99.71967733828309
0.04976034277952867	0.007	0.005	0.12590656236991163	0.000382078995722558	0.0008898882152778417	0.001671236169880714	99.65568172656663
0.05962652362197834	0.007	0.005	0.14342823014987252	0.00040327722738807886	0.0012346075696074979	0.0022094846351916973	99.58755333988498
0.07016595548271758	0.007	0.005	0.16007938127175286	0.0004145275184806952	0.0016491883778760024	0.0028074316608556133	99.51482744069114
0.08127754395789794	0.007	0.005	0.17558240532570266	0.00041621796801061955	0.0021321150645877245	0.0034468458687295428	99.43821096538909
0.09295091677147806	0.007	0.005	0.1898686657620088	0.0004097957451185047	0.002683940766985402	0.0041136107713233405	99.35778441731176
0.10514597987067421	0.007	0.005	0.20287484512561677	0.0003974804291595383	0.003302858354540237	0.004793068439859124	99.2738330313503
0.11787552506826698	0.007	0.005	0.21462966235125877	0.00038173555381869524	0.003988931042908045	0.00547626766243157	99.1862779099752
0.13114931327816035	0.007	0.005	0.225171662160483	0.000364778826656323	0.004741757385652448	0.006157372515620559	99.09506167066942
0.14497220199682817	0.007	0.005	0.23454813656369658	0.00034828756066318967	0.005560358581733113	0.006833484995059172	99.0001612261986
0.15933309873580906	0.007	0.005	0.2428095805254356	0.0003333314446712035	0.0064424863600898875	0.007503581739894222	98.90166336794618
0.17422733387358202	0.007	0.005	0.25002369808954106	0.00032042279213524656	0.007385979291010039	0.008168833148364162	98.79961099643222
0.18966194931186686	0.007	0.005	0.256270641670559	0.00030966822575249404	0.008389259763615925	0.008831964228241989	98.69396714748822
0.2056564299335951	0.007	0.005	0.2616362456184744	0.00030092846307850534	0.009451533190581425	0.009496581884862793	98.58461042366847
0.22223827157175796	0.007	0.005	0.26620571725021	0.000293945204274126	0.01057259357817341	0.010166533361453432	98.47136574830694
0.2394407662791179	0.007	0.005	0.2700607541077161	0.00028842291071018677	0.011752717764427604	0.010845577231954475	98.35401983816323
0.25730168548437576	0.007	0.005	0.273278216963147	0.00028407576545912117	0.012992591791348703	0.011537230711827131	98.23233048691343
0.2758630011593808	0.007	0.005	0.2759296642897122	0.00028065074723258285	0.014293294564781147	0.012244740101724843	98.1060287509627
0.2951712267163031	0.007	0.005	0.2780812280229869	0.00027793598425551134	0.015656318794492353	0.012971117820758856	97.97481693822515
0.31527811863714306	0.007	0.005	0.279793613351174	0.00027576075744612644	0.017083614394679095	0.013719211676655501	97.83836419801013
0.3362415746767074	0.007	0.005	0.28112214721158285	0.0002739912916084235	0.018577643488248016	0.014491785891713975	97.69630085414286
0.3581266922874024	0.007	0.005	0.28211686263703367	0.00027252487305461375	0.020141444182548533	0.015291604569933902	97.54821175073923
0.3810069850355139	0.007	0.005	0.282822618261304	0.0002712837558381282	0.021778702459626247	0.016121513415403802	97.39362865050204
0.40496576921970884	0.007	0.005	0.28327925303265544	0.0002702096129975235	0.023493832466154458	0.016984518383953543	97.23202163210959
0.43009784171840976	0.007	0.005	0.28352177456808786	0.00026925884565443084	0.025292073195304944	0.017883865160497277	97.0627887073984
0.45651144988686315	0.007	0.005	0.28358057194248626	0.00026839881435442454	0.027179600762991314	0.018823119556360558	96.88524370457435
0.48433073318114284	0.007	0.005	0.2834816460082281	0.0002676049146551432	0.029163667948039627	0.01980625547001345	96.69860127483858
0.5136990206739452	0.007	0.005	0.2832468437166031	0.00026685835996287144	0.03125279663562757	0.02083776384967237	96.50195654377563
0.5447819915940152	0.007	0.005	0.2828940961725576	0.0002661445561772871	0.0334569501038054	0.02192274727237307	96.29426618314649
0.5777725709629025	0.007	0.005	0.2824376441633575	0.00026545188680592344	0.03578781543753964	0.023067065167938064	96.07431851173673
0.6128967787367534	0.007	0.005	0.28188824156120035	0.00026477082730050366	0.03825913545239922	0.02427749976792402	95.8406981207869
0.6504210427569351	0.007	0.005	0.2812533296370733	0.00026409329044303065	0.040887120029205366	0.02556195764992924	95.59174192529726
0.6906613075255104	0.007	0.005	0.2805371740219767	0.0002634121340797305	0.04369095152565239	0.02692971389903419	95.32548486623561
0.7339938838934089	0.007	0.005	0.27974096396593845	0.00026272078736039295	0.04669336895449575	0.02839169108194104	95.03959620030984
0.7808669123018928	0.007	0.005	0.2788628954730919	0.000262012979505309	0.04992123912490465	0.029960728026043663	94.73131450487948
0.8318073665291187	0.007	0.005	0.2778983360020459	0.00026128261328984404	0.05340575442838008	0.03165166360164899	94.39741533966848
0.8874082008677104	0.007	0.005	0.27684036472797596	0.0002605239438484554	0.05718121612204724	0.033480733243106374	94.03431198136501
0.9482324387652444	0.007	0.005	0.2756818839629504	0.00025973276410178416	0.06127822768382125	0.03546226792677355	93.63869646731074
1.014549677691524	0.007	0.005	0.2744208619682873	0.0002589092846049016	0.06570604331339021	0.03760019235445521	93.20924957416125
1.0859888428966817	0.007	0.005	0.27306698843504057	0.00025806116555091984	0.0704304604339071	0.03987746331422151	92.7488382247837
1.1617808933146678	0.007	0.005	0.27163694960939516	0.00025719914681694353	0.07539177062931349	0.04226487713645702	92.26285943962078
1.2413318380338474	0.007	0.005	0.2701435824505032	0.00025633018559664014	0.08054326304380824	0.04473965082609885	91.75551733984032
1.3242361916651801	0.007	0.005	0.2685957941384941	0.00025545792513169624	0.08585167785449002	0.04728557932224488	91.22975708821377
1.4102016937283794	0.007	0.005	0.2670001331327045	0.0002545839576036562	0.09129191201632976	0.049890440635008	90.68776503830757
1.4990073571710236	0.007	0.005	0.26536167247257947	0.00025370852258550217	0.09684406717350057	0.052544545713365615	90.13124750639976
1.5904977063696608	0.007	0.005	0.2636841800603191	0.0002528307468601737	0.10249287519101022	0.05524043698267706	89.56147723021087
1.6845787248386268	0.007	0.005	0.2619702403692733	0.00025194883234057547	0.10822723216241135	0.05797264217515753	88.97932920498766
1.7812091531071643	0.007	0.005	0.26022145119337653	0.00025106025547763617	0.11403945772754567	0.06073730051239999	88.38534503395884
1.8804033201000694	0.007	0.005	0.25843840562382814	0.0002501618316867227	0.11992526427833279	0.06353212950632658	87.77972575496698
1.9822278262368438	0.007	0.005	0.25662078563603724	0.00024924981345000234	0.1258833458504014	0.0663562114688232	87.16236320227748
2.0868036225521807	0.007	0.005	0.25476735903686837	0.000248319916743413	0.13191528433866623	0.06920993104760749	86.53283880460658
2.1943123143113747	0.007	0.005	0.2528759055821454	0.0002473672898657435	0.13802567596897114	0.07209501526845262	85.89039842888776
2.305011540852759	0.007	0.005	0.25094299228458566	0.0002463863817800464	0.14422272130500685	0.07501478800498468	85.2338760403301
2.41926961233822	0.007	0.005	0.24896343167998586	0.0002453706149204625	0.15051977721112184	0.07797486774303684	84.56150969236778
2.5376490197937933	0.007	0.005	0.24692893673496444	0.00024431157976144506	0.15693933674891555	0.08098498401557344	83.87048465758885
2.661146159789161	0.007	0.005	0.24482420448169548	0.0002431967186609407	0.16352478213833582	0.08406437896319255	83.15560321640857
2.792156383835837	0.007	0.005	0.2426110354008244	0.00024199999909744948	0.17038836819985193	0.08726393868968864	82.40389073630122
2.9430127282125027	0.007	0.005	0.24008737475036637	0.0002405981825135834	0.1781383711879201	0.09086351982659131	81.5467184475277
3.0699615718687476	0.007	0.005	0.23798401207081182	0.00023939574565545868	0.18453538288051494	0.09382322043364173	80.83230218802593
3.1740576426040534	0.007	0.005	0.23627304473018673	0.00023840580912006212	0.18969722383136156	0.09620322994645582	80.2511647077901
3.270871153367641	0.007	0.005	0.2346928186157925	0.00023747584991734105	0.19443134117741617	0.09837915908930353	79.71443405226132
3.3684343519288236	0.007	0.005	0.23311104747754882	0.0002365253315483266	0.19913807181851542	0.10053560987592944	79.17717862267907
3.4688643810927813	0.007	0.005	0.23149393152988126	0.00023553413473477252	0.20391685983747376	0.10271763130398845	78.62791817523343
3.5712296836440123	0.007	0.005	0.22985719790029502	0.0002345115417815936	0.20871952569915503	0.10490255756143269	78.07199449701318
3.674268798588883	0.007	0.005	0.22822137712840146	0.00023347021025934303	0.21348523861016447	0.10706228870472524	77.51638087486862
3.777452918728026	0.007	0.005	0.22659492045842808	0.00023241568842724918	0.21818969696491758	0.1091856046793978	76.96394781056729
3.8806812466824905	0.007	0.005	0.2249793656011999	0.00023134929660560704	0.22282908340985105	0.11127066248832204	76.41521759426202
3.98396929491317	0.007	0.005	0.2233744045139984	0.00023027121385718553	0.2274049471789899	0.11331805897751973	75.87008559790718
4.087348082634119	0.007	0.005	0.22177949801689675	0.0002291814926112173	0.2319194597317201	0.11532867012112907	75.32836868670134
4.190843895824273	0.007	0.005	0.22019419311509472	0.00022808026244268512	0.23637450317153674	0.11730324078236373	74.78991299899535
4.29447675879942	0.007	0.005	0.21861814336418098	0.00022696774212887703	0.24077162300248323	0.11924236619945648	74.25460086344187
4.398261774327287	0.007	0.005	0.217051085137515	0.0002258442217972061	0.24511210486064366	0.12114652861079515	73.72234273810861
4.502210410487052	0.007	0.005	0.21549281562200923	0.00022471004564443982	0.24939704346803337	0.1230161296901714	73.19306973665054
4.606331344290132	0.007	0.005	0.21394317826466014	0.00022356559953506868	0.2536273885509976	0.12485151221652237	72.66672868516082
4.7106310330232395	0.007	0.005	0.2124020528030763	0.00022241130174597347	0.25780397655085757	0.12665297508811624	72.14327873599639
4.815114094978103	0.007	0.005	0.21086934847218008	0.00022124759603222237	0.26192755256746797	0.12842078377689387	71.62268906040491
4.919783602443394	0.007	0.005	0.20934499874555823	0.00022007494590019973	0.265998787362702	0.13015517841520868	71.10493706240152
5.024641258620595	0.007	0.005	0.20782895795006456	0.00021889383042137726	0.2700182887545463	0.1318563793002989	70.59000722890393
5.129687603830545	0.007	0.005	0.2063211975860342	0.00021770473993601208	0.27398661335177854	0.13352459240031722	70.07788987987728
5.234922181672456	0.007	0.005	0.20482170335652866	0.00021650817241314243	0.27790427598555606	0.13516001374116993	69.5685801593044
5.3403436717914134	0.007	0.005	0.20333047278025868	0.0002153046303842932	0.281771757265026	0.1367628328845056	69.06207722440467
5.44594998894535	0.007	0.005	0.20184751336644272	0.00021409461844678506	0.28558950939702354	0.13833323558340913	68.55838362571674
5.551738397166193	0.007	0.005	0.20037284064818286	0.00021287864075986417	0.2893579621403992	0.1398714064059886	68.05750463912601
5.657705639166234	0.007	0.005	0.19890647608182876	0.00021165719851355024	0.2930775288614375	0.1413775313033647	67.55944755237483
5.763848017737515	0.007	0.005	0.19744844568743347	0.00021043078809634803	0.29674861048191703	0.14285179922906102	67.06422120328709
5.870161449787487	0.007	0.005	0.1959987791145318	0.0002091998997165297	0.30037159820707915	0.14429440320452058	66.5718356624559
5.976641556286449	0.007	0.005	0.1945575082598242	0.00020796501572497108	0.30394687725007724	0.14570554172714653	66.08230176373392
6.083283724758467	0.007	0.005	0.19312466630936348	0.00020672660937068728	0.3074748293567718	0.1470854196377922	65.59563077890799
6.190083158186497	0.007	0.005	0.19170028700087163	0.00020548514381897763	0.3109558346858253	0.14843424868788965	65.1118341671417
6.297034938548259	0.007	0.005	0.1902844037239295	0.0002042410710911445	0.3143902739979663	0.1497522481844889	64.6309232693512
6.404134076654251	0.007	0.005	0.18887704883831039	0.0002029948312510125	0.3177785302234973	0.15103964535089143	64.15290907667372
6.5113755196873	0.007	0.005	0.18747825357203088	0.00020174685216808836	0.3211209885767393	0.15229667510618664	63.67780219584076
6.618754230019731	0.007	0.005	0.18608804700499185	0.0002004975485100772	0.32441803882158765	0.1535235806364944	63.20561250396672
6.7262651647173515	0.007	0.005	0.18470645636993566	0.0001992473219701222	0.3276700743415532	0.15472061273982468	62.73634925077066
6.833903326279247	0.007	0.005	0.18333350643627863	0.00019799656070903043	0.33087749337949507	0.15588802997588497	62.27002084929236
6.941663799359854	0.007	0.005	0.18196921909953573	0.0001967456390137694	0.3340406997406373	0.15702609859049296	61.80663473643824
7.049541751892268	0.007	0.005	0.18061361343663715	0.00019549491741966728	0.33716010238863975	0.1581350920275517	61.34619739177071
7.157532436170314	0.007	0.005	0.179266705761572	0.00019424474286992963	0.3402361150513432	0.1592152904513147	60.88871435640684
7.265631232887459	0.007	0.005	0.17792850915099703	0.00019299544840361231	0.3432691570336185	0.1602669806919798	60.43419007188978
7.373833630778645	0.007	0.005	0.17659903378161015	0.00019174735362878352	0.346259652167096	0.16129045553317048	59.98262799477914
7.482135234826444	0.007	0.005	0.17527828690802702	0.0001905007648821822	0.34920802859904804	0.16228601330647063	59.534030589136606
7.590531781635384	0.007	0.005	0.17396627275759624	0.00018925597532521064	0.3521147187671336	0.1632539575511076	59.08839929079951
7.6990191763878295	0.007	0.005	0.1726629921740732	0.0001880132648072928	0.3549801599184696	0.164194596849679	58.645734386353006
7.807593436332915	0.007	0.005	0.17136844339009114	0.00018677290083036344	0.35780479214455624	0.16510824384913939	58.2060352755033
7.916250720418824	0.007	0.005	0.1700826217521757	0.00018553513851737687	0.36058905875787406	0.16599521507727324	57.769300377677645
8.024987337364177	0.007	0.005	0.1688055197126108	0.00018430022084169132	0.36333340607446957	0.1668558305623508	57.335527129261536
8.133799724857653	0.007	0.005	0.1675371271594075	0.00018306837919418057	0.3660382824822591	0.16769041323953204	56.90471209567404
8.242684464717371	0.007	0.005	0.1662774313194115	0.00018183983353716444	0.36870413844607136	0.16849928866672156	56.4768509384579
8.351638298051881	0.007	0.005	0.16502641666795725	0.0001806147925629245	0.3713314264938577	0.1692827847343604	56.051938384593115
8.46065805372464	0.007	0.005	0.16378406582913244	0.0001793934548400695	0.3739205991419938	0.17004123077688574	55.62996853227567
8.569740728368151	0.007	0.005	0.1625503587302174	0.0001781760082254184	0.37647211050760065	0.1707749578010289	55.210934563719206
8.678883436402403	0.007	0.005	0.16132527324958648	0.0001769626307588657	0.3789864147905607	0.1714842977880138	54.794828965217704
8.788083396059639	0.007	0.005	0.1601087854380717	0.00017575349113702673	0.38146396568611346	0.17216958330060825	54.38164360233227
8.89733796601835	0.007	0.005	0.15890086917468108	0.00017454874861240355	0.3839052169601708	0.172831147422848	53.971369602954674
9.006644631396012	0.007	0.005	0.15770149639307837	0.00017334855346144533	0.3863106218553604	0.17346932337458104	53.56399743423205
9.116000989677081	0.007	0.005	0.15651063730043435	0.0001721530474436678	0.38868063253645607	0.17408444415736354	53.15951697690065
9.225404729333722	0.007	0.005	0.15532826066677147	0.0001709623643310796	0.3910156994201593	0.1746768421920066	52.757917623563095
9.334853637385248	0.007	0.005	0.15415433379352772	0.000169776630106479	0.39331627116000617	0.17524684914202973	52.35918826801102
9.444345635969155	0.007	0.005	0.15298882217720275	0.00016859596283963976	0.3955827952212984	0.17579479588068395	51.96331719098081
9.553878710105831	0.007	0.005	0.15183169033470703	0.00016742047375262198	0.3978157161950784	0.17632101191290508	51.570292340487256
9.663450951462272	0.007	0.005	0.15068290138134363	0.00016625026699809738	0.40001547656740416	0.17682582541710568	51.18010118848288
9.773060529559205	0.007	0.005	0.1495424173809654	0.00016508544022671105	0.40218251599126364	0.17730956293136274	50.792730849790765
9.882705728289757	0.007	0.005	0.1484101990096803	0.00016392608443686256	0.40431727188045213	0.17777254935189826	50.408167967880345
9.992384880755228	0.007	0.005	0.14728620627393854	0.00016277228491504486	0.4064201780106525	0.17821510749820832	50.026398958768965
10.102096420279718	0.007	0.005	0.14617039802020276	0.00016162412091296326	0.40849166541917825	0.17863755819624355	49.64740984447911
10.211838851516035	0.007	0.005	0.14506273227108063	0.0001604816661790569	0.4105321617469672	0.1790402200268959	49.27118636720729
10.321610736044043	0.007	0.005	0.14396316640268386	0.00015934498932091337	0.4125420908998456	0.17942340916297092	48.89771404956509
10.431410714309816	0.007	0.005	0.1428716569548748	0.00015821415377555167	0.414521873389103	0.17978743934546085	48.52697813012805
10.541237483931146	0.007	0.005	0.1417881598796654	0.00015708921823435053	0.4164719258713934	0.18013262170991787	48.15896364780597
10.651089814353885	0.007	0.005	0.14071263042463034	0.00015597023667758743	0.4183926613596273	0.1804592647465347	47.79365540224349
10.760966532403328	0.007	0.005	0.13964502330399772	0.0001548572587070904	0.4202844889170789	0.18076767417198594	47.43103801193163
10.870866522372918	0.007	0.005	0.1385852927230619	0.00015375032971869825	0.422147813623234	0.18105815285860188	47.07109592249997
10.980788704263006	0.007	0.005	0.13753339261039627	0.0001526494912910636	0.42398303618103134	0.1813310007161242	46.71381348558859
11.090732055689733	0.007	0.005	0.1364892764269346	0.00015155478111862806	0.42579055327302295	0.18158651469700174	46.35917489400173
11.20069561924186	0.007	0.005	0.13545289712077374	0.00015046623309285693	0.42757075765301045	0.1818249887548794	46.00716416635637
11.31067848069797	0.007	0.005	0.13442420735611488	0.00014938387767220106	0.4293240377690732	0.1820467137444598	45.65776522484306
11.420679754506974	0.007	0.005	0.13340315966522132	0.00014830774216671657	0.43105077753486043	0.1822519773585332	45.310961946839086
11.53069860569106	0.007	0.005	0.13238970625963284	0.00014723785065175809	0.4327513566824845	0.18244106414136435	44.96673810078657
11.640734228031485	0.007	0.005	0.13138379924839536	0.00014617422431449742	0.43442615042557475	0.18261425542048101	44.625077420315314
11.750785865972356	0.007	0.005	0.1303853904516888	0.00014511688136014257	0.4360755298051916	0.18277182932010475	44.28596354094031
11.860852800084636	0.007	0.005	0.12939443155004246	0.00014406583727554338	0.43769986147333695	0.1829140607144897	43.94938005074371
11.970934339808922	0.007	0.005	0.12841087416239122	0.00014302110501279548	0.4392995076032434	0.18304122120440233	43.61531051688676
12.081029830776	0.007	0.005	0.1274346697921056	0.00014198269502579454	0.44087482601768996	0.18315357911601643	43.283738467279
12.191138640250593	0.007	0.005	0.1264657699674941	0.00014095061551418797	0.44242617000289264	0.18325139947834745	42.95464743830001
12.301260171740534	0.007	0.005	0.12550412612245962	0.00013992487238119382	0.44395388854392515	0.1833349440346434	42.62802093426438
12.411393865023136	0.007	0.005	0.12454968960866507	0.00013890546933031762	0.44545832634448795	0.18340447123625053	42.303842431553086
12.52153916698805	0.007	0.005	0.12360241195743824	0.00013789240823218363	0.44693982345834216	0.18346023622572194	41.98209546757153
12.631695575425258	0.007	0.005	0.122662244509789	0.00013688568879736715	0.4483987159163632	0.18350249086692436	41.662763515082595
12.741862573381333	0.007	0.005	0.12172913898668847	0.00013588530927533337	0.449835334884271	0.1835314837225179	41.345830175904574
12.852039709432683	0.007	0.005	0.12080304681184947	0.0001348912657831728	0.45125000775951307	0.18354746009269376	41.0312789508909
12.962226517436713	0.007	0.005	0.11988391979917898	0.00013390355312853762	0.4526430571587666	0.1835506620032279	40.71909347342591
13.072422582220133	0.007	0.005	0.11897170960582684	0.00013292216427411078	0.4540148018032288	0.18354132823004032	40.409257323650905
13.182627568797358	0.007	0.005	0.11806636750852399	0.00013194709015158134	0.45536555688415237	0.18351969428939655	40.101753952496054
13.292841098304002	0.007	0.005	0.11716784543535973	0.0001309783208599724	0.4566956325615458	0.18348599246629957	39.7965670321284
13.403062733386925	0.007	0.005	0.11627609606879448	0.00013001584584153105	0.4580053338933364	0.18344045187398314	39.4936804909404
13.513292087703098	0.007	0.005	0.11539107195093895	0.00012905965294923656	0.4592949622186371	0.18338329845077428	39.19307820965392
13.623528789431951	0.007	0.005	0.11451272578798721	0.0001281097288362336	0.4605648147517751	0.18331475498645844	38.89474412472267
13.733772517791058	0.007	0.005	0.11364101016601558	0.00012716605869104232	0.46181518503786784	0.18323504111603212	38.59866213180178
13.84402298844775	0.007	0.005	0.11277587767929527	0.0001262286264276626	0.46304636280402184	0.18314437333710037	38.30481612932982
13.954279924320323	0.007	0.005	0.11191728116638504	0.000125297414994891	0.46425863366739795	0.18304296505153583	38.0131900987186
14.064543040976138	0.007	0.005	0.1110651738232549	0.00012437240654832537	0.46545227903022757	0.18293102660938468	37.72376814277626
14.174812061238631	0.007	0.005	0.11021950908807544	0.00012345358236621383	0.466627576297783	0.18280876532747217	37.436534446575536
14.285086729798108	0.007	0.005	0.10938024053112874	0.0001225409227683443	0.46778479908106174	0.18267638549991674	37.15147324006123
14.3953667913062	0.007	0.005	0.10854732202447812	0.00012163440734574076	0.4689242170105568	0.18253408844981908	36.868568855679506
14.505652012290367	0.007	0.005	0.10772070757677847	0.00012073401481451707	0.470046096013203	0.18238207253073427	36.58780567227049
14.615942173854881	0.007	0.005	0.10690035139203223	0.00011983972311834805	0.4711506982777724	0.18222053316092668	36.309168135024876
14.72623705707501	0.007	0.005	0.10608620797946405	0.00011895150958733421	0.47223828215555075	0.18204966287345387	36.03264079280363
14.836536442998321	0.007	0.005	0.10527823215180823	0.00011806935097069172	0.47330910221475064	0.1818696513493203	35.75820829755575
14.946840141867622	0.007	0.005	0.10447637881198314	0.00011719322322971327	0.474363409571324	0.1816806853993291	35.48585533186184
15.057147963903772	0.007	0.005	0.10368060316943077	0.00011632310181236278	0.47540145164765873	0.1814829490390773	35.21556668241455
15.16745974853035	0.007	0.005	0.10289086052988265	0.00011545896144667671	0.4764234724941007	0.18127662346652038	34.94732716861173
15.277775313235365	0.007	0.005	0.10210710666343115	0.0001146007765849146	0.4774297123574744	0.18106188718559782	34.68112176757329
15.388094482794742	0.007	0.005	0.101329297591454	0.0001137485211917985	0.4784204080088791	0.18083891598769278	34.41693554176944
15.498417111193925	0.007	0.005	0.10055738943396053	0.00011290216859860105	0.47939579298180796	0.1806078829352842	34.15475358717103
15.608743037791177	0.007	0.005	0.09979133871873618	0.00011206169187852683	0.48035609722399647	0.1803689584809868	33.8945611382516
15.719072109237594	0.007	0.005	0.09903110222508188	0.00011122706369517484	0.481301547343785	0.18012231045601157	33.63634351491336
15.829404179478567	0.007	0.005	0.09827663698384197	0.00011039825632647011	0.4822323666545159	0.17986810410041054	33.38008612249607
15.939739138984693	0.007	0.005	0.09752790007980112	0.000109575241463043	0.4831487754593377	0.17960650202300585	33.125774384660716
16.0	0.007	0.005	0.09712137909744768	0.00010913185772344805	0.4836432676765817	0.17946055703451533	32.987697769322416
