0.0	0.007	0.005	0.0	0.0	0.0	0.0	100.0
0.0061762778065432965	0.007	0.005	0.018302514827057637	6.48956913446221e-5	1.3693022292154307e-5	2.722401872224183e-5	99.93913203893268
0.011972612498904935	0.007	0.005	0.03451615497469811	0.00011998257673424136	5.049722824823554e-5	9.907256614242037e-5	99.88204216389319
0.0196706481512118	0.007	0.005	0.054695048093348506	0.0001853341334417462	0.00013298692193580296	0.00025648294831646777	99.80627226785357
0.02787047424687037	0.007	0.005	0.07460284136974879	0.00024625192848157023	0.00026012663969299525	0.0004929308718793545	99.7256265899881
0.03730116498733818	0.007	0.005	0.09563177809300255	0.00030666553311539587	0.0004524293964363089	0.0008407970558496943	99.63295586685719
0.04744785385606833	0.007	0.005	0.11621465306456435	0.0003617495796203337	0.0007095576116770006	0.001292429189072691	99.53334555291337
0.058500258627336044	0.007	0.005	0.13644869318584382	0.0004118034522365023	0.0010431633903786662	0.0018607682299550024	99.42495711708894
0.07026295824560344	0.007	0.005	0.15572781640058103	0.00045543505855351384	0.001453158076608826	0.002537632486277585	99.30973263038555
0.08276528852923283	0.007	0.005	0.17394010396932888	0.0004926143681844768	0.0019441477806667257	0.003322606767326322	99.18740929520655
0.09592755456552364	0.007	0.005	0.19086019594949424	0.0005231348814059409	0.002515291832800212	0.004206269167344591	99.05879192640904
0.1097415745301074	0.007	0.005	0.2064249294807156	0.0005472489325562654	0.0031670998243608544	0.005181530077430432	98.9239851986231
0.12417156789132051	0.007	0.005	0.22058050464992965	0.0005654201385775504	0.0038977587794374992	0.006238180584296209	98.78336328206902
0.13920791311477956	0.007	0.005	0.23333801989895508	0.0005784267847836495	0.004705802975928984	0.007367443624287318	98.63704506598832
0.1548400634306319	0.007	0.005	0.2447323469902652	0.0005872054902850047	0.005589099517424723	0.008560892075790647	98.48515886287139
0.17107180579205641	0.007	0.005	0.2548266472732364	0.0005927157637899237	0.006545875183513802	0.009812127784549698	98.32769436650852
0.18791059038262634	0.007	0.005	0.26369616464017814	0.0005958130121863793	0.007574315827507021	0.011116198353519286	98.16460699855509
0.20537015424899147	0.007	0.005	0.27142506162112834	0.000597195788364399	0.008672835450406952	0.012469765022797865	97.99579288022633
0.22346788513006627	0.007	0.005	0.2781011298136852	0.0005973999375031603	0.00984000613384739	0.01387073962845586	97.82111482759692
0.24222642625868296	0.007	0.005	0.28381363934590453	0.0005968190011742467	0.01107472359462806	0.01531820747050936	97.64038729847357
0.26167325544544484	0.007	0.005	0.2886507883722739	0.0005957322469329478	0.01237623128283838	0.016812198090782583	97.45338101170616
0.2818411724468226	0.007	0.005	0.29269808147344345	0.0005943318554003791	0.013744187131738757	0.018353550592714516	97.25981886089703
0.30276844847296186	0.007	0.005	0.29603704439336936	0.0005927458282794231	0.015178695703990806	0.019943781863666857	97.05937516956712
0.32449930285014383	0.007	0.005	0.298744385856503	0.0005910559992267792	0.016680351556024136	0.021585006725076676	96.8516719015352
0.3470840763192468	0.007	0.005	0.30089141104890177	0.0005893116863674411	0.01825025266484362	0.023279857346315568	96.63627788974094
0.37057996269866816	0.007	0.005	0.30254374366619324	0.0005875397311625459	0.01989004457778289	0.025031462044438454	96.41270286104078
0.3950516512758597	0.007	0.005	0.3037611893963333	0.0005857517713233495	0.021601951955168435	0.026843429168229967	96.1803924983792
0.4205722696873762	0.007	0.005	0.30459774280895296	0.0005839493961652263	0.023388824935014256	0.02871986091751841	95.93872086268406
0.4472245046967372	0.007	0.005	0.3051016826014672	0.0005821277332327791	0.025254191964356	0.030665383673414055	95.68698140825605
0.47510198761332323	0.007	0.005	0.30531573179242794	0.000580277875254363	0.02720232479724101	0.03268519747743224	95.42437584349739
0.5043110060939348	0.007	0.005	0.3052772601602543	0.000578388458141541	0.029238319171030883	0.03478514542664341	95.1500003534469
0.5349727311231208	0.007	0.005	0.3050185097042917	0.0005764466141874511	0.03136820292954292	0.03697181260776487	94.86282754305468
0.5672261638057193	0.007	0.005	0.3045668232000534	0.0005744384641972709	0.03359908350079051	0.03925266431417519	94.56168237991389
0.6012300974362006	0.007	0.005	0.3039448976170244	0.0005723493830906746	0.03593921430089455	0.04163609866092996	94.24522823952738
0.6371683305733871	0.007	0.005	0.30317099594413804	0.000570163870554358	0.03839826960504158	0.044131707559001136	93.91192376709708
0.6752540454286599	0.007	0.005	0.30225915609193904	0.0005678653530664016	0.04098753913566609	0.04675044756763185	93.55998917583652
0.7157365991388092	0.007	0.005	0.3012193465837414	0.0005654357653359066	0.04372025903982224	0.04950493882842533	93.18735224421698
0.7589095142451954	0.007	0.005	0.30005758425346846	0.00056285502250494	0.04661198482785932	0.05240979148183331	92.79158611293079
0.8051212181065952	0.007	0.005	0.29877597688236146	0.0005601003153206583	0.04968109668251648	0.05548204529013411	92.36982565814556
0.8547888609623719	0.007	0.005	0.29737268046838256	0.0005571452285017395	0.05294943715611309	0.05874171396233738	91.91866104492263
0.9084166908202407	0.007	0.005	0.2958417340418117	0.0005539586105057043	0.05644314841774846	0.06221248956617639	91.43399726486898
0.9666204005492717	0.007	0.005	0.2941727390070594	0.0005505031276187972	0.0601937560483429	0.0659226361883284	90.91087023409929
1.0301614391467238	0.007	0.005	0.2923502820776794	0.0005467332880212634	0.06423968830920442	0.06990623306977374	90.34318869286179
1.099985902083598	0.007	0.005	0.2903532782910652	0.0005425932912482389	0.06862778835994665	0.07420429224669328	89.72345756838651
1.177262467433415	0.007	0.005	0.2881544191879621	0.0005380150906296064	0.07341437486023067	0.0788652764223907	89.0425396393505
1.2633410406098873	0.007	0.005	0.28572195539990575	0.0005329214001585823	0.07866102066297657	0.08394032174589237	88.29014552997361
1.3592734782420703	0.007	0.005	0.283033707452283	0.0005272548926149051	0.08440428823366936	0.08945353064855055	87.45910945110533
1.4643751264125646	0.007	0.005	0.2801167979732755	0.0005210637750321358	0.0905729851098998	0.0953239439811941	86.55761971646807
1.5765305341803346	0.007	0.005	0.27703695024903024	0.0005144829799678882	0.09701613505062792	0.10139643928928772	85.60587383899139
1.6949232963386065	0.007	0.005	0.2738224284107157	0.0005075728112967481	0.10366468812903555	0.10759631909573647	84.61254983513793
1.819177320356533	0.007	0.005	0.27048882684775577	0.0005003698123866175	0.11047736083283224	0.11387624186441847	83.58244307279978
1.9493193514516558	0.007	0.005	0.267040747268533	0.0004928893031601775	0.11743602468660849	0.12021086944616444	82.51696662186299
2.085607312521708	0.007	0.005	0.263476935769525	0.00048513582976140285	0.12453426867325472	0.12658546614004954	81.41572989460306
2.2286957001599452	0.007	0.005	0.25978646621981066	0.0004770945223913155	0.131784098584113	0.13300107752426277	80.27535562795674
2.379789203595805	0.007	0.005	0.255945627716456	0.0004687242212701788	0.13922052750614458	0.13947714678169656	79.08851670966693
2.54124918484045	0.007	0.005	0.25190401201021895	0.00045992760616228584	0.1469258588013806	0.1460700838607457	77.83963663688003
2.718806464849174	0.007	0.005	0.24753309716494717	0.00045044136374898747	0.15512067460196435	0.1529441397089905	76.48900144355258
2.9483039859971134	0.007	0.005	0.24199574805220953	0.0004384866618644346	0.16529596416399975	0.16127056202346643	74.77793205827422
3.1229680289481494	0.007	0.005	0.2378645903153382	0.00042962244238112034	0.1727369833020847	0.16720462932693375	73.50138304832632
3.30043416085029	0.007	0.005	0.23373938087420099	0.0004208293536682124	0.18003911896943106	0.17289351274488343	72.22667209244551
3.4748951921416347	0.007	0.005	0.22975376727694277	0.00041239411993549156	0.1869724899118193	0.17816566075740714	70.9950969710415
3.64727721971858	0.007	0.005	0.22588240449446936	0.0004042615717979483	0.1935926209610437	0.18307608472256057	69.7988259396265
3.8182303640144477	0.007	0.005	0.22210755847224872	0.00039639235561179817	0.19993905349569854	0.1876646308815106	68.63237908404444
3.9883059497260924	0.007	0.005	0.21841469040276187	0.00038875371033209684	0.20604383812668728	0.1919633144701865	67.4912638379189
4.157945831706689	0.007	0.005	0.21479244736029082	0.00038131950796880274	0.21193210280515715	0.19599734840323793	66.37197208875278
4.327526800858272	0.007	0.005	0.21123150325414125	0.0003740678710816277	0.21762439922744392	0.19978728505567558	65.27162202650632
4.497364474189024	0.007	0.005	0.20772433760262468	0.0003669807207824378	0.22313737084252017	0.20334983069443557	64.18788978361867
4.667726534988312	0.007	0.005	0.20426484320713814	0.0003600429630649826	0.2284846291415148	0.20669872157798333	63.11888820427874
4.838840586766814	0.007	0.005	0.20084807426117865	0.0003532419617280043	0.23367734337806248	0.20984533622425555	62.063089008813805
5.010899059242087	0.007	0.005	0.19747007238551392	0.0003465671688839306	0.23872466652740876	0.21279915243288952	61.0192690376614
5.184063809403417	0.007	0.005	0.19412771171093113	0.00034000979568415236	0.24363410015521744	0.21556812758226299	59.986462381141344
5.358469694188445	0.007	0.005	0.19081857496450363	0.0003335625480559148	0.2484117864906792	0.21815900320757786	58.96392208947394
5.534227462201957	0.007	0.005	0.18754085108508092	0.00032721940848459246	0.2530627479411745	0.2205775534170809	57.95108853543938
5.711426154964021	0.007	0.005	0.18429324887346288	0.000320975452758607	0.2575910864284954	0.2228287897093116	56.94756273183736
5.890135052385289	0.007	0.005	0.18107492460644664	0.0003148266971894521	0.26200014887631334	0.22491713002631183	55.95308396385417
6.070405194038153	0.007	0.005	0.1778854217973144	0.0003087699722061772	0.2662926642100559	0.226846538553882	54.96751117474374
6.252270873840271	0.007	0.005	0.1747246151452612	0.0003028028066839028	0.2704708647537187	0.22862064512364796	53.99080564591241
6.435750688121085	0.007	0.005	0.17159266559789021	0.0002969233357543731	0.27453658413041465	0.2302428426832532	53.02301711099811
6.620848710464326	0.007	0.005	0.16848997594843307	0.0002911302116629846	0.27849134711254725	0.23171637147358992	52.06427003518307
6.8075554619357845	0.007	0.005	0.16541715258553874	0.0002854225280019068	0.28233644473693403	0.23304438812787442	51.11475179568192
6.995848987396488	0.007	0.005	0.16237496794011827	0.0002797997468055498	0.2860730024919331	0.23423002383525704	50.17470107762301
7.185695907457301	0.007	0.005	0.15936432586475793	0.0002742616324701376	0.28970203916658593	0.2352764312828264	49.24439717610878
7.37705257317754	0.007	0.005	0.15638622789676107	0.00026880818848015124	0.29322451937218025	0.23618682202968058	48.324149571322685
7.569866352044859	0.007	0.005	0.15344174014250964	0.0002634395963056349	0.29664140031675545	0.23696449481758372	47.41428769562533
7.764076968733933	0.007	0.005	0.15053196213113673	0.0002581561587612911	0.29995367155627634	0.2376128548996989	46.515151309179934
7.959617883151986	0.007	0.005	0.14765799793366163	0.00025295824815327886	0.3031623878519915	0.23813542507595414	45.62708157561551
8.156417817126485	0.007	0.005	0.14482092795097548	0.00024784625614874964	0.3062686973657815	0.23853584943791664	44.75041234437007
8.354402254291632	0.007	0.005	0.14202178402197016	0.0002428205500021584	0.30927386263576867	0.23881788995895564	43.885462458973365
8.553494848936632	0.007	0.005	0.13926152856891194	0.00023788143621294967	0.31217927424030084	0.2389854169945651	43.03252931286092
8.753618824312193	0.007	0.005	0.13654103640438564	0.0002330291289736737	0.31498645929857083	0.23904239496737145	42.19188322762529
8.954698270656909	0.007	0.005	0.13386108024241702	0.00022826372514358196	0.3176970842863787	0.23899286414335427	41.36376297587876
9.156660205179554	0.007	0.005	0.13122230844943328	0.0002235851653872679	0.32031296406867066	0.23884091874834	40.548368906185466
9.359434086940293	0.007	0.005	0.12862525821010157	0.00021899325775682251	0.3228360346729604	0.23859068442470963	39.74586701137307
9.562951403264206	0.007	0.005	0.12607036690746012	0.00021448769727657317	0.32526832981883297	0.23824629894671742	38.95639244505242
9.767147910731973	0.007	0.005	0.1235579504063503	0.000210068026909757	0.3276119898054784	0.23781188962225122	38.18004281108569
9.971963829405766	0.007	0.005	0.12108820890877518	0.000205733646948189	0.32986924347802715	0.23729155251447961	37.41687997292252
10.177343846585034	0.007	0.005	0.11866123503029333	0.00020148382787454826	0.3320423894425011	0.23668933406569836	36.666932549247434
10.383236996673457	0.007	0.005	0.11627702299503895	0.00019731772480405133	0.3341337777344713	0.23600921532023103	35.930198755288124
10.589596513018458	0.007	0.005	0.11393547766632724	0.0001932343913302894	0.3361457931202627	0.23525509853683824	35.20664919331886
10.796379612020994	0.007	0.005	0.11163642381265072	0.00018923279354235155	0.3380808396161521	0.2344307962314944	34.49622971590219
11.003547279225439	0.007	0.005	0.109379614763875	0.00018531182280696784	0.3399413268810269	0.23354002229415188	33.79886410069631
11.211063962697835	0.007	0.005	0.10716474148055959	0.00018147030914368316	0.34172965752836343	0.23258638541808524	33.11445685292309
11.41889731221518	0.007	0.005	0.10499144048426984	0.00017770703255217513	0.34344821655824015	0.2315733841304947	32.442895655874885
11.62701792465784	0.007	0.005	0.10285930114732741	0.00017402073320459997	0.34509936233399774	0.2305044033394403	31.78405362348486
11.835399082992732	0.007	0.005	0.1007678725021653	0.0001704101208143459	0.34668541885557225	0.22938271227495777	31.137791404453104
12.044016545127429	0.007	0.005	0.09871666903910893	0.0001668738822975662	0.348208669615604	0.22821146334677705	30.503958973790585
12.252848369935451	0.007	0.005	0.09670517570894971	0.00016341068812778824	0.3496713527263936	0.22699369176660042	29.88239717864
12.4618746150412	0.007	0.005	0.09473285374743448	0.0001600192001665826	0.3510756560542123	0.22573231677107047	29.272939538073427
12.671077183638216	0.007	0.005	0.09279914463252542	0.00015669807637300363	0.3524237142657176	0.22443014275283915	28.675413465905656
12.880439696685624	0.007	0.005	0.09090347350588082	0.00015344597469177685	0.35371760665972796	0.22308986079270604	28.089641327949288
13.089947279861018	0.007	0.005	0.08904525307820751	0.00015026155786128058	0.3549593550304379	0.22171405121860538	27.51544164878925
13.299586404190503	0.007	0.005	0.0872238867305678	0.0001471434969423957	0.3561509224200869	0.22030518626814743	26.952630070101996
13.509344864242594	0.007	0.005	0.08543877019101272	0.0001440904725227937	0.3572942130530435	0.2188656321407549	26.401019868744296
13.719211546854607	0.007	0.005	0.08368929483088061	0.00014110117877170884	0.35839107141052373	0.2173976527051928	25.860422975326202
13.929176393404994	0.007	0.005	0.0819748490808078	0.0001381743243910207	0.35944328270893716	0.21590341211576702	25.330650411765568
14.139230250127591	0.007	0.005	0.08029482062861663	0.00013530863498446393	0.3604525730116615	0.2143849783502689	24.811512970447172
14.349364759453719	0.007	0.005	0.07864859809096655	0.0001325028546184354	0.3614206097960094	0.21284432659545358	24.302821730770997
14.559572403999518	0.007	0.005	0.07703557136953244	0.00012975574524299354	0.36234900336743625	0.21128334158002873	23.80438816921352
14.769846313503896	0.007	0.005	0.07545513376637346	0.00012706608916651237	0.3632393072874496	0.2097038216819479	23.316024812987425
14.98018023844046	0.007	0.005	0.07390668266269478	0.00012443268917428167	0.3640930197027965	0.20810748185319455	22.837545449782652
15.190568495525367	0.007	0.005	0.072389620339947	0.0001218543689590847	0.3649115846059741	0.20649595674494203	22.36876538148999
15.40100589905453	0.007	0.005	0.07090335482021677	0.00011932997364964428	0.36569639309999685	0.20487080392821413	21.909501683886347
15.611487733859502	0.007	0.005	0.0694473003345384	0.00011685836977419398	0.36644878486577126	0.20323350676830418	21.459573351345657
15.822009728125195	0.007	0.005	0.06802087774557071	0.00011443844520601278	0.3671700496371193	0.20158547725526751	21.018801427447748
16.0	0.007	0.005	0.0668377598188546	0.00011242972575086002	0.36775640232127593	0.20018496772084196	20.653211896834563
