0.0	0.007	0.005	0.0	0.0	0.0	0.0	100.0
0.0060563336212431955	0.007	0.005	0.01561198322405056	5.746310715510698e-5	1.157406279203054e-5	2.485200096544708e-5	99.9538928897582
0.011196196430114894	0.007	0.005	0.027990453354123375	0.00010042592351958177	3.874384261983274e-5	8.178430386020195e-5	99.91477958550634
0.018226207863319015	0.007	0.005	0.04371742126550415	0.00015165201674685293	9.983596119294067e-5	0.00020604875335685107	99.86130741905494
0.02547635129698438	0.007	0.005	0.058589439046635404	0.00019656946620114405	0.0001895825237425687	0.0003826394830522862	99.80619084424387
0.03384211396052893	0.007	0.005	0.0741974167131278	0.00023989979724912237	0.00032388137870644417	0.0006377607060042494	99.74263098166747
0.04273661617237601	0.007	0.005	0.08913830864709768	0.00027750500328896924	0.0004993283528907663	0.0009588340483157215	99.67509835303561
0.05240984264928379	0.007	0.005	0.10365094317175573	0.0003100308187314992	0.0007243278682863136	0.001354866854897105	99.60170506558639
0.06265431271264475	0.007	0.005	0.11726340706057285	0.0003363720315755623	0.000997096350421738	0.0018157210218806422	99.52403652608558
0.07352531502426789	0.007	0.005	0.1299613732084179	0.0003564646859684979	0.0013206891339844012	0.0023392413505570905	99.44168416040232
0.08494563369537479	0.007	0.005	0.14160067880448968	0.0003699849321582528	0.0016937049019812845	0.002915155708527301	99.35524388914733
0.09692136775821564	0.007	0.005	0.15217518936081922	0.0003769078641553943	0.0021164065807720567	0.0035352389889033863	99.26468039254648
0.10942409311147654	0.007	0.005	0.16167270502287318	0.0003773987061224931	0.0025873457747400026	0.004188082902579756	99.1702197333382
0.12245415082148359	0.007	0.005	0.1701285614856892	0.0003719667325289022	0.0031056455339841544	0.004862928815109406	99.07187062455509
0.1360062440253493	0.007	0.005	0.17758830457341573	0.00036146849859522147	0.0036699242272339792	0.005548689853662173	98.96968473579587
0.1500883450115413	0.007	0.005	0.18411499692804328	0.00034703352878018013	0.004279145584346494	0.006235735831758444	98.86361412676455
0.16471202892577141	0.007	0.005	0.18977764675224396	0.0003299266045285081	0.004932336757739066	0.0069160458244406885	98.75358447416562
0.17989701852820014	0.007	0.005	0.19464955901350245	0.0003113869268412142	0.005628856278340909	0.0075838139677641475	98.63946111271937
0.19566645925618523	0.007	0.005	0.1988036469482068	0.0002925067132605123	0.0063682359526683234	0.008235325850142116	98.52108488183661
0.21204701655448221	0.007	0.005	0.20231102510567356	0.00027415629980341577	0.007150210877822086	0.008868846703449701	98.39827161562275
0.22906785427962356	0.007	0.005	0.20523977554624298	0.00025696072122478853	0.007974687626185079	0.009484310168469035	98.27082003111227
0.24676208600031688	0.007	0.005	0.2076545238310383	0.0002413115310876753	0.008841824574219814	0.010083024049185893	98.13850109631956
0.2651679809787248	0.007	0.005	0.20961592282826919	0.00022740221867100776	0.009752099869871182	0.010667335784950657	98.00104933766961
0.28433044739272717	0.007	0.005	0.2111802335882367	0.00021527324392360236	0.010706390197868504	0.01124032648523299	97.85815218803043
0.3043020175077467	0.007	0.005	0.21239897283978648	0.0002048575748735392	0.011706020792444044	0.011805538461663965	97.7094431794451
0.32514375430117815	0.007	0.005	0.21331873309130678	0.00019602052515379944	0.012752806349438785	0.012366765045549436	97.5544958417564
0.34692606306198653	0.007	0.005	0.2139811598680298	0.00018859147578482695	0.013849082206070942	0.012927901770745653	97.39281843917
0.36972966835154025	0.007	0.005	0.2144230638574722	0.00018238714623148664	0.014997739317098262	0.013492857655815708	97.22384762711125
0.3936468396176849	0.007	0.005	0.2146766223898938	0.00017722740973754445	0.01620226766498405	0.014065516366282308	97.04694045019234
0.41878297340728204	0.007	0.005	0.21476963283300401	0.00017294509712002622	0.01746681360246336	0.014649737586374742	96.86136393627505
0.445258618769289	0.007	0.005	0.21472578897174044	0.0001693912806238901	0.018796255087552487	0.015249389720088883	96.66628172124591
0.4732121529138561	0.007	0.005	0.2145649598732801	0.00016643734762485213	0.02019630428265851	0.015868409607217197	96.46073627920047
0.502802886235942	0.007	0.005	0.21430345980084695	0.000163974980586444	0.021673624945262673	0.01651087724624033	96.24362851613449
0.5342146018766061	0.007	0.005	0.21395430729253942	0.00016191484561141025	0.023235963059884006	0.017181100983637176	96.01369483160396
0.5676605019216447	0.007	0.005	0.21352745860730646	0.0001601845428359068	0.024892336537476214	0.017883730028416055	95.76947473348814
0.60338811571137	0.007	0.005	0.21303002782977457	0.00015872636062358707	0.026653208585468328	0.01862386024742474	95.50927986009306
0.6416846599531238	0.007	0.005	0.2124664930114103	0.00015749503598362988	0.028530665830827338	0.019407142872954364	95.23116107881158
0.6828806370417073	0.007	0.005	0.21183892059836631	0.00015645574293969537	0.030538489328112105	0.02023985049424758	94.93289001085549
0.7273483149937636	0.007	0.005	0.21114726294300856	0.00015558238061571055	0.032691956168431825	0.021128836096061546	94.61197921575071
0.775486659521896	0.007	0.005	0.210389860958528	0.00015485618553094817	0.03500697623708794	0.022081225878035533	94.26580095528315
0.8276786399644117	0.007	0.005	0.2095643698835554	0.00015426456123540086	0.03749792908044793	0.02310358826254908	93.89190267657536
0.8842104321124576	0.007	0.005	0.2086692584106766	0.0001537998066855723	0.04017379306317898	0.024200409362591758	93.48858736500074
0.9451811432193851	0.007	0.005	0.2077054007680812	0.00015345727596104174	0.043034046738033925	0.02537246419901854	93.05554505561265
1.0105009836809464	0.007	0.005	0.20667620307128737	0.00015323301085029453	0.046068952052035365	0.026616943436730187	92.59383855596998
1.0799953594475142	0.007	0.005	0.20558603460719185	0.00015312215335951023	0.049264766572185446	0.027929554720432567	92.10513961908597
1.1534957033138769	0.007	0.005	0.20443889225238182	0.00015311878852941705	0.05260810733432122	0.029306262708551446	91.59107619601691
1.2308606661160169	0.007	0.005	0.20323816849592283	0.00015321633180113428	0.05608693764877903	0.030743653063253818	91.0530825961317
1.3119762681213554	0.007	0.005	0.20198672828497696	0.00015340777509460684	0.059690549266755086	0.032238893431452795	90.49240045963073
1.3967568578573242	0.007	0.005	0.20068694785024085	0.00015368578494853329	0.06340956830674953	0.033789711319569815	89.91007513897522
1.4851526363529655	0.007	0.005	0.19934063561310927	0.0001540427628124983	0.06723623050423282	0.03539449138256489	89.30690851008082
1.5771601943727147	0.007	0.005	0.19794890130920287	0.00015447091732797785	0.07116474843926829	0.03705242162156667	88.68339434184814
1.6728359335218341	0.007	0.005	0.1965119837500671	0.0001549623591644477	0.07519175109481376	0.03876368305156573	88.03963830086481
1.772313451230509	0.007	0.005	0.19502902763766528	0.00015550921562381147	0.07931682531943654	0.040529698444253956	87.37525671398689
1.8758292728080914	0.007	0.005	0.1934977509358115	0.00015610377059152022	0.08354331554340719	0.04235351157944115	86.68922702988364
1.9837661764436918	0.007	0.005	0.19191387713932065	0.00015673865587021877	0.08787970605523779	0.04424044661448007	85.9796332666773
2.096735793662887	0.007	0.005	0.1902700367849354	0.00015740717166140756	0.09234234079520395	0.04619939816975223	85.2431738010293
2.2157604150313053	0.007	0.005	0.18855331926571642	0.00015810397231437595	0.09696156955235728	0.04824572400279446	84.47406452620612
2.342769681574809	0.007	0.005	0.18673851665074612	0.0001588270166908086	0.10179888976077879	0.05040925543405721	83.66101199637478
2.4826118346171873	0.007	0.005	0.18476054539382783	0.00015958598646443383	0.10701748257246052	0.052767066557988664	82.7748580307655
2.6780816803097354	0.007	0.005	0.18203081904986457	0.00016055566969718982	0.11412756115385073	0.0560190066877843	81.55190910460584
2.8050101372154743	0.007	0.005	0.18027990404750183	0.00016112973953955553	0.11863202623450335	0.05810242748265096	80.76747896322568
2.935227197245318	0.007	0.005	0.17850112479535513	0.00016165824086008748	0.12316325939853708	0.06021602404699221	79.97056531615507
3.066627020596755	0.007	0.005	0.17672397897445982	0.0001621282641253513	0.12764511826877561	0.062323665923960825	79.17438346514889
3.196122725092896	0.007	0.005	0.1749898970827704	0.0001625275848508407	0.1319748047067576	0.06437533351410171	78.3974947517478
3.3242863439980184	0.007	0.005	0.17329040757648384	0.00016285886776974974	0.13617636163043625	0.06638035016427364	77.6361038264949
3.4513997888540335	0.007	0.005	0.17162114714754836	0.0001631239596175651	0.14026293903701095	0.06834318055222473	76.88825587699374
3.5777509708338298	0.007	0.005	0.16997783229675506	0.00016332476905292647	0.1442470344221132	0.07026820090812765	76.15203184613102
3.703567443231554	0.007	0.005	0.16835710745517893	0.00016346307195367406	0.14813849290265904	0.07215869762223034	75.42592840027663
3.829045872070987	0.007	0.005	0.16675612856212874	0.00016354056950682155	0.15194561364024275	0.074017358689164	74.70867136739668
3.954355255381697	0.007	0.005	0.16517250021867133	0.00016355889263856832	0.15567536514295752	0.07584634843232475	73.9991875811059
4.0796375768048545	0.007	0.005	0.16360424821512612	0.00016351961548931356	0.1593335068456656	0.07764734239316343	73.2965925726684
4.205015873130341	0.007	0.005	0.16204970187528758	0.00016342427014151122	0.16292491201207512	0.07942166653092432	72.60013785985024
4.330595772696094	0.007	0.005	0.1605074625558034	0.00016327435730605763	0.16645367702489056	0.08117033637290456	71.90919683427774
4.456468418491248	0.007	0.005	0.15897635690028908	0.00016307135545768587	0.16992325968721467	0.08289411367514339	71.22324381874007
4.582712463292432	0.007	0.005	0.15745540359722973	0.00016281672832080005	0.1733365803084146	0.08459354737563958	70.54183917434604
4.70939581536414	0.007	0.005	0.15594378473445905	0.0001625119306057237	0.17669610760648363	0.08626900908900464	69.86461646699934
4.836577055707554	0.007	0.005	0.15444082241103996	0.00016215841233467877	0.18000392886597824	0.08792072240927985	69.19127198925155
4.964306641451123	0.007	0.005	0.15294595895818608	0.00016175762185654822	0.1832618088601383	0.08954878790298268	68.52155589904623
5.0926279049089445	0.007	0.005	0.15145874045149252	0.0001613110078224067	0.18647123886497374	0.09115320417456386	67.85526483300801
5.2215778108134625	0.007	0.005	0.14997880375248604	0.0001608200206262771	0.18963347582869988	0.09273388481472333	67.19223610090698
5.351187714161504	0.007	0.005	0.1485058641262332	0.00016028611271886995	0.19274957849553	0.09429067446060782	66.53234213820485
5.481483881928348	0.007	0.005	0.14703970607061478	0.00015971073885512235	0.19582043512029648	0.0958233611533561	65.87548639746342
5.6124879848685145	0.007	0.005	0.1455801748742876	0.0001590953557287694	0.1988467884036752	0.09733168770270453	65.22159956621431
5.744217526620535	0.007	0.005	0.14412716923106492	0.00015844142121657618	0.20182925711082148	0.09881536170529771	64.57063625811577
5.876686131076803	0.007	0.005	0.14268063571380551	0.00015775039378628763	0.20476835292467158	0.10027406343118565	63.92257253719167
6.009903906809673	0.007	0.005	0.14124056264015028	0.00015702373108537096	0.20766449775705736	0.10170745412541786	63.27740316961037
6.143877651604645	0.007	0.005	0.13980697590795751	0.00015626288899349625	0.2105180363372163	0.10311518210411937	62.63513975791116
6.278611125901684	0.007	0.005	0.13837993426393255	0.00015546932001291193	0.21332924934289407	0.10449688922383601	61.995808621296796
6.414105235761456	0.007	0.005	0.13695952571795875	0.00015464447191530805	0.21609836367954355	0.10585221601062283	61.35944918921114
6.550358240714946	0.007	0.005	0.13554586384185574	0.00015378978604560603	0.2188255624989964	0.10718080670430609	60.726112343141004
6.687365896401566	0.007	0.005	0.13413908489020215	0.00015290669586750515	0.22151099316662096	0.1084823133175176	60.09585912671117
6.825121667607669	0.007	0.005	0.1327393443223356	0.00015199662492885714	0.22415477596803118	0.10975640005197856	59.468759187500304
6.963616912616681	0.007	0.005	0.13134681376813112	0.00015106098487778637	0.22675701153791838	0.1110027470620975	58.844889417674345
7.102840972962153	0.007	0.005	0.1299616790670826	0.00015010117404996387	0.22931778592100083	0.11222105304328504	58.22433307547284
7.242781407746178	0.007	0.005	0.12858413696820672	0.0001491185750176898	0.23183717780723684	0.11341103881073511	57.607178306727256
7.383424161445516	0.007	0.005	0.12721439264084344	0.00014811455253503053	0.2343152638910273	0.11457244990094921	56.99351702967127
7.5247537004890805	0.007	0.005	0.12585265760783818	0.00014709045169768867	0.23675212316332586	0.11570505859188673	56.383444008982586
7.666753164654713	0.007	0.005	0.12449914764060303	0.00014604759601367706	0.23914784100968492	0.11680866575097931	55.77705591274533
7.809404590338712	0.007	0.005	0.12315408009047894	0.00014498728495916422	0.2415025140282708	0.1178831029138669	55.17445011687069
7.952689045166448	0.007	0.005	0.12181767219523285	0.00014391079222393285	0.24381625284724467	0.11892823332967283	54.57572394638668
8.096586786017594	0.007	0.005	0.12049013926698822	0.00014281936384691248	0.24608918494048404	0.1199439529082962	53.98097386361134
8.241077421461762	0.007	0.005	0.11917169294890674	0.00014171421638936403	0.24832145711487666	0.12093019091341566	53.39029468712518
8.386140097579633	0.007	0.005	0.11786253937129489	0.00014059653500658409	0.2505132379650798	0.121886910528661	52.803778765685905
8.531753639492491	0.007	0.005	0.11656287782171999	0.00013946747195314608	0.2526647192759837	0.12281410884943217	52.22151538242529
8.677896656897213	0.007	0.005	0.11527289982301159	0.00013832814547797055	0.2547761166180566	0.1237118164348422	51.64359034178262
8.824547709984593	0.007	0.005	0.11399278775568632	0.00013717963835525456	0.25684767058195573	0.12458009704864136	51.07008535233568
8.971685448644354	0.007	0.005	0.11272271381143663	0.0001360229967335826	0.25887964734607644	0.12541904702141807	50.501077557951085
9.119288684847268	0.007	0.005	0.11146283959726318	0.00013485922963092696	0.26087233812137683	0.1262287940738939	49.93663936043159
9.267336514745852	0.007	0.005	0.11021331536509178	0.0001336893081486694	0.2628260591531694	0.12700949631638606	49.376838074375016
9.415808432003823	0.007	0.005	0.10897427938352687	0.00013251416486370905	0.26474115144112664	0.1277613410714553	48.821735645713
9.564684352882496	0.007	0.005	0.10774585809562934	0.00013133469403357032	0.2666179792202761	0.12848454316701016	48.271388722397056
9.713944700232577	0.007	0.005	0.10652816580948339	0.00013015175142886394	0.26845692918402797	0.12917934350626978	47.72584851576889
9.863570467742225	0.007	0.005	0.10532130458940953	0.00012896615441510654	0.27025840940142115	0.1298460074956908	47.18516075182281
10.01354326405832	0.007	0.005	0.10412536433646312	0.00012777868227940978	0.27202284797116405	0.13048482336521167	46.64936570726987
10.163845336457575	0.007	0.005	0.10294042304657358	0.00012659007679529852	0.2737506914529842	0.1310961004136917	46.118498325187275
10.31445956380397	0.007	0.005	0.10176654731196826	0.00012540104309682724	0.27544240300360934	0.13168016717289635	45.5925884396618
10.465369548645093	0.007	0.005	0.10060379205136297	0.00012421224981334263	0.27709846168201957	0.13223737000058092	45.071660654912236
10.61655955877629	0.007	0.005	0.09945220142042474	0.00012302433045622218	0.27871936010229026	0.13276807112419345	44.55573475318759
10.768014527685558	0.007	0.005	0.0983118092414198	0.0001218378843659747	0.2803056028682698	0.13327264700844157	44.04482588725356
10.919720084387484	0.007	0.005	0.09718263920658114	0.0001206534774534064	0.2818577053845682	0.13375148688084681	43.53894467150411
11.071662532328892	0.007	0.005	0.09606470546008036	0.00011947164336640832	0.2833761922002768	0.13420499114748433	43.03809744269158
11.223828827408706	0.007	0.005	0.09495801316604707	0.00011829288467284449	0.2848615954510578	0.13463356989699646	42.542286514405596
11.376206575390185	0.007	0.005	0.09386255891746141	0.00011711767389437524	0.28631445358758434	0.13503764154395972	42.05151036026195
11.528783998329539	0.007	0.005	0.09277833135335432	0.00011594645478193563	0.2877353098923545	0.1354176314661145	41.565763890415354
11.68154992049455	0.007	0.005	0.09170531161412858	0.00011477964342950598	0.28912471128264233	0.13577397078199904	41.085038655548296
11.83449376383458	0.007	0.005	0.09064347371520722	0.00011361762930347351	0.29048320727806226	0.1361070952237117	40.60932301427028
11.987605482049926	0.007	0.005	0.08959278532866471	0.00011246077672973235	0.29181134850724266	0.13641744395398783	40.1386024832974
12.140875605674342	0.007	0.005	0.0885532077762972	0.00011130942550488782	0.2931096862807052	0.13670545870019787	39.672859734347604
12.2942951751236	0.007	0.005	0.08752469678275868	0.00011016389235042742	0.2943787712455964	0.13697158271710982	39.21207493155465
12.447855703620412	0.007	0.005	0.08650720299243146	0.00010902447210527044	0.2956191524079913	0.13721625990579633	38.75622596303177
12.601549170220848	0.007	0.005	0.08550067226582113	0.00010789143866228385	0.2968313764771182	0.13743993405434815	38.305288573660164
12.755368022739127	0.007	0.005	0.08450504590216044	0.00010676504580745136	0.2980159873339164	0.13764304814293463	37.85923646481834
12.909305129420622	0.007	0.005	0.08352026118251032	0.00010564552841513064	0.2991735251548166	0.13782604363343784	37.41804153769713
13.063353740424347	0.007	0.005	0.08254625182294853	0.00010453310353336886	0.3003045256953279	0.13798935984876953	36.98167409633405
13.217507520495854	0.007	0.005	0.08158294796247038	0.00010342797091571557	0.30140952015072153	0.13813343348229312	36.550102842192175
13.371760469124522	0.007	0.005	0.08063027685040144	0.00010233031435126804	0.3024890342352787	0.1382586980349451	36.12329518212912
13.526106932353535	0.007	0.005	0.07968816293742902	0.00010124030228830218	0.3035435879888696	0.1383655834031048	35.70121726918044
13.680541594023248	0.007	0.005	0.07875652809018499	0.00010015808858376409	0.30457369546080687	0.13845451547875134	35.28383409869486
13.835059436148853	0.007	0.005	0.07783529198019536	9.908381344382823e-5	0.30557986422703787	0.13852591577328008	34.87110968258828
13.989655729817883	0.007	0.005	0.07692437227285683	9.801760411408167e-5	0.30656259515750134	0.13858020110503738	34.46300713400772
14.144326005473946	0.007	0.005	0.07602368492783505	9.695957568667966e-5	0.30752238208419774	0.13861778331446334	34.05948880191271
14.299066064059623	0.007	0.005	0.07513314424961279	9.59098315933033e-5	0.3084597117573638	0.13863906902544515	33.660516293721976
14.453871947080543	0.007	0.005	0.07425266317120904	9.486846436060542e-5	0.30937506356724176	0.1386444594223329	33.26605060242256
14.608739927061345	0.007	0.005	0.07338215340840033	9.383555619580713e-5	0.3102689094220747	0.1386343500635609	32.87605217566271
14.763666631359392	0.007	0.005	0.07252152487050115	9.281117865188945e-5	0.3111417143887872	0.13860913069170921	32.490480651775044
14.918648765693444	0.007	0.005	0.07167068730079539	9.179539498334292e-5	0.3119939350716266	0.13856918511334407	32.109295594708314
15.073683104198697	0.007	0.005	0.07082955036882012	9.078826062568091e-5	0.3128260196365269	0.13851489114617122	31.73245653537198
15.228766623285969	0.007	0.005	0.06999802299111277	8.978982271061212e-5	0.31363840859045067	0.13844662051205403	31.359922667322934
15.383896512352445	0.007	0.005	0.06917601334980707	8.880012040944702e-5	0.3144315348414369	0.13836473874011299	30.991652855096785
15.539070174188904	0.007	0.005	0.06836342896630199	8.78191853293304e-5	0.3152058237081157	0.13826960508452527	30.627605667212208
15.69428514309264	0.007	0.005	0.06756017719584649	8.684704241807845e-5	0.3159616925410447	0.1381615725157108	30.267739597750918
15.849539115979237	0.007	0.005	0.06676616511537234	8.58837101102135e-5	0.3166995509390104	0.13804098767065862	29.912013016105114
16.0	0.007	0.005	0.0660055713687332	8.49594077559468e-5	0.31739766300089417	0.13791250016532672	29.57125823394679
