0.0	0.007	0.005	0.0	0.0	0.0	0.0	100.0
0.0067418037989348985	0.007	0.005	0.017476223443027093	6.088581271520927e-5	1.4244210150577456e-5	4.762993803562905e-5	99.9335146710516
0.012267419302553182	0.007	0.005	0.031188487558392302	0.00010324027390006145	4.653658793387153e-5	0.0001503864889744348	99.87905593146577
0.0199985193097657	0.007	0.005	0.049491664146472894	0.00015293445162247252	0.00012140389155739065	0.0003746878112617726	99.80291043148029
0.027913481340059096	0.007	0.005	0.06721553088386487	0.000194213538643254	0.00023211087489231783	0.0006848227649459675	99.72501416785836
0.03719627817759201	0.007	0.005	0.08676831322217049	0.00023268202409851792	0.00040325405153527466	0.0011314544115425596	99.63373361954858
0.04713475570814428	0.007	0.005	0.10631606001316753	0.0002644608231671234	0.0006327253650688899	0.0016871995783527848	99.53609817460328
0.05813503094720892	0.007	0.005	0.1263946885654022	0.00029085741852102556	0.0009384696518729421	0.0023731275935022257	99.42814319807317
0.06997287873918683	0.007	0.005	0.1463084975274378	0.0003113705029987131	0.0013235248717272077	0.0031721724709855978	99.31209921012874
0.08280868838262406	0.007	0.005	0.16607550072486885	0.0003265454057266419	0.0018011325095512803	0.004088270661213842	99.18642544665887
0.09659934422960674	0.007	0.005	0.18537794844087668	0.00033651233866184923	0.0023775917077940465	0.005109398087184162	99.05158011956942
0.11142399773040038	0.007	0.005	0.2040982065757235	0.0003414630918516776	0.003063240162615377	0.006229609057545387	98.90682879175965
0.12726447011777586	0.007	0.005	0.22200625777125702	0.0003415285654555651	0.0038634375391042503	0.007432918534339269	98.75239254149254
0.1440882997508738	0.007	0.005	0.23890447090262015	0.0003370876443764597	0.004781113806491663	0.008699818580545712	98.58863312921201
0.1618155625475781	0.007	0.005	0.2546077711575901	0.0003289627660342728	0.005814546890632674	0.010006685230284038	98.41637371586111
0.18042992741285285	0.007	0.005	0.26904582215286665	0.00031835466618583796	0.0069637459971632785	0.011336644968509382	98.23581809232522
0.19999012886118311	0.007	0.005	0.2822303664109577	0.0003065687040537138	0.008232484283706924	0.012681851178969734	98.04644495557555
0.22055775463809005	0.007	0.005	0.29417890226609444	0.00029478135772821715	0.009624467731864506	0.014038807474042457	97.84771212278261
0.2420429683512977	0.007	0.005	0.3048448004281702	0.000283931373687664	0.011132297606117371	0.015398680275405833	97.64054334009586
0.2642667933973364	0.007	0.005	0.31419725971039153	0.0002745724177584897	0.012740434362602821	0.016751932322086473	97.42671407600788
0.28717569710136553	0.007	0.005	0.3223073304295463	0.0002668262009024321	0.014440943328861696	0.018099936875686277	97.20678338618306
0.31080905542148274	0.007	0.005	0.3292870591961122	0.00026056456602953614	0.01623253872251818	0.019450300750255896	96.98041802374746
0.33523896114844487	0.007	0.005	0.33524779257900106	0.00025556192046357603	0.018116677967643827	0.02081195804065	96.74697723179855
0.36054614618792036	0.007	0.005	0.3402898459216025	0.00025157514324756624	0.02009579433366448	0.022193357264978612	96.50574609386213
0.386808730644411	0.007	0.005	0.34450176905277025	0.0002483811101329365	0.022172344700536036	0.023601782710619485	96.25604393480116
0.4140998232186037	0.007	0.005	0.3479628015376209	0.0002457907233352337	0.02434852087522798	0.025043316425612673	95.99724733176457
0.44248837381601286	0.007	0.005	0.35074525969344506	0.0002436513765340094	0.026626241474432193	0.026523014723759186	95.72878204276108
0.4720417630863295	0.007	0.005	0.3529161776557514	0.0002418439240358568	0.029007311127183206	0.028045173087601363	95.45009868850109
0.5028301875558676	0.007	0.005	0.3545381919409742	0.00024027740866035705	0.03149374557911119	0.029613662478134472	95.1606319915526
0.5349299180172581	0.007	0.005	0.35566968472652893	0.00023888344429401142	0.03408801565848006	0.031232179607325945	94.85977134383239
0.5684263972768004	0.007	0.005	0.3563646331435488	0.00023761100961640943	0.03679327618576074	0.03290446269665586	94.54683355198793
0.6034165844152702	0.007	0.005	0.3566723510219517	0.0002364220652107959	0.039613525054749216	0.03463444454175725	94.22104332441442
0.6400111691927732	0.007	0.005	0.3566372756284922	0.00023528805668697426	0.042553738943206784	0.03642637712018651	93.88151564615478
0.678336886619	0.007	0.005	0.35629883940607066	0.0002341872364938811	0.045620001825202885	0.03828494087502844	93.52723797916856
0.7185397726629805	0.007	0.005	0.3556914169989714	0.0002331026498841912	0.04881969095092793	0.04021538004544008	93.15704468732271
0.7607857904198616	0.007	0.005	0.3548443952877073	0.00023202073215512179	0.05216143371245441	0.04222349306078072	92.76961673832908
0.805266404654816	0.007	0.005	0.35378224281079534	0.00023093017664842217	0.05565543629172441	0.04431584204980724	92.36343707830355
0.8522017100039165	0.007	0.005	0.35252464610905554	0.0002298211713253091	0.05931358839075182	0.04649982174769355	91.93677030502315
0.9018463049889909	0.007	0.005	0.35108662290339854	0.00022868478053367442	0.06314974933864718	0.04878383258870063	91.48761936352534
0.9544952002254772	0.007	0.005	0.3494786529017751	0.0002275124822483541	0.06717999128559496	0.05117742296777857	91.01368479575572
1.0104914655142	0.007	0.005	0.3477067793216216	0.00022629577656979905	0.07142292066234568	0.05369147275442385	90.51231182684178
1.0702344217066937	0.007	0.005	0.3457727109172153	0.0002250258634346342	0.07589997044235508	0.056338353235018984	89.98043711933038
1.1341878999327755	0.007	0.005	0.3436739422132854	0.0002236933766709943	0.080635613210402	0.059132033217627146	89.41454045137364
1.2028852403054922	0.007	0.005	0.3414040021342577	0.00022228822480864475	0.08565723911828874	0.06208797985467211	88.81063154890803
1.276923646973529	0.007	0.005	0.3389530740414178	0.00022079966579504907	0.09099417819941444	0.06522254960964205	88.16433609250726
1.3569319564476259	0.007	0.005	0.3363094980771495	0.00021921689773838913	0.09667481380578898	0.06855125860022504	87.47121455493073
1.4434879868474029	0.007	0.005	0.33346288551055164	0.00021753057129363435	0.10272036142684846	0.07208511803649496	86.72750428875193
1.5369850599894392	0.007	0.005	0.3304087365283519	0.00021573514662338628	0.1091357827617284	0.07582534846873357	85.93125751276919
1.6375516152582592	0.007	0.005	0.3271510491120175	0.000213830083487118	0.11590537637704713	0.07976089988351809	85.08296356829464
1.7451959009614242	0.007	0.005	0.3236974882044177	0.00021181681231094166	0.12300394967051512	0.08387505684640136	84.18424470251045
1.8601192441796794	0.007	0.005	0.32004944343169206	0.00020969289359656915	0.13041775179724677	0.08815757621883176	83.23522834454178
1.9830316344277528	0.007	0.005	0.3161926827691879	0.0002074465595887883	0.13816280459758756	0.09261507597237838	82.23207652662332
2.115725976251987	0.007	0.005	0.31208083954311266	0.00020504692399700276	0.14631573250391217	0.09728826766076319	81.16265632534227
2.2637544370750415	0.007	0.005	0.307556754428792	0.000202397212054835	0.15516202045017308	0.10233537348547979	79.98605732009072
2.4617779639386663	0.007	0.005	0.30160700780252875	0.00019888515193396025	0.16659846456706381	0.10882113368332184	78.43870160534338
2.5849457689025237	0.007	0.005	0.2979645364788764	0.00019672918319265577	0.1734892112453431	0.11270588768645305	77.49140504045072
2.6982312071466747	0.007	0.005	0.2946531647347409	0.00019476052920598165	0.1796806286454365	0.11618050422002948	76.6302184239177
2.813979212229625	0.007	0.005	0.2913078156001671	0.0001927599552952695	0.18586501008113482	0.11963528324807017	75.76019574557735
2.934026306539138	0.007	0.005	0.2878783314938292	0.00019069785008791814	0.19213129861562397	0.1231186533493035	74.86829234105231
3.0565746922840833	0.007	0.005	0.28441903214079856	0.00018860675035965504	0.19837653939415054	0.12657209192120172	73.9686349980368
3.179917303612588	0.007	0.005	0.28097928588570437	0.00018651659858219972	0.20451126148283136	0.12994561527648268	73.07406285375016
3.303518531748885	0.007	0.005	0.2775740579835325	0.00018443683481951824	0.2105105324615188	0.13322553653660446	72.18846788754942
3.42734244045033	0.007	0.005	0.2742040749097255	0.0001823683473591117	0.21637532321726236	0.13641256310475725	71.3120390234792
3.551448963139084	0.007	0.005	0.2708674544572191	0.00018031046213519777	0.22211110053987282	0.13950985583010198	70.4442867532477
3.67589482561886	0.007	0.005	0.2675624783030142	0.00017826261809725051	0.22772287363736263	0.14252030119618145	69.5847641921764
3.8007196424783776	0.007	0.005	0.26428794743556505	0.00017622457962080808	0.23321462259224301	0.14544621205048103	68.73315951352826
3.9259474858883503	0.007	0.005	0.2610431126791723	0.00017419639004511952	0.23858946951033913	0.14828943342425646	67.88927787945288
4.051590050182051	0.007	0.005	0.2578275684252006	0.00017217830275824552	0.24384989942580879	0.151051471926755	67.05301380349836
4.177649504545756	0.007	0.005	0.25464116086383054	0.00017017072131895225	0.24899794375191428	0.15373360167976352	66.22432728441022
4.304120736225682	0.007	0.005	0.25148391720805363	0.00016817415276884146	0.25403531846304084	0.15633694336643628	65.40322539942659
4.430993162031946	0.007	0.005	0.2483559900591663	0.00016618917058848105	0.2589635294484156	0.15886252368486511	64.58974783543742
4.55825219349408	0.007	0.005	0.24525761378905547	0.00016421638541757854	0.26378395222508405	0.16131131953625963	63.783955545351816
4.685880458282467	0.007	0.005	0.24218906964555884	0.00016225642150992256	0.26849789288818926	0.1636842909622123	62.98592167307302
4.813858737586138	0.007	0.005	0.23915065993298523	0.00016030989919645623	0.2731066311120805	0.1659824036578162	62.19572483864519
4.942166783007134	0.007	0.005	0.23614268679374498	0.00015837742051719097	0.2776114532080533	0.1682066454525603	61.41344362000806
5.070783940730824	0.007	0.005	0.23316543694737063	0.00015645955889695035	0.28201367395644855	0.17035803637257946	60.63915258408579
5.1996896212238735	0.007	0.005	0.23021917107460238	0.00015455685202691414	0.28631464998226114	0.17243763393454467	59.872919525914284
5.328863671074604	0.007	0.005	0.22730411622577934	0.00015266979689572863	0.29051578766006325	0.1744465353463098	59.11480349429739
5.458286619016354	0.007	0.005	0.22442046164655305	0.00015079884721055762	0.294618545425442	0.17638587672773168	58.3648537062035
5.587939871473827	0.007	0.005	0.22156835610118342	0.00014894441194258307	0.2986244336384115	0.1782568310084081	57.62310885063714
5.717805805009604	0.007	0.005	0.2187479077135148	0.00014710685564075422	0.3025350108003582	0.18006060404269897	56.889597047281896
5.84786784938928	0.007	0.005	0.21595918411665546	0.00014528649905086767	0.30635187945324344	0.18179843059724496	56.164335885427235
5.978110500659299	0.007	0.005	0.21320221416124172	0.00014348362083517713	0.31007668012289274	0.18347156950113633	55.447332868235584
6.108519306948318	0.007	0.005	0.2104769901576342	0.00014169845970439548	0.3137110848530791	0.1850812987338229	54.738585995868405
6.239080844222652	0.007	0.005	0.2077834702468124	0.00013993121667692059	0.3172567909175335	0.18662891073845017	54.03808438208309
6.369782716728199	0.007	0.005	0.20512158017937834	0.0001381820569716858	0.3207155156459337	0.1881157083679594	53.34580871689678
6.500613443619221	0.007	0.005	0.20249121731564554	0.00013645111338067721	0.32408898870019764	0.18954299988932757	52.66173230688662
6.631562465665895	0.007	0.005	0.19989225203046096	0.00013473848792851858	0.32737894810740154	0.19091209578649815	51.985821440540604
6.762620046949635	0.007	0.005	0.19732453112487283	0.00013304425485176778	0.3305871340227728	0.1922243047521338	51.31803627552726
6.893777236333733	0.007	0.005	0.19478787989408336	0.00013136846267442282	0.33371528454787114	0.1934809307169566	50.658331376506744
7.0250258456082335	0.007	0.005	0.19228210377941235	0.00012971113598466842	0.33676513231732125	0.19468327032450408	50.00665614475532
7.1563583400166015	0.007	0.005	0.18980699158848552	0.00012807227823161225	0.33973839943099293	0.19583260989446813	49.36295565563773
7.287767823814592	0.007	0.005	0.18736231676167486	0.00012645187319566275	0.342636795043271	0.19693022359219328	48.72717098796891
7.419247947020979	0.007	0.005	0.18494784002235518	0.00012484988735310615	0.3454620115056003	0.19797737116572547	48.09923991326431
7.550792933660378	0.007	0.005	0.18256330967527165	0.0001232662706402239	0.34821572348939156	0.19897529692801338	47.47909697333614
7.682397461576338	0.007	0.005	0.1802084645553823	0.00012170095895883995	0.3508995841672331	0.19992522774915078	46.8666742471964
7.81405667261971	0.007	0.005	0.17788303449511422	0.00012015387499302104	0.3535152244601312	0.2008283722889464	46.26190147257609
7.945766112870806	0.007	0.005	0.1755867419947901	0.00011862492980128168	0.35606425102102546	0.20168591985541556	45.66470648035143
8.077521707517795	0.007	0.005	0.17331930319769384	0.0001171140239146216	0.35854824514017924	0.20249903967820213	45.07501544812855
8.209319709373611	0.007	0.005	0.17108042925716277	0.00011562104867053189	0.3609687613282382	0.20326888015489686	44.492753255782084
8.341156699614114	0.007	0.005	0.168869826748257	0.0001141458868784259	0.36332732703971576	0.2039965685410022	43.917843592517755
8.47302953601313	0.007	0.005	0.16668719892814873	0.00011268841403055468	0.36562544155124665	0.20468321042811963	43.35020928466064
8.604935344727059	0.007	0.005	0.16453224620838375	0.00011124849895886656	0.36786457576405973	0.20532988957380313	42.78977241847617
8.736871485789075	0.007	0.005	0.16240466702521264	0.00010982600473740182	0.37004617164261044	0.20593766767017266	42.23645456651614
8.868835544738854	0.007	0.005	0.16030415824156474	0.00010842078924764967	0.3721716421957693	0.20650758431828886	41.69017689216007
9.000825297971524	0.007	0.005	0.15823041593849294	0.00010703270598692036	0.3742423711029697	0.20704065694491897	41.15086035544526
9.132838704252428	0.007	0.005	0.15618313575159024	0.00010566160455085379	0.37625971284608006	0.20753788089797487	40.61842580055885
9.264873878703483	0.007	0.005	0.1541620134555353	0.0001043073312662041	0.3782249926238274	0.2080002295179148	40.09279410785977
9.396929119226675	0.007	0.005	0.15216674472302044	0.0001029697292480325	0.3801395070931741	0.20842865443133207	39.57388613118336
9.529002836694417	0.007	0.005	0.1501970263337928	0.00010164863942389864	0.38200452372239635	0.20882408554372736	39.06162301227599
9.661093572567594	0.007	0.005	0.14825255601734685	0.00010034390061866379	0.38382128149695044	0.20918743137882043	38.555926139884065
9.793199972759897	0.007	0.005	0.14633303294265393	9.905535006449925e-5	0.38559099101274386	0.20951957929575035	38.056717277117464
9.925320805230216	0.007	0.005	0.1444381575504	9.778282345222265e-5	0.38731483519121934	0.20982139584502876	37.56391851782
10.057454960069615	0.007	0.005	0.1425676316468803	9.652615514821008e-5	0.38899396974000466	0.21009372707181473	37.07745231098841
10.189601370805052	0.007	0.005	0.14072115958712897	9.528517914213385e-5	0.3906295226532728	0.21033739868774612	36.59724176846795
10.321759066960313	0.007	0.005	0.1388984475702247	9.405972870130721e-5	0.3922225954252895	0.21055321654650874	36.12321048168314
10.453927165355806	0.007	0.005	0.13709920381757204	9.284963661564217e-5	0.39377426344756405	0.21074196697134434	35.65528256800314
10.586104826381217	0.007	0.005	0.1353231392063363	9.165473574480964e-5	0.39528557602394093	0.21090441705438312	35.19338283547874
10.718291289043691	0.007	0.005	0.13356996681660852	9.047485881731779e-5	0.3967575573245876	0.21104131508006163	34.737436665073986
10.850485853490682	0.007	0.005	0.13183940219626014	8.930983871115366e-5	0.3981912067082174	0.21115339086578042	34.28737007954652
10.982687881035794	0.007	0.005	0.1301311633809709	8.81595085607839e-5	0.39958749925062226	0.21124135612996997	33.84310974865635
11.114896759156396	0.007	0.005	0.12844497135631136	8.702370216011903e-5	0.4009473859100858	0.21130590484280415	33.404583109339434
11.247111936534184	0.007	0.005	0.12678054960757418	8.590225373630992e-5	0.4022717944332774	0.21134771362527857	32.971718248632314
11.379332888045404	0.007	0.005	0.12513762456784808	8.479499833204361e-5	0.4035616295211865	0.21136744210263447	32.54444402020257
11.5115591147716	0.007	0.005	0.12351592560411004	8.370177186726795e-5	0.40481777336864005	0.21136573328428301	32.12269004073193
11.643790196555177	0.007	0.005	0.12191518437086199	8.262241076245585e-5	0.40604108667240985	0.21134321392426014	31.70638652181685
11.776025967173341	0.007	0.005	0.12033513275682158	8.155675059046937e-5	0.4072324106430851	0.2113004947789927	31.295463735966063
11.908265927573982	0.007	0.005	0.11877550991898257	8.050463095836676e-5	0.40839256217000325	0.2112381711227688	30.889853845943243
12.040509596176223	0.007	0.005	0.11723605793740231	7.946589258556092e-5	0.4095223376945036	0.2111568231281013	30.489489774710893
12.172756552670506	0.007	0.005	0.11571652129415483	7.844037699640232e-5	0.41062251405961686	0.2110570161794824	30.094305069922097
12.305006464304808	0.007	0.005	0.11421664658830712	7.742792637056042e-5	0.41169384915236773	0.21093930116203405	29.704233829794685
12.4372590771359	0.007	0.005	0.11273618266212455	7.642838367272218e-5	0.4127370822333353	0.21080421476367173	29.319210735933297
12.569514145964545	0.007	0.005	0.1112748813906501	7.544159323670298e-5	0.41375293380739075	0.2106522798554223	28.939171258674666
12.701771443096701	0.007	0.005	0.10983249755557423	7.446740071790996e-5	0.4147421061542596	0.21048400581448923	28.564051624285092
12.83403074082721	0.007	0.005	0.10840878900769016	7.350565324210077e-5	0.41570528364891507	0.2102998888718548	28.193788857209988
12.966291828959813	0.007	0.005	0.10700351644488396	7.255619928703617e-5	0.4166431333367546	0.21010041241029168	27.828320722336
13.098554506049569	0.007	0.005	0.10561644347871921	7.161888876077188e-5	0.4175563052990846	0.2098860472871399	27.467585742307598
13.23081857064458	0.007	0.005	0.10424733669388554	7.069357307327725e-5	0.4184454330182496	0.2096572521561614	27.111523212987812
13.363083821286915	0.007	0.005	0.10289596561192368	6.978010514025352e-5	0.41931113379832663	0.20941447377142533	26.760073194024226
13.495350091552389	0.007	0.005	0.10156210230431797	6.887833914261829e-5	0.42015400939557956	0.20915814721433176	26.4131764082263
13.627617223772937	0.007	0.005	0.1002455216396903	6.79881307224102e-5	0.420974646228353	0.20888869622091458	26.070774305852783
13.759885069037399	0.007	0.005	0.09894600125380688	6.710933698590149e-5	0.42177361576129235	0.2086065334614706	25.732809056811607
13.892153504711866	0.007	0.005	0.09766332135100196	6.624181638842707e-5	0.4225514749819009	0.20831206077396056	25.399223499016095
14.024422399401045	0.007	0.005	0.096397265018748	6.538542897341431e-5	0.42330876655495125	0.20800566950583016	25.069961220195044
14.156691630468275	0.007	0.005	0.09514761802276414	6.454003625052914e-5	0.424046019289521	0.20768774073987403	24.744966504606833
14.288961101555694	0.007	0.005	0.09391416861555246	6.370550108150924e-5	0.42476374858097427	0.20735864550455194	24.42418428324552
14.421230690025354	0.007	0.005	0.09269670799860681	6.288168801887672e-5	0.42546245646429354	0.20701874515277635	24.107560254047115
14.553500273239091	0.007	0.005	0.0914950300354493	6.206846312388863e-5	0.4261426321036766	0.2066683915482295	23.795040807259248
14.685769763598291	0.007	0.005	0.09030893090610483	6.126569374203191e-5	0.4268047522941447	0.2063079272085578	23.486572935580643
14.818039082264413	0.007	0.005	0.08913820932547044	6.0473248669549154e-5	0.4274492816324253	0.2059376856012302	23.18210429095215
14.950308132879643	0.007	0.005	0.08798266674332446	5.969099830706718e-5	0.42807667270164695	0.2055579914459907	22.881583236573178
15.082576836606393	0.007	0.005	0.08684210700150025	5.891881443440272e-5	0.4286873665474383	0.20516916084035092	22.58495875774292
15.214845132127252	0.007	0.005	0.08571633631148999	5.815657020741769e-5	0.42928179296451535	0.20477150147161266	22.292180456035915
15.347112949365684	0.007	0.005	0.08460516345140208	5.74041403074804e-5	0.42986037066311494	0.20436531290560236	22.003198600524556
15.479380200726597	0.007	0.005	0.0835083998015556	5.666140097815401e-5	0.4304235075205747	0.203950886824916	21.717964137036173
15.611646824894967	0.007	0.005	0.08242585894768573	5.592822975888354e-5	0.4309716010460328	0.20352850709544076	21.436428584958882
15.74391278683542	0.007	0.005	0.08135735666413062	5.520450548306532e-5	0.4315050386343251	0.2030984499559319	21.1585440328691
15.87617801647498	0.007	0.005	0.08030271138260242	5.449010861599224e-5	0.43202419757672517	0.20266098440792776	20.884263260444346
16.0	0.007	0.005	0.0793277838269009	5.383098572183377e-5	0.4324976040574336	0.2022449582483206	20.630714614544647
