0.0	0.007	0.005	0.0	0.0	0.0	0.0	100.0
0.006570886812354323	0.007	0.005	0.017600006559039892	6.999656645880259e-5	1.418378482254371e-5	5.826090864613474e-5	99.91439333961411
0.011848239440570492	0.007	0.005	0.03109700932816451	0.00011791115928467317	4.5472721628971206e-5	0.0001809260689667009	99.84569213622314
0.019269857497563096	0.007	0.005	0.049162107123651606	0.000174750587941506	0.00011794719412372222	0.00044945855430914006	99.74915655253842
0.026814143456357492	0.007	0.005	0.06648370239785914	0.00022196939535526077	0.00022391579867424345	0.0008181821896908917	99.65112104600324
0.03565692970657705	0.007	0.005	0.08552800491415803	0.0002663293944329701	0.0003869872448094969	0.001349262866267827	99.53633460376635
0.04509007734639587	0.007	0.005	0.10444173552496545	0.0003032129758278648	0.0006040567187107226	0.0020085978096084983	99.4140305506751
0.0555094536298331	0.007	0.005	0.12376943184348685	0.0003341429276575863	0.0008916636665965002	0.0028220082256621287	99.27911435972023
0.06668982906343295	0.007	0.005	0.14282237213528726	0.0003584309151331193	0.0012515973487940662	0.0037684802992043517	99.13454794327102
0.07877969590357486	0.007	0.005	0.1616223784406131	0.00037662957576396587	0.0016953269241177496	0.004852497474790461	98.9784583503831
0.09172754364538095	0.007	0.005	0.17986244789144099	0.0003887605570380502	0.0022274056377345657	0.006058769873854243	98.81156409339724
0.10560195997742443	0.007	0.005	0.197438926777229	0.000394846092976785	0.0028561655203386983	0.007379230962390291	98.63303894484105
0.12038952157769969	0.007	0.005	0.2141556162904688	0.0003946413524875741	0.0035857441095209263	0.008793892583713336	98.44311922900764
0.13608323242274137	0.007	0.005	0.22986416048209238	0.00038788718427612746	0.004419250376491408	0.010278325085839032	98.24196162887625
0.15261725841769425	0.007	0.005	0.24440570183824206	0.00037461968174644264	0.005355111499016972	0.011798061273213941	98.03047773402616
0.16992618323760078	0.007	0.005	0.25768330872618583	0.00035547714541995704	0.006389874367941946	0.013316731094344843	97.80956998738938
0.18797382815790464	0.007	0.005	0.26967124979364715	0.00033175957779386835	0.007520339022423962	0.014802138431230617	97.57976432639957
0.20681129513274177	0.007	0.005	0.280423621018254	0.00030515682131624234	0.00874806144048239	0.016233558978260433	97.34047751680835
0.22656051250975193	0.007	0.005	0.2900257496039304	0.0002774339354958069	0.010079348074714303	0.017600530861197478	97.09023905662463
0.24726320641985444	0.007	0.005	0.29851336647694	0.0002503409380087264	0.011515241185296291	0.018892815237610543	96.82860989218294
0.2686376835718808	0.007	0.005	0.3058291796329484	0.00022559226675212816	0.013033223679151738	0.02009029627614632	96.55923078114786
0.29038508702755395	0.007	0.005	0.31199071848863613	0.00020418092316202	0.014607558115823548	0.02118523845868798	96.28592087224068
0.31250675236799624	0.007	0.005	0.31713555656909764	0.00018618115116971444	0.016233509075931244	0.022192017376527925	96.00870110961657
0.33506918647943995	0.007	0.005	0.321398798293249	0.00017131389558999716	0.01791164997532683	0.023127843692652222	95.72677996016579
0.35818048234967326	0.007	0.005	0.3248994865008798	0.00015915615543921383	0.019646246727762256	0.024009640299919106	95.4388589656952
0.38195054328201755	0.007	0.005	0.3277344031412268	0.00014927077471716549	0.021442194383176984	0.024851900759021276	95.14363440564779
0.40649620213009213	0.007	0.005	0.32998333112263895	0.00014125054886062347	0.02330523757677435	0.025667061935279723	94.83973528616734
0.4319318196994283	0.007	0.005	0.3317117749981088	0.00013474168551165283	0.025241120391077138	0.026465474224333204	94.52584168951705
0.45837119428328393	0.007	0.005	0.33297460195796963	0.00012944671067228116	0.02725561146284408	0.027255814614121833	94.2006621776875
0.4859251346063858	0.007	0.005	0.33381852345696783	0.00012512175030773043	0.029354224704880544	0.028045319511471288	93.86296487913425
0.5147027543990123	0.007	0.005	0.33428418193601267	0.00012156984266458297	0.031542243459905965	0.028840086806717773	93.51156270501077
0.5448108733901356	0.007	0.005	0.3344075702167261	0.0001186338714769774	0.03382461707240118	0.029645271482287426	93.14532199978784
0.576357362825484	0.007	0.005	0.33422101710064417	0.00011618933546630253	0.0362061684361898	0.030465344153175537	92.76312341343355
0.6094532253544852	0.007	0.005	0.3337536958462543	0.00011413818070317697	0.038691708851355894	0.03130427060193948	92.36383910968759
0.6442153508234754	0.007	0.005	0.333031847889776	0.00011240348198650152	0.04128620171332611	0.03216567609510763	91.94630270711849
0.6807692215994903	0.007	0.005	0.3320788238228316	0.00011092504048963997	0.043994914455205036	0.03305298108959517	91.50928099185279
0.7192515695886994	0.007	0.005	0.3309150351043651	0.00010965581013705382	0.046823554663469345	0.03396951398584866	91.05144751607497
0.7598119474247278	0.007	0.005	0.329557916495759	0.00010855907264684143	0.04977831166039243	0.034918580973806686	90.5713704913034
0.8026133137333725	0.007	0.005	0.32802195120801164	0.00010760621428279503	0.052865813173298117	0.03590350106299216	90.06751351049766
0.8478305641042234	0.007	0.005	0.32631881969518417	0.00010677500416284582	0.05609292507180841	0.036927586460356855	89.53826125102151
0.8956461242839996	0.007	0.005	0.32445771626549774	0.00010604826184613887	0.059466343811742345	0.03799405464708315	88.98197946777707
0.9462409847032887	0.007	0.005	0.3224458922512763	0.00010541282230581194	0.06299188934811452	0.03910584381250932	88.39712633374377
0.9997800663124531	0.007	0.005	0.32028945523427005	0.00010485870486710153	0.06667345737467423	0.04026531762640643	87.78242495617846
1.0563924856285394	0.007	0.005	0.3179943755706961	0.00010437839848450399	0.07051171750611418	0.04147388290594184	87.1370865204694
1.1161517862807806	0.007	0.005	0.3155674643428249	0.00010396618462782228	0.07450294442713454	0.04273163589429716	86.46102248580056
1.1790658863710541	0.007	0.005	0.3130169076899054	0.00010361746550475588	0.07863863544738008	0.04403723724082091	85.75493505904006
1.2450850247196266	0.007	0.005	0.31035203489259844	0.00010332814732918041	0.08290638394901151	0.04538816387937615	85.02019902596443
1.3141251510700755	0.007	0.005	0.3075824689861383	0.00010309418124357188	0.08729170621417696	0.04678125129964536	84.25857491564798
1.3860945063360832	0.007	0.005	0.3047171951849205	0.00010291131595046512	0.09177992602274451	0.04821325559975523	83.47189885688486
1.4609137908730827	0.007	0.005	0.30176393620465847	0.00010277501863438512	0.09635748991453005	0.049681244595322506	82.66185688089936
1.538528343524206	0.007	0.005	0.29872887130555004	0.0001026804829535483	0.10101265889796127	0.05118280210742363	81.82985747926861
1.6189155678034053	0.007	0.005	0.2956165427496637	0.00010262266494380932	0.10573582592178833	0.05271612303497583	80.97696322733952
1.7020910168295775	0.007	0.005	0.29242980186631695	0.00010259632062530462	0.11051969234881902	0.054280072098118234	80.10384264435764
1.7881148054510618	0.007	0.005	0.28916973010483665	0.00010259603643773823	0.1153594080130218	0.05587423905916133	79.21072424756335
1.8770982800007796	0.007	0.005	0.28583554493060825	0.00010261624687095167	0.12025266840253128	0.05749898760485892	78.29735400905666
1.9692195175040086	0.007	0.005	0.2824241836264586	0.00010265123619281081	0.12520022124587016	0.059155648856131185	77.3628703103253
2.0647440237548627	0.007	0.005	0.27892973277446304	0.00010269511770780624	0.13020651290128893	0.0608467761138285	76.40564068221066
2.1640648873287827	0.007	0.005	0.2753422179307337	0.00010274177782806099	0.13528114042901854	0.06257669234753717	75.42292599634865
2.267781449969914	0.007	0.005	0.2716451548187713	0.00010278475697967118	0.14044185215220728	0.0643526060954483	74.41020714437657
2.376867869554233	0.007	0.005	0.26781022193243564	0.00010281699202729363	0.14572115200685787	0.06618705233653992	73.35972427328969
2.4931660941821123	0.007	0.005	0.26378136250791995	0.00010283019044925281	0.15118639975008924	0.06810524312951985	72.25612110796727
2.621505634565591	0.007	0.005	0.2594056705294397	0.00010281254888076601	0.15702808524134018	0.07017719854134541	71.05751249938936
2.7907358905714204	0.007	0.005	0.25374658651393994	0.000102723914727742	0.16443789783989815	0.07283741717226752	69.5073518287432
2.8729104472145126	0.007	0.005	0.2510433538448552	0.00010265959832487796	0.1679195973694504	0.07409957071807045	68.76687073341249
2.9783009355476815	0.007	0.005	0.24761851396108536	0.00010254393416041749	0.17227702062069494	0.07568999833163953	67.82872390825845
3.083794296626435	0.007	0.005	0.2442371223678444	0.00010239511590941241	0.17652028548244583	0.07725001497642842	66.90247863355997
3.1933325881364674	0.007	0.005	0.24077493433198208	0.00010220482035873042	0.18080431833339203	0.0788359266429	65.95410125502674
3.302626757516621	0.007	0.005	0.2373693771678668	0.00010197854363596474	0.18495843036243537	0.0803837871136956	65.02123644923944
3.412559009613716	0.007	0.005	0.2339925276548024	0.00010171412328612765	0.1890189137900493	0.08190584773542052	64.09623536695881
3.5226256670758644	0.007	0.005	0.23065967692109243	0.00010141269893949558	0.19296925823909378	0.08339473247879327	63.18328661910522
3.632857286204443	0.007	0.005	0.22736940868172328	0.00010107457374440293	0.19681335268211697	0.0848507036378678	62.28200225062902
3.7432175809748727	0.007	0.005	0.22412231595878213	0.00010070049014131649	0.20055266529302407	0.08627316303104589	61.392544704596965
3.8537290868955862	0.007	0.005	0.2209172414100957	0.0001002911960221456	0.2041906480225791	0.08766232067999287	60.514596956848024
3.9644235923558804	0.007	0.005	0.21775280738233477	9.984753015444463e-5	0.20773089418916119	0.0890185031952611	59.64778163466629
4.0753423257071635	0.007	0.005	0.21462742828378029	9.937037922581737e-5	0.21117710973841305	0.09034214231176857	58.79166440597032
4.186529045698803	0.007	0.005	0.21153951843100163	9.886067506067758e-5	0.2145328753604823	0.09163368142733998	57.94581091356044
4.29802739110977	0.007	0.005	0.20848756706762728	9.831938663181552e-5	0.2178015698007878	0.09289354253872348	57.10980732457949
4.409878942955528	0.007	0.005	0.2054701879716741	9.774751613865297e-5	0.22098632662593995	0.09412210575638227	56.283273919164195
4.522122210159824	0.007	0.005	0.20248614027608589	9.714609554091345e-5	0.2240900249456247	0.09531970205388737	55.46587079369558
4.634792005768589	0.007	0.005	0.1995343370118432	9.651618419271792e-5	0.22711529409660727	0.0964866117828517	54.65730020096433
4.74791922074012	0.007	0.005	0.19661384230351928	9.58588662789946e-5	0.23006453002926588	0.09762306816178744	53.85730578196505
4.86153076364051	0.007	0.005	0.19372386414766263	9.517524844519298e-5	0.23293991537669523	0.09872926264437316	53.06567058772019
4.97564959609629	0.007	0.005	0.19086374495161607	9.446645752915234e-5	0.23574344066909872	0.09980535114920482	52.28221448763261
5.090294853163104	0.007	0.005	0.18803295033431533	9.373363812964028e-5	0.23847692602906959	0.10085146083950496	51.50679110175245
5.205482037545458	0.007	0.005	0.18523105665713016	9.29779498420366e-5	0.2411420427769546	0.10186769716835525	50.739284385171615
5.321223168329809	0.007	0.005	0.18245774028971432	9.22005648133551e-5	0.24374033207261547	0.1028541500295026	49.97960568767956
5.43752699277686	0.007	0.005	0.17971276593154353	9.140266485260792e-5	0.24627322326476295	0.10381089998294285	49.22769055474893
5.554399178729005	0.007	0.005	0.1769959760303197	9.058543859706439e-5	0.2487420500535272	0.1047380237809839	48.48349582897938
5.671842519326174	0.007	0.005	0.17430728050958713	8.975007851554492e-5	0.25114806531054745	0.10563559947414829	47.746996836242374
5.789857111882693	0.007	0.005	0.17164664767175905	8.889777802469922e-5	0.2534924538627606	0.10650371080066076	47.01818489379916
5.9084405501772475	0.007	0.005	0.16901409533282907	8.802972845689453e-5	0.25577634419524053	0.10734245118940086	46.297064881883074
6.027588138842496	0.007	0.005	0.16640968201800344	8.714711582259794e-5	0.25800081926701135	0.10815192741549878	45.58365283196924
6.1472930430522315	0.007	0.005	0.16383350010897588	8.625111803872933e-5	0.260166924894581	0.10893226232320992	44.87797404964694
6.26754652378302	0.007	0.005	0.16128566761719282	8.534290152548538e-5	0.2622756786386654	0.1096835976720339	44.18006086111693
6.388338092171973	0.007	0.005	0.15876632221371106	8.442361844510229e-5	0.26432807615550563	0.11040609598573389	43.48995097782476
6.509655701688324	0.007	0.005	0.1562756148959302	8.349440371545149e-5	0.26632509732287113	0.11109994223698622	42.807685761624846
6.631485970778864	0.007	0.005	0.15381370351170814	8.255637186489374e-5	0.26826771195362187	0.11176534527722969	42.133308450878545
6.753814322506898	0.007	0.005	0.15138074843279856	8.161061463453894e-5	0.2701568833379515	0.1124025384028317	41.46686297530345
6.876625193972417	0.007	0.005	0.14897690721140402	8.065819816211966e-5	0.271993572219465	0.11301177996572653	40.808392492273676
6.9999022184171045	0.007	0.005	0.14660233021521663	7.970016051757113e-5	0.2737787396435504	0.11359335348333893	40.1579381911515
7.123628395394696	0.007	0.005	0.14425715687635776	7.873750948755282e-5	0.27551334904472746	0.11414756738682813	39.51553826578077
7.247786273078732	0.007	0.005	0.14194151206861755	7.777122043072227e-5	0.2771983679883841	0.11467475455105697	38.881226922124895
7.372358051467861	0.007	0.005	0.1396555042847767	7.680223493078244e-5	0.27883476840256405	0.11517527125446914	38.25503387899111
7.4973257872476085	0.007	0.005	0.13739922219860357	7.5831458824739e-5	0.2804235278429022	0.11564949638225891	37.63698342627781
7.622671518642336	0.007	0.005	0.13517273300944851	7.48597610427122e-5	0.28196562933320846	0.1160978301055763	37.027093971518795
7.7483773752424	0.007	0.005	0.1329760812652209	7.388797274173053e-5	0.2834620608150532	0.11652069239335372	36.42537771746832
7.874425705771878	0.007	0.005	0.13080928756094282	7.29168864691243e-5	0.28491381464971877	0.11691852149683875	35.83184030560291
8.000799139917097	0.007	0.005	0.12867234854476847	7.194725600443725e-5	0.2863218862312047	0.11729177215779238	35.24648081777065
8.127480700781906	0.007	0.005	0.12656523617059828	7.097979595521612e-5	0.28768727313807496	0.11764091395699354	34.66929157146388
8.25445386739	0.007	0.005	0.12448789791945444	7.001518188356207e-5	0.2890109736794839	0.11796642949613621	34.100258180459235
8.381702603312217	0.007	0.005	0.1224402576299861	6.905405081636497e-5	0.2902939851326225	0.11826881252780852	33.53935978231325
8.509211435561687	0.007	0.005	0.12042221554955533	6.809700147699524e-5	0.291537302563272	0.11854856626047286	32.986569052356174
8.636965465616761	0.007	0.005	0.11843364951814293	6.714459513555869e-5	0.2927419170219938	0.11880620155174208	32.4418525279923
8.764950422168969	0.007	0.005	0.11647441549344323	6.619735622072942e-5	0.2939088142535326	0.11904223527094634	31.905170752536268
8.893152636959503	0.007	0.005	0.11454434926091088	6.525577357988962e-5	0.2950389727988625	0.11925718859319971	31.376478743636557
9.021559053702745	0.007	0.005	0.11264326757633125	6.432030153386237e-5	0.29613336256929285	0.11945158547242125	30.855726306253025
9.150157253403975	0.007	0.005	0.11077096904061061	6.339136085092282e-5	0.2971929436801875	0.11962595123100923	30.34285827228333
9.278935427909508	0.007	0.005	0.10892723570173282	6.246934013235012e-5	0.2982186649735281	0.1197808111700194	29.837814939377715
9.407882395377458	0.007	0.005	0.10711183398867682	6.155459690389288e-5	0.2992114630302077	0.11991668934416083	29.340532326761732
9.536987555308192	0.007	0.005	0.1053245164534391	6.064745915333048e-5	0.30017226083665083	0.12003410736810628	28.85094265241846
9.666240877033918	0.007	0.005	0.10356502295607944	5.974822661573288e-5	0.301101966868867	0.12013358337610679	28.36897465770121
9.795632904802561	0.007	0.005	0.10183308157359397	5.885717193360524e-5	0.3020014744086274	0.12021563108629288	27.89455385629617
9.925154719490756	0.007	0.005	0.10012841004256708	5.797454210938028e-5	0.302871660660744	0.12028075892361587	27.427602929399594
10.054797916901478	0.007	0.005	0.09845071690023931	5.710055981345885e-5	0.3037133861161701	0.12032946925492996	26.96804203828408
10.18455459419311	0.007	0.005	0.09679970245921231	5.6235424609176825e-5	0.30452749407208723	0.12036225771352672	26.51578909129387
10.31441730148536	0.007	0.005	0.09517506016302991	5.5379314383129494e-5	0.3053148100325446	0.12037961259776132	26.07076011517154
10.444379053276913	0.007	0.005	0.09357647711937177	5.45323863331463e-5	0.3060761415766332	0.1203820143631815	25.632869401112618
10.57443330516123	0.007	0.005	0.09200363503423756	5.3694778161992916e-5	0.306812278075485	0.12036993516892767	25.202029760661215
10.704574033714984	0.007	0.005	0.0904562098725405	5.2866608564478424e-5	0.307523991042286	0.12034383846688938	24.778152432738537
10.834795445327515	0.007	0.005	0.08893387588778356	5.204798009546381e-5	0.3082120325139933	0.12030417872318828	24.361148187468984
10.965092038002666	0.007	0.005	0.08743630525791558	5.1238979642087394e-5	0.30887713556099755	0.12025140120275213	23.95092722643215
11.095458697765007	0.007	0.005	0.0859631673891695	5.043967867735119e-5	0.3095200149214232	0.12018594173220297	23.547398991967494
11.225890656889412	0.007	0.005	0.08451412983322619	4.965013437975818e-5	0.31014136691653205	0.12010822653164364	23.15047241840756
11.356383486475538	0.007	0.005	0.08308885876392559	4.887039049329859e-5	0.3107418695903094	0.12001867207953752	22.760056062660784
11.48693304563517	0.007	0.005	0.08168701988839716	4.810047841424335e-5	0.3113221826893154	0.11991768504824213	22.376058353792306
11.617535447777126	0.007	0.005	0.0803082791059937	4.7340418122386375e-5	0.3118829477801683	0.11980566227821376	21.998387773521873
11.748187061367322	0.007	0.005	0.07895230276110367	4.659021886461728e-5	0.3124247885508701	0.11968299075903481	21.626952925475354
11.878884484639922	0.007	0.005	0.0776187581466584	4.584987996051676e-5	0.3129483110190363	0.11955004765863764	21.26166267310746
12.009624528862378	0.007	0.005	0.07630731388341215	4.511939151903611e-5	0.31345410380178185	0.11940720037348962	20.902426243595944
12.140404210182458	0.007	0.005	0.07501764018673392	4.4398735071559276e-5	0.31394273843586545	0.11925480659236883	20.5491533009222
12.271220750080223	0.007	0.005	0.07374940903199555	4.36878841266721e-5	0.3144147697379801	0.11909321436718129	20.201753991175153
12.402071558439095	0.007	0.005	0.07250229447474445	4.298680479481948e-5	0.31487073610721017	0.11892276221975502	19.8601390302543
12.532954207885604	0.007	0.005	0.07127597302617948	4.229545642781343e-5	0.31531115981175256	0.11874377927903697	19.52421980672178
12.663866434081944	0.007	0.005	0.07007012375885296	4.1613792084258036e-5	0.31573654737541307	0.11855658539977004	19.19390841075655
12.794806101295311	0.007	0.005	0.06888442871715987	4.094175915544604e-5	0.3161473898541584	0.11836149134180023	18.869117746597475
12.925771228634998	0.007	0.005	0.06771857275398561	4.027929963857283e-5	0.3165441633120379	0.11815879887257584	18.549761487797188
13.056759955555126	0.007	0.005	0.06657224391245316	3.962635071223217e-5	0.31692732910094007	0.11794880096515302	18.23575418179177
13.187770559375746	0.007	0.005	0.06544513332736367	3.8982845013639574e-5	0.3172973343008804	0.11773178192471334	17.92701122290313
13.31880142072517	0.007	0.005	0.06433693557386032	3.83487111643127e-5	0.31765461200427897	0.11750801760341607	17.623448947846317
13.449851032343542	0.007	0.005	0.06324734862407402	3.7723874049417544e-5	0.3179995817258718	0.11727777555135303	17.324984623853865
13.580917981835485	0.007	0.005	0.062176074018578206	3.7108255210069275e-5	0.3183326497352976	0.11704131521436209	17.03153649564133
13.712000960447694	0.007	0.005	0.061122816812468714	3.650177308744638e-5	0.3186542094541557	0.11679888808921737	16.743023770637325
13.843098702375448	0.007	0.005	0.060087286069544256	3.5904343582889516e-5	0.3189646416790064	0.11655073801007564	16.4593667543515
13.97421006297496	0.007	0.005	0.05906919423549146	3.531587993214832e-5	0.3192643151380766	0.1162971011786824	16.180486678674754
14.105333975418795	0.007	0.005	0.058068257491223525	3.473629315492287e-5	0.319553586737687	0.1160382064170401	15.906305798667196
14.236469433380194	0.007	0.005	0.057084195875611365	3.41654923558998e-5	0.31983280187590685	0.1157742753771285	15.636747426177314
14.367615499763387	0.007	0.005	0.05611673320258498	3.360338489028614e-5	0.32010229480781166	0.11550552269931363	15.371735907133889
14.498771289372206	0.007	0.005	0.05516559717073897	3.304987663546901e-5	0.3203623889471775	0.1152321562218757	15.111196651569706
14.629935986317701	0.007	0.005	0.05423051921314373	3.2504872094236825e-5	0.3206133972319388	0.11495437711798961	14.855056092481101
14.761108817988527	0.007	0.005	0.05331123466053254	3.196827467953667e-5	0.3208556223948795	0.11467238012109486	14.60324173052897
14.89228908113978	0.007	0.005	0.05240748252865964	3.143998675992833e-5	0.3210893573271581	0.11438635363838903	14.35568207579091
15.023476089787989	0.007	0.005	0.05151900584827056	3.0919910029741965e-5	0.32131488529113494	0.1140964800308974	14.112306738148158
15.154669227359246	0.007	0.005	0.050645551270008575	3.040794542473748e-5	0.3215324803136245	0.11380293566501994	13.87304631905979
15.285867920642653	0.007	0.005	0.049786869212032514	2.9903993363466443e-5	0.3217424074288392	0.1135058911304887	13.637832451998927
15.417071605046578	0.007	0.005	0.048942714044732195	2.9407954005806297e-5	0.3219449229091835	0.11320551147965531	13.40659785305073
15.54827977674644	0.007	0.005	0.04811284370761505	2.8919727151504017e-5	0.3221402746260558	0.11290195626656993	13.17927621596831
15.679491966628301	0.007	0.005	0.047297019842158394	2.8439212451670365e-5	0.32232870227513805	0.11259537975889437	12.955802248564245
15.810707731607732	0.007	0.005	0.04649500780221645	2.7966309538408847e-5	0.32251043762581433	0.11228593110914468	12.736111675561302
15.941926663327546	0.007	0.005	0.04570657655548168	2.7500918080049742e-5	0.32268570478806136	0.11197375448216913	12.520141211600283
16.0	0.007	0.005	0.04536192327173501	2.7301137643850546e-5	0.3227612631203667	0.11183475841643027	12.425732307964456
