0.0	0.007	0.005	0.0	0.0	0.0	0.0	100.0
0.006562280076751316	0.007	0.005	0.019053460269222985	6.51870557895413e-5	1.5115639830776594e-5	5.259880197407104e-5	99.93525462114381
0.01163182585953462	0.007	0.005	0.033163767170494074	0.00010735809646042446	4.6900611704260976e-5	0.00015728468102357536	99.88526569867469
0.018865737825633305	0.007	0.005	0.05241947773242789	0.00015731416008851602	0.00012120803967839627	0.0003863905058399778	99.81397805324711
0.026131862128667624	0.007	0.005	0.07076804400161442	0.00019754997089420457	0.00022848442451742706	0.0006938165541070815	99.74242418456788
0.034688927850729245	0.007	0.005	0.09116877610680336	0.00023479313383049675	0.00039441229437904774	0.0011342730415597319	99.65822341598853
0.043793798562643135	0.007	0.005	0.11152386020981915	0.0002650228640064609	0.0006151368031959217	0.0016749472287830038	99.56871034553085
0.05388254057075175	0.007	0.005	0.13255509147317465	0.00028990893462932756	0.000909324120575847	0.0023389664759679296	99.46961840203544
0.06472417253894179	0.007	0.005	0.1534939064336891	0.0003090937577269472	0.0012793700358253468	0.0031077716133982103	99.36324147810441
0.0764934590895489	0.007	0.005	0.17442150883686824	0.0003233624548312883	0.001739285183181378	0.003987346374473694	99.24789128498608
0.08914799204236767	0.007	0.005	0.1949981747235101	0.0003330710029701267	0.00229562053606184	0.004967046585769013	99.12401422795358
0.1027807607254783	0.007	0.005	0.21512695521647035	0.00033864353942527486	0.0029600396490456742	0.006044900999792393	98.99073408286556
0.1173985303605249	0.007	0.005	0.2345792385334562	0.00034032534247208286	0.0037400160208755275	0.007210648847403354	98.84802320980798
0.1330184854586422	0.007	0.005	0.2531700185981841	0.00033835253117157335	0.004642494178345082	0.008452953913353819	98.69575554002547
0.14959190090096738	0.007	0.005	0.2706776460919893	0.00033309865723078313	0.005669148019825369	0.009753802757733184	98.53444973524294
0.16707485572555444	0.007	0.005	0.28694742794320205	0.0003252057326385896	0.006819874857389342	0.011095487981132874	98.3645772865241
0.18545501947428172	0.007	0.005	0.30190409482682506	0.0003155554607881474	0.008094970563300476	0.012464352445092673	98.18630292092307
0.20477000803761267	0.007	0.005	0.31554131892117965	0.00030511146298025304	0.009497197669696731	0.013853303430746651	97.99930958557796
0.2250255765023162	0.007	0.005	0.3278481995488908	0.00029477578089157476	0.011026329019504094	0.015256445532348886	97.80359280379325
0.24610482447802584	0.007	0.005	0.33877942692291746	0.00028527473801209227	0.012671570019885605	0.016663541629054576	97.60033235081565
0.2678589875637508	0.007	0.005	0.34833462008202737	0.0002770243905531954	0.014417782585191052	0.01806639170470277	97.39100682795835
0.29025510631160373	0.007	0.005	0.35660419800753185	0.00027011357345281236	0.01625796674070538	0.01946681025508311	97.17597320491983
0.31333492947905	0.007	0.005	0.3637089534989343	0.00026444180182360423	0.01819117603970874	0.02087182772237939	96.95487180940313
0.3371714002895701	0.007	0.005	0.3697668071261401	0.00025983008185349524	0.02021939378525221	0.022289889250674027	96.72704989884211
0.36184576441393174	0.007	0.005	0.3748829882375922	0.0002560834483396542	0.022345654682842497	0.023729090137395353	96.49178352433354
0.3874381697022782	0.007	0.005	0.37914986893735053	0.00025302095014511906	0.024573152465614655	0.025196568423673817	96.24836830977246
0.4140240694538968	0.007	0.005	0.38264934225387137	0.0002504875860031769	0.026904822356870025	0.026698370425927202	95.99615399188622
0.4416749128213141	0.007	0.005	0.3854554952177424	0.0002483566938742089	0.029343316242438182	0.028239600149078496	95.73453793137985
0.47045996010456365	0.007	0.005	0.38763646582169625	0.00024652792122456464	0.031891105456599074	0.02982462847884798	95.46294811449891
0.5004500793280189	0.007	0.005	0.3892555793847601	0.000244923290871246	0.03455078067453684	0.031457393236811626	95.18080782324833
0.5317210969372225	0.007	0.005	0.39037172154264715	0.00024348292898576532	0.03732532420205159	0.033141648712472604	94.88750513813643
0.56435683192967	0.007	0.005	0.39103931293234917	0.00024216108589072708	0.04021835446510007	0.034881173527053166	94.58236605858582
0.598451616034642	0.007	0.005	0.39130811795859294	0.00024092274881261388	0.04323431747644726	0.0366799284172259	94.26463309570968
0.6341125766406897	0.007	0.005	0.3912230460557403	0.00023974090765898273	0.046378645133398747	0.038542181272260334	93.93344674714685
0.6714621621159972	0.007	0.005	0.39082400976149106	0.00023859441889325143	0.04965791965187482	0.04047262599803644	93.5878254588848
0.7106407684022857	0.007	0.005	0.3901458539994253	0.0002374663827604295	0.05308002874896614	0.04247648793533114	93.22664553222653
0.7518080339440242	0.007	0.005	0.3892183987947696	0.00023634296571664823	0.05665418489759469	0.04455954371400783	92.84863425746885
0.7951475831472927	0.007	0.005	0.3880664911524014	0.00023521243783322	0.06039122289825603	0.04672829848825101	92.45233244181983
0.8408700950489733	0.007	0.005	0.3867101241373185	0.00023406449844403924	0.06430372194391207	0.04899005424790537	92.036073981312
0.8892183387790134	0.007	0.005	0.3851645497039728	0.00023288972380730076	0.06840626320425822	0.05135305109245193	91.59794934204793
0.9404721979410684	0.007	0.005	0.3834404179546845	0.00023167914611376374	0.07271564284939695	0.053826575858168246	91.13577163629967
0.9949545221815114	0.007	0.005	0.38154391663456727	0.0002304239080922941	0.07725110348011519	0.05642107396391147	90.64703821152776
1.0530363862227543	0.007	0.005	0.37947695369057144	0.00022911500235144508	0.0820344550323516	0.059148189585324085	90.12890117941706
1.1151398929783036	0.007	0.005	0.3772374497735178	0.00022774311593425748	0.08708992895315862	0.062020645316519366	89.57816378577111
1.181733074488916	0.007	0.005	0.37481993505963845	0.00022629867820558576	0.09244333855263515	0.0650517215055116	88.99135019089283
1.253305765155782	0.007	0.005	0.37221684388718507	0.0002247723205885874	0.09811972306470958	0.0682538802773963	88.3649429187817
1.3303072274282988	0.007	0.005	0.36942116782543444	0.0002231561030923517	0.10413814598147636	0.07163581199333943	87.69594553254059
1.4130299661573795	0.007	0.005	0.36643093922930875	0.0002214457504825047	0.110502831734031	0.07519750148218854	86.98288333539365
1.5014799975268345	0.007	0.005	0.36325395131767524	0.00021964299173242785	0.11719425712132014	0.078925408282982	86.22686519908294
1.5953681400732787	0.007	0.005	0.359907846223048	0.00021775532298775384	0.12417039838003643	0.08279344065334736	85.43155345307802
1.6942762494848078	0.007	0.005	0.3564139258290755	0.00021579238036032876	0.13138094042757417	0.08677110000745974	84.60165139414737
1.7978153043566854	0.007	0.005	0.35279153099578997	0.00021376277160680638	0.1387796377428534	0.09083041298873086	83.74152833142776
1.9056555835171802	0.007	0.005	0.34905715641080576	0.0002116736031213333	0.1463264282181952	0.09494707517035716	82.85496978353977
2.0174842692842048	0.007	0.005	0.3452260946412415	0.00020953141681292407	0.1539842965902386	0.09909870754515068	81.94553408627092
2.132946934553095	0.007	0.005	0.34131450014579123	0.00020734336566027002	0.16171540252549835	0.10326277434649449	81.01701818445173
2.2515895919453137	0.007	0.005	0.33734126752851956	0.0002051183034806802	0.16947774877067565	0.10741487351420276	80.07388814460276
2.3727885444462187	0.007	0.005	0.3333301488471575	0.00020286803126549883	0.17722158338499533	0.1115269730995457	79.12177280112282
2.495708419799876	0.007	0.005	0.3293107733778499	0.00020060794859182277	0.18488813203994958	0.1155669748723609	78.16770092580846
2.619344255769784	0.007	0.005	0.3253168704381139	0.0001983561331018181	0.19241366395176612	0.11950110636671246	77.21967684627279
2.742702888258262	0.007	0.005	0.3213801957529204	0.00019612995741132063	0.19974119474110433	0.12330016055309849	76.28523750413459
2.865089788097653	0.007	0.005	0.3175216084054163	0.00019394101154717884	0.20683649936170231	0.12694762184811872	75.36933381379674
2.9863244257247885	0.007	0.005	0.31374502580902414	0.00019179156199519752	0.21369771762759665	0.13044408235072752	74.47289549470896
3.106717094940094	0.007	0.005	0.3100391240378921	0.00018967535485025824	0.2203504167166962	0.1338040484933971	73.593234553744
3.226827966660431	0.007	0.005	0.30638551673097336	0.00018758212548035069	0.22683155148012762	0.13704731723698294	72.7259866403639
3.3471728684346984	0.007	0.005	0.30276797147015205	0.0001855027883436587	0.2331727109100847	0.14019041982391278	71.86729869472208
3.4680113872785348	0.007	0.005	0.29917856358055844	0.00018343297824043484	0.23938979284746978	0.14324167397926335	71.01528965173334
3.5892671233381694	0.007	0.005	0.2956195361887397	0.00018137418902661843	0.245480724715952	0.14620044340014365	70.17049195510766
3.710591039293712	0.007	0.005	0.29210088141949425	0.000179332450216871	0.2514305793434623	0.1490600335176998	69.33527741049622
3.8315476865293294	0.007	0.005	0.288634570057033	0.00017731502369209645	0.257221932713779	0.15181293579678215	68.5124874935733
3.95183451603359	0.007	0.005	0.28522824794727647	0.00017532673312951083	0.262845377260211	0.15445582740739833	67.70393708009411
4.071405561374907	0.007	0.005	0.2818820382000203	0.00017336805656443082	0.26830425060794	0.1569915526790414	66.9096553922743
4.190438915838669	0.007	0.005	0.27858986878321035	0.0001714358455513549	0.2736117666333977	0.1594274670654985	66.1282011265755
4.309201054114602	0.007	0.005	0.2753435196203871	0.00016952565257323204	0.27878402483988496	0.16177200424607688	65.3576231033854
4.427907739575072	0.007	0.005	0.2721364888559769	0.00016763398769879874	0.283833777026966	0.16403180803759146	64.59637799301964
4.546648400156586	0.007	0.005	0.2689659097093096	0.00016575946001223089	0.28876763950734774	0.16621059206500366	63.84378531470533
4.665388143816399	0.007	0.005	0.26583229406890047	0.00016390265006924526	0.2935868288393702	0.16830963060988874	63.099966574176385
4.784024555629974	0.007	0.005	0.26273786641973357	0.0001620651438226811	0.2982899879183907	0.17032912450297039	62.36544979203524
4.902458715910985	0.007	0.005	0.25968464309833944	0.00016024840232865839	0.3028762044527974	0.17226955026475413	61.64071358119118
5.020643071495284	0.007	0.005	0.25667322872253007	0.00015845304496571046	0.30734676394883276	0.17413237343407428	60.92590145830697
5.138590114369911	0.007	0.005	0.2537026780384971	0.0001566787599093575	0.3117052250677906	0.17592000909374042	60.220789050779814
5.256350383204328	0.007	0.005	0.250771128946668	0.00015492467398399014	0.3159563741341722	0.17763532684530342	59.52493435655284
5.373980805517067	0.007	0.005	0.24787663063899232	0.00015318984296818638	0.32010497050880066	0.17928111219481163	58.83787431705288
5.491521577804297	0.007	0.005	0.24501770966806352	0.00015147359008351827	0.32415494609421563	0.18085975341291644	58.159259183644494
5.608988805365257	0.007	0.005	0.2421935204281047	0.00014977559880676323	0.3281092389613624	0.1823732029083345	57.48888823693645
5.726380156701349	0.007	0.005	0.23940367691076708	0.00014809581531194827	0.33197007851732996	0.18382311533130213	56.826669851063585
5.843686185631325	0.007	0.005	0.2366479625662072	0.00014643427680649423	0.3357394184091931	0.18521102884446472	56.172552624115085
5.960900120137702	0.007	0.005	0.2339260947456871	0.00014479097124369807	0.3394192672487012	0.18653849176875897	55.52646946444587
6.078022365798057	0.007	0.005	0.2312376257034264	0.00014316577811519633	0.3430118154022899	0.18780710330055142	54.88831409172666
6.195059895152889	0.007	0.005	0.22858196591610838	0.00014155848246887517	0.3465193922097115	0.18901849022080658	54.257946572238154
6.312022886377533	0.007	0.005	0.22595846744772924	0.00013996882519609925	0.34994434785530343	0.19017426008763558	53.63521310698344
6.428921197381552	0.007	0.005	0.22336650547658032	0.0001383965525112671	0.35328894548849193	0.19127596316253784	53.019965383549824
6.545762311584349	0.007	0.005	0.22080552226457892	0.00013684144303379	0.3565553083676908	0.19232507703393475	52.412071013001935
6.662551050084976	0.007	0.005	0.21827503002112872	0.00013530331016321315	0.3597454223107532	0.19332301112176373	51.81141420966964
6.779290349769574	0.007	0.005	0.2157745907563508	0.0001337819905223151	0.36286116670639906	0.19427111989108883	51.21789100895816
6.895982394548934	0.007	0.005	0.21330378996271737	0.00013227732857571043	0.3659043511548366	0.19517071634594177	50.63140302022155
7.012629473849862	0.007	0.005	0.21086221769462554	0.00013078916562267413	0.3688767407789548	0.1960230805671466	50.05185293566673
7.129234260491341	0.007	0.005	0.20844946285468807	0.00012931733671039982	0.3717800640773889	0.19682946221985945	49.4791431741045
7.245799771731983	0.007	0.005	0.20606511431387203	0.00012786167165112664	0.37461601220126806	0.19759108042072668	48.91317614683398
7.362329060443909	0.007	0.005	0.203708767389641	0.00012642199926729845	0.3773862320536074	0.19830912211503238	48.35385579534351
7.478824953062733	0.007	0.005	0.20138002895714788	0.00012499815080151402	0.38009232148388533	0.19898474140870956	47.80108880454203
7.595289957511102	0.007	0.005	0.1990785188650902	0.0001235899610755105	0.38273582908754955	0.19961906032846283	47.254784938837396
7.711726217433926	0.007	0.005	0.19680387033985283	0.00012219726901796323	0.3853182552237011	0.20021316994656585	46.7148571380666
7.82813562057691	0.007	0.005	0.1945557273840229	0.00012081991635040191	0.38784105637932953	0.20076813224437232	46.18122089998763
7.944519883877254	0.007	0.005	0.19233374277599397	0.00011945774661647225	0.39030564863091194	0.2012849816018073	45.65379380545028
8.060880599912073	0.007	0.005	0.19013757691717662	0.00011811060470698452	0.3927134099974029	0.20176472592490832	45.13249524476147
8.177219314095478	0.007	0.005	0.18796689617673631	0.00011677833606358467	0.3950656832208577	0.20220834776462676	44.61724602477964
8.293537463157792	0.007	0.005	0.18582137388473371	0.00011546078747577377	0.39736377557960795	0.20261680480198677	44.10796860465387
8.409836390675608	0.007	0.005	0.183700689854328	0.00011415780697237748	0.39960896030382836	0.20299103065773205	43.60458698241082
8.526117370277825	0.007	0.005	0.18160452979111072	0.00011286924363194537	0.4018024780525701	0.20333193567121413	43.10702655474943
8.642381559536977	0.007	0.005	0.17953258596382277	0.00011159494814832308	0.40394553703142827	0.20364040744329498	42.615214276247386
8.75863003086063	0.007	0.005	0.1774845564741364	0.00011033477253441089	0.4060393145640956	0.20391731160631335	42.12907848603131
8.874863763869255	0.007	0.005	0.17546014523570866	0.0001090885702469849	0.408084957880821	0.20416349244477694	41.648548902804436
8.991083668555207	0.007	0.005	0.17345906142133288	0.00010785619597887456	0.41008358541646595	0.20437977356063008	41.17355649361841
9.107290593031781	0.007	0.005	0.1714810192022636	0.0001066375056201284	0.41203628776690954	0.20456695846074893	40.70403341199757
9.223485300495474	0.007	0.005	0.1695257380149725	0.00010543235653210754	0.41394412810073083	0.20472583107725878	40.23991306125792
9.339668546213613	0.007	0.005	0.16759294115007004	0.0001042406067934331	0.4158081441831111	0.2048571564051969	39.78112975956317
9.455841015997349	0.007	0.005	0.1656823566970169	0.00010306211587227041	0.4176293480583138	0.20496168090815955	39.327618964168444
9.57200333393158	0.007	0.005	0.16379371730154269	0.00010189674457000098	0.4194087268948643	0.20504013303437768	38.87931721383929
9.688156100865518	0.007	0.005	0.1619267594430649	0.00010074435466679892	0.4211472442459478	0.20509322371779992	38.43616195733458
9.80429987904688	0.007	0.005	0.16008122360779367	9.960480910675073e-5	0.42284584043100026	0.20512164680866624	37.998091594495655
9.920435169069457	0.007	0.005	0.15825685456674923	9.847797224173307e-5	0.4245054328224159	0.20512607951248954	37.56504554223904
10.036562440658425	0.007	0.005	0.1564534007997485	9.736370955074151e-5	0.4261269169020108	0.205107182830436	37.136964097829086
10.152682355689102	0.007	0.005	0.1546706110199689	9.626188559037469e-5	0.42771116983153173	0.2050656018632844	36.71378761392256
10.268795283717195	0.007	0.005	0.15290824160972433	9.517236858164406e-5	0.4292590442713252	0.20500196630811648	36.2954582635805
10.38490148658732	0.007	0.005	0.15116605356910673	9.40950286100352e-5	0.43077137169892693	0.2049168909402259	35.881919315974685
10.501001233787797	0.007	0.005	0.1494438106836716	9.302973656413779e-5	0.4322489644870501	0.2048109759376771	35.47311470145559
10.61709482551531	0.007	0.005	0.14774127915782104	9.197636396317874e-5	0.43369261662548875	0.20468480717956652	35.06898892452945
10.73318257729521	0.007	0.005	0.14605822782562475	9.093478313290452e-5	0.4351031039323719	0.20453895656615456	34.66948711390037
10.849264819981038	0.007	0.005	0.14439442812692915	8.99048672357729e-5	0.4364811844637884	0.204373982326095	34.27455501679929
10.965341853631655	0.007	0.005	0.142749654733327	8.888649069368268e-5	0.4378275983857538	0.20419042939438034	33.88413914756902
11.081413947519021	0.007	0.005	0.14112368548726728	8.78795291901731e-5	0.43914306842705864	0.20398882974325158	33.49818677321071
11.197481340135242	0.007	0.005	0.139516301342519	8.68838596710552e-5	0.44042830031946145	0.20376970270431494	33.11664589925206
11.313544254571456	0.007	0.005	0.137927286096698	8.5899360216422e-5	0.44168398339000836	0.2035335552497121	32.73946520625782
11.429602898521463	0.007	0.005	0.13635642634629255	8.492591004594618e-5	0.44291079095817865	0.20328088228656968	32.366594039154236
11.545657456599358	0.007	0.005	0.1348035115447909	8.396338958488027e-5	0.4441093806443414	0.20301216696261581	31.99798242102669
11.661708121085516	0.007	0.005	0.13326833354920387	8.301168021739513e-5	0.4452803950623581	0.20272788087422824	31.633580945478922
11.777755053500329	0.007	0.005	0.131750687094681	8.207066460220006e-5	0.44642446178557105	0.20242848442644343	31.273340889291486
11.893798399978815	0.007	0.005	0.13025036954357047	8.114022654560449e-5	0.4475421938690721	0.20211442706739194	30.917214152856722
12.009838306642639	0.007	0.005	0.12876718064918644	8.022025088220927e-5	0.4486341903414018	0.2017861475042119	30.565153204104725
12.12587493496983	0.007	0.005	0.12730092233371107	7.931062336298379e-5	0.4497010366676012	0.20144407390182223	30.217111025784487
12.241908415687409	0.007	0.005	0.12585139924325198	7.841123101369661e-5	0.45074330463963846	0.20108862425767401	29.873041247216648
12.357938871827718	0.007	0.005	0.1244184184144642	7.752196195270544e-5	0.4517615529170471	0.20072020657907458	29.53289806516027
12.473966411045598	0.007	0.005	0.12300178933477937	7.6642705446543e-5	0.45275632727009546	0.20033921914157526	29.196636258109265
12.589991140987873	0.007	0.005	0.12160132372012905	7.57733517931048e-5	0.45372816101530733	0.19994605066739765	28.864211133531256
12.706013161609997	0.007	0.005	0.12021683557948683	7.491379237782059e-5	0.4546775752391182	0.1995410805705752	28.53557854318756
12.822032580543997	0.007	0.005	0.11884814100312216	7.406391956144176e-5	0.4556050792056644	0.19912467911791235	28.21069483287176
12.938049474681444	0.007	0.005	0.11749505858736838	7.322362695251147e-5	0.4565111703256485	0.19869720777692806	27.889516943235673
13.054063920908941	0.007	0.005	0.11615740903632422	7.239280918029816e-5	0.45739633468194285	0.1982590193161667	27.5720023152463
13.17007601147432	0.007	0.005	0.11483501496282192	7.15713617879932e-5	0.45826104740184315	0.19781045794351157	27.25810884294209
13.286085815571239	0.007	0.005	0.11352770130419189	7.075918149716225e-5	0.4591057726206256	0.19735185964716745	26.947794972121937
13.40209339470658	0.007	0.005	0.11223529511282834	6.995616609297547e-5	0.4599309638566271	0.1968835523326441	26.641019650632376
13.518098818066306	0.007	0.005	0.11095762535919976	6.916221431656764e-5	0.46073706436431494	0.19640585594723498	26.33774228160847
13.634102147150115	0.007	0.005	0.10969452307950739	6.837722596517783e-5	0.461524507260572	0.19591908272312739	26.03792275852338
13.750103435772074	0.007	0.005	0.1084458213476365	6.760110188537402e-5	0.462293715761019	0.19542353735744264	25.74152145853029
13.866102737743441	0.007	0.005	0.10721135516626105	6.683374391695845e-5	0.4630451034598272	0.19491951715438946	25.44849921661429
13.98210009919066	0.007	0.005	0.10599096152466146	6.607505493702721e-5	0.46377907450106043	0.1944073122284691	25.158817339316457
14.098095573919831	0.007	0.005	0.10478447921298212	6.532493875661351e-5	0.464496023892462	0.19388720560289838	24.87243756064453
14.21408920037079	0.007	0.005	0.10359174904046753	6.458330026050457e-5	0.46519633757170326	0.19335947347412838	24.589322093875175
14.330081024663262	0.007	0.005	0.10241261357183029	6.385004525607881e-5	0.4658803927560157	0.19282438526758144	24.30943356897627
14.44607107755164	0.007	0.005	0.10124691734066166	6.312508060922646e-5	0.46654855800529943	0.19228220389787962	24.03273508326364
14.562059389788917	0.007	0.005	0.10009450666777722	6.240831414184653e-5	0.46720119351290906	0.19173318585097593	23.759190158282166
14.678046015170843	0.007	0.005	0.09895522941546755	6.169965449077716e-5	0.46783865142108844	0.19117758122027764	23.488762681472924
14.794030976765756	0.007	0.005	0.09782893549901858	6.0999011421714137e-5	0.46846127570708207	0.19061563410630697	23.2214170275916
14.910014297641007	0.007	0.005	0.09671547655603328	6.030629563611144e-5	0.46906940254367757	0.19004758261448804	22.95711798021596
15.025996008544034	0.007	0.005	0.0956147058540717	5.962141872140486e-5	0.4696633605154045	0.18947365895430882	22.695830709822832
15.141976132540043	0.007	0.005	0.09452647841845158	5.894429323310388e-5	0.47024347071135636	0.18889408964892115	22.437520804123658
15.25795470805501	0.007	0.005	0.09345065079613207	5.8274832558238366e-5	0.47081004701041496	0.18830909555158273	22.18215421201826
15.373931742790361	0.007	0.005	0.09238708146479944	5.7612951165363205e-5	0.47136339602078736	0.18771889220618201	21.92969734069842
15.489907259808527	0.007	0.005	0.09133563038234331	5.695856433895631e-5	0.4719038174712587	0.18712368974199087	21.680116948708246
15.605881282171033	0.007	0.005	0.0902961591130763	5.6311588259472245e-5	0.47243160429148706	0.1865236930727412	21.433380175904546
15.721853840618984	0.007	0.005	0.08926853074153775	5.567193995590791e-5	0.4729470428001827	0.1859191019763591	21.18945452299667
15.837824935170856	0.007	0.005	0.08825261019251736	5.503953750087627e-5	0.4734504126873741	0.18531011141315373	20.948307927509706
15.95379458888594	0.007	0.005	0.08724826373468572	5.4414299717515656e-5	0.47394198740272414	0.18469691136075975	20.709908645962514
16.0	0.007	0.005	0.08685129673001385	5.416407347173872e-5	0.4741346193233429	0.1844514676661696	20.615681551344153
