0.0	0.007	0.005	0.0	0.0	0.0	0.0	100.0
0.006561567708730931	0.007	0.005	0.01791354386930455	6.229674252182103e-5	1.4468844047855522e-5	5.0352257399227226e-5	99.93860548069993
0.011765052831363096	0.007	0.005	0.0314883257190359	0.00010392959988050275	4.588808389207405e-5	0.00015421817232845795	99.88994491089353
0.019124359997051553	0.007	0.005	0.049779274719944484	0.0001530468582649405	0.00011895908174356715	0.0003812645174655121	99.82116454515918
0.026578842567767033	0.007	0.005	0.06727603053252466	0.00019317081374775198	0.00022541226039268103	0.000690050022137663	99.75154294850819
0.03533923154892042	0.007	0.005	0.08658906963556419	0.00023044580647109733	0.000389710724831042	0.0011334449776069075	99.66978682004293
0.0446833401796548	0.007	0.005	0.10579504893122427	0.0002609962422859205	0.000608573898415291	0.0016810366030249025	99.58265699311981
0.05502534561740441	0.007	0.005	0.1254914019847925	0.00028637351201156046	0.0008994759144594133	0.002354984620371684	99.48631100471047
0.06613533246420367	0.007	0.005	0.1449607201113774	0.00030628467094886557	0.0012644564144474299	0.0031375020200089727	99.38291436345236
0.07816999266198202	0.007	0.005	0.16423663881899214	0.0003216217641627973	0.0017158887273809194	0.004033999409428326	99.2710333658936
0.0910742946878256	0.007	0.005	0.18299301779853452	0.0003329712919728467	0.0022587562723073136	0.005034317375046171	99.1512076147096
0.10491868168884255	0.007	0.005	0.2011214362271369	0.0003411046707474199	0.00290213423060024	0.006137386986770624	99.02281331732975
0.11969367324044691	0.007	0.005	0.2184189106558181	0.0003466842742118972	0.00365096771325642	0.007336214626925746	98.88597189213772
0.13541465102118025	0.007	0.005	0.23474746235726374	0.00035032318721035864	0.004510255521151011	0.008626276582512651	98.74057668009331
0.15205505560575497	0.007	0.005	0.24996165974455598	0.00035253244042555575	0.005481496891861998	0.01000033603607247	98.58691105611486
0.16958816500758034	0.007	0.005	0.2639635132609871	0.00035372784586992334	0.006564642965683158	0.011451925021417642	98.42526048369318
0.18797755752575604	0.007	0.005	0.27669205940932723	0.000354227821016861	0.007757612688775294	0.01297457394527017	98.25599999044582
0.20719709299680236	0.007	0.005	0.28813345532345436	0.00035426473997923844	0.009057724842730902	0.014563385582724776	98.0794097303205
0.22722879996376608	0.007	0.005	0.29830890311705005	0.0003539998152316285	0.01046189451346082	0.016214724192244716	97.89569495752015
0.24806685832024303	0.007	0.005	0.30726721697084114	0.0003535401239405699	0.011967204991156687	0.017926388764686944	97.70495014372463
0.26971503491406573	0.007	0.005	0.315074909994481	0.00035295404163686317	0.013570987835324849	0.019697256270944197	97.50718337168571
0.2921866749768614	0.007	0.005	0.3218096248692623	0.00035228363246443673	0.015271016082648636	0.021527161164267106	97.30231727795795
0.3155033511039352	0.007	0.005	0.32755462883918585	0.00035155380513164283	0.017065547418173007	0.02341669175237203	97.0902022881986
0.3396946195734982	0.007	0.005	0.3323950745171298	0.0003507786380298586	0.018953405345578465	0.02536710031163441	96.87061974269582
0.36479759099669984	0.007	0.005	0.3364152130237305	0.00034996556141203843	0.02093401321752235	0.02738021505377487	96.6432867570469
0.3908569870502883	0.007	0.005	0.33969649732283747	0.0003491179999167813	0.0230074398198477	0.02945840275922244	96.40785672968408
0.4179252834847295	0.007	0.005	0.3423162671256564	0.00034823698835732207	0.025174431820798034	0.03160454477298347	96.16391917231162
0.4460631188268483	0.007	0.005	0.3443468970382727	0.00034732212129835987	0.027436451327694365	0.033822037007501464	95.91099727593667
0.47533988850325015	0.007	0.005	0.3458552732719462	0.00034637209010349786	0.02979571526231395	0.03611480449336909	95.64854398892965
0.505834566321082	0.007	0.005	0.3469025139546522	0.00034538497000454203	0.03225524179795329	0.03848733138847927	95.37593628501797
0.5376367656317902	0.007	0.005	0.34754386459163916	0.0003443583595148413	0.0348189058713482	0.040944705257070196	95.0924675795304
0.5708480880354109	0.007	0.005	0.3478287184403495	0.00034328943278127256	0.03749150783772183	0.043492677237064944	94.79733795027653
0.6055838012178021	0.007	0.005	0.3478007228479867	0.00034217493998220215	0.04027885806531069	0.046137739000668865	94.489641898843
0.6419749991598749	0.007	0.005	0.3474979413844089	0.00034101117169774153	0.04318788839669757	0.04888722544414006	94.16835243122851
0.6801719233047567	0.007	0.005	0.3469530359223792	0.00033979387744561217	0.04622684193927913	0.05174949016257037	93.83229568377834
0.7203450381859161	0.007	0.005	0.3461935066167579	0.0003385182535667445	0.04940526699879506	0.054733894524572564	93.48014627437783
0.762690856254268	0.007	0.005	0.3452418872941512	0.00033717878127637534	0.05273436844037918	0.05785113081170057	93.11038204401648
0.8074358208247691	0.007	0.005	0.34411595887264956	0.00033576913146951635	0.05622717623373197	0.06111336817208221	92.72125757939106
0.8548430590833379	0.007	0.005	0.3428289076383158	0.00033428198565911484	0.05989890474650285	0.06453457156511641	92.31075474601218
0.905219881596739	0.007	0.005	0.34138945919268643	0.00033270884355911213	0.06376732231515742	0.0681308218672693	91.87652961493484
0.9589280350629823	0.007	0.005	0.33980193805913855	0.0003310397578991593	0.06785327100189545	0.07192076498906189	91.41583935049583
1.0163965330673301	0.007	0.005	0.3380662544545662	0.0003292630075172787	0.07218129804729714	0.07592614975527764	90.92545210109347
1.0781387381767353	0.007	0.005	0.3361777728092016	0.0003273646642171809	0.07678049259036149	0.08017253556876092	90.40152761154918
1.1447748090002745	0.007	0.005	0.33412703445243896	0.0003253280302130404	0.08168556093559741	0.08469019190715749	89.8394621739412
1.217061989656267	0.007	0.005	0.3318992717155356	0.00032313288651017924	0.08693825113904367	0.08951527918546125	89.2336814757212
1.295938045802942	0.007	0.005	0.32947357227090945	0.0003207544165346078	0.09258939973321162	0.09469154174772765	88.57734393544712
1.3825784520085498	0.007	0.005	0.32682171325383863	0.00031816182703935683	0.0987014665501521	0.10027235866371931	87.86196066306421
1.478478266085651	0.007	0.005	0.32390639044473457	0.00031531639803342106	0.10535207373940682	0.10632357786114123	87.07685812226262
1.585575993449656	0.007	0.005	0.3206784203073711	0.00031216855214853814	0.11263929969548607	0.11292773486016636	86.20837075319606
1.7064132523601192	0.007	0.005	0.3170732761452753	0.00030865429370391476	0.12068757957899413	0.12018848137019315	85.23886127904753
1.8441402087507373	0.007	0.005	0.3130127654497232	0.00030469665018426675	0.12964107084571985	0.12822328233249455	84.14712995838705
1.9980044512490631	0.007	0.005	0.30853756552165934	0.00030033444388198144	0.1393738203935534	0.13690405727064286	82.94400991265768
2.143533333684634	0.007	0.005	0.30436356995800257	0.00029626466875255027	0.14832432491134218	0.14483558217516054	81.82190055012701
2.271809230327925	0.007	0.005	0.3007312308081094	0.00029272321722380936	0.1560135716617032	0.15160799397339386	80.84541574975077
2.389306617168004	0.007	0.005	0.2974421436736558	0.0002895176574314291	0.16289613070956613	0.15763591322564394	79.96121044732509
2.5033128750647173	0.007	0.005	0.2942851685189679	0.00028644099061229917	0.16943067479656848	0.16332806678635442	79.11252181612323
2.6185325928819383	0.007	0.005	0.29112863253564963	0.00028336430148433606	0.17589422336132113	0.16892750004518717	78.26395166463817
2.7368409067098836	0.007	0.005	0.2879227088610034	0.00028023907068904245	0.18238716088366308	0.17452021262435594	77.40210482330811
2.858063249547529	0.007	0.005	0.2846744359517324	0.0002770722787031671	0.18889212409836498	0.18008959132366753	76.5288733361717
2.980953310297935	0.007	0.005	0.28141887875147786	0.0002738982008334704	0.19533718880583123	0.18557300998033655	75.65368364893914
3.104170072873298	0.007	0.005	0.278192045646007	0.00027075202246778964	0.20165179408895453	0.1909105131355576	74.78621585736336
3.226887734945109	0.007	0.005	0.27501505900029055	0.0002676544040854119	0.20779726706325022	0.1960704270223106	73.93214826746679
3.3488947622795604	0.007	0.005	0.2718924374992533	0.00026460978805114736	0.2137683517208233	0.20104978596870135	73.09269563173959
3.470378678446021	0.007	0.005	0.26881843264966854	0.0002616125739653987	0.21957942914547057	0.2058620199080885	72.26631258467168
3.5916505576865907	0.007	0.005	0.2657844570042251	0.0002586543785136728	0.22524960477037	0.2105241606928622	71.45069056701729
3.712957170342417	0.007	0.005	0.26278386954851946	0.00025572871871926096	0.23079363583212864	0.21504930954550516	70.64404427831383
3.8344131418444065	0.007	0.005	0.25981352533701174	0.0002528325294071443	0.2362193423052795	0.21944466279587074	69.84552826449543
3.956019349558357	0.007	0.005	0.2568731440022265	0.0002499655460457345	0.24152911739267313	0.22371292418398983	69.05506715449772
4.077717659380419	0.007	0.005	0.25396385050730325	0.0002471288779597512	0.2467228178630363	0.22785476720223827	68.27296337153639
4.199442833477497	0.007	0.005	0.25108687575660465	0.0002443237377860322	0.2518001871637527	0.23187082579634954	67.4995478189551
4.321152212231215	0.007	0.005	0.24824285918996775	0.0002415507593147569	0.25676207331641526	0.23576265132896368	66.73499239701461
4.442831922705307	0.007	0.005	0.24543173781398958	0.00023880988870018452	0.2616105578303816	0.23953277686258526	65.97928017123215
4.5644883194881976	0.007	0.005	0.24265297927673615	0.00023610061227018138	0.2663484903420095	0.24318431799691761	65.23226802972736
4.686135430499231	0.007	0.005	0.2399058901255974	0.0002334222580529482	0.27097892671629487	0.24672051765122102	64.4937695520133
4.8077853242440565	0.007	0.005	0.23718983916150482	0.00023077421435644985	0.2755047447704891	0.2501444473076715	63.76361505318871
4.9294440196053655	0.007	0.005	0.23450434429214537	0.00022815601483215105	0.27992850943042513	0.2534589106680647	63.04167493264016
5.051111807319573	0.007	0.005	0.23184905764789232	0.00022556732398410187	0.2842525121400337	0.2566664822639191	62.327855672765644
5.17278575468144	0.007	0.005	0.22922370459472724	0.00022300787754028095	0.2884788819201058	0.2597695971749107	61.62208344385182
5.294462364513376	0.007	0.005	0.22662802336823887	0.00022047742340664775	0.292609688314872	0.2627706302134679	60.924287875914764
5.416139130676989	0.007	0.005	0.2240617318139071	0.00021797568913343307	0.2966469951495356	0.2656719353425461	60.23439311750886
5.537814973362556	0.007	0.005	0.22152451959195543	0.0002155023742991218	0.3005928712960866	0.2684758521762691	59.5523157401613
5.659489876460788	0.007	0.005	0.21901605731028476	0.00021305715946616583	0.30444937479235606	0.2711846932895662	58.87796719357375
5.781164291233429	0.007	0.005	0.21653600983079832	0.00021063971922672878	0.3082185316924211	0.2738007286174998	58.211257382754575
5.902838668938461	0.007	0.005	0.21408404612857962	0.00020824973187737387	0.31190232149737057	0.27632617538452864	57.55209731845597
6.0245131707395245	0.007	0.005	0.21165984498497895	0.00020588688501679947	0.31550266975948504	0.27876319363180224	56.90040064764373
6.146187683822046	0.007	0.005	0.20926309429360485	0.00020355087488895437	0.319021450568195	0.2811138887443672	56.256083466926775
6.267861942266468	0.007	0.005	0.2068934883709937	0.00020124140377034388	0.32246049181012326	0.28338031572662914	55.61906359958648
6.389535639865002	0.007	0.005	0.20455072559142667	0.00019895817767277387	0.32582157966703307	0.285564482758755	54.98925995974534
6.5112085107049555	0.007	0.005	0.20223450678470734	0.00019670090479160355	0.3291064617811707	0.2876683537052655	54.36659212164268
6.632880409748726	0.007	0.005	0.1999445337394198	0.00019446929405566438	0.33231685010040246	0.28969385028514566	53.750979917266285
6.754551224193821	0.007	0.005	0.1976805109383587	0.00019226305684293674	0.33545441911325574	0.2916428512718775	53.142343902887106
6.8762209057031525	0.007	0.005	0.19544214496746098	0.00019008190641617588	0.3385208074086775	0.29351719384790254	52.540605200162595
6.997889389825588	0.007	0.005	0.19322914600421298	0.00018792555939559837	0.34151761636726047	0.29531867319366395	51.94568589626452
7.1195566362847895	0.007	0.005	0.1910412270439577	0.00018579373501418725	0.344446411989693	0.2970490440330736	51.35750883588765
7.241222564518008	0.007	0.005	0.18887810502789898	0.00018368615623613667	0.34730872413706476	0.29871002061801577	50.775997924490085
7.3628871100800275	0.007	0.005	0.18673949978076576	0.00018160254872772748	0.35010604870896445	0.3003032784599571	50.201077842706646
7.484550232699869	0.007	0.005	0.1846251338526691	0.00017954264071348602	0.35283984854817185	0.30183045525810526	49.63267400383506
7.606211867936274	0.007	0.005	0.18253473333383252	0.0001775061637856372	0.35551155308231225	0.30329315112275484	49.070712772859565
7.727871967464638	0.007	0.005	0.18046802711571547	0.00017549285218971373	0.35812255997625814	0.30469292992970753	48.515121267819104
7.849530482962204	0.007	0.005	0.17842474714144288	0.00017350244307947295	0.36067423547807287	0.30603131992457266	47.96582742713018
7.97118739833577	0.007	0.005	0.17640462783963295	0.0001715346759703211	0.36316791577665697	0.3073098148552326	47.422759857383156
8.092842697492769	0.007	0.005	0.17440740664692214	0.0001695892932599271	0.36560490697820414	0.3085298743635426	46.88584797381227
8.214496380454671	0.007	0.005	0.17243282371390553	0.00016766603994741093	0.36798648609484313	0.309692924905718	46.35502192124368
8.336148415016593	0.007	0.005	0.17048062265756428	0.0001657646643788042	0.3703139007565496	0.3108003600395626	45.83021277637043
8.457798801200871	0.007	0.005	0.16855054948178755	0.0001638849171946209	0.37258837112003285	0.3118535417770586	45.3113522575566
8.579447506804375	0.007	0.005	0.1666423535788823	0.00016202655231889611	0.374811089267446	0.31285380071662805	44.79837299407278
8.701094515737816	0.007	0.005	0.16475578692288487	0.00016018932617339207	0.3769832207453592	0.31380243718258216	44.291208309234435
8.822739836081	0.007	0.005	0.16289060392901003	0.000158372997544843	0.3791059052739279	0.3147007219359051	43.78979218261775
8.944383467857365	0.007	0.005	0.16104656192847994	0.00015657732805601869	0.3811802567467448	0.31554989657964105	43.29405937770762
9.066025419146268	0.007	0.005	0.1592234208896505	0.00015480208189656727	0.3832073640911089	0.3163511743370032	42.803945366928104
9.187665689970922	0.007	0.005	0.1574209436308354	0.0001530470260362987	0.3851882915591585	0.31710574058297447	42.319386388855904
9.309304280354546	0.007	0.005	0.155638895665072	0.00015131193007674002	0.38712407942293164	0.31781475353472083	41.840319406488746
9.430941190320352	0.007	0.005	0.15387704516946865	0.00014959656622468706	0.38901574451476617	0.31847934486667884	41.36668209900514
9.552576427947027	0.007	0.005	0.15213516284019796	0.00014790070915306756	0.39086428087653957	0.3191006203515171	40.898412822782305
9.674210009368291	0.007	0.005	0.1504130218690372	0.00014622413598088977	0.39267066026219016	0.3196796604339944	40.43545060508949
9.795841934606695	0.007	0.005	0.14871039825638305	0.00014456662658372636	0.39443583228286183	0.32021752068974774	39.97773522823547
9.91747221979508	0.007	0.005	0.1470270703255877	0.0001429279631189554	0.3961607253794714	0.3207152325409645	39.525207099008036
10.03910086495556	0.007	0.005	0.14536281914494315	0.00014130793044295157	0.3978462468377176	0.3211738036631286	39.07780736211551
10.160727894275045	0.007	0.005	0.14371742794461972	0.00013970631553991767	0.399493283824844	0.3215942186806262	38.635477743442905
10.282353307774999	0.007	0.005	0.14209068274952702	0.00013812290814618061	0.401102703181183	0.32197743950944296	38.1981607201834
10.40397712158633	0.007	0.005	0.14048237180319217	0.00013655750018535555	0.402675352422957	0.32232440601594314	37.76579936595992
10.525599351839308	0.007	0.005	0.1388922857615362	0.00013500988596046185	0.40421205995763165	0.3226360364555376	37.33833740291784
10.647219998554553	0.007	0.005	0.13732021787232	0.00013347986233202256	0.405713635318544	0.32291322792881794	36.915719249965626
10.76883906980709	0.007	0.005	0.13576596362909546	0.00013196722837883752	0.4071808698970212	0.3231568569281357	36.49788992974645
10.890456589780243	0.007	0.005	0.13422932064911608	0.0001304717852787879	0.4086145374361977	0.3233677798073357	36.08479503581688
11.012072574602213	0.007	0.005	0.1327100889583984	0.0001289933365904495	0.41001539413660903	0.32354683318594424	35.67638080928012
11.133687040400588	0.007	0.005	0.13120807086066572	0.00012753168812497574	0.41138417915037656	0.3236948344163224	35.27259410355391
11.25529999524835	0.007	0.005	0.12972307100908678	0.00012608664801758962	0.41272161487835257	0.3238125820143635	34.87338240365624
11.376911447218179	0.007	0.005	0.1282548962783096	0.00012465802660224676	0.4140284074417047	0.3239008561016129	34.47869379180403
11.498521412436267	0.007	0.005	0.12680335564354853	0.00012324563629301054	0.41530524713256406	0.3239604188256851	34.08847691490847
11.620129890920792	0.007	0.005	0.12536826044446592	0.00012184929184468615	0.4165528085182227	0.32399201475551764	33.7026810555139
11.741736898797159	0.007	0.005	0.12394942397586992	0.00012046880994971992	0.4177717511301659	0.3239963712959844	33.321256021765365
11.863342452190192	0.007	0.005	0.12254666165869565	0.0001191040094070221	0.41896271963218235	0.3239741990644191	32.94415219337362
11.984946784667061	0.007	0.005	0.12115978854989003	0.00011775470866456751	0.42012634621245953	0.32392619216348295	32.57131985219867
12.10654984791979	0.007	0.005	0.11978862505610127	0.00011642073145713412	0.42126324606109466	0.3238530286828264	32.20271071825767
12.22815153726902	0.007	0.005	0.11843299422827629	0.00011510190413914344	0.4223740200364455	0.3237553711518018	31.838277222433202
12.349751764145362	0.007	0.005	0.11709272090943608	0.00011379805484382048	0.42345925567292225	0.32363386686691614	31.47797227737019
12.471350504407194	0.007	0.005	0.11576763119965751	0.00011250901295437488	0.4245195278814309	0.32348914815612817	31.121749133647178
12.592947766125661	0.007	0.005	0.11445755281921556	0.00011123460946192674	0.4255553989086848	0.323321832701731	30.769561477399712
12.714543605688876	0.007	0.005	0.11316231493540882	0.00010997467679377757	0.4265674187292403	0.32313252381549595	30.421363383765854
12.836138071430206	0.007	0.005	0.11188174875949149	0.00010872904940292973	0.4275561248323312	0.32292181082372806	30.07710947735916
12.957731179470578	0.007	0.005	0.11061568776928137	0.00010749756398835648	0.4285220423209228	0.3226902694414739	29.736754992112214
13.079322921772539	0.007	0.005	0.10936396758549649	0.00010628005937305235	0.4294656842771938	0.3224384620933873	29.400255738032367
13.200913306403951	0.007	0.005	0.10812642552862606	0.00010507637606566289	0.4303875523526337	0.3221669381431228	29.067567982075484
13.322502349484843	0.007	0.005	0.10690290068763113	0.00010388635632810198	0.4312881369551702	0.3218762341959218	28.738648466614737
13.444090051030015	0.007	0.005	0.10569323414240993	0.00010270984439561129	0.4321679173243867	0.3215668744450461	28.413454469245874
13.56567641105427	0.007	0.005	0.10449726877633668	0.00010154668629110724	0.4330273619066947	0.3212393709221089	28.091943752392126
13.687261437624578	0.007	0.005	0.1033148491779128	0.00010039672972750826	0.43386692865340576	0.3208942237496024	27.774074536865125
13.808845146859728	0.007	0.005	0.10214582162492247	9.925982409168864e-5	0.43468706525201267	0.32053192140500614	27.459805497605448
13.930427530721998	0.007	0.005	0.10099003437310544	9.813582073046981e-5	0.43548820914279557	0.32015294108180825	27.14909584128637
14.052008605329654	0.007	0.005	0.09984733717175431	9.702457247016959e-5	0.4362707880719976	0.31975774880344926	26.841905176092226
14.173588378748615	0.007	0.005	0.09871758155460672	9.592593390471412e-5	0.4370352200955162	0.3193467997702758	26.53819358991873
14.295166842941073	0.007	0.005	0.09760062088964767	9.483976144501687e-5	0.43778191375330194	0.3189205386399379	26.237921663761266
14.416744005972776	0.007	0.005	0.09649631006068388	9.376591300271944e-5	0.4385112684839533	0.3184793996591131	25.941050386112817
14.538319867857647	0.007	0.005	0.09540450567245613	9.270424819352386e-5	0.43922367468073154	0.3180238069807686	25.64754120810399
14.659894460815536	0.007	0.005	0.09432506567237481	9.165462796105565e-5	0.43991951412753627	0.3175541747409836	25.357355941814692
14.781467768756892	0.007	0.005	0.09325785005090806	9.06169152726705e-5	0.44059915973089203	0.3170709075901379	25.070456948558814
14.903039807797922	0.007	0.005	0.09220272010426818	8.95909743864941e-5	0.4412629761800146	0.316574400606235	24.786806940672836
15.024610569900643	0.007	0.005	0.09115953891312971	8.85766713271546e-5	0.44191131981822823	0.3160650397311182	24.506369110209164
15.146180055078466	0.007	0.005	0.09012817104126689	8.757387358591725e-5	0.44254453900897306	0.31554320185295215	24.22910704792112
15.267748255293743	0.007	0.005	0.08910848265613341	8.658245024047615e-5	0.44316297423054324	0.31500925507840094	23.954984775678312
15.38931520276396	0.007	0.005	0.0881003411092931	8.560227153672384e-5	0.44376695849467473	0.31446355871758874	23.683966633673993
15.510880897502027	0.007	0.005	0.08710361552876156	8.46332094784938e-5	0.44435681714848185	0.31390646379633813	23.41601743966402
15.63244533147004	0.007	0.005	0.08611817659207398	8.367513760160898e-5	0.4449328681752888	0.31333831314882193	23.15110242796075
15.754008512731803	0.007	0.005	0.08514389631328421	8.272793076128128e-5	0.4454954224744946	0.3127594414919447	22.88918719217207
15.875570441300225	0.007	0.005	0.08418064822393731	8.179146531237324e-5	0.4460447839061613	0.31217017571912786	22.630237733852255
15.997131117188214	0.007	0.005	0.08322830729020793	8.086561902663521e-5	0.44658124948819206	0.3115708350423577	22.37422044022626
16.0	0.007	0.005	0.0832059622621742	8.084421707987933e-5	0.4465937569798214	0.3115565705459327	22.368213438531193
