0.0	0.007	0.005	0.0	0.0	0.0	0.0	100.0
0.006292600112137007	0.007	0.005	0.017630431886024645	5.478212087194378e-5	1.3436499682727175e-5	4.015833308254415e-5	99.94426430568667
0.011689983907277799	0.007	0.005	0.031954627405806096	9.506516793704524e-5	4.559867188098603e-5	0.00013238425065087482	99.89648259661898
0.019111657279986156	0.007	0.005	0.05051605015852864	0.00014189562967203585	0.00011911809940990544	0.00033280077465668153	99.8308176499286
0.02681363828404658	0.007	0.005	0.06847322064550598	0.00018172459479828148	0.00022902921595312206	0.0006159827616481254	99.76271825687697
0.03578523922805769	0.007	0.005	0.08783319589405353	0.00021898612517596723	0.00039705685489696075	0.0010238578812440027	99.68345170460482
0.04540229514276345	0.007	0.005	0.10686852761275924	0.00025024366340094283	0.000621151112756982	0.0015348974920990329	99.59855232051352
0.05597280780269212	0.007	0.005	0.1259156750663463	0.0002765557975976054	0.0009153128701558177	0.0021645220372622587	99.50531923296029
0.0672764413396268	0.007	0.005	0.14431015556235405	0.00029760506594041876	0.0012800283562775818	0.00289711070700211	99.40571650008583
0.07939586062502184	0.007	0.005	0.16198974355109716	0.00031411966638499056	0.0017227178677469094	0.0037325672348493826	99.2990361661127
0.0922469207054563	0.007	0.005	0.17867005801013267	0.0003266402389276047	0.0022441088636436838	0.0046589220217722795	99.18604067612772
0.10584022755977197	0.007	0.005	0.19425616069304139	0.00033588709172710957	0.0028470360609065435	0.005670307653659173	99.06665876676333
0.12013597862133636	0.007	0.005	0.2086326595120365	0.00034250217125726966	0.003531103610790701	0.006757483558652211	98.94126272529391
0.13512547723153062	0.007	0.005	0.22176072084181614	0.00034708107099347185	0.004296222064928714	0.007914114753332544	98.8099518957494
0.1507883910350291	0.007	0.005	0.23362330320082272	0.00035012250087559184	0.005140867515828725	0.009133775530471617	98.67292800877027
0.16711808410534196	0.007	0.005	0.24424211253009348	0.00035203346358116176	0.00606351437654119	0.010411923834168656	98.53027325458551
0.18410936602962966	0.007	0.005	0.2536595009365571	0.00035313066823455623	0.007062200257252629	0.011744903515952839	98.38205785803672
0.20176595944535797	0.007	0.005	0.26193699390528097	0.0003536532652927233	0.008135109210834997	0.01313041801952474	98.2282751481403
0.22009674204417942	0.007	0.005	0.2691469953438851	0.0003537762310131228	0.009280505646941429	0.014567106737766598	98.06887480634188
0.23911771480596972	0.007	0.005	0.27536904742288654	0.00035362423193310984	0.01049696803823836	0.01605456993630036	97.90374618126948
0.2588507517822562	0.007	0.005	0.28068551986943957	0.00035328383367057883	0.011783401324692548	0.01759315397114106	97.73272968955183
0.2793241005518601	0.007	0.005	0.28517896954495203	0.00035281365727626596	0.013139132419370914	0.019183891303452803	97.55561302357187
0.30057207567979866	0.007	0.005	0.2889299552870922	0.0003522523724279555	0.014563934354961047	0.020828395300816753	97.37213441914878
0.3226353396737426	0.007	0.005	0.29201561378603325	0.00035162473200688976	0.016058072024887265	0.022528816647610965	97.18198089102256
0.3455610939572338	0.007	0.005	0.2945086565878187	0.00035094598255672025	0.01762232913432552	0.02428780523638378	96.98478733032107
0.369403547701421	0.007	0.005	0.296476752009773	0.00035022498796038413	0.019258043381432246	0.026108502578852562	96.78013330792474
0.3942244895438647	0.007	0.005	0.2979821644901811	0.00034946638428870756	0.020967140158820945	0.02799454783188016	96.56753912689271
0.42009409239245465	0.007	0.005	0.2990815949185002	0.00034867202366094794	0.022752174914067124	0.029950104419392068	96.34646004191039
0.44709190435285634	0.007	0.005	0.29982615983724414	0.0003478419143639241	0.024616381693729667	0.03197990092391116	96.11627909813683
0.47530811515301485	0.007	0.005	0.3002614721487116	0.0003469748097795789	0.02656373419904399	0.03408929053238747	95.876297884213
0.5048451067820878	0.007	0.005	0.3004277898470608	0.0003460685589402604	0.028599019629641377	0.036284327228520305	95.62572520229945
0.5358193867688503	0.007	0.005	0.3003602099125559	0.00034512029565581957	0.03072793124076053	0.03857186354351753	95.36366291487549
0.5683641946967526	0.007	0.005	0.30008888554765367	0.0003441265124181041	0.032957198045714245	0.04095968826626216	95.08908664443535
0.6026324288916882	0.007	0.005	0.2996392525405948	0.0003430830670040852	0.03529472504126367	0.04345667432266292	94.80082449089085
0.6387995670495423	0.007	0.005	0.2990322710309051	0.0003419851559948064	0.03774971928104961	0.04607290990034754	94.49753667011456
0.6770690860300476	0.007	0.005	0.2982846336156317	0.00034082719502682036	0.04033296831401967	0.04881998930008023	94.1776753119695
0.7176778172518571	0.007	0.005	0.2974089617018107	0.000339602694635124	0.043057089631349736	0.05171126821772173	93.83944642610052
0.7609036036461945	0.007	0.005	0.296413953255707	0.0003383040672492991	0.045936903693392324	0.05476224468636888	93.48075472345417
0.8070746916024827	0.007	0.005	0.2953044846907709	0.00033692238867318383	0.0489898797348509	0.057991009144056783	93.09913687215476
0.8565822143815705	0.007	0.005	0.29408163644786595	0.00033544707901967167	0.052236728173836	0.061418838860513796	92.6916730351783
0.9098965026911316	0.007	0.005	0.2927426240501387	0.00033386548805296726	0.05570216322214494	0.06507095708762936	92.25487228557068
0.9675888854728161	0.007	0.005	0.2912805973385448	0.00033216234460621856	0.05941590858895706	0.06897752735395175	91.78452064224065
1.030361222819182	0.007	0.005	0.2896842591020789	0.0003303190170859118	0.06341403733550956	0.07317496896583793	91.27547704872106
1.0990912681446248	0.007	0.005	0.28793711194910265	0.000328312368553989	0.06774107492107703	0.07770802821050367	90.72135750788782
1.174883102207032	0.007	0.005	0.2860166332506369	0.0003261135538647032	0.07245205254987698	0.08263172859296156	90.11420336182223
1.2591604067603968	0.007	0.005	0.2838924622342757	0.00032368570857355534	0.07761667792276736	0.08801543168187281	89.44384375808119
1.3537879300774076	0.007	0.005	0.2815240520387753	0.0003209810551528656	0.08332430782790283	0.09394755803692649	88.69709756812868
1.4612643913551218	0.007	0.005	0.27885683385359433	0.00031793633541099645	0.08969176190348017	0.1005429796143142	87.85651374999918
1.585009761994863	0.007	0.005	0.2758165751546854	0.00031446620621232733	0.09687420957950751	0.10795310597681498	86.89855077447952
1.7296195289087357	0.007	0.005	0.2723054243615361	0.00031045856897056294	0.10507018915043262	0.1163691386795626	85.79229552114295
1.8966213308861348	0.007	0.005	0.2683060742581871	0.00030589319817554976	0.11427715425147675	0.12577030439451983	84.53225408676936
2.0593946093421467	0.007	0.005	0.2644644987121835	0.0003015069055744958	0.12299209604072009	0.13461465897814553	83.32192883264878
2.204861113941309	0.007	0.005	0.26107793747302144	0.0002976398017061643	0.13057014426672217	0.1422599241540911	82.2549616611709
2.3377172679448854	0.007	0.005	0.2580228570693434	0.00029415204108009646	0.13732230284346147	0.14903469738781866	81.29243087497436
2.465161068797459	0.007	0.005	0.2551258359930673	0.00029084508589111326	0.1436513979500684	0.1553516482486245	80.37969819255157
2.5925694759282036	0.007	0.005	0.252262132973109	0.00028757589457911254	0.14983715827877547	0.16149301641574015	79.47746268868319
2.722562246533064	0.007	0.005	0.24937346855335357	0.0002842778574223345	0.15600577310766806	0.16758396868890607	78.56736287788632
2.855520809132327	0.007	0.005	0.24645311495519912	0.0002809433763141664	0.16216950099792746	0.1736353340955802	77.6472791076799
2.9904841939154827	0.007	0.005	0.2435237015721916	0.00027759837153916515	0.16827904967027843	0.1795976907807759	76.72434097119265
3.126137063333135	0.007	0.005	0.24061440918184895	0.0002742762355846059	0.17427396686736668	0.18541195090393728	75.80774213534059
3.261517695597878	0.007	0.005	0.23774560737011524	0.00027100029159044875	0.18011452903318154	0.1910404300900069	74.90390022193633
3.396251072033542	0.007	0.005	0.23492448126574675	0.00026777878587751496	0.18578934432592173	0.1964735272271139	74.01507897062328
3.5304165575991147	0.007	0.005	0.23214851111609364	0.00026460885492263393	0.19130683683750002	0.2017207862692667	73.1404845105645
3.664289980091742	0.007	0.005	0.22941127926269464	0.00026148316695426147	0.19668274722716833	0.2067984966976816	72.27809490051281
3.7981336581549066	0.007	0.005	0.2267069191815638	0.00025839501752386503	0.2019311087686281	0.21172100874548652	71.42606183911583
3.9320968815491586	0.007	0.005	0.22403206595804448	0.00025534056482564194	0.20706061185232041	0.21649740127055944	70.58332517962886
4.066210925232291	0.007	0.005	0.22138581433643104	0.00025231878232797613	0.21207498184551044	0.22113199873673414	69.74959971306791
4.200433527524394	0.007	0.005	0.21876871591390942	0.00024933031085079256	0.21697512945174355	0.22562650223630754	68.92505922510708
4.334701270186817	0.007	0.005	0.21618169076704613	0.00024637621259992353	0.22176131590491174	0.22998205096448515	68.10999359417588
4.468965246218468	0.007	0.005	0.21362532948890026	0.00024345717198513638	0.2264344602062623	0.2342004223101045	67.30458889195003
4.603203612979434	0.007	0.005	0.21109967630439316	0.0002405732471064365	0.23099649051538534	0.23828432200866376	66.50885905189037
4.7374170685334045	0.007	0.005	0.2086043438624425	0.0002377240010676609	0.23545008056305472	0.24223711308468052	65.72268203554097
4.871617436002707	0.007	0.005	0.2061387468711636	0.00023490876951729608	0.239798194403372	0.24606238703639727	64.94587344140896
5.005817184888217	0.007	0.005	0.2037023031432549	0.0002321268909695848	0.24404371851352824	0.24976363093433135	64.1782498461284
5.140023887869118	0.007	0.005	0.2012945327845482	0.0002293778205010593	0.2481892938202258	0.2533440836597189	63.41966005470853
5.27423931425598	0.007	0.005	0.19891506864250916	0.00022666114179714512	0.252237309888765	0.2568067386818554	62.66998839242848
5.4084613310756495	0.007	0.005	0.19656361691716073	0.00022397652208896936	0.256189983259021	0.2601544185503132	61.92914229495269
5.5426865249609225	0.007	0.005	0.19423990793431348	0.00022132365579817588	0.26004944689925935	0.26338985511430824	61.19703679899276
5.676912033531104	0.007	0.005	0.19194366370621094	0.000218702227399125	0.26381780619202244	0.2665157377251159	60.47358432199617
5.811136336708904	0.007	0.005	0.18967458522488592	0.00021611189688212687	0.2674971592362754	0.26953472941576334	59.758690658803125
5.94535908782862	0.007	0.005	0.1874323566231255	0.00021355230454385703	0.27108958884282075	0.27244945911151697	59.05225629259611
6.079580606913537	0.007	0.005	0.18521665463188272	0.00021102308184955116	0.2745971467346285	0.27526250801636215	58.35417937454312
6.213801320647206	0.007	0.005	0.18302715827112845	0.00020852386256563975	0.2780218384990295	0.2779763974633917	57.66435877698777
6.348021460148336	0.007	0.005	0.18086355374289995	0.00020605428839471813	0.2813656170058536	0.280593584241036	56.98269563504858
6.482240963196603	0.007	0.005	0.17872553574050973	0.00020361401050225482	0.28463038178775935	0.2831164609421102	56.30909375909718
6.616459580905669	0.007	0.005	0.1766128054561702	0.00020120268725674312	0.28781798348263204	0.28554736025744165	55.64345900704209
6.750677028839398	0.007	0.005	0.17452506803017653	0.00019881998132715892	0.2909302288538786	0.28788855950049086	54.985698480670884
6.884893040347053	0.007	0.005	0.1724620316664942	0.0001964655586890044	0.2939688830715877	0.29014228286169386	54.335720247008254
7.0191074376725435	0.007	0.005	0.17042340653930105	0.00019413908738887163	0.2969356721833637	0.29231070370685847	53.69343299381219
7.153320087508598	0.007	0.005	0.16840890549962595	0.0001918402383720461	0.2998322828821216	0.29439594483111053	53.058746252206596
7.2875309365480625	0.007	0.005	0.16641824355299084	0.0001895686848994911	0.30266036406872016	0.29640008003615326	52.431570232107845
7.421739931485953	0.007	0.005	0.16445113905679506	0.00018732410393647035	0.3054215259470749	0.298325133942372	51.81181619947176
7.555947045683693	0.007	0.005	0.16250731329727652	0.00018510617568161253	0.3081173414597238	0.3001730835024159	51.199396343010974
7.6901522258400385	0.007	0.005	0.16058649123226637	0.00018291458443250532	0.3107493460769987	0.3019458583649172	50.594224008206886
7.824355409768278	0.007	0.005	0.15868840118005997	0.00018074901824141973	0.3133190390619416	0.30364534227149415	49.996213599285326
7.958556553059812	0.007	0.005	0.15681277440380018	0.00017860916845005418	0.3158278848269686	0.3052733744720494	49.40528044827312
8.092755611308084	0.007	0.005	0.15495934533294878	0.00017649472995446877	0.31827731339801824	0.3068317505266435	48.8213408847743
8.226952566770738	0.007	0.005	0.1531278511644727	0.00017440540075734068	0.320668721690205	0.30832222362224093	48.24431211032041
8.361147383931794	0.007	0.005	0.15131803244331385	0.00017234088264352066	0.3230034734756696	0.3097465050502445	47.674112381252776
8.49534004505115	0.007	0.005	0.14952963254060414	0.00017030088058970892	0.32528290078794425	0.31110626558372634	47.11066084432943
8.629530550163443	0.007	0.005	0.1477623976316206	0.00016828510274697413	0.32750830463832964	0.3124031363944003	46.5538775297795
8.763718899303315	0.007	0.005	0.14601607690359655	0.00016629326068664916	0.32968095543282183	0.31363870979067016	46.00368341677633
8.897905101392064	0.007	0.005	0.14429042240632853	0.0001643250692355281	0.33180209383104126	0.31481454021142463	45.46000038636962
9.032089147577526	0.007	0.005	0.1425851893603185	0.00016238024683604065	0.33387293102644605	0.31593214488693994	44.9227513185683
9.166271029007968	0.007	0.005	0.1409001358865256	0.00016045851524166537	0.3358946497304688	0.3169930048890172	44.39186000719659
9.300450745718312	0.007	0.005	0.13923502286237965	0.0001585595993567495	0.3378684049713791	0.3179985660494823	43.86725111452965
9.434628324401741	0.007	0.005	0.13758961367765896	0.0001566832269606831	0.3397953249851047	0.31895023989877175	43.34885009438091
9.568803782864217	0.007	0.005	0.1359636746481672	0.00015482912918753298	0.34167651131728427	0.3198494041980291	42.83658332243422
9.702977112253437	0.007	0.005	0.13435697518718426	0.0001529970407272542	0.34351303922391985	0.3206974036452449	42.330378150261566
9.83714833037452	0.007	0.005	0.13276928712635244	0.00015118669904878618	0.34530595902899675	0.3214955510102724	41.830162691361586
9.971317463917277	0.007	0.005	0.1312003849084289	0.00014939784462474973	0.34705629644811503	0.32224512774887604	41.33586588188843
10.105484539570288	0.007	0.005	0.1296500456630383	0.0001476302210214675	0.34876505304555705	0.3229473846847195	40.84741750451802
10.23964957513564	0.007	0.005	0.1281180492753522	0.00014588357498067708	0.35043320669451916	0.32360354269309555	40.36474821008623
10.373812570644356	0.007	0.005	0.12660417844799896	0.00014415765649328642	0.352061712039467	0.32421479338510517	39.887789537094136
10.507973552782442	0.007	0.005	0.12510821816558904	0.00014245221818556797	0.3536515015838011	0.32478230000807695	39.41647374300189
10.642132530464977	0.007	0.005	0.12362995616817407	0.00014076701586571304	0.3552034856732262	0.3253071979100889	38.9507339533962
10.776289539260848	0.007	0.005	0.12216918242823631	0.00013910180792370513	0.3567185535331295	0.32579059537991767	38.49050399721123
10.910444596968166	0.007	0.005	0.1207256896128826	0.00013745635586467754	0.3581975732535125	0.32623357410975395	38.03571855234711
11.044597712499787	0.007	0.005	0.11929927294863744	0.00013583042415475733	0.35964139240047804	0.3266371898757439	37.58631310307126
11.178748903652536	0.007	0.005	0.11788973000086334	0.00013422377996827838	0.3610508386931472	0.3270024732095099	37.14222387052354
11.312898205990937	0.007	0.005	0.11649686055860346	0.00013263619305600965	0.36242672055205344	0.32733043000440404	36.70338777643419
11.447045628425691	0.007	0.005	0.11512046706975666	0.00013106743624723724	0.36376982709710043	0.32762204198554407	36.26974258023004
11.581191188751113	0.007	0.005	0.11376035423819368	0.00012951728498649873	0.3650809289711262	0.32787826737966624	35.84122675210225
11.71533492252851	0.007	0.005	0.11241632891265162	0.000127985517205995	0.366360778850336	0.3281000414739266	35.4177794380014
11.84947684755025	0.007	0.005	0.11108820041922829	0.00012647191370923047	0.3676101115244612	0.3282882770924019	34.99934056439309
11.983616963840719	0.007	0.005	0.10977578052341824	0.00012497625812785368	0.36882964433423543	0.3284438651496467	34.585850826296756
12.117755306958353	0.007	0.005	0.10847888288057124	0.00012349833628826404	0.370020078064962	0.32856767523293773	34.177251514147784
12.251891876926592	0.007	0.005	0.10719732370456111	0.00012203793698288563	0.3711820966977704	0.3286605560257534	33.7734847244678
12.386026691535436	0.007	0.005	0.10593092122095855	0.00012059485133968444	0.3723163682803268	0.3287233358615232	33.37449318758146
12.520159768574189	0.007	0.005	0.10467949581580965	0.00011916887299374806	0.37342354514242837	0.3287568231834137	32.98022031449106
12.654291125831465	0.007	0.005	0.10344287000986267	0.00011775979805753569	0.37450426426614897	0.32876180701545066	32.59061018875563
12.788420789978144	0.007	0.005	0.10222086835264957	0.00011636742499849552	0.3755591477162796	0.328739057420084	32.20560753312114
12.922549045286836	0.007	0.005	0.10101331517614076	0.0001149915520436367	0.3765888048713031	0.3286893258217747	31.82515700178885
13.05667582959293	0.007	0.005	0.099820040047983	0.00011363198347759858	0.37759382806317004	0.32861334559728317	31.449204898506927
13.190801000789973	0.007	0.005	0.09864087523363428	0.00011228852671383526	0.3785747951575381	0.32851183261648975	31.07769837699347
13.324924461189436	0.007	0.005	0.09747565455787058	0.00011096099097915122	0.3795322708249037	0.32838548560046116	30.710585082243675
13.459046184165889	0.007	0.005	0.09632421317805143	0.00010964918705056043	0.3804668070006057	0.3282349864495511	30.34781307909538
13.59316620527105	0.007	0.005	0.0951863876725865	0.00010835292735631557	0.3813789430751289	0.3280610005870218	29.989330880100923
13.727284586701892	0.007	0.005	0.09406201634512865	0.00010707202632673865	0.38226920591522434	0.3278641773488751	29.635087541366232
13.861401372888935	0.007	0.005	0.09295093958007956	0.00010580630080507838	0.38313810985812774	0.3276451504189481	29.285032774555848
13.995516563851153	0.007	0.005	0.0918530000274056	0.00010455557026149146	0.38398615685209403	0.32740453826581145	28.93911700512096
14.129630177371297	0.007	0.005	0.09076804205839657	0.00010331965616294577	0.3848138371545164	0.3271429444142347	28.597291200831275
14.263742222349707	0.007	0.005	0.0896959119637499	0.0001020983822021501	0.38562162943778494	0.32686095784255775	28.259506934183104
14.397852698804726	0.007	0.005	0.0886364579273537	0.0001008915742669616	0.38641000106715007	0.3265591533342647	27.925716374139657
14.5319616067547	0.007	0.005	0.08758952993155927	9.96990603303399e-5	0.3871794084220767	0.326238091798953	27.59587225628625
14.666068963980926	0.007	0.005	0.08655497959963893	9.852067026725359e-5	0.3879302972527823	0.3258983205543734	27.26992783319501
14.800174770501334	0.007	0.005	0.08553266045197606	9.735623615133923e-5	0.38866310272884863	0.32554037373223693	26.947836955140247
14.9342790440964	0.007	0.005	0.08452242761106728	9.62055919124033e-5	0.38937824988476255	0.32516477250157105	26.62955397715637
15.068381784783645	0.007	0.005	0.08352413805169523	9.506857362631622e-5	0.39007615366647924	0.3247720254693089	26.315033837857303
15.202483010342736	0.007	0.005	0.08253765031286826	9.394501918033405e-5	0.3907572193560203	0.3243626288795113	26.00423196868034
15.336582711909818	0.007	0.005	0.08156282480629415	9.283476863097432e-5	0.3914218425726049	0.323937067037592	25.697104391073637
15.470680889502212	0.007	0.005	0.08059952353130112	9.173766387271329e-5	0.39207040968253254	0.32349581249174975	25.39360762667959
15.604777560898778	0.007	0.005	0.07964760999639832	9.065354854630173e-5	0.39270329805383325	0.323039326274615	25.093698672621528
15.738872734997107	0.007	0.005	0.07870694939308619	8.95822682404078e-5	0.3933208761385344	0.3225680582597591	24.79733505626456
15.872966402933343	0.007	0.005	0.07777740863406993	8.852367053597072e-5	0.3939235036470695	0.3220824474642597	24.504474847254823
16.0	0.007	0.005	0.07690693681022931	8.7533422148684e-5	0.39448093654951105	0.32160955510791245	24.230224839609225
