0.0	0.007	0.005	0.0	0.0	0.0	0.0	100.0
0.006003375597972053	0.007	0.005	0.017667874002218493	6.1134621429652e-5	1.325140202262322e-5	2.9156680540695578e-5	99.94160054907746
0.011303498992955578	0.007	0.005	0.032313557005348346	0.000109673828050266	4.605894144383659e-5	0.00010003999919234693	99.89007052000228
0.01846744093980443	0.007	0.005	0.05078297013615179	0.00016806000154484115	0.00011973786206720142	0.00025570050010728114	99.820461886845
0.025950008931672555	0.007	0.005	0.0685607223057157	0.0002212090212839723	0.00023007608289834735	0.00048301752629024714	99.74780910571745
0.03457005747449204	0.007	0.005	0.08728161605763277	0.00027384837875354506	0.00039589153630795973	0.0008155968728830981	99.66417738313667
0.04377585804293263	0.007	0.005	0.10537930054558087	0.0003213836801713519	0.0006145311831088308	0.0012419011738955474	99.57494012068632
0.05378987550778025	0.007	0.005	0.12305908369163318	0.0003645235513382768	0.0008961952689507762	0.0017754132663233108	99.47795906355353
0.06441178136344516	0.007	0.005	0.13976405178230117	0.0004021701401059477	0.001239487402113588	0.0024068675536118985	99.37519412016002
0.07568517485079097	0.007	0.005	0.15544252980762635	0.00043462991758729154	0.0016481988051797781	0.0031370460965043246	99.26624228103596
0.0875327479463561	0.007	0.005	0.1699088529399468	0.00046199624973980154	0.0021209542477429195	0.0039577673884506875	99.15187000638564
0.0999554379554882	0.007	0.005	0.18313538788038902	0.00048473723686772786	0.002658115509547323	0.0048646987053167145	99.03208728174403
0.1129238621661813	0.007	0.005	0.19509336480530493	0.0005033191903858373	0.0032580323476775848	0.005850853427662839	98.90719682838389
0.12643603569922834	0.007	0.005	0.2058107304278265	0.000518279842852852	0.0039196233265759465	0.006911073489795956	98.7772374211045
0.1404853389662145	0.007	0.005	0.21532994776246991	0.0005301338142354585	0.0046411700961926025	0.008039982532821949	98.64229300129416
0.15507698089385377	0.007	0.005	0.22371536863508812	0.0005393712701220873	0.0054212487156753055	0.009233435604635867	98.5023345482868
0.17021845669621585	0.007	0.005	0.23104000791299814	0.0005464339846322621	0.006258384639869441	0.010487873589774106	98.3573122024087
0.1859241480863913	0.007	0.005	0.23738399495413148	0.000551712739233358	0.007151387667707853	0.011800736603553214	98.2071114913562
0.20221245549643393	0.007	0.005	0.24282948590326975	0.0005555442943497797	0.008099269767377983	0.01317022910728523	98.05158124344987
0.21910713017493547	0.007	0.005	0.24745867074124556	0.0005582139733642924	0.009101371143378719	0.01459540234630622	97.89052128015786
0.2366365084746749	0.007	0.005	0.2513515481763378	0.0005599593513005577	0.010157352502430527	0.016076045278710784	97.7236902206477
0.25483405734103	0.007	0.005	0.2545847136488814	0.0005609753268006498	0.011267250152184502	0.017612675962381127	97.5508008109142
0.2737383881874582	0.007	0.005	0.25723038919444	0.0005614194482616351	0.012431489945467571	0.01920648388547643	97.37152039230874
0.2933937405705721	0.007	0.005	0.2593558700609634	0.0005614172410775917	0.013650921439984124	0.020859310691943266	97.18546698370263
0.31385042349943393	0.007	0.005	0.26102318221256254	0.0005610672103520425	0.014926843136908868	0.02257362772265195	96.99220587859395
0.3351654862535877	0.007	0.005	0.26228893627424416	0.0005604453887102666	0.01626103639525292	0.024352533855199865	96.79124420451538
0.3574035238615139	0.007	0.005	0.2632043103889427	0.0005596093533703948	0.017655802878290328	0.026199765361535936	96.58202438394369
0.3806376983535277	0.007	0.005	0.263815130740791	0.0005586016939993808	0.01911401082817444	0.028119723668170872	96.36391577757789
0.404950984799295	0.007	0.005	0.2641620188197875	0.0005574529457850676	0.02063915063990071	0.030117520284244276	96.13620448654568
0.4304377134465622	0.007	0.005	0.2642805844746566	0.0005561840206269239	0.022235403732928836	0.0321990428065307	95.89808072079035
0.45720547184216137	0.007	0.005	0.2642016468683626	0.0005548081802412384	0.023907727843089567	0.03437104464768601	95.64862323684713
0.48537768916357493	0.007	0.005	0.2639514667343073	0.000553332586602492	0.025661977426631417	0.036641281177228965	95.38677798141701
0.5150963280813474	0.007	0.005	0.26355198244558437	0.0005517595130068554	0.02750502124699226	0.03901864142984739	95.11133647157386
0.5465252452349835	0.007	0.005	0.26302104664456455	0.0005500872393503568	0.029444889806181773	0.04151331637591622	94.82090887667616
0.5798552138237992	0.007	0.005	0.2623726329352894	0.0005483106260856458	0.03149101003341769	0.04413707513115265	94.51388295311864
0.6153095316313372	0.007	0.005	0.26161702089716854	0.0005464214690956519	0.033654454784628134	0.046903552822201745	94.18837927115305
0.6531516877436522	0.007	0.005	0.26076093352210433	0.000544408598583742	0.03594829041701816	0.0498286537733283	93.84218973344433
0.6936950323364466	0.007	0.005	0.2598076225530182	0.0005422577622962898	0.03838800755484926	0.052931045847172384	93.47270082287508
0.7373156437090526	0.007	0.005	0.25875687490096616	0.0005399512642755613	0.04099209167494253	0.056232811509478044	93.07679192274789
0.7844693758169032	0.007	0.005	0.2576049174031474	0.0005374673404202654	0.04378276892936992	0.05976029073818203	92.6507016654034
0.8357148882311065	0.007	0.005	0.25634418067839837	0.000534779209810721	0.046786999630613384	0.06354519310203288	92.18984880261887
0.8917481521202865	0.007	0.005	0.2549627956575041	0.000531853552805469	0.05003798633094195	0.06762629236674245	91.68856267758203
0.9534433151324706	0.007	0.005	0.2534439655992679	0.0005286487329797779	0.053576812845154545	0.07205118584411292	91.13977617500173
1.0219215738396632	0.007	0.005	0.25176470872739526	0.0005251117010390742	0.057455336373794665	0.07687947183000411	90.53449853197768
1.0986456240260556	0.007	0.005	0.2498940826208313	0.0005211738244879477	0.06173994385637869	0.08218675456169003	89.86111023954093
1.1855609294044662	0.007	0.005	0.24779045884975706	0.0005167447254386546	0.06651699190029704	0.08807033593727191	89.10432452102935
1.2852818948055826	0.007	0.005	0.2453980416822943	0.0005117045205578161	0.07189919556783426	0.094655419317248	88.24388574669085
1.4010833903091633	0.007	0.005	0.24264850661342943	0.0005059068362283013	0.07801954735294736	0.10208520653156397	87.25511792504848
1.5342481743137029	0.007	0.005	0.2395246523425213	0.000499312843145913	0.08488905740875796	0.11034737274517609	86.13178189148131
1.6779997952544619	0.007	0.005	0.23619753670015753	0.000492281777262459	0.09210743633719044	0.11893727852038158	84.93536543282049
1.8297439308629828	0.007	0.005	0.2327355552138291	0.0004849573668962377	0.09951103023145821	0.12764490268672168	83.69045474085517
1.9880488552775786	0.007	0.005	0.22917795983224937	0.00047742241587709635	0.1070050077615286	0.13634731679847195	82.41116241629328
2.15159426863183	0.007	0.005	0.22555969618114152	0.00046975111421505676	0.1145081546515556	0.14494178147992706	81.11005423004256
2.319302488208217	0.007	0.005	0.22190865168727128	0.00046200308672554173	0.1219580082683149	0.15335111435766888	79.79715825175596
2.4903114544345346	0.007	0.005	0.21824659686618825	0.0004542252616113869	0.12930794796671796	0.16151944503658677	78.48030302305781
2.6639763565884857	0.007	0.005	0.21458950980486952	0.00044645244612762466	0.13652559026752226	0.16940947336616674	77.16523417476708
2.839831549108943	0.007	0.005	0.21094873935233632	0.00043870970641437883	0.14358959116553233	0.17699803446311194	75.85603269140184
3.0175556068045464	0.007	0.005	0.20733203180033077	0.00043101448349369665	0.15048692314690826	0.1842723887544269	74.55548409773287
3.1969295489963407	0.007	0.005	0.2037446199836046	0.0004233788650862211	0.15721023965068467	0.191226824714363	73.26547009299058
3.377801332192876	0.007	0.005	0.20019010056508552	0.0004158114243113174	0.16375584628116163	0.19786012329305114	71.98728401782736
3.5600570061261814	0.007	0.005	0.19667110741660962	0.0004083186361207359	0.1701222152205136	0.20417376629885245	70.72187299839597
3.743599237490624	0.007	0.005	0.1931897851134993	0.0004009058753014641	0.17630898679562965	0.21017077752667931	69.47000821245398
3.9283332560522415	0.007	0.005	0.18974808051516207	0.0003935780310817287	0.18231637932965988	0.2158550642430695	68.23238974017886
4.114159085916666	0.007	0.005	0.18634789175914712	0.00038633982025150623	0.18814489778120405	0.22123110476000427	67.00970014162955
4.300969008971894	0.007	0.005	0.18299110889806794	0.00037919587086923483	0.1937952513217302	0.22630385912591997	65.8026190695657
4.488648781078723	0.007	0.005	0.17967958452172045	0.00037215065803564493	0.1992683929121758	0.23107879494773054	64.611812705319
4.677081327730081	0.007	0.005	0.17641506481361874	0.0003652083566979078	0.20456561694659436	0.2355619536038058	63.43790896709447
4.8661515306091525	0.007	0.005	0.1731991097700953	0.00035837267283060566	0.20968866174729664	0.23976000207084608	62.28146882118718
5.055750889113892	0.007	0.005	0.17003302467911763	0.00035164670009233675	0.2146397811592477	0.24368023981724507	61.14296164213351
5.245781094499388	0.007	0.005	0.16691781770702233	0.00034503283342270097	0.21942176574541866	0.2473305504902736	60.02274996112866
5.436156033794663	0.007	0.005	0.1638541884926797	0.0003385327496844881	0.22403791215500912	0.2507193063938253	58.92108536454942
5.62680218452707	0.007	0.005	0.16084254471264656	0.0003321474484698712	0.2284919516069975	0.2538552437280944	57.83811445069406
5.817657605756377	0.007	0.005	0.15788303996307024	0.0003258773384870491	0.23278795254711035	0.2567473277040081	56.77389245191139
6.008670236910039	0.007	0.005	0.154975619380914	0.000319722340319616	0.23693022049096757	0.2594046287148712	55.72839963974862
6.199796084174318	0.007	0.005	0.15212006317184457	0.00031368198445682336	0.24092320972950135	0.2618362203938569	54.70155697734472
6.390997558585807	0.007	0.005	0.14931602417090833	0.000307755496264097	0.2447714513325291	0.26405110082834543	53.69323962604879
6.582242329223424	0.007	0.005	0.14656305473336287	0.0003019418579016024	0.24847950223151366	0.26605813693443314	52.70328661521765
6.773502646932202	0.007	0.005	0.14386062470850103	0.00029623985094133905	0.2520519108545783	0.2678660257519386	51.731507305506994
6.964755015369088	0.007	0.005	0.14120813316632186	0.00029064808537771153	0.2554931940895458	0.2694832669512997	50.777685605719014
7.155979869300742	0.007	0.005	0.13860491915724144	0.00028516502622093166	0.25880781768466155	0.27091814092084854	49.84158384193607
7.347161274220679	0.007	0.005	0.1360502713735534	0.0002797890173962415	0.26200017996629954	0.27217869187998744	48.922946231730776
7.538286509223902	0.007	0.005	0.13354343858450268	0.0002745183069033834	0.2650745963095173	0.27327271461222574	48.02150263656189
7.72934563555587	0.007	0.005	0.13108363938180878	0.0002693510701523295	0.2680352861278848	0.27420774545264026	47.136972066212486
7.920330975835698	0.007	0.005	0.12867007220018845	0.0002642854335228948	0.2708863610428071	0.27499105678867175	46.26906628211546
8.11123671966223	0.007	0.005	0.12630192286663114	0.00025931949238735153	0.2736318173337107	0.2756296556752745	45.41749251203291
8.302058592571749	0.007	0.005	0.1239783706941304	0.0002544513257742511	0.2762755310622646	0.27613028527627803	44.581955641329046
8.492793626344245	0.007	0.005	0.12169859280997637	0.00024967900705741264	0.27882125593184937	0.2764994285103335	43.762159769400746
8.6834399422188	0.007	0.005	0.11946176793541666	0.00024500061325967865	0.2812726222541213	0.2767433130566534	42.95780956882373
8.873996635396303	0.007	0.005	0.1172670786516078	0.00024041423097280769	0.2836331379370092	0.27686791748560424	42.16861110017589
9.064463571493562	0.007	0.005	0.11511371444312567	0.0002359179637252034	0.28590618885814423	0.2768789779636186	41.39427290646761
9.254841359891238	0.007	0.005	0.11300087249159832	0.00023150993447012215	0.2880950418192833	0.27678199556197214	40.634506298528244
9.44513293953614	0.007	0.005	0.11092774099295977	0.00022718825138504125	0.29020286509565085	0.27658224149251504	39.8890193559795
9.635339306394762	0.007	0.005	0.10889354639723574	0.00022295110729242268	0.292232683824988	0.2762847681170493	39.15753391440884
9.825461278935311	0.007	0.005	0.10689753274058775	0.00021879673676255802	0.29418740646865227	0.27589441885822563	38.43977813328387
10.015500316166467	0.007	0.005	0.1049389527874048	0.0002147233979462723	0.29606983753875793	0.27541583482644244	37.735483310695614
10.205458604583276	0.007	0.005	0.10301706743590419	0.000210729371633463	0.29788268152131203	0.2748534612515375	37.04438366961622
10.395338893601597	0.007	0.005	0.10113114766794533	0.00020681296554781828	0.29962854430947927	0.27421155448589163	36.366217059041325
10.585144193188802	0.007	0.005	0.09928047762264243	0.00020297252090607483	0.3013099337349547	0.27349418984184015	35.70072605924435
10.774877534939135	0.007	0.005	0.09746435672784835	0.0001992064169399712	0.3029292611429267	0.27270526966788916	35.047658748247436
10.964541834060693	0.007	0.005	0.09568210063972002	0.00019551307287736405	0.30448884410135585	0.2718485312087295	34.40676903968319
11.154139889672654	0.007	0.005	0.09393304078530407	0.00019189094697218725	0.30599091027396147	0.2709275537416614	33.77781651831168
11.343674385085476	0.007	0.005	0.09221652392008184	0.000188338535535357	0.30743760112082386	0.2699457653854029	33.160566280915745
11.53314797587488	0.007	0.005	0.09053191092638474	0.00018485437036202135	0.3088309760687054	0.2689064491024826	32.554788504217115
11.722563277484715	0.007	0.005	0.0888785765792459	0.00018143701815146121	0.3101730156875992	0.26781274885082035	31.960258360678694
11.91192290299235	0.007	0.005	0.0872559088837088	0.00017808507901765982	0.3114656250866638	0.26666767518322737	31.37675578020417
12.101229425615477	0.007	0.005	0.08566330908396068	0.00017479718638088913	0.3127106366374481	0.2654741110208308	30.80406545342191
12.290485366328104	0.007	0.005	0.08410019144024977	0.00017157200636326456	0.3139098127857763	0.2642348170785154	30.241976751465774
12.479693156431514	0.007	0.005	0.08256598320479273	0.0001684082375868902	0.3150648486101391	0.2629524372479854	29.690283717311786
12.668855100162128	0.007	0.005	0.08106012457360152	0.00016530461091339806	0.31617737431291865	0.26162950380412303	29.148785048455206
12.857973424983356	0.007	0.005	0.07958206793739114	0.00016225988772376648	0.31724895813072423	0.2602684417955622	28.61728382754088
13.04705023165546	0.007	0.005	0.07813127794854631	0.00015927285988761122	0.31828110853146035	0.2588715739122096	28.09558754644409
13.236087544481528	0.007	0.005	0.07670723080800537	0.0001563423481123551	0.31927527688331764	0.2574411244405206	27.58350784983806
13.425087311434474	0.007	0.005	0.07530941397120036	0.00015346720116086792	0.3202328597129952	0.25597922336474144	27.080860429451448
13.61405140427617	0.007	0.005	0.07393732586267715	0.00015064629508702322	0.3211552008692486	0.2544879102888329	26.587464921447136
13.80298160615892	0.007	0.005	0.07259047568747516	0.00014787853267250568	0.32204359353826967	0.2529691382887979	26.103144838595657
13.991879599229897	0.007	0.005	0.07126838324090225	0.0001451628428617588	0.32289928218541464	0.2514247776116858	25.627727501871153
14.180746977249656	0.007	0.005	0.06997057854678157	0.00014249817984402492	0.32372346453261885	0.24985661901715567	25.161043910366754
14.369585270697204	0.007	0.005	0.06869660142995858	0.00013988352200239635	0.3245172934945024	0.24826637685284741	24.70292858757071
14.558395896834819	0.007	0.005	0.06744600160726388	0.00013731787193952224	0.32528187871724074	0.2466556926149172	24.253219614075803
14.747180222309872	0.007	0.005	0.06621833802411436	0.00013480025494536028	0.326018288521241	0.2450261374275763	23.81175838902489
14.935939550712634	0.007	0.005	0.06501317871790405	0.00013232971855952177	0.32672755144259424	0.24337921501393098	23.378389580986966
15.124675097640196	0.007	0.005	0.06383010075611953	0.0001299053322922884	0.3274106576766452	0.2417163646636099	22.952961105703626
15.31338799076353	0.007	0.005	0.06266869001102025	0.00012752618701173307	0.3280685605647988	0.2400389638724312	22.535324045065725
15.502079332364735	0.007	0.005	0.061528540566891624	0.0001251913935751094	0.32870217822615433	0.2383483303068827	22.12533243396414
15.690750149392345	0.007	0.005	0.06040925483568332	0.00012290008293061006	0.3293123947282652	0.23664572465587433	21.722843301873453
15.8794014309881	0.007	0.005	0.05931044314005369	0.00012065140512166768	0.3299000615087151	0.23493235260480133	21.32771652291621
16.0	0.007	0.005	0.05861850433144545	0.00011923913085683226	0.33026433083134027	0.2338318469593469	21.078899046938982
