0.0	0.007	0.005	0.0	0.0	0.0	0.0	100.0
0.006553135124214636	0.007	0.005	0.018294561230245594	6.487498724046886e-5	1.5049035190964942e-5	5.976928164566514e-5	99.89490548545044
0.011895797075174304	0.007	0.005	0.032551476784193234	0.00011019454078902246	4.8902626095053305e-5	0.0001882960507719372	99.80930541325112
0.01937062748015015	0.007	0.005	0.0515520589864394	0.00016392943765068557	0.0001271776101363168	0.0004696283893987006	99.68966684869615
0.0270056301316151	0.007	0.005	0.06987677562867697	0.00020903546759665163	0.00024238526527527496	0.0008591623572476008	99.56761269211336
0.03594359033432522	0.007	0.005	0.0900183340309733	0.0002516143373108632	0.00041971767468716693	0.0014212956689450143	99.42491913664132
0.0454912337623111	0.007	0.005	0.11007006810036032	0.00028735045588403486	0.0006563375833106312	0.0021220903339551683	99.27271794654939
0.05602965559717862	0.007	0.005	0.13056859600639475	0.0003176725733190808	0.0009698796175320754	0.0029884199111471104	99.10499302808715
0.06733464935663254	0.007	0.005	0.15079423209371498	0.0003420612302812967	0.0013623780420379678	0.003999280260571515	98.9253827195602
0.07954414857620375	0.007	0.005	0.1707527790813703	0.00036132720396178447	0.001845824057006404	0.00516029975553323	98.73176750510282
0.09260170332176462	0.007	0.005	0.19011828186140442	0.0003759834335618077	0.0024248032570332095	0.006458353045832087	98.52512335300425
0.1065702698193967	0.007	0.005	0.20877934913112128	0.00038679472659523947	0.0031078513766666697	0.00789090802503398	98.30454065294865
0.12144448196403845	0.007	0.005	0.22654415245213197	0.0003944401484698887	0.003899644952015643	0.009448645242978013	98.07019946454263
0.13724814648528316	0.007	0.005	0.24328758909162473	0.00039957977422311634	0.004805239188060341	0.011125596600411678	97.82182693092044
0.15397048088117454	0.007	0.005	0.25887750702884604	0.0004027864524722436	0.005826607705267237	0.012912846698613414	97.5597013626033
0.1715990761327476	0.007	0.005	0.2732205885333808	0.00040454931098996016	0.006964217118890103	0.014802158978518951	97.28413048555069
0.19010675347360273	0.007	0.005	0.2862518142862736	0.00040526409935729134	0.008216203672731773	0.016784673141757522	96.9956553037114
0.20946975986392008	0.007	0.005	0.2979477988517581	0.00040523824061387115	0.009579628961937736	0.01885284253972494	96.69476387395096
0.22966832932626893	0.007	0.005	0.30831973166070265	0.00040469962226482355	0.01105077300879031	0.02100039208028615	96.38188285369502
0.2506928683598546	0.007	0.005	0.31740850610921134	0.00040381015550407446	0.012625849212121298	0.023222812916218635	96.05728265958484
0.27254301970934297	0.007	0.005	0.3252755769352391	0.00040268046106787717	0.01430120427924099	0.025517073732577174	95.72109413698166
0.2952282208411305	0.007	0.005	0.33199606176167723	0.00040138339437755514	0.016073572814839572	0.02788150063340468	95.37330233047032
0.3187665665467361	0.007	0.005	0.3376526567352996	0.0003999652455019369	0.017940150554781837	0.030315502543953397	95.01376655765732
0.3431844955586377	0.007	0.005	0.34233130389786326	0.0003984542537354456	0.019898681228266143	0.03281941155254238	94.64222783419903
0.36851627199485726	0.007	0.005	0.3461179367445855	0.00039686675462159476	0.02194748814385015	0.0353943264088397	94.25831953162634
0.3948039137132061	0.007	0.005	0.34909622249176414	0.00039521139666051197	0.024085509977081282	0.03804202079477479	93.86157135383192
0.4220972292087007	0.007	0.005	0.3513459845813886	0.0003934919360531159	0.026312320833087537	0.040764874690717316	93.45141190430118
0.4504541223057046	0.007	0.005	0.35294215747059243	0.00039170901834261574	0.02862815223973052	0.043565839170443786	93.0271675336421
0.4799410882925707	0.007	0.005	0.3539541218616601	0.000389861276123118	0.031033914269594873	0.046448421642442464	92.58805875729044
0.5106339340407552	0.007	0.005	0.3544453200247135	0.0003879459762096535	0.03353122043079248	0.04941669036605011	92.13319390122913
0.5426187344666871	0.007	0.005	0.354473072280901	0.00038595937824334773	0.03612241820841553	0.05247529541493259	91.66155996997232
0.5759930477954771	0.007	0.005	0.3540885361295583	0.00038389691158614435	0.038810626948068166	0.05562950438962958	91.17201061654565
0.6108688381960466	0.007	0.005	0.35333672774656594	0.00038175315146122684	0.04159989745108766	0.05888538334208424	90.66323039323282
0.6473712458161325	0.007	0.005	0.3522566969156848	0.0003795219988389908	0.044495021656237886	0.06224957002332978	90.13376118531585
0.6856435252982325	0.007	0.005	0.35088165591668335	0.0003771964549042657	0.0475018186190321	0.06572960459095056	89.58194018241113
0.7258485920212063	0.007	0.005	0.34923918574165996	0.00037476859706692974	0.050627123928744834	0.06933391092840326	89.00588991709522
0.7681733667718644	0.007	0.005	0.3473513849575702	0.00037222938744092804	0.053878970864528655	0.07307199747516933	88.40347078411389
0.8128328157559777	0.007	0.005	0.34523503816948997	0.0003695685121330166	0.05726670846242342	0.07695457954127809	87.77224202291269
0.8600757792007179	0.007	0.005	0.3429017233964022	0.0003667741321510388	0.06080120866436507	0.08099379716841724	87.10940231074821
0.9101918941592273	0.007	0.005	0.34035788199893285	0.00036383259663029223	0.06449509205078983	0.08520344453611241	86.41172170875932
0.9635206305873666	0.007	0.005	0.33760480626227457	0.00036072806821980816	0.06836302770376879	0.08959927127514537	85.67545292541065
1.0204628102014155	0.007	0.005	0.33463853144619066	0.00035744205348100334	0.0724221034282698	0.09419934653647553	84.89622014409639
1.0814956200725196	0.007	0.005	0.3314495935158777	0.0003539527992000579	0.07669229741859054	0.09902451464538108	84.06887612172088
1.1471923462284002	0.007	0.005	0.32802261038184494	0.00035023451256581373	0.08119707780866611	0.10409896286546917	83.18731758553815
1.2182486342484975	0.007	0.005	0.32433562688030587	0.0003462563436907797	0.08596416875398176	0.10945093122008603	82.24424434661444
1.2955179819258595	0.007	0.005	0.32035913659233045	0.0003419810397474687	0.09102653923503674	0.11511360717855908	81.23084062733442
1.3800652351117932	0.007	0.005	0.316054416623674	0.0003373628831054533	0.09642398902380794	0.12112659096278225	80.13628673609028
1.4732266502181306	0.007	0.005	0.31137189533880094	0.0003323456885714901	0.10220429947474305	0.12753673048216646	78.94728479969984
1.5767107847990656	0.007	0.005	0.3062480104424882	0.0003268592056370418	0.10842571579992621	0.13440022405769658	77.64720648756371
1.6926975033917298	0.007	0.005	0.30060300750180474	0.0003208165546198653	0.1151574934879313	0.14178226275987932	76.21548582163187
1.8237445426577328	0.007	0.005	0.2943489257829427	0.0003141225877366367	0.12246773225142141	0.14974245817751122	74.62960107926015
1.970624435816705	0.007	0.005	0.28749317573195843	0.0003067845728528832	0.130303724880704	0.1582048252797315	72.8912998321498
2.1236204047575824	0.007	0.005	0.2805214609339119	0.00029932200681186165	0.1380823200945968	0.16652668461697148	71.12365499184112
2.2713753914586685	0.007	0.005	0.2739490151467205	0.0002922865267837572	0.1452401804605937	0.1741087814707615	69.4572620526537
2.412212875279438	0.007	0.005	0.2678276477166482	0.000285734045558199	0.1517538308052084	0.18093955581709284	67.90524240244501
2.548210243441569	0.007	0.005	0.26204648867355806	0.00027954610759667943	0.15777001723001907	0.18718505745686506	66.43948152669576
2.6821661387927707	0.007	0.005	0.2564741147554113	0.0002735819584754472	0.1634443776645925	0.19301489407159914	65.02665689599685
2.8162170838854084	0.007	0.005	0.2510164071224993	0.000267740775693969	0.16888344321328377	0.19854285819242262	63.642905096507626
2.9514155207078883	0.007	0.005	0.24562960755874064	0.0002619757402707145	0.17413680499531684	0.20382145587777037	62.27713147837228
3.0878848312237683	0.007	0.005	0.24030939922575828	0.00025628229896796316	0.17921303328545157	0.20886063113152165	60.92824148953822
3.2252136799529536	0.007	0.005	0.23507200060978167	0.0002506778839352	0.1841013283729605	0.21365124686750306	59.60034715674852
3.362863677791865	0.007	0.005	0.22993689881261045	0.0002451834134566114	0.18878920761205165	0.2181833492336261	58.29838924766789
3.5004379653275417	0.007	0.005	0.2249167046327922	0.000239812427490689	0.19327172921436833	0.22245509764504362	57.02556511149382
3.6377701980624226	0.007	0.005	0.22001466103420053	0.00023456841982110146	0.19755289656768216	0.22647361723807	55.78269697085522
3.7748791572713762	0.007	0.005	0.21522716768421876	0.00022944754348385465	0.20164258454009681	0.23025155927225274	54.56887199408746
3.911870412555783	0.007	0.005	0.21054782609259987	0.00022444294652141264	0.2055525515019148	0.233803053380743	53.38246790260377
4.048850304478736	0.007	0.005	0.20597059552668498	0.00021954815520335786	0.20929365184411888	0.23714105887480721	52.22195312405836
4.1858808485797425	0.007	0.005	0.20149123460393237	0.0002147586195918867	0.2128747540912933	0.2402764581816094	51.0862522948369
4.322974061811909	0.007	0.005	0.1971073068530183	0.000210071719860476	0.21630291573958466	0.2432183374368005	49.97474767000211
4.460109237996692	0.007	0.005	0.1928174637290081	0.00020548599844740086	0.21958409433668116	0.24597471044788338	48.887097338366644
4.597255598796285	0.007	0.005	0.18862064623542746	0.00020100030520431208	0.2227238372604661	0.24855316057444637	47.82303280109819
4.734388685395163	0.007	0.005	0.18451556864613136	0.0001966132448693263	0.22572768369794016	0.2509611826143211	46.78222807413873
4.871496659509929	0.007	0.005	0.18050055993453235	0.0001923230077266684	0.22860126273284948	0.2532062434890359	45.764259484041496
5.008578736046857	0.007	0.005	0.17657365046515272	0.00018812746293108654	0.2313502080327623	0.2552956912407042	44.76862764781778
5.145639929567874	0.007	0.005	0.1727327523145452	0.00018402435205088267	0.23398001892895004	0.2572366336069417	43.79480319165023
5.2826859876147925	0.007	0.005	0.16897581323544603	0.00018001145430747632	0.2364959563793731	0.25903585853973193	42.84226578709047
5.419720550708766	0.007	0.005	0.16530089250727764	0.0001760866680866612	0.2389030033630922	0.2606998133609741	41.91052338225701
5.556744545359853	0.007	0.005	0.16170616892899603	0.00017224801972408536	0.24120587439427818	0.26223462327526886	40.99911422834885
5.693757028762164	0.007	0.005	0.15818991036131702	0.00016849363107383569	0.2434090488523367	0.2636461253134002	40.10759915735623
5.830756486799734	0.007	0.005	0.1547504353514563	0.00016482167856806377	0.24551680594069838	0.2649398998388169	39.23555185236596
5.967741768653933	0.007	0.005	0.15138608815162138	0.0001612303665956053	0.24753324812142455	0.2661212912291112	38.382552513729614
6.1047124494889164	0.007	0.005	0.14809523040405598	0.00015771791870715964	0.2494623126012906	0.2671954192442364	37.54818575088255
6.241668784801183	0.007	0.005	0.14487624339025726	0.00015428258011398885	0.2513077759743165	0.2681671858359746	36.732041152612794
6.378611410881333	0.007	0.005	0.14172753580507294	0.00015092262608663341	0.2530732557905048	0.26904128057101856	35.93371525811133
6.515541036373125	0.007	0.005	0.13864755074387272	0.00014763636949587862	0.2547622129364218	0.2698221871133501	35.15281332850589
6.652458288120685	0.007	0.005	0.13563476839437782	0.00014442216373932557	0.25637795658392176	0.27051419137154115	34.38895002934918
6.789363647743587	0.007	0.005	0.13268770636814065	0.00014127840312787418	0.2579236503204154	0.27112139020682186	33.641749514662656
6.926257460757335	0.007	0.005	0.12980491837763009	0.00013820352148940455	0.259402318906726	0.27164770019559803	32.91084509152373
7.063140027267888	0.007	0.005	0.12698499131701743	0.00013519598905224826	0.2608168555099884	0.2720968661796629	32.19587847992561
7.2000116835637575	0.007	0.005	0.12422654280336753	0.0001322543098132181	0.26217002830566427	0.27247246910658096	31.49649918936926
7.336872783980515	0.007	0.005	0.12152822089800841	0.0001293770212353818	0.26346448568872394	0.27277793307952763	30.81236444821881
7.473723719023209	0.007	0.005	0.1188887031013701	0.0001265626931613838	0.2647027616204542	0.2730165322106968	30.14313894885243
7.610564842863173	0.007	0.005	0.11630669709777364	0.00012380992859871545	0.2658872799423087	0.2731913970334482	29.4884950364967
7.747396536780723	0.007	0.005	0.11378093885287296	0.00012111736166257326	0.2670203597405082	0.27330552090925825	28.848112226850454
7.884219136674486	0.007	0.005	0.11131019331024114	0.00011848365830306738	0.26810421930543266	0.273361765960978	28.221677382697873
8.02103296931678	0.007	0.005	0.10889325303075088	0.00011590751482376969	0.2691409808493292	0.273362868900412	27.608884368935794
8.157838325179151	0.007	0.005	0.10652893801927184	0.00011338765767195295	0.2701326745029793	0.2733114465441434	27.009434008634514
8.29463612882513	0.007	0.005	0.10421608384141308	0.00011092283065569072	0.2710812469085556	0.2732100005034168	26.42303107014685
8.431426362554113	0.007	0.005	0.10195356797383395	0.0001085118232016072	0.27198855387178145	0.2730609230939318	25.849390947987658
8.568208918085999	0.007	0.005	0.09974029387547409	0.00010615345323851418	0.27285637070071656	0.2728665024008008	25.288235624240247
8.70498382302498	0.007	0.005	0.09757518674750632	0.00010384656261687634	0.2736863971175146	0.2726289265119712	24.739292593531644
8.841751240829323	0.007	0.005	0.09545719324627708	0.00010159001677016861	0.2744802603691826	0.27235028763139657	24.202294790250985
8.97851141644174	0.007	0.005	0.09338528200656732	9.938270524731365e-5	0.2752395179247267	0.27203258616858067	23.67698072121778
9.115264621935546	0.007	0.005	0.0913584440552049	9.722354212896848e-5	0.27596566013470014	0.2716777347622232	23.163094570549358
9.252011084063449	0.007	0.005	0.08937569338339735	9.511146661653269e-5	0.2766601127553015	0.27128756228198275	22.66038634477063
9.388750993323042	0.007	0.005	0.08743606624887516	9.304544225708313e-5	0.27732423983095983	0.2708638175099595	22.16861169587889
9.525484467744198	0.007	0.005	0.08553862113204284	9.102445687261132e-5	0.2779593462321565	0.2704081727975309	21.68753191022652
9.662211616285598	0.007	0.005	0.08368243730451642	8.904752099687543e-5	0.2785666805483487	0.2699222272456807	21.216913545586483
9.79893254789091	0.007	0.005	0.08186661423998161	8.711366721825317e-5	0.27914743756317806	0.26940750985997697	20.756528281781133
9.935647362435196	0.007	0.005	0.08009027128432201	8.52219498024698e-5	0.27970276054162013	0.26886548262864857	20.30615283704598
10.072356132619813	0.007	0.005	0.07835254743433126	8.337144443350737e-5	0.2802337433916907	0.268297543516825	19.865568911924466
10.209058931136537	0.007	0.005	0.07665260054054411	8.156124733484933e-5	0.2807414329114457	0.26770502915186534	19.43456298715293
10.34575583972037	0.007	0.005	0.07498960678336948	7.979047468549375e-5	0.28122683085228334	0.2670892174400574	19.01292619083893
10.482446931043507	0.007	0.005	0.07336276049229125	7.805826240684536e-5	0.28169089579603424	0.26645133018819966	18.60045425262136
10.619132259665067	0.007	0.005	0.07177127384125133	7.63637658173886e-5	0.28213454499355417	0.26579253558780697	18.196947426437557
10.755811880137308	0.007	0.005	0.07021437623406843	7.470615895358009e-5	0.2825586562120363	0.2651139504635372	17.80221033470196
10.892485847005698	0.007	0.005	0.0686913139260334	7.308463414620687e-5	0.28296406943679436	0.26441664249765023	17.416051872365024
11.02915419670734	0.007	0.005	0.06720134984904495	7.149840181772282e-5	0.28335158844941954	0.2637016324538455	17.038285162577903
11.165816938523541	0.007	0.005	0.06574376332399634	6.994669015903434e-5	0.28372198237295215	0.26296989627277917	16.668727483770894
11.302474136034947	0.007	0.005	0.06431784883609691	6.842874379258749e-5	0.2840759873839292	0.2622223665835715	16.307199959147415
11.439125807565919	0.007	0.005	0.06292291675694062	6.694382454238759e-5	0.284414307865243	0.26145993509594656	15.953527739757774
11.575771980487966	0.007	0.005	0.06155829241961677	6.549121042306767e-5	0.284737617921531	0.26068345409474325	15.607539770002019
11.712412664071332	0.007	0.005	0.06022331606141989	6.407019556865184e-5	0.285046562619012	0.2598937382970302	15.26906877310461
11.849047885682424	0.007	0.005	0.058917342140166994	6.268008948304931e-5	0.28534175931949357	0.2590915662760773	14.937951077772883
11.985677663636118	0.007	0.005	0.05763973928921949	6.132021698349972e-5	0.2856237988111699	0.2582776821751881	14.614026606793294
12.122302025293031	0.007	0.005	0.056389889836139344	5.9989917671372876e-5	0.2858932464909632	0.2574527970933652	14.2971387549911
12.258920988962995	0.007	0.005	0.05516718967040338	5.868854578247307e-5	0.28615064342105795	0.2566175906203757	13.987134355690523
12.395534563906484	0.007	0.005	0.05397104793958067	5.7415469851888636e-5	0.28639650737960226	0.255772712205671	13.683863603683362
12.53214278652344	0.007	0.005	0.052800886445969815	5.617007205296243e-5	0.2866313339265949	0.25491878224029446	13.387179902251825
12.668745647977065	0.007	0.005	0.05165613998984721	5.495174856726767e-5	0.28685559723559473	0.2540563937572766	13.09693995019608
12.805343184662325	0.007	0.005	0.05053625531873314	5.37599084370636e-5	0.28706975116635985	0.2531861130620546	12.813003475430293
12.94193543296996	0.007	0.005	0.04944069125736593	5.259397370357423e-5	0.28727423005975766	0.2523084811555969	12.535233267936283
13.078522402150153	0.007	0.005	0.048368918653802426	5.145337934671332e-5	0.28746944954021886	0.2514240150062094	12.26349516609795
13.215104128587342	0.007	0.005	0.04732041968579545	5.033757252651164e-5	0.2876558074008142	0.25053320824853686	11.997657880839524
13.351680630572277	0.007	0.005	0.04629468796707904	4.924601269823917e-5	0.28783368430620615	0.24963653247763706	11.737593022573291
13.488251935438045	0.007	0.005	0.04529122808813306	4.8178171110106246e-5	0.28800344456718874	0.24873443803217263	11.483174984764624
13.62481807051463	0.007	0.005	0.04430955544622365	4.713353061729543e-5	0.2881654368318459	0.24782735497049835	11.234280900840336
13.761379081216411	0.007	0.005	0.043349195883179946	4.611158528554671e-5	0.2883199947795884	0.24691569382771947	10.990790552350258
13.897934994865874	0.007	0.005	0.04240968571398091	4.511184042366183e-5	0.2884674377234081	0.24599984669632366	10.75258637621522
14.034485856868606	0.007	0.005	0.04149057124584189	4.413381205733404e-5	0.28860807126828486	0.24508018778886043	10.519553342795776
14.171031730710675	0.007	0.005	0.04059140857010412	4.317702670190514e-5	0.28874218789758305	0.24415707420489435	10.291578903127814
14.307572643701546	0.007	0.005	0.0397117637038374	4.2241021520845704e-5	0.28887006748494226	0.24323084703401007	10.068553024824528
14.444108632189824	0.007	0.005	0.03885121207032126	4.132534375723044e-5	0.28899197788293335	0.24230183175622744	9.8503680603572
14.580639741561976	0.007	0.005	0.0380093382982619	4.04295505153344e-5	0.2891081754387075	0.24137033891490967	9.636918696148541
14.71716602624109	0.007	0.005	0.037185736025148804	3.955320854691863e-5	0.2892189054875975	0.24043666476087583	9.428101902715508
14.853687558726815	0.007	0.005	0.03638000765189327	3.869589398365807e-5	0.2893244028324272	0.23950109180693047	9.223816872460231
14.990204402470434	0.007	0.005	0.0355917643148462	3.785719231023583e-5	0.2894248921746849	0.23856388960385516	9.023965012575294
15.126716602835657	0.007	0.005	0.03482062574016184	3.7036698208163644e-5	0.28952058854450774	0.23762531536848308	8.828449908119056
15.263224223262062	0.007	0.005	0.03406621984907992	3.6234015123196483e-5	0.2896116977429385	0.23668561427618032	8.637177221938565
15.399727336222833	0.007	0.005	0.033328182635465366	3.54487551340141e-5	0.28969841673104413	0.23574502003982678	8.450054663620811
15.536225987065054	0.007	0.005	0.03260615818222957	3.4680538976099516e-5	0.289780933987919	0.2348037556541807	8.26699199365629
15.672720257288852	0.007	0.005	0.0318997981477597	3.392899547599402e-5	0.2898594299144688	0.2338620334335016	8.087900893227795
15.809210210308388	0.007	0.005	0.03120876188778331	3.3193761692427636e-5	0.2899340771478529	0.23292005583866787	7.912694995108079
15.945695927609467	0.007	0.005	0.030532716101485665	3.247448252778259e-5	0.29000504091596896	0.2319780156615893	7.741289793936184
16.0	0.007	0.005	0.030267825627697132	3.219701898694938e-5	0.29003228715486656	0.23160321485014848	7.674129246723997
