0.0	0.007	0.005	0.0	0.0	0.0	0.0	100.0
0.005930909048652615	0.007	0.005	0.020589235136694417	6.679242194198143e-5	1.5516985667283113e-5	3.150875116613324e-5	99.95860228993399
0.011055179476591176	0.007	0.005	0.037414630810704855	0.00011610763769431237	5.299122921774408e-5	0.00010446491967707039	99.92284871289061
0.018072973285619732	0.007	0.005	0.05909259101463926	0.00017299549008844214	0.00013834819051271487	0.00026230955326718723	99.87390420239264
0.02536852400171611	0.007	0.005	0.08006074049228025	0.00022125926180088825	0.00026611499926327203	0.00048542819977936903	99.82304793565147
0.0338423923172986	0.007	0.005	0.10255572663376589	0.0002660844795100716	0.00046072121698712134	0.0008053713621242625	99.7640102881835
0.0429150363757175	0.007	0.005	0.12460040518099627	0.000303479331296826	0.0007196354199786956	0.001205044670228808	99.7008396591933
0.05285358933384944	0.007	0.005	0.14653962072813623	0.00033472876127807585	0.0010578700655890735	0.0016949439238072108	99.6316858230965
0.063448555695434	0.007	0.005	0.16762254430002724	0.00035957374921123246	0.001475243016434483	0.00226226588551533	99.55801739295825
0.07476141312745956	0.007	0.005	0.18777182357742972	0.0003789511977508824	0.0019788845060896166	0.002905689594617323	99.47941748711388
0.08670920658378743	0.007	0.005	0.20668542034319345	0.0003935838100105979	0.0025686466572442668	0.0036154869060830066	99.39647352296869
0.0992939646431821	0.007	0.005	0.22427397071998248	0.0004043715082144192	0.003246618248409921	0.004386600000935413	99.30918240814556
0.11247835249958472	0.007	0.005	0.24043572908007238	0.00041210366188922733	0.004011687052108018	0.005211980948392788	99.21781433190066
0.12625421390651242	0.007	0.005	0.2551520547895929	0.000417492806746016	0.004863248587576864	0.006086931949965843	99.12243713397203
0.14060597210539938	0.007	0.005	0.26842756674910423	0.0004211251239664651	0.005799454107826769	0.007006958843777463	99.0231702270857
0.15553079179925916	0.007	0.005	0.2803048427167848	0.00042347164862138276	0.00681862914612755	0.007969030543711782	98.92004506537073
0.1710277841237283	0.007	0.005	0.29084498510413936	0.00042489515661774146	0.007918801792382106	0.008970827576001178	98.8130800459948
0.18710366089947025	0.007	0.005	0.3001258092750509	0.0004256678289330575	0.009098243587029693	0.010011009932618206	98.70224161186412
0.2037694254989209	0.007	0.005	0.30823370341416073	0.00042598827462324176	0.010355376648213923	0.011088902376852186	98.58746732722045
0.2210418623175235	0.007	0.005	0.31526022940598464	0.0004259980772540167	0.01168898408063842	0.012204495286829747	98.46865583164536
0.2389425580093973	0.007	0.005	0.32129820489146393	0.0004257958832550215	0.013098215723376798	0.013358298254233576	98.34567383579017
0.25749820951703517	0.007	0.005	0.32643934820538073	0.0004254489114575486	0.014582667040898886	0.014551291030597154	98.21835426719508
0.2767404713650119	0.007	0.005	0.3307723869093935	0.0004250019161494687	0.016142405390956228	0.015784858144040955	98.08649761134416
0.2967062640845915	0.007	0.005	0.3343818404029476	0.000424483931104534	0.017778018755504235	0.01706076466254633	97.94987011720389
0.31743808250409417	0.007	0.005	0.33734717145543974	0.00042391319867211597	0.019490654052334706	0.018381140849597497	97.80820205016805
0.338984283852005	0.007	0.005	0.3397422432609792	0.0004233006831742123	0.02128204480864192	0.01974847213929857	97.66118613422302
0.3613996831382418	0.007	0.005	0.3416350502631776	0.0004226525072594752	0.023154556921119916	0.02116561309446688	97.50847395846114
0.3847462495024671	0.007	0.005	0.3430876125153844	0.00042197160304913986	0.02511123692616056	0.022635810132623918	97.3496717804759
0.40909398035372885	0.007	0.005	0.3441559988706056	0.0004212588012383511	0.02715586973658414	0.024162736191154152	97.18433522389758
0.43452198526984936	0.007	0.005	0.3448904423707926	0.00042051352726706	0.029293048793742553	0.025750537781786046	97.01196268146317
0.46111983152219144	0.007	0.005	0.345335519936875	0.00041973422761230146	0.031528262853106455	0.02740389619753486	96.83198710833688
0.4889891740153057	0.007	0.005	0.34553037412149895	0.00041891861431596594	0.03386800076050922	0.029128102785379043	96.64376609809112
0.5182457802498339	0.007	0.005	0.34550896139805054	0.00041806378621016483	0.036319882499284244	0.03092915350931083	96.4465695531906
0.5490220780120217	0.007	0.005	0.3453003120559573	0.00041716626500866026	0.03889282563610503	0.03281386867267857	96.239564170226
0.5814706448042533	0.007	0.005	0.34492878515030234	0.00041622196194332907	0.041597279740939914	0.03479006077059111	96.02179203796074
0.6157668759379942	0.007	0.005	0.34441433380099973	0.0004152261444314209	0.04444537877095762	0.03686664010475292	95.7921553148108
0.6521149177836488	0.007	0.005	0.34377273013823634	0.0004141732955799993	0.047451348084374165	0.039053903321964886	95.54937973031191
0.6907531890897369	0.007	0.005	0.3430157759183098	0.000413056981500839	0.050631852825593564	0.04136377436878185	95.29198188972953
0.7319626145493928	0.007	0.005	0.34215145754814325	0.0004118696411209871	0.05400653892995956	0.04381017968562871	95.01821980594244
0.7760766065899282	0.007	0.005	0.34118405306320476	0.00041060233105646787	0.05759867391816201	0.04640948750370089	94.72603366172285
0.8234945375844318	0.007	0.005	0.34011415572699527	0.00040924437971927443	0.061436012897679665	0.04918109903067591	94.41296596387468
0.8746993997554261	0.007	0.005	0.3389385970669043	0.0004077829361661738	0.06555191978714163	0.05214820827781489	94.07605761604074
0.9302816881886988	0.007	0.005	0.3376502258182262	0.0004062023628863377	0.06998686943610073	0.055338814134503776	93.71170814631468
0.990974175404437	0.007	0.005	0.33623744000377176	0.0004044833511136543	0.07479064237818787	0.05878719770025041	93.31547210122655
1.0576960686419454	0.007	0.005	0.3346835189192003	0.00040260181922854426	0.08002499673938973	0.06253569234683073	92.88180560511536
1.1316202622104798	0.007	0.005	0.33296545702796826	0.0004005272334779295	0.08576775457888197	0.06663739199996256	92.403680002426
1.2142727120855665	0.007	0.005	0.33105212630077696	0.0003982201466621682	0.09211874164930102	0.07116006184606596	91.87201563629692
1.3076788540157238	0.007	0.005	0.3289014888349459	0.00039562861983504416	0.0992082938822753	0.07619167753612939	91.27485884596057
1.4145874549404058	0.007	0.005	0.3264562791490285	0.0003926828262587919	0.10720988429801971	0.08184855217402538	90.59614133609698
1.5387964700584835	0.007	0.005	0.3236378105962219	0.0003892874125028967	0.11635736383083975	0.08828614147410938	89.81392634579348
1.6847207206859625	0.007	0.005	0.3203575089486109	0.00038533515970963787	0.1269030746999004	0.09566760455317631	88.90358182132383
1.8417923028261534	0.007	0.005	0.3168637194268453	0.0003811243728031711	0.13801646976822315	0.10339822744646716	87.93400369071705
1.9840175953526977	0.007	0.005	0.3137330329971896	0.00037734981075701515	0.1478709949565698	0.11021024586463841	87.06519472253355
2.111391431361482	0.007	0.005	0.31095552204028426	0.00037400168792142994	0.1565316419546966	0.11616247568602064	86.294397375611
2.2305864058675895	0.007	0.005	0.3083786348334402	0.0003708964353196498	0.16449761806779434	0.12160783867132152	85.5792759891977
2.3477705831181663	0.007	0.005	0.3058660374101547	0.00036786847650859764	0.1722008083017554	0.12684592619696228	84.88199592934996
2.4665963372560937	0.007	0.005	0.3033391456246509	0.0003648226737688059	0.17988404096170652	0.1320425670357795	84.18074899948691
2.5882755021093535	0.007	0.005	0.30077320683587444	0.0003617292646816387	0.18762054207177245	0.13724626321212707	83.46866599707514
2.71234549693723	0.007	0.005	0.2981791987212886	0.00035860160563485363	0.19537462400445876	0.1424317199651126	82.74879337504679
2.8376057646376895	0.007	0.005	0.2955829991096891	0.0003554710008473564	0.20306775123503745	0.14754574390417985	82.0283125830275
2.9629469456850317	0.007	0.005	0.2930077490205385	0.0003523654484022459	0.21063207634180164	0.15254342464616574	81.3136455692298
3.0877736696437985	0.007	0.005	0.29046536796611194	0.0003492993958238037	0.21803466286854653	0.15740382589321356	80.60810016076994
3.212000967768601	0.007	0.005	0.2879570970776377	0.00034627437609338076	0.22527445139249563	0.16212731786342255	79.91202078846784
3.335835160358708	0.007	0.005	0.28547832067345397	0.0003432848264851072	0.23236715940816693	0.16672516351962258	79.22412653772136
3.45954375911863	0.007	0.005	0.283023363546323	0.00034032389509973295	0.23933100936005058	0.17121000185798763	78.54284246113801
3.5833164628099032	0.007	0.005	0.28058826194460496	0.0003373867993494195	0.2461788532494401	0.17559076584377997	77.86706856359076
3.707227183046766	0.007	0.005	0.27817143134152045	0.00033447163619785495	0.2529165386224463	0.1798717557481178	77.1963651172929
3.8312610738828208	0.007	0.005	0.2757730465628088	0.00033157863214411886	0.25954490782805384	0.18405404455686705	76.53078063877084
3.955363736334023	0.007	0.005	0.2733940279416265	0.0003287089159948999	0.2660627764003562	0.18813744691196418	75.87057053302433
4.079482398298669	0.007	0.005	0.2710352297176677	0.0003258635362283791	0.2724692156244813	0.19212197992572036	75.21597186321642
4.203586334961458	0.007	0.005	0.26869705904330476	0.0003230429994151874	0.278764564307803	0.19600848087898665	74.56709761968177
4.327668358498205	0.007	0.005	0.26637946685456887	0.00032024725887284277	0.284950399346057	0.19979856070394983	73.92393418650023
4.4517360718650965	0.007	0.005	0.26408212842160933	0.00031747593319429593	0.2910290066890515	0.2034942545762272	73.2863914467104
4.575801339996219	0.007	0.005	0.26180464763508127	0.0003147285537079751	0.2970028164482491	0.20709766508047736	72.65435947456798
4.699873258933556	0.007	0.005	0.2595466876444677	0.0003120047228161787	0.3028740572481784	0.2106107518652315	72.02774478946172
4.823955625791666	0.007	0.005	0.2573080139679132	0.0003093041663094673	0.30864465301506766	0.21403527465576827	71.40648231947932
4.9480478414637385	0.007	0.005	0.25508847417591546	0.0003066267088120824	0.31431628671187917	0.21737283736490698	70.79052976335555
5.072147112127927	0.007	0.005	0.2528879555841504	0.00030397222255254986	0.31989051654678125	0.2206249610249915	70.17985584965403
5.196250544916799	0.007	0.005	0.25070634689832705	0.0003013405809004437	0.32536887650783075	0.2237931443337178	69.5744296926914
5.320356241272111	0.007	0.005	0.2485435191928486	0.0002987316353237195	0.33075292386989347	0.22687889091313856	68.97421551385682
5.444463428607398	0.007	0.005	0.24639932441622722	0.00029614521358892074	0.3360442411773507	0.2298837093407785	68.37917222684347
5.568572148038045	0.007	0.005	0.24427360156473477	0.00029358112726032446	0.34124441940581474	0.232809102539936	67.78925515092156
5.692682695489221	0.007	0.005	0.24216618672805199	0.0002910391838987128	0.3463550326092932	0.23565655295451785	67.20441879874268
5.816795309361319	0.007	0.005	0.24007691849775156	0.00028851919364080396	0.3513776249636703	0.23842751533961362	66.62461837726723
5.940909973248891	0.007	0.005	0.23800564118834242	0.0002860209731277301	0.356313703680489	0.24112341317651984	66.0498106816488
6.065026465244549	0.007	0.005	0.23595220382790533	0.0002835443443027149	0.3611647422602766	0.24374564090370576	65.4799538151211
6.18914448123032	0.007	0.005	0.2339164579873672	0.00028108913179866876	0.365932186312284	0.24629556742590017	64.91500658659272
6.313263675976919	0.007	0.005	0.2318982570485562	0.00027865516206975523	0.3706174557699634	0.24877453754566956	64.3549283075215
6.437383778228029	0.007	0.005	0.22989745432077455	0.00027624226112480104	0.37522194964769656	0.2511838746546479	63.7996782692389
6.56150457426364	0.007	0.005	0.22791390334649364	0.0002738502549156069	0.379747045593274	0.2535248805913493	63.24921582778366
6.685625916122634	0.007	0.005	0.22594745780322192	0.0002714789692347739	0.38419410038392365	0.2557988360030681	62.7035003766692
6.809747680502973	0.007	0.005	0.2239979721824245	0.00026912823055598407	0.3885644486737189	0.25800699982051906	62.16249153529322
6.933869744101484	0.007	0.005	0.22206530217919748	0.0002667978665229847	0.3928594024576334	0.2601506091433754	61.62614925707705
7.057991991834528	0.007	0.005	0.22014930455641424	0.0002644877058003192	0.3970802517291287	0.2622308797412308	61.09443379176517
7.18211429217746	0.007	0.005	0.21824983751649762	0.0002621975785396202	0.40122826401344486	0.26424900599781453	60.567305788596364
7.306236530046181	0.007	0.005	0.21636676018446158	0.0002599273157666167	0.40530468585393004	0.2662061618160443	60.04472615284112
7.430358582136604	0.007	0.005	0.21449993297871994	0.0002576767498451456	0.40931074233790715	0.268103500555061	59.52665614870618
7.554480341585795	0.007	0.005	0.2126492172303398	0.00025544571402828347	0.41324763825148514	0.2699421557523902	59.01305729367181
7.678601709751876	0.007	0.005	0.2108144753053949	0.000253234042619643	0.4171165581309363	0.2717232413072285	58.50389139244683
7.80272259621415	0.007	0.005	0.20899557060091206	0.0002510415709807054	0.42091866658650673	0.2734478517950924	57.99912053584355
7.926842926993291	0.007	0.005	0.20719236742184785	0.0002488681353931441	0.4246551088669049	0.27511706288689863	57.498707066637216
8.050962644551175	0.007	0.005	0.2054047309820405	0.0002467135730711623	0.4283270111527209	0.27673193163720855	57.00261357983007
8.175081658470427	0.007	0.005	0.20363252810612775	0.0002445777230247928	0.4319354794249941	0.27829349615917903	56.510803117443295
8.299199919435148	0.007	0.005	0.20187562615719537	0.00024246042476778202	0.4354816019698364	0.27980277689348326	56.02323887092456
8.42331736991044	0.007	0.005	0.2001338937417907	0.00024036151918367248	0.4389664482242851	0.28126077626316254	55.53988437679919
8.547433952362553	0.007	0.005	0.19840720058165376	0.0002382808483794407	0.44239106933815164	0.2826684790881568	55.06070348107367
8.671549625698566	0.007	0.005	0.19669541727867518	0.00023621825540887724	0.4457564989271081	0.2840268530627487	54.585660274008404
8.795664340606741	0.007	0.005	0.1949984156511311	0.00023417358468962827	0.4490637526890541	0.2853368487640619	54.114719183427134
8.919778039556848	0.007	0.005	0.1933160687195433	0.0002321466819942306	0.4523138287249612	0.28659939995970696	53.647844970793265
9.043890689678845	0.007	0.005	0.19164825025283663	0.00023013739390633027	0.4555077086923489	0.28781542422572104	53.185002605262284
9.16800226632305	0.007	0.005	0.18999483499164663	0.00022814556809931972	0.45864635762943196	0.2889858230308911	52.72615732565254
9.292112744840425	0.007	0.005	0.18835569875194785	0.0002261710534692769	0.4617307240224102	0.29011148192731123	52.27127466920382
9.41622210058259	0.007	0.005	0.18673071841588798	0.00022421370013049415	0.4647617400887837	0.29119327082460195	51.82032046903331
9.54033029246327	0.007	0.005	0.1851197721351493	0.00022227335966907994	0.46774032166473983	0.2922320441247286	51.37326091057147
9.66443730405497	0.007	0.005	0.1835227387862202	0.00022034988448670827	0.4706673694735268	0.29322864133785176	50.93006238039217
9.78854311893066	0.007	0.005	0.1819394982884527	0.00021844312819291735	0.4735437687769592	0.29418388711541604	50.49069155447839
9.912647720663797	0.007	0.005	0.18036993159512213	0.00021655294559963875	0.47637038964047257	0.29509859150688905	50.055115395740785
10.036751101047274	0.007	0.005	0.17881392058195758	0.00021467919259071753	0.4791480873760001	0.2959735502688015	49.62330112308354
10.160853251874235	0.007	0.005	0.17727134814450002	0.00021282172624512198	0.4818777026030523	0.2968095450459867	49.19521623842246
10.284954156719264	0.007	0.005	0.1757420982901496	0.0002109804049535084	0.48456006132484253	0.2976073435643912	48.77082855222945
10.40905379915745	0.007	0.005	0.17422605602512745	0.00020915508828506672	0.4871959753644793	0.29836769993272555	48.35010615216312
10.533152179201632	0.007	0.005	0.17272310714770264	0.00020734563673997092	0.489786242948193	0.2990913549715842	47.933017345685855
10.65724928042757	0.007	0.005	0.1712331386412509	0.00020555191223147048	0.492331648246424	0.29977903624402585	47.519530769143394
10.78134509462998	0.007	0.005	0.16975603836500255	0.0002037737777132294	0.4948329621312877	0.3004314584335114	47.1096153019431
10.905439630040586	0.007	0.005	0.16829169495334123	0.00020201109706007584	0.4972909425545548	0.3010493235961777	46.70324003860802
11.029532886672564	0.007	0.005	0.16683999810296893	0.0002002637354207038	0.49970633427135813	0.30163332124635817	46.3003743684689
11.153624864539092	0.007	0.005	0.1654008384654535	0.0001985315590899237	0.5020798692341905	0.30218412862042143	45.90098794584482
11.277715571871465	0.007	0.005	0.16397410754487393	0.00019681443538684758	0.5044122669661245	0.30270241092342187	45.505050661638364
11.401804992246625	0.007	0.005	0.16255969806674445	0.00019511223310683277	0.5067042341619901	0.3031888214036731	45.112532745716955
11.525893125677918	0.007	0.005	0.16115750349542673	0.0001934248219363308	0.5089564656798454	0.30364400173564104	44.723404632988355
11.649979972178693	0.007	0.005	0.1597674182175158	0.00019175207267849528	0.511169644432791	0.30406858214738547	44.33763701429272
11.774065539980073	0.007	0.005	0.15838933744297715	0.00019009385713489915	0.5133444417371024	0.3044631816448217	43.95520080896653
11.89814983731293	0.007	0.005	0.15702315729123115	0.0001884500482124112	0.5154815173613806	0.3048284081745419	43.57606718873254
12.02223287240788	0.007	0.005	0.15566877478323116	0.00018682051991544054	0.5175815197253372	0.30516485881651867	43.20020757550114
12.146314661712822	0.007	0.005	0.1543260877450727	0.00018520514723020792	0.5196450862306264	0.3054731199929823	42.82759361462075
12.270395205240263	0.007	0.005	0.15299499506734968	0.00018360380644253388	0.5216728430417263	0.30575376759241685	42.458197246852414
12.394474494785346	0.007	0.005	0.15167539660277796	0.00018201637501470084	0.5236654054289437	0.3060073671864697	42.09199067995943
12.518552530360745	0.007	0.005	0.1503671929823322	0.0001804427313627129	0.5256233782218791	0.3062344742463559	41.72894633768224
12.64262932841353	0.007	0.005	0.14907028552599733	0.00017888275474865973	0.5275473561060381	0.3064356343227471	41.369036834971126
12.766704888956044	0.007	0.005	0.14778457658181937	0.00017733632569541513	0.5294379232831796	0.30661138315910386	41.01223507207735
12.890779220217663	0.007	0.005	0.14650996925892723	0.0001758033256621564	0.5312956540351597	0.3067622469064676	40.6585141604631
13.0148523550784	0.007	0.005	0.14524636725719328	0.000174283636837415	0.533121113125644	0.30688874229794216	40.307847375529946
13.13892428533291	0.007	0.005	0.14399367553152465	0.00017277714295063835	0.5349148549968541	0.306991376741808	39.96020834096852
13.262995010992888	0.007	0.005	0.14275179977525318	0.0001712837286427875	0.5366774246831529	0.3070706485496068	39.61557088539263
13.387064540286751	0.007	0.005	0.14152064641660198	0.00016980327946272312	0.5384093579644864	0.30712704708707217	39.273909041358266
13.51113288965932	0.007	0.005	0.14030012261511884	0.0001683356818634767	0.5401111815175382	0.307161052922801	38.93519704437407
13.635200067338383	0.007	0.005	0.13909013641765505	0.00016688082339334933	0.5417834128450705	0.3071731379745167	38.59940937618747
13.759266073335004	0.007	0.005	0.13789059674785464	0.0001654385926837508	0.5434265604416814	0.3071637656673608	38.266520761867845
13.883331014473695	0.007	0.005	0.13670141229798244	0.00016400887809560393	0.5450411254402671	0.3071333910513943	37.936505862273634
14.007394964710835	0.007	0.005	0.13552249288764054	0.00016259156937929592	0.5466275998718624	0.30708246092822294	37.60933965111486
14.13145785010769	0.007	0.005	0.13435375052176757	0.00016118655896891245	0.5481864654209564	0.3070114140990731	37.28499770856216
14.25551958029505	0.007	0.005	0.1331950981011188	0.00015979374040757136	0.5497181953425146	0.306920681517446	36.96345586338745
14.379580130635288	0.007	0.005	0.13204644865212467	0.00015841300740604102	0.5512232556072578	0.3068106863580731	36.64468997923936
14.503639517571724	0.007	0.005	0.13090771557234845	0.00015704425414248685	0.5527021046783737	0.3066818441275612	36.32867602276076
14.62769775754722	0.007	0.005	0.12977881301252434	0.0001556873757296536	0.5541551931291429	0.30653456281845676	36.0153901696099
14.751754891651895	0.007	0.005	0.12865965564857484	0.0001543422679360546	0.5555829640600972	0.3063692430061763	35.7048087411918
14.875810928111443	0.007	0.005	0.12755015919675528	0.00015300882781641378	0.5569858525634799	0.306186278049743	35.3969083476182
14.999865891582862	0.007	0.005	0.1264502399592127	0.0001516869531558025	0.55836428643045	0.30598605415922897	35.09166576159349
15.123919782075435	0.007	0.005	0.12535981518339676	0.00015037654290967983	0.5597186858195107	0.30576895058385095	34.78905801815666
15.24797259959844	0.007	0.005	0.12427880283249065	0.00014907749692306943	0.5610494636689374	0.3055353397030151	34.48906235097263
15.372024360592263	0.007	0.005	0.12320712143788191	0.0001477897157498436	0.5623570259925396	0.3052855871121755	34.19165615139045
15.49607505685042	0.007	0.005	0.12214469044940222	0.00014651310108175204	0.5636417715649482	0.30502005182089204	33.89681706564005
15.620124696597461	0.007	0.005	0.12109142987280151	0.00014524755530434375	0.564904092478403	0.3047390862887735	33.60452289422639
15.744173296273074	0.007	0.005	0.12004726033861146	0.00014399298158115887	0.5661443741644044	0.3044430365493149	33.314751611039775
15.868220872316531	0.007	0.005	0.11901210316733894	0.0001427492839335277	0.5673629954226285	0.3041322423382305	33.027481381448034
15.992267432951493	0.007	0.005	0.11798588043110081	0.00014151636731611218	0.5685603284565944	0.30380703722582836	32.74269057940111
16.0	0.007	0.005	0.11792220359514231	0.00014144067361606205	0.5686342692224545	0.303786294034681	32.72501938917694
