0.0	0.007	0.005	0.0	0.0	0.0	0.0	100.0
0.006247796539654912	0.007	0.005	0.020993287243011985	6.575109736526048e-5	1.7789967849968293e-5	4.116655658836015e-5	99.95670295031724
0.011379468228164717	0.007	0.005	0.03746480742301077	0.00011132101415851266	5.820136469109111e-5	0.00013002819763981247	99.92115463611877
0.018558461726895546	0.007	0.005	0.05939632448328481	0.00016444253835615083	0.00015184581432322914	0.00032357613398640883	99.87144524829193
0.025914834218421067	0.007	0.005	0.0805933305230312	0.00020827945902345796	0.0002903492090858934	0.0005907748914474076	99.82053329170213
0.03454513248553229	0.007	0.005	0.10391231383960516	0.00024882623073621513	0.0005043548000063348	0.0009747344165417968	99.76083783766566
0.04378798842547039	0.007	0.005	0.12715201819779426	0.0002820882163944068	0.0007911072515083468	0.001451496951803576	99.6969449345588
0.05401535436403766	0.007	0.005	0.1509266667702183	0.0003096063870130514	0.001172624555663071	0.0020385817104455256	99.62629411915037
0.06501045244621488	0.007	0.005	0.17438866335398037	0.0003311294572313701	0.0016519817526758629	0.00272097749698114	99.55039564194145
0.07690432529180173	0.007	0.005	0.19752737907910858	0.0003476261267583244	0.002244209529745228	0.0035017553769255798	99.46835808204413
0.08963099651219589	0.007	0.005	0.2199393106721083	0.0003597793725213463	0.002954760516841338	0.004371082380859553	99.38065119570491
0.1032319495118829	0.007	0.005	0.24146741043647163	0.0003684560252495933	0.003793121139093649	0.005325932725137204	99.2870046116215
0.11767346654234401	0.007	0.005	0.261866103751254	0.00037440615099465247	0.004763053900158423	0.006358423818510166	99.18766708598852
0.13294657812885113	0.007	0.005	0.2809820176856598	0.0003783130681809198	0.005868030592421832	0.00746294522626555	99.08271748336351
0.14901479669326329	0.007	0.005	0.29867811029364555	0.00038073751819855267	0.007107802220729292	0.008632648428950963	98.97242414747608
0.16585246258451328	0.007	0.005	0.31488347375848036	0.0003821246915624409	0.008481131927876591	0.009862247245672041	98.85698100270615
0.18343314732152138	0.007	0.005	0.32957058473962386	0.0003828075427589908	0.009985239076215211	0.011147136330562609	98.7365872361467
0.20174199747042643	0.007	0.005	0.34275738998964533	0.0003830246051233249	0.01161713559433776	0.012484177721441494	98.61136279657356
0.2207712976055279	0.007	0.005	0.354492251575108	0.00038293960950477575	0.013373619942498307	0.013871237198937451	98.48137911013488
0.2405228504018259	0.007	0.005	0.36484653109189963	0.0003826609682164436	0.015251786860167755	0.015307221390431721	98.34664313490312
0.26100578849054895	0.007	0.005	0.37390558141152425	0.00038225811797210757	0.0172490710121763	0.016791801128209265	98.20711268594484
0.2822367396887994	0.007	0.005	0.38176308167662754	0.0003817741416624221	0.019363443791478183	0.018325331007374667	98.06269567982162
0.30423891087835303	0.007	0.005	0.3885162275166893	0.0003812349098704364	0.02159345876184121	0.019908713066421294	97.9132567652628
0.3270421495140276	0.007	0.005	0.39426251275248014	0.00038065536521630705	0.023938352730655532	0.02154334954438494	97.75861730981924
0.3506824071696195	0.007	0.005	0.399097211770846	0.00038004369515242227	0.026398055597722465	0.023231065896124763	97.59855947258602
0.37520217684252916	0.007	0.005	0.4031118167295058	0.00037940398140518655	0.02897327552923598	0.024974112648654366	97.432823703494
0.4006505734211047	0.007	0.005	0.4063928627931808	0.00037873784807947983	0.03166552957347636	0.02677514680735792	97.26110871943251
0.42708396434333834	0.007	0.005	0.40902122498848303	0.0003780454405600196	0.03447721711688205	0.028637254880941095	97.08306783035133
0.45456621574755685	0.007	0.005	0.4110716439540507	0.00037732600368989484	0.037411640605015076	0.030563949120325083	96.89830794785016
0.4831697014761733	0.007	0.005	0.4126125450306393	0.0003765781902607871	0.04047309688141315	0.03255921643452502	96.70638356121265
0.5129761288277352	0.007	0.005	0.4137059737823529	0.00037580022702606226	0.04366694004044135	0.034627551651673416	96.50679209275353
0.544077827526047	0.007	0.005	0.4144076654070949	0.0003749899843989365	0.04699968488317711	0.03677401923596093	96.29896631831681
0.5765791790034668	0.007	0.005	0.41476718671692936	0.0003741449959806362	0.05047911624528183	0.03900431935096167	96.08226607225248
0.6105984688504412	0.007	0.005	0.4148281364014281	0.0003732624424545663	0.05411443349456535	0.04132487625262107	95.8559674025175
0.6462701112715997	0.007	0.005	0.4146283777650778	0.00037233911365267935	0.05791642300151316	0.043742943326587444	95.61924960006893
0.6837481472988224	0.007	0.005	0.41420027887457944	0.000371371332502967	0.06189775174695403	0.04626678289781959	95.37117423566146
0.7232081186480248	0.007	0.005	0.41357097870750276	0.00037035491972704744	0.06607307012456004	0.04890572189918165	95.11067553581178
0.7648523518694293	0.007	0.005	0.41276262841156763	0.00036928507148198956	0.07045945516579485	0.051670419657757406	94.83652888790199
0.8089148121296579	0.007	0.005	0.41179261962491487	0.00036815625114733455	0.07507677762050252	0.05457308128882174	94.54732320916084
0.8556680431311965	0.007	0.005	0.4106737685472696	0.00036696203193936947	0.07994825008953618	0.05762777780950006	94.24142086018448
0.9054315300194342	0.007	0.005	0.4094144583164203	0.00036569490939816497	0.08510107185890972	0.060850816821605015	93.91690995942264
0.9585827286740813	0.007	0.005	0.4080187099676	0.00036434605440429204	0.0905672812199305	0.06426122968047027	93.57154159050823
1.0155712653322302	0.007	0.005	0.406486166473118	0.0003629049974517156	0.09638483925845025	0.06788138470332775	93.20264956214343
1.0769377061038496	0.007	0.005	0.40481195456380403	0.0003613592136838484	0.10259904909495578	0.07173778367655136	92.80704496906489
1.1433385570860366	0.007	0.005	0.4029863835702802	0.0003596935741851211	0.10926442072533137	0.07586209886423062	92.38087680663656
1.2155799905458848	0.007	0.005	0.4009944221426349	0.0003578896118889357	0.1164471456161759	0.08029253546117252	91.91944555203423
1.2946693596238352	0.007	0.005	0.39881471967933885	0.0003559243935890163	0.12422894215150955	0.08507596180457407	91.41691658763264
1.3818710209178098	0.007	0.005	0.3964185732069341	0.00035376936064335153	0.13271072930068614	0.09026981696428317	90.86602653043786
1.4788010850776359	0.007	0.005	0.3937679308497342	0.0003513883170544655	0.14201923127002888	0.09594564444273097	90.25757306002728
1.5874870483198018	0.007	0.005	0.39081452093725116	0.00034873644026193134	0.1523089458286419	0.10218954815293067	89.58016913052376
1.709901154472025	0.007	0.005	0.38751331317380083	0.0003457721489872655	0.16371408147752664	0.10907225891237934	88.82328815046468
1.8428901549341865	0.007	0.005	0.3839579336830286	0.0003425785217779158	0.17588687310114753	0.11637279878981009	88.0082688695614
1.9732029366128179	0.007	0.005	0.38050553087068134	0.0003394760020574346	0.18759876293796862	0.12335123606137921	87.21690534581583
2.0963800062859033	0.007	0.005	0.3772706504919935	0.0003365680803892215	0.1984762879515716	0.12979112223736144	86.47541872082672
2.2141868722281774	0.007	0.005	0.3742025114140717	0.00033380958076623433	0.20870704429053266	0.13581060099978964	85.77215733252389
2.3294812849503246	0.007	0.005	0.3712239579840357	0.00033113105576729646	0.21855893946777202	0.14157181280956757	85.08943225108618
2.444512650982301	0.007	0.005	0.368275824402839	0.0003284791268344921	0.22823248516267902	0.14719401602185023	84.413680593038
2.5604332143171966	0.007	0.005	0.3653285850302329	0.00032582719699693325	0.23782579956935954	0.15273465923189314	83.73813421365551
2.6774595695834105	0.007	0.005	0.362377154875052	0.00032317073642476184	0.24735530174177378	0.15820303060031327	83.06162737841838
2.7952699314669354	0.007	0.005	0.35943003551861596	0.00032051747198903134	0.2567935420918938	0.16358324355741105	82.3861086861868
2.9134134724215652	0.007	0.005	0.35649865108191736	0.0003178777710203327	0.2661047167385502	0.1688551182805795	81.7141966655516
3.031557720700544	0.007	0.005	0.35359115661172746	0.00031525905531339424	0.2752644657383213	0.1740054574664182	81.04776054856701
3.149560051967065	0.007	0.005	0.3507108246716528	0.0003126643387192675	0.28426445445123905	0.17903038662033488	80.38755044514879
3.2674251586765894	0.007	0.005	0.34785726442604137	0.00031009332229356266	0.29310797264059724	0.18393261286816398	79.73347676870533
3.385225678893293	0.007	0.005	0.3450284668026421	0.00030754424012179136	0.30180320507004954	0.18871750351175837	79.08507901261648
3.5030371879368367	0.007	0.005	0.34222241247586427	0.0003050153132755016	0.31035814818283575	0.19339021837733122	78.44189432051277
3.6209057628931545	0.007	0.005	0.3394378366311913	0.00030250544236735814	0.3187783099863657	0.19795446831716818	77.80363278009881
3.7388439815279146	0.007	0.005	0.3366742929221283	0.00030001426617943015	0.3270666157732873	0.20241251364517945	77.17019208282207
3.856842251571172	0.007	0.005	0.3339318587137456	0.0002975418954432058	0.3352243836275201	0.2067657354018054	76.54158996176044
3.9748831928891772	0.007	0.005	0.33121078380178554	0.00029508859515003336	0.34325242084652463	0.211015247067783	75.91788367338879
4.092951903959559	0.007	0.005	0.3285112494863315	0.00029265456650172486	0.3511517466229999	0.21516228337145393	75.29911477407676
4.211040021232986	0.007	0.005	0.3258332794418096	0.00029023986616268354	0.3589238410153397	0.21920832474181834	74.68528869031422
4.329145185328498	0.007	0.005	0.3231767579071691	0.0002878444226789064	0.36657057380817204	0.22315505039534037	74.07637888813993
4.4472683923701855	0.007	0.005	0.3205414941326699	0.0002854680948346959	0.3740940048675249	0.2270042275281912	73.47234164519539
4.565411351072229	0.007	0.005	0.31792728368689993	0.0002831107272162178	0.38149620274742574	0.2307576148926904	72.87313010310227
4.683574894396256	0.007	0.005	0.31533394378984164	0.00028077218227732695	0.38877914464544855	0.23441691194390335	72.2787023662679
4.8017585562273215	0.007	0.005	0.31276132167511134	0.00027845234798178705	0.395944696065296	0.23798375027486848	71.68902341862058
4.9199609228393095	0.007	0.005	0.3102092858624936	0.0002761511299602487	0.4029946385736607	0.24145970929352278	71.10406312315935
5.038180172664971	0.007	0.005	0.30767771381245285	0.0002738684403835836	0.40993070616367405	0.24484633536166533	70.5237933922052
5.156414561697397	0.007	0.005	0.3051664813143973	0.0002716041884028205	0.41675461520942253	0.24814515684871688	69.94818575505076
5.27466268206736	0.007	0.005	0.30267545714490063	0.0002693582753623651	0.4234680788369878	0.2513576909108048	69.3772101335546
5.392923446581106	0.007	0.005	0.3002045036921215	0.0002671305954195569	0.4300728047110624	0.25448544203144574	68.81083498526627
5.511196002715239	0.007	0.005	0.29775347901313265	0.0002649210374631494	0.43657048913761126	0.25752989890373884	68.24902777499314
5.629479576040618	0.007	0.005	0.29532224024207865	0.0002627294882561631	0.44296280791233844	0.26049252998638905	67.69175575599516
5.747773407586499	0.007	0.005	0.29291064492908075	0.0002605558337029621	0.4492514129921401	0.2633747819954453	67.13898627687993
5.866076730353835	0.007	0.005	0.29051855152679296	0.00025839995934299174	0.4554379315338554	0.2661780795734715	66.59068689312727
5.984388777163806	0.007	0.005	0.28814581922753246	0.0002562617502548502	0.4615239666508536	0.2689038257637705	66.04682532975745
6.1027087885093	0.007	0.005	0.28579230780811193	0.0002541410909661947	0.46751109812554104	0.2715534024517404	65.50736944576524
6.221036051756514	0.007	0.005	0.2834578768662619	0.0002520378648110338	0.4734008846275832	0.2741281714475684	64.97228705909701
6.339369893331717	0.007	0.005	0.28114238601076025	0.00024995195415018057	0.4791948634577164	0.2766294744444132	64.44154599023148
6.457709710092174	0.007	0.005	0.2788456942857518	0.00024788323989639275	0.4848945522063426	0.2790586338038152	63.91511393022595
6.576054930159031	0.007	0.005	0.2765676609761937	0.0002458316022899372	0.4905014469548704	0.2814169518491771	63.392958625335076
6.694405012931181	0.007	0.005	0.2743081456301075	0.00024379692096297966	0.49601702247807566	0.2837057110521225	62.8750478821116
6.81275945693629	0.007	0.005	0.27206700793241195	0.00024177907486810885	0.5014427328046642	0.2859261743663229	62.36134953848671
6.931117815520439	0.007	0.005	0.2698441074387661	0.0002397779420786585	0.5067800120951873	0.28807958567776853	61.851831402763466
7.049479634148041	0.007	0.005	0.2676393047772671	0.00023779340091780322	0.5120302720055533	0.2901671688455364	61.346461529062076
7.167844473923771	0.007	0.005	0.26545246120561533	0.00023582532959592724	0.5171949030577033	0.29219012840221714	60.84520811581601
7.286211942956353	0.007	0.005	0.2632834380465224	0.00023387360573638044	0.5222752762385955	0.2941496503029569	60.34803937636021
7.404581680687555	0.007	0.005	0.26113209700222567	0.0002319381066965049	0.5272727424972767	0.29604690183405286	59.85492361102198
7.522953350058224	0.007	0.005	0.2589983003135375	0.00023001870974640406	0.5321886326327697	0.297883031693059	59.365829243576975
7.6413266218333264	0.007	0.005	0.25688191105104535	0.00022811529236608648	0.5370242568967458	0.2996591699781151	58.88072488799644
7.75970119812426	0.007	0.005	0.25478279269998383	0.0002262277319013699	0.541780906219998	0.3013764287826833	58.39957925329414
7.878076804552645	0.007	0.005	0.25270080931461775	0.00022435590573450812	0.5464598521144602	0.30303590228769695	57.922361178913015
7.99645318241319	0.007	0.005	0.2506358256653704	0.00022249969144696595	0.551062346605849	0.3046386668769078	57.44903966844909
8.114830088675765	0.007	0.005	0.24858770724380946	0.00022065896685218633	0.555589622492464	0.30618578137446034	56.97958389079413
8.23320730382698	0.007	0.005	0.2465563201334083	0.00021883360990559463	0.5600428938943672	0.3076782873780697	56.513963150512474
8.351584624031783	0.007	0.005	0.24454153115241464	0.00021702349885992285	0.5644233561962647	0.30911720938248977	56.05214692058854
8.469961853294743	0.007	0.005	0.24254320798983955	0.00021522851241312978	0.5687321860176062	0.3105035549230862	55.5941048735971
8.588338803460978	0.007	0.005	0.24056121920402918	0.00021344852973075964	0.5729705414866211	0.31183831482476587	55.13980688137606
8.706715309896445	0.007	0.005	0.23859543396183597	0.0002116834302323247	0.5771395630586469	0.31312246361502255	54.689222955240986
8.825091215808865	0.007	0.005	0.23664572230479963	0.00020993309385393768	0.5812403731999383	0.3143569595746635	54.24232330699724
8.943466387927435	0.007	0.005	0.23471195489219113	0.00020819740083619426	0.5852740771829982	0.31554274513380987	53.79907829004259
9.061840692983983	0.007	0.005	0.2327940033889919	0.00020647623209508957	0.5892417625234947	0.3166807468585037	53.35945848829659
9.180214021231885	0.007	0.005	0.2308917400821219	0.00020476946889318303	0.5931445000307947	0.3177718759161036	52.923434628235505
9.298586262927332	0.007	0.005	0.2290050382618216	0.0002030769932026717	0.5969833432657203	0.3188170280764215	52.490977666309874
9.416957308329641	0.007	0.005	0.2271337722141243	0.00020139868771543374	0.6007593288154154	0.31981708395934494	52.062058787219065
9.535327079058494	0.007	0.005	0.22527781672373975	0.00019973443540902	0.6044734775397033	0.3207729095262383	51.63664928996576
9.653695488897014	0.007	0.005	0.22343704769370246	0.00019808412012287555	0.6081267935577052	0.321685355968317	51.2147207298873
9.772062459470403	0.007	0.005	0.2216113418918775	0.00019644762634329086	0.6117202650042612	0.32255526007200513	50.79624486055172
9.890427912406771	0.007	0.005	0.21980057706775707	0.00019482483932283773	0.6152548640383184	0.32338344438657035	50.381193660528886
10.008791792853772	0.007	0.005	0.2180046315895195	0.00019321564476482703	0.618731547784382	0.32417071760831523	49.96953925019974
10.127154053799982	0.007	0.005	0.21622338468600363	0.0001916199290546562	0.6221512580794871	0.32491787467301103	49.56125394721987
10.245514648235929	0.007	0.005	0.2144567165603244	0.00019003757937427596	0.6255149214840028	0.3256256969236946	49.156310292562004
10.363873536992633	0.007	0.005	0.21270450826657777	0.00018846848360159208	0.6288234497456716	0.32629495237702416	48.75468102225475
10.48223067306445	0.007	0.005	0.21096664193613968	0.00018691253052566953	0.6320777395970809	0.3269263958495235	48.356339119253654
10.600586025124338	0.007	0.005	0.20924300042424127	0.00018536960953666838	0.6352786736433584	0.32752076930107077	47.96125773243132
10.718939546170434	0.007	0.005	0.20753346776272902	0.00018383961104486107	0.6384271197355608	0.3280788018809651	47.569410280356166
10.837291236231064	0.007	0.005	0.20583792824855915	0.00018232242566441502	0.641523932864169	0.3286012104293627	47.18077024236328
10.955641048307289	0.007	0.005	0.20415626779478446	0.0001808179454442584	0.6445699528857636	0.32908869924114975	46.79531146821841
11.073988982428911	0.007	0.005	0.20248837257543004	0.00017932606264940384	0.6475660072099864	0.3295419606859007	46.41300786750554
11.19233503862573	0.007	0.005	0.2008341296998157	0.00017784667037845533	0.6505129097615969	0.32996167518148717	46.033833564190665
11.310679193415044	0.007	0.005	0.19919342752949484	0.00017637966285722796	0.6534114606291735	0.3303485113197126	45.65776296926815
11.429021438990034	0.007	0.005	0.1975661551207023	0.0001749249349405596	0.6562624472644897	0.33070312620624237	45.28477065296253
11.547361759707012	0.007	0.005	0.19595220254512524	0.00017348238240857142	0.6590666441104455	0.33102616557043274	44.914831418253456
11.665700171271517	0.007	0.005	0.1943514603502225	0.0001720519014838475	0.6618248137307511	0.33131826405654013	44.54792017717374
11.78403666587736	0.007	0.005	0.19276382030218311	0.00017063338950900608	0.6645377057080699	0.33158004525543056	44.18401212110514
11.902371235718734	0.007	0.005	0.19118917505397467	0.0001692267446511708	0.6672060574171746	0.3318121219615062	43.82308264469085
12.020703896500413	0.007	0.005	0.18962741782906753	0.00016783186562025447	0.6698305947408317	0.3320150963905	43.46510727334081
12.139034648253194	0.007	0.005	0.1880784429376901	0.00016644865214038312	0.6724120313751125	0.3321895602756885	43.110061781564305
12.257363498844361	0.007	0.005	0.1865421454571437	0.00016507700466448654	0.6749510695512435	0.3323360950882205	42.75792211969374
12.375690448304459	0.007	0.005	0.18501842142979213	0.00016371682455711175	0.6774483998834978	0.33245527218614546	42.40866445926671
12.494015528008969	0.007	0.005	0.18350716735341946	0.0001623680136364817	0.6799047023763028	0.3325476530189814	42.06226507620903
12.612338737987438	0.007	0.005	0.18200828098138003	0.0001610304749017933	0.6823206452852975	0.33261378923150947	41.71870053423984
12.730660086105399	0.007	0.005	0.18052166080893306	0.00015970411207115389	0.6846968861320605	0.3326542228717725	41.37794756713269
12.848979588063884	0.007	0.005	0.17904720607033997	0.000158388829581543	0.6870340718688179	0.3326694865437917	41.03998307805018
12.967297251727446	0.007	0.005	0.17758481692882358	0.00015708453276314216	0.6893328387389189	0.33266010356099723	40.704784183085145
13.085613186823508	0.007	0.005	0.1761343931264132	0.00015579112661914845	0.6915938145408438	0.33262658806845896	40.37232790178726
13.203927534416957	0.007	0.005	0.17469583488191462	0.0001545085166404075	0.6938176173243691	0.3325694451366814	40.04259136298968
13.322240184833044	0.007	0.005	0.17326904628659837	0.00015323661188178	0.6960048503426929	0.3324891711048956	39.715552583145566
13.44055105190774	0.007	0.005	0.17185393190658882	0.00015197532188806784	0.6981561075461437	0.33238625370793246	39.39118968755101
13.55886011216238	0.007	0.005	0.1704503963257859	0.0001507245562814529	0.7002719743974072	0.33226117215050566	39.069480805576234
13.6771673577895	0.007	0.005	0.16905834472120146	0.00014948422528359052	0.7023530271139236	0.3321143972526725	38.75040420254076
13.79547284366153	0.007	0.005	0.16767768231782046	0.00014825423922290972	0.7043998336064635	0.33194639150496996	38.43393815476004
13.913776624648479	0.007	0.005	0.16630831513457278	0.00014703450921101964	0.7064129524855869	0.33175760925762465	38.12006112053231
14.032078732113819	0.007	0.005	0.16495015024628001	0.00014582494738084965	0.708392932824622	0.33154849690237664	37.808751800180055
14.150379166081224	0.007	0.005	0.16360309585478452	0.00014462546695192497	0.7103403142144468	0.331319493043803	37.49998915235369
14.268677965746914	0.007	0.005	0.16226706047486095	0.00014343598149350352	0.7122556280847935	0.3310710285038583	37.19375220743202
14.386975146802273	0.007	0.005	0.16094195364521793	0.00014225640556914462	0.7141393968059107	0.3308035265668569	36.89002023049297
14.505270717103748	0.007	0.005	0.1596276857379723	0.0001410866545645571	0.7159921341050927	0.33051740308736477	36.58877267764262
14.623564700175855	0.007	0.005	0.1583241676909747	0.00013992664444531475	0.7178143455749869	0.33021306655966015	36.289989134660644
14.741857119542166	0.007	0.005	0.1570313111792811	0.00013877629191239038	0.7196065285550964	0.32989091827326494	35.99364935630403
14.860147983057342	0.007	0.005	0.15574902877813745	0.00013763551455002522	0.7213691720352942	0.32955135248088385	35.699733303665134
14.978437314243516	0.007	0.005	0.15447723361442667	0.0001365042305098101	0.7231027572631726	0.3291947564326745	35.40822106427877
15.09672512878812	0.007	0.005	0.15321583961716745	0.0001353823587376921	0.7248077575193599	0.3288215105584047	35.11909290953993
15.21501145021168	0.007	0.005	0.15196476134307482	0.00013426981881569104	0.7264846384755397	0.32843198853595007	34.832329254719696
15.333296302033833	0.007	0.005	0.1507239140558693	0.0001331665310335953	0.728133858203161	0.3280265574270856	34.5479106771444
15.45157969210634	0.007	0.005	0.1494932138827134	0.00013207241653062665	0.7297558670847198	0.3276055778462217	34.26581795205247
15.569861643947489	0.007	0.005	0.14827257747968567	0.00013098739699171107	0.7313511083727252	0.32716940396292676	33.98603197591705
15.688142188908028	0.007	0.005	0.14706192211251248	0.00012991139472025696	0.7329200181890864	0.32671838363034283	33.7085337849505
15.806421334837918	0.007	0.005	0.14586116597085647	0.00012884433292294299	0.7344630252295757	0.3262528586120689	33.43330462714355
15.924699105253108	0.007	0.005	0.14467022776009622	0.00012778613533885719	0.7359805514039306	0.32577316453980076	33.16032586869587
16.0	0.007	0.005	0.1439170944358631	0.00012712009524688253	0.7369336003011232	0.32546052972455275	32.987697769322466
