0.0	0.007	0.005	0.0	0.0	0.0	0.0	100.0
0.006430231116286192	0.007	0.005	0.01471091401694479	7.733188413847245e-5	1.3783991442220287e-5	3.269391508417985e-5	99.93181958992336
0.012146172871261917	0.007	0.005	0.027004661041508518	0.0001372053585465976	4.8231414159764656e-5	0.00011183017959009775	99.8712518921388
0.019881935185669282	0.007	0.005	0.04254450579961685	0.00020678831877504893	0.00012590137276174336	0.00028340049992808	99.78934007282672
0.027986944232283074	0.007	0.005	0.057565464281835954	0.0002676757940219885	0.00024282808819968706	0.0005306194560041094	99.70359047102986
0.037356233813668684	0.007	0.005	0.07345195954560504	0.0003253793829059875	0.00041952096374303605	0.0008872878457474587	99.60455681708403
0.04739431848858184	0.007	0.005	0.08886888100802966	0.00037492638572402665	0.0006537220253736962	0.0013376566447788273	99.49856312899405
0.05835488189027849	0.007	0.005	0.10399109977782653	0.0004174803333393567	0.0009571444829242059	0.0018931319207164073	99.38295765823958
0.07002060418237699	0.007	0.005	0.11832661970777189	0.00045240917528473364	0.001328869103642208	0.0025409760750449858	99.26006214951924
0.08244548442937401	0.007	0.005	0.13182046364031386	0.00048057780970254063	0.0017736770812137764	0.0032796905473792236	99.12933622143224
0.09554520360323111	0.007	0.005	0.14429684191326034	0.0005026427754177108	0.0022905234257147504	0.004098937038346552	98.99169655117801
0.10932217617114103	0.007	0.005	0.1557187659517837	0.0005195539566149845	0.002880185946671761	0.004993000483798973	98.84714711368522
0.12374287934982647	0.007	0.005	0.166048977088207	0.0005321852463807959	0.003541048413884201	0.0059540213059165095	98.69606967986981
0.13880420338383176	0.007	0.005	0.17530241436698638	0.000541377418890741	0.004272020945120471	0.006976528661544783	98.53852734360355
0.15449708131187465	0.007	0.005	0.18350898437914082	0.0005478600384229434	0.0050711852040307565	0.008055264912027191	98.37464642379844
0.17082584576065118	0.007	0.005	0.19072021449578302	0.0005522538265278506	0.005936882341121962	0.009186544797612965	98.2044142692804
0.1877974093605039	0.007	0.005	0.19699717581360365	0.0005550646149736325	0.00686733810691092	0.010367504090504367	98.02779293874649
0.20542679451392326	0.007	0.005	0.20240876589078702	0.0005566946284418895	0.007861068969279326	0.011596414087066177	97.8446620804836
0.22373392556263277	0.007	0.005	0.2070267965574169	0.0005574552307678221	0.008916804181331825	0.012872369370440229	97.65485300971096
0.24274526577176458	0.007	0.005	0.21092387127924378	0.0005575822313147876	0.010033644356088832	0.014195304123216412	97.45813238941128
0.26249297212602957	0.007	0.005	0.2141711124672783	0.0005572504031426629	0.011211061328204291	0.01556583844401093	97.25421178397457
0.2830155533723779	0.007	0.005	0.21683685135075328	0.0005565865975243513	0.01244896698626968	0.016985237339114147	97.04274170481975
0.3043579039440348	0.007	0.005	0.21898559794193612	0.0005556808816388119	0.013747732298550131	0.01845533617011478	96.8233122323331
0.32657188285201405	0.007	0.005	0.2206774315497884	0.0005545956450185054	0.015108227706333495	0.01997851363197119	96.59544814965267
0.34971683566178935	0.007	0.005	0.22196762070187762	0.0005533728191814581	0.016531851167549974	0.021557669045050534	96.35860484534682
0.3738604320762175	0.007	0.005	0.22290645069762832	0.0005520394399892512	0.018020567717192553	0.023196227562182894	96.11216119957841
0.39907963756558457	0.007	0.005	0.22353918514143375	0.0005506118334428019	0.01957695033668314	0.024898158319686777	95.85541138459371
0.4254619988939701	0.007	0.005	0.22390613090288275	0.0005490986828903172	0.021204233429880745	0.026668015174405934	95.58755381891186
0.4531071917069428	0.007	0.005	0.2240427703681903	0.0005475032203189422	0.022906375456785578	0.02851099369421746	95.30767790982729
0.4821289809741871	0.007	0.005	0.22397993974166694	0.0005458247380632176	0.024688139190977034	0.030433011582942586	95.01474718324314
0.5126578519333012	0.007	0.005	0.22374403111998703	0.0005440595741944692	0.02655520387081832	0.03244082609992216	94.70757638717167
0.5448439407665462	0.007	0.005	0.22335720533907155	0.0005422017272615543	0.028514284128690757	0.0345421599255534	94.38480654991237
0.5788602455744906	0.007	0.005	0.22283761594536758	0.0005402432056229959	0.030573251974429835	0.03674583061197506	94.04487841616674
0.6149080010972198	0.007	0.005	0.22219960614883721	0.0005381740822279334	0.03274137184507824	0.03906200016754946	93.68598581594684
0.6532223532866814	0.007	0.005	0.22145389151763226	0.0005359824226613512	0.03502952856292974	0.04150241452125854	93.30602827060305
0.6940802931893223	0.007	0.005	0.22060769888929613	0.0005336540186926701	0.03745055812565684	0.044080749322582886	92.90254402638205
0.7378105170471108	0.007	0.005	0.21966486100984914	0.0005311719813053651	0.04001964807550923	0.04681302467589267	92.47262802117761
0.7848066267261559	0.007	0.005	0.21862583822597006	0.0005285161405987984	0.04275487336497966	0.04971815681351996	92.01282242253767
0.8355444408111526	0.007	0.005	0.2174876510534475	0.00052566223463467	0.045677885933297496	0.05281866279473238	91.51897459665668
0.8906053814111855	0.007	0.005	0.21624368502418898	0.0005225808034277119	0.048814832939333475	0.05614159317689276	90.98604684717691
0.950710337183966	0.007	0.005	0.21488327778893854	0.0005192355764867901	0.05219769352744058	0.059719886537273885	90.40784085981747
1.0167631180942014	0.007	0.005	0.21339112617360073	0.0005155814531875629	0.055865888641774816	0.06359398050719664	89.77665411236343
1.089914646701463	0.007	0.005	0.21174629096451675	0.0005115615296808467	0.05986864676814362	0.0678141729145691	89.08277439904306
1.1716562821554284	0.007	0.005	0.20992066123723005	0.0005071028364769752	0.0642683382946617	0.07244392706164249	88.31375579260452
1.263936723811733	0.007	0.005	0.2078770851902111	0.0005021112836970788	0.06914410639443044	0.0775633675573976	87.45356368918138
1.369200868681561	0.007	0.005	0.20556949619146986	0.0004964714963780903	0.074590110734558	0.08326695914348586	86.4825689222022
1.4893851627406511	0.007	0.005	0.2029657813013788	0.0004901023493211448	0.08066050485666199	0.0896054910833851	85.38711970200639
1.6210907724672234	0.007	0.005	0.2001501881001323	0.00048320786577063464	0.08713668987758354	0.09634450924052951	84.20258491645896
1.7588682319287308	0.007	0.005	0.19724654239055942	0.0004760903908578131	0.09371965700482073	0.10316864990368918	82.98102362339085
1.9013717904649985	0.007	0.005	0.19428759233126547	0.0004688301298026726	0.10032804499193747	0.10999118787677556	81.73620068871817
2.04708552425442	0.007	0.005	0.19130787715255293	0.00046151219239408056	0.10688083940470185	0.11672695432358211	80.4826431636464
2.1948887706238827	0.007	0.005	0.1883321156055217	0.0004541979313142785	0.11332280061096339	0.12331847729865836	79.23074922278867
2.3439878538546837	0.007	0.005	0.18537716029818085	0.00044692956998748765	0.11961869678336892	0.12972965376678494	77.98760847570892
2.4939078849643925	0.007	0.005	0.18245268070794946	0.00043973174975693065	0.12575052176743404	0.13594253059309797	76.75728878691767
2.6444203409761347	0.007	0.005	0.17956305368637718	0.0004326160925151564	0.131712379292471	0.14195176873076507	75.54163147172804
2.795451344795172	0.007	0.005	0.17670947219842895	0.0004255863452640685	0.1375053296566699	0.14775919218879993	74.3411384039438
2.947003649793534	0.007	0.005	0.17389162402963593	0.00041864249638768876	0.14313352891874756	0.1533697660368512	73.15567823522196
3.0991012924568158	0.007	0.005	0.17110881225067656	0.00041178353243157597	0.14860179863084932	0.15878910580702035	71.9849577693636
3.251758552913904	0.007	0.005	0.16836054050545185	0.00040500888154229147	0.15391444393888828	0.16402229293276588	70.82876819083194
3.4049680496195123	0.007	0.005	0.16564670734820014	0.00039831889377867183	0.1590749212688497	0.16907356167010873	69.68706682169515
3.558700992962933	0.007	0.005	0.1629675706491633	0.0003917147536644629	0.16408596741726417	0.17394644753830812	68.55996214717958
3.712913147729397	0.007	0.005	0.1603236165364055	0.0003851981567207551	0.16894989395773008	0.17864409216654087	67.44765867988542
3.8675522682351597	0.007	0.005	0.15771541479049006	0.0003787709526291932	0.17366888010135192	0.18316953664699914	66.35039612476565
4.02256452291776	0.007	0.005	0.15514350391802717	0.00037243486216624177	0.17824518598174108	0.18752592823707537	65.26840102991599
4.177898921067456	0.007	0.005	0.15260831939893096	0.0003661913014304907	0.18268127025733302	0.1917166280590663	64.20185660041383
4.333509536277314	0.007	0.005	0.15011016414947778	0.0003600413109789888	0.18697982340097918	0.1957452345039228	63.15089027221717
4.489356090428277	0.007	0.005	0.14764920797422953	0.0003539855570597055	0.1911437479299319	0.19961555529888805	62.115573481589394
4.645403429455955	0.007	0.005	0.14522550468104523	0.0003480243767776218	0.1951761102305592	0.20333155364963315	61.095928865333605
4.801620703392932	0.007	0.005	0.14283901253144224	0.00034215783166100764	0.1990800906498308	0.20689729440777138	60.09193886419681
4.957980428916115	0.007	0.005	0.1404896148952068	0.00033638576177482825	0.20285893733420426	0.2103168955019568	59.103554412202115
5.114457904055041	0.007	0.005	0.13817713409148683	0.0003307078230068531	0.20651593467636215	0.21359449430643593	58.13070075955464
5.271030885689208	0.007	0.005	0.1359013403776022	0.00032512351233186055	0.21005438190264866	0.21673422428957984	57.17328125420647
5.427679428396198	0.007	0.005	0.13366195800993397	0.00031963218577384935	0.2134775778767978	0.2197401979978898	56.231179891654286
5.5843858340269925	0.007	0.005	0.1314586693747911	0.00031423307150639485	0.21678881002604106	0.22261649424640886	55.30426305278268
5.741134567385356	0.007	0.005	0.1292911193659936	0.0003089252834264337	0.21999134380353255	0.2253671462363266	54.392381345499935
5.897912148784629	0.007	0.005	0.12715891981687408	0.00030370783470635336	0.22308841296615903	0.22799613084586187	53.49537146926771
6.054706992732016	0.007	0.005	0.12506165436817915	0.0002985796522443339	0.22608321009456284	0.23050735860676647	52.61305826301232
6.211509182744528	0.007	0.005	0.12299888383125505	0.00029353959214398277	0.22897887730369085	0.23290466435463053	51.74525696140075
6.368310255382182	0.007	0.005	0.12097015102810453	0.0002885864537181238	0.23177849857414537	0.23519179975055493	50.8917752310375
6.525102973076464	0.007	0.005	0.1189749853997513	0.00028371899273386286	0.2344850931795909	0.237372427180179	50.05241510919014
6.681881179475503	0.007	0.005	0.11701290622228525	0.0002789359310639087	0.23710161166543944	0.23945011613588024	49.22697435676929
6.838639727071547	0.007	0.005	0.1150834246928856	0.0002742359634040617	0.2396309337797843	0.2414283414467515	48.4152473359125
6.995374331876536	0.007	0.005	0.11318604674387953	0.00026961776561333254	0.24207586578084223	0.24331048125031707	47.617026193849775
7.1520814694631305	0.007	0.005	0.11132027514112616	0.0002650800011510674	0.24443913902710815	0.24509981621225527	46.83210174568804
7.308758302037842	0.007	0.005	0.1094856110550699	0.00026062132608553807	0.2467234094881351	0.2467995296346642	46.060264135347886
7.4654025847080145	0.007	0.005	0.10768155574682937	0.0002562403942535276	0.248931257302524	0.24841270775136054	45.30130354489596
7.6220125821237446	0.007	0.005	0.1059076119979821	0.0002519358616728973	0.25106518683081325	0.24994234053598965	44.55501079605196
7.778587036985051	0.007	0.005	0.10416328484656329	0.0002477063891533745	0.25312762766735064	0.25139132330922903	43.82117765982007
7.935125045260312	0.007	0.005	0.10244808327912433	0.0002435506471358021	0.2551209346030546	0.25276245768953143	43.099597568333245
8.091626045510226	0.007	0.005	0.10076152054844639	0.00023946731708968834	0.2570473893053773	0.25405845384268916	42.39006574851468
8.248089787490706	0.007	0.005	0.09910311468332876	0.00023545509329764408	0.2589092017744411	0.2552819325935639	41.69237943654345
8.404516217928366	0.007	0.005	0.09747238980871763	0.00023151268653390193	0.2607085109234596	0.25643542701063876	41.006338433229416
8.560905490687757	0.007	0.005	0.09586887607292967	0.0002276388242859314	0.2624473867562117	0.25752138508972033	40.33174507339605
8.717257966575438	0.007	0.005	0.09429210968262502	0.00022383225117998746	0.2641278323682279	0.2585421722908734	39.668404240593446
8.873574140698196	0.007	0.005	0.09274163364399701	0.00022009173106691518	0.2657517851656466	0.2595000735911535	39.0161236789148
9.029854611300218	0.007	0.005	0.09121699802624712	0.00021641604789696085	0.26732111859930274	0.26039729587773414	38.374714103839196
9.186100058985033	0.007	0.005	0.08971776009381055	0.00021280400623219863	0.2688376440043273	0.26123597039307844	37.74398925785894
9.342311288023351	0.007	0.005	0.0882434838366908	0.00020925443026200923	0.27030311299273757	0.26201815544875706	37.12376571289236
9.498489122846992	0.007	0.005	0.08679374087168537	0.00020576616610682447	0.2717192184173515	0.26274583832653753	36.51386324942688
9.654634439061178	0.007	0.005	0.08536811002978796	0.000202338080906155	0.2730875966266887	0.2634209378752711	35.914104682940305
9.810748163416491	0.007	0.005	0.08396617724985499	0.00019896906262318137	0.2744098293401626	0.26404530684405264	35.32431581916686
9.966831232444067	0.007	0.005	0.08258753583532234	0.000195658020704087	0.2756874451298907	0.2646207339919844	34.74432556209679
10.122884613130463	0.007	0.005	0.08123178614168235	0.00019240388533887728	0.2769219213930807	0.265148946397299	34.17396578249917
10.278909261587422	0.007	0.005	0.07989853580945602	0.0001892056080236387	0.2781146857634097	0.26563161146866415	33.613071415932644
10.434906123076981	0.007	0.005	0.07858739961966994	0.00018606216119361032	0.279267117827661	0.266070339062106	33.061480401944664
10.590876163019077	0.007	0.005	0.07729799909845636	0.00018297253723709031	0.2803805509987356	0.2664666835954119	32.51903351772828
10.746820336017198	0.007	0.005	0.0760299626495666	0.0001799357487734683	0.2814562738656192	0.2668221459070089	31.985574433869903
10.90273956523375	0.007	0.005	0.07478292558214929	0.00017695082866743788	0.2824955316007058	0.26713817511324606	31.46094972603568
11.058634752749036	0.007	0.005	0.0735565298836302	0.00017401682941919712	0.2834995275359815	0.26741617047769956	30.945008779422846
11.214506789910986	0.007	0.005	0.07235042400414374	0.00017113282257586907	0.28446942467093517	0.26765748319688226	30.437603698070216
11.37035654703648	0.007	0.005	0.0711642628077393	0.00016829789853959202	0.28540634699388057	0.2678634180818161	29.938589284331357
11.526184863118921	0.007	0.005	0.06999770751860304	0.000165511166358533	0.2863113807669685	0.26803523519127265	29.447823016249984
11.681992545858671	0.007	0.005	0.0688504255873373	0.00016277175332115625	0.28718557583213	0.2681741514254446	28.96516499130431
11.837780392324062	0.007	0.005	0.0677220904122672	0.0001600788041980945	0.2880299469797228	0.26828134207237714	28.49047780916129
11.993549168339031	0.007	0.005	0.06661238137006029	0.00015743148122758868	0.28884547503695823	0.26835794225709375	28.02362658455857
12.149299629136891	0.007	0.005	0.0655209835476741	0.00015482896337927585	0.2896331081413128	0.2684050483696731	27.564478834535386
12.30503248843826	0.007	0.005	0.06444758784393505	0.00015227044650782207	0.2903937627032695	0.268423719416693	27.11290452116648
12.460748418479351	0.007	0.005	0.06339189084454128	0.00014975514295984354	0.29112832450425163	0.2684149783515706	26.668775998976336
12.616448173764542	0.007	0.005	0.062353593881919814	0.0001472822792171899	0.29183765030855674	0.26837981331686817	26.23196761942391
12.772132508567102	0.007	0.005	0.0613324035202726	0.00014485109697425609	0.2925225684311973	0.26831917881617984	25.8023559349599
12.927801908916404	0.007	0.005	0.06032803317458605	0.00014246085694652987	0.2931838785774489	0.26823399704316664	25.379820380139233
13.08345684008842	0.007	0.005	0.05934020131839691	0.00014011083446326234	0.29382235395859346	0.26812515901084916	24.96424251763363
13.239097787844559	0.007	0.005	0.05836863113023203	0.00013780031852748395	0.2944387423478627	0.2679935255949806	24.55550588948993
13.394725279040689	0.007	0.005	0.05741305029289701	0.0001355286112454782	0.2950337669944025	0.26783992852600264	24.153495932691218
13.550339871313282	0.007	0.005	0.056473190991375405	0.0001332950277359842	0.29560812738167247	0.2676651713669468	23.758099978273282
13.705942080945098	0.007	0.005	0.05554879026944309	0.00013109889690493957	0.2961624997521358	0.26747003054911866	23.369207401351073
13.861532403490411	0.007	0.005	0.05463958980775971	0.00012893956082880278	0.2966975379730625	0.2672552562963192	22.98670952776245
14.017111282877504	0.007	0.005	0.05374533600992489	0.00012681637488160116	0.29721387419122486	0.2670215735794433	22.610499670271732
14.172679132031737	0.007	0.005	0.05286577978431142	0.00012472870713137182	0.29771211964457306	0.26676968297350784	22.24047303678777
14.328236374093297	0.007	0.005	0.052000676226290635	0.0001226759374986367	0.2981928654957239	0.2665002614308989	21.87652659667681
14.483783401214673	0.007	0.005	0.05114978477202054	0.00012065745805286617	0.2986566833727599	0.2662139631536249	21.518559145460966
14.639320564271506	0.007	0.005	0.05031286916643737	0.00011867267286375251	0.2991041260011056	0.2659114204021823	21.166471291352313
14.794848234672674	0.007	0.005	0.04948969704939439	0.00011672099693452944	0.2995357280148957	0.26559324413100155	20.820165281142614
14.950366763162052	0.007	0.005	0.048680040107690774	0.00011480185650080328	0.2999520064388667	0.26526002478622285	20.47954506416149
15.105876459228845	0.007	0.005	0.04788367410235982	0.00011291468903132121	0.3003534612265759	0.26491233305549855	20.14451630375657
15.261377632310204	0.007	0.005	0.04710037857865036	0.00011105894246611262	0.30074057594052245	0.26455072045735056	19.814986255283397
15.41687058149572	0.007	0.005	0.04632993685131584	0.00010923407512017926	0.3011138182687197	0.2641757200109332	19.49086375991666
15.572355585234474	0.007	0.005	0.04557213598608308	0.00010743955558024162	0.30147364052852244	0.2637878468887516	19.172059236854167
15.727832952822459	0.007	0.005	0.04482676648383363	0.00010567486188647509	0.3018204802930098	0.2633875988910087	18.858484550452943
15.883302931735436	0.007	0.005	0.044093622664514054	0.00010393948240410663	0.30215476067098607	0.2629754572627802	18.550053171738956
16.0	0.007	0.005	0.043551207491962944	0.00010266001744867857	0.3023976793770205	0.2626585495440317	18.321860755603467
