0.0	0.007	0.005	0.0	0.0	0.0	0.0	100.0
0.005961911479259788	0.007	0.005	0.01638370477392466	6.666900524729326e-5	1.3265810929153539e-5	3.188762191146184e-5	99.95143837411813
0.01096748349698427	0.007	0.005	0.02924061858289892	0.0001157584355621973	4.39819592292441e-5	0.00010379765773044855	99.91068464299866
0.017838683566879156	0.007	0.005	0.04564705270741698	0.00017425712988864613	0.00011316495751229674	0.00026065595925701924	99.85476863747107
0.024901392550084226	0.007	0.005	0.06112358929822329	0.00022515870149553268	0.00021438615525136656	0.00048212461767239035	99.7973267973846
0.03305694449488506	0.007	0.005	0.07739580279494668	0.00027416497333884797	0.0003658986218924114	0.0008014590351044324	99.7310378448536
0.04171845175186795	0.007	0.005	0.09297453389536926	0.000316716521852736	0.0005635913739134852	0.00120216766665939	99.66068466170002
0.05113904016397951	0.007	0.005	0.10812866644746051	0.0003539747793053949	0.0008171463571792375	0.0016962059816514252	99.58422217668927
0.06111196089342571	0.007	0.005	0.12235826285418575	0.0003852125383790693	0.001124460932027501	0.002271814011404165	99.50334059335168
0.07169439739158814	0.007	0.005	0.13565260834146933	0.0004110806212092841	0.0014891141331874822	0.0029288826178971335	99.41758759925838
0.0828101830201647	0.007	0.005	0.1478576956253496	0.0004319714551702567	0.0019095429342047912	0.0036585669099113392	99.32759228270722
0.09446709069466505	0.007	0.005	0.1589664411357588	0.00044857084990348485	0.002386166927123806	0.0044566636416467	99.23330345878848
0.10663808231996227	0.007	0.005	0.1689631052507051	0.0004615046955173235	0.0029174398719790107	0.005316654299863305	99.13495189422461
0.11932489273430619	0.007	0.005	0.17788196845898432	0.00047140532851170774	0.0035024953466544035	0.006234220413795238	99.03253585261015
0.1325229749920416	0.007	0.005	0.18576714705947608	0.00047883472214352556	0.00413986100464654	0.007205016190856743	98.9261047838874
0.14623979893559402	0.007	0.005	0.19268089929518026	0.0004842893298557994	0.00482840117814401	0.008226050071963633	98.8156117266358
0.1604844632893816	0.007	0.005	0.19869155144602405	0.00048818852645539173	0.005566939379899687	0.009294949844261146	98.70099738497932
0.17527291466163303	0.007	0.005	0.20387265371843113	0.0004908801681812496	0.006354593086901539	0.010410321944864697	98.58214831146994
0.1906248828601737	0.007	0.005	0.20829854677232135	0.0004926458575603016	0.007190678996387274	0.01157147361363988	98.45892186227583
0.20656544970036428	0.007	0.005	0.21204281510770365	0.0004937095687030142	0.00807483789737761	0.012778469079242369	98.33113387799871
0.22312427285753622	0.007	0.005	0.21517643055660995	0.0004942462138254175	0.009007022771902646	0.014032005818182858	98.19856524966332
0.24033624781781285	0.007	0.005	0.2177668049889824	0.0004943901154225666	0.009987553829917999	0.01533340073026048	98.0609569771249
0.25824157019508326	0.007	0.005	0.2198770281040005	0.0004942426605921026	0.01101713231876962	0.01668453499353122	97.91801008971007
0.27688631660788965	0.007	0.005	0.22156546727689572	0.0004938790102368326	0.012096876790610358	0.018087843216874636	97.76938148081474
0.2963229541089418	0.007	0.005	0.22288553960815252	0.0004933537781207853	0.013228350051301654	0.019546302203903687	97.61468039941207
0.31661113299443544	0.007	0.005	0.22388565271510544	0.0004927057180777919	0.014413597901176823	0.02106344536942544	97.4534627859481
0.3378186057057064	0.007	0.005	0.22460924928078163	0.0004919615059295562	0.015655191201068282	0.022643389698449267	97.28522473872397
0.36002241493129894	0.007	0.005	0.22509493279302115	0.0004911387245271165	0.016956279764461537	0.024290884429132152	97.10939400893766
0.38331032565541484	0.007	0.005	0.22537664545456057	0.0004902481708939026	0.01832065649298952	0.026011377717777295	96.92531977452305
0.40778263943147636	0.007	0.005	0.22548388182898568	0.0004892955956319613	0.019752839384592234	0.02781110944240035	96.7322596602039
0.433554406481592	0.007	0.005	0.22544192159241283	0.0004882829794043732	0.021258171478145592	0.029697228790208065	96.52936396506803
0.4607583399545678	0.007	0.005	0.22527206944841846	0.0004872094277614988	0.022842955179174635	0.03167795593653993	96.3156548120765
0.48954829943170525	0.007	0.005	0.2249918916162894	0.00048607176927303517	0.02451461119009787	0.03376277422374117	96.09000142287412
0.5201032560759924	0.007	0.005	0.2246154480974687	0.0004848649272953784	0.02628185448000708	0.035962642320565286	95.85109238232523
0.5526334001992235	0.007	0.005	0.22415349508569463	0.00048358205441690347	0.0281549797987733	0.038290340135499784	95.59739216606933
0.5873871115109472	0.007	0.005	0.22361366232222463	0.00048221452469326547	0.030146176608972355	0.04076084663653183	95.32709238299935
0.624660545410284	0.007	0.005	0.22300058266168166	0.00048075175038374154	0.03226996687805446	0.04339186371621251	95.03804458971372
0.6648099950438666	0.007	0.005	0.22231596616806973	0.00047918084625224493	0.034543762784223046	0.046204479147904105	94.72767430083834
0.7082685515612489	0.007	0.005	0.22155859336141895	0.00047748610643039255	0.036988613887605756	0.04922405041859679	94.39286561695481
0.7555686274823193	0.007	0.005	0.22072420108571156	0.000475648255482096	0.03963020598311116	0.0524813797546378	94.02980626381282
0.807376564845821	0.007	0.005	0.21980515474361934	0.000473643256331344	0.042500417321160625	0.05601454680250288	93.63374828523817
0.8645311330177239	0.007	0.005	0.21879006052431146	0.0004714410223766542	0.04563891228887739	0.05987074247922094	93.19875178822461
0.9281151836416813	0.007	0.005	0.21766281411272337	0.0004690029430518238	0.04909629025759147	0.06410994648247616	92.71719552573434
0.9995487200405968	0.007	0.005	0.21640132179620442	0.00046627875052576847	0.052937945407481674	0.06880936118162596	92.1791581535282
1.080738438628817	0.007	0.005	0.21497532604718203	0.0004632014982474215	0.05725023705304078	0.07407048612406977	91.5714272024164
1.1743125788942228	0.007	0.005	0.2133429282958996	0.000459679777710712	0.062149914488610646	0.08002983400522228	90.87596333763665
1.2840030086980556	0.007	0.005	0.21144492010704632	0.00045558525488940634	0.06779894401106208	0.0868756163921671	90.06744145762406
1.415268551781447	0.007	0.005	0.2091956818868862	0.00045073284249899946	0.07442740691654726	0.09487306342898967	89.10933999582686
1.5753090384505861	0.007	0.005	0.20648569955845075	0.0004448859433074408	0.08231898715323757	0.10434284069430566	87.95498879482986
1.7549592577626367	0.007	0.005	0.20348545727684442	0.00043841193556572194	0.09093519008865378	0.11461496939951273	86.67700022263537
1.9260669661833885	0.007	0.005	0.20066842100095036	0.0004323322622317567	0.09890987279538466	0.12405654814934046	85.4770507492135
2.0840663881022943	0.007	0.005	0.19810183732426342	0.00042679276141076045	0.10607825763087247	0.1324867904372622	84.383784533669
2.2319877324463593	0.007	0.005	0.1957287256511102	0.00042167128323944566	0.11262372774303507	0.14013528567367967	83.37292997962905
2.375016133020825	0.007	0.005	0.19346114850507296	0.0004167778303272944	0.11880399920220308	0.14731199245700632	82.4070290877375
2.517443116933058	0.007	0.005	0.19122921177415608	0.00041196112554170883	0.12481639429902024	0.1542499309317884	81.45630964593796
2.6615862964579544	0.007	0.005	0.18899659661394996	0.0004071426683066528	0.1307603993818365	0.16106462014168613	80.50530121932493
2.8079747959232364	0.007	0.005	0.18675588051360845	0.0004023064845006707	0.13665535354997843	0.16777763464507714	79.55084210293246
2.95600236246324	0.007	0.005	0.184517088043382	0.00039747428905162886	0.14247458394130857	0.17435806671327134	78.59720237919
3.104701840738484	0.007	0.005	0.18229515419019943	0.0003926783961059994	0.14818014947173014	0.18076325206186347	77.65074377969852
3.253306862105749	0.007	0.005	0.18010136260932164	0.0003879432293340251	0.1537451779392407	0.18696410286712425	76.71627270881613
3.4014703649999958	0.007	0.005	0.1779403724569825	0.00038327889268004666	0.15916066739602366	0.19295219327024818	75.79577378839684
3.5492018259781406	0.007	0.005	0.17581149987676328	0.00037868393230819944	0.1644312907580384	0.19873443808275404	74.8889557218357
3.696687206684395	0.007	0.005	0.1737115797423708	0.0003741515220197446	0.16956762746482928	0.20432408161184204	73.99447028672965
3.844125819468421	0.007	0.005	0.17163739537532358	0.00036967472010798345	0.17457996812532403	0.20973376736008081	73.1109473014209
3.9916426911078284	0.007	0.005	0.16958689629742832	0.00036524910536448005	0.17947542945788578	0.21497246250264865	72.23751334084483
4.139273862431684	0.007	0.005	0.16755933352571797	0.0003608730705131965	0.1842578149162226	0.22004544479604402	71.37384936698493
4.286994543746126	0.007	0.005	0.1655548047416583	0.00035654683856202257	0.18892885883881416	0.22495575347721572	70.51999698839855
4.434758062258212	0.007	0.005	0.16357368544784343	0.0003522712323817653	0.19348964881303368	0.2297057608114193	69.67611615478889
4.582524931569651	0.007	0.005	0.1616162291893448	0.00034804680988438104	0.1979415674481008	0.23429817068564548	68.84231486663157
4.7302749744253845	0.007	0.005	0.1596824163589587	0.00034387353687766257	0.20228661215203536	0.23873632915176485	68.01858477200969
4.878005893802717	0.007	0.005	0.15777198830798753	0.00033975086083628685	0.20652728221102748	0.24302407880878937	67.20481569649854
5.0257252143793325	0.007	0.005	0.15588456377908344	0.0003356779628662722	0.21066629323287706	0.24716544665232798	66.40084523909114
5.173442181188247	0.007	0.005	0.15401974802477594	0.000331653993909973	0.21470632688206337	0.2511643835945888	65.60650525250558
5.321162947776428	0.007	0.005	0.15217719357623982	0.0003276782063536718	0.2186499010671305	0.25502463702138733	64.82164772834918
5.4688892948897685	0.007	0.005	0.1503566134390211	0.00032374998268445087	0.2224993495228677	0.2587497373526727	64.04615041799221
5.616619843170098	0.007	0.005	0.148557763062808	0.00031986879655466544	0.22625686799877714	0.2623430497354259	63.27990915238202
5.764351941221811	0.007	0.005	0.1467804154061785	0.0003160341588847693	0.2299245716058201	0.2658078334612261	62.522827220580375
5.912083191991756	0.007	0.005	0.14502434197887507	0.00031224557688858004	0.2335045361388363	0.2691472827772977	61.77480729450148
6.059812167072284	0.007	0.005	0.1432893046916127	0.0003085025364811559	0.23699881489101426	0.2723645424318616	61.03574795724198
6.2075383968966475	0.007	0.005	0.14157505664963965	0.0003048045040413998	0.24040943659661856	0.2754627049729431	60.30554404110705
6.355261979347506	0.007	0.005	0.13988134726211707	0.000301150937515656	0.24373839509070783	0.27844480081151046	59.584088804010726
6.502983168830627	0.007	0.005	0.1382079272273857	0.0002975412972520952	0.24698763996324996	0.28131378994206885	58.871276053008344
6.650702112127983	0.007	0.005	0.13655455153946786	0.0002939750525501477	0.2501590716920995	0.2840725582926362	58.16700142495025
6.798418789708249	0.007	0.005	0.13492098002184494	0.00029045168285421485	0.2532545418357178	0.286723918828534	57.47116261385166
6.946133015737219	0.007	0.005	0.13330697718050166	0.0002869706774707898	0.2562758545393062	0.28927061382205876	56.783659308294254
7.093844555478309	0.007	0.005	0.13171231080167284	0.0002835315325642641	0.2592247703003144	0.29171531894018227	56.10439259412073
7.241553183990276	0.007	0.005	0.13013675126671015	0.00028013374970252826	0.26210300821753496	0.29406064587039227	55.43326466259383
7.389258725255241	0.007	0.005	0.1285800711180941	0.000276776834943765	0.2649122476784509	0.29630914437888334	54.77017862553433
7.53696110108383	0.007	0.005	0.12704204455376572	0.0002734602977654737	0.26765413009922495	0.29846330432820867	54.11503829992576
7.684660262636285	0.007	0.005	0.12552244815745636	0.0002701836526686232	0.27033025842030445	0.3005255558896513	53.46774851900674
7.832356200201252	0.007	0.005	0.12402106078617423	0.00026694641895455595	0.27294219813899523	0.3024982710129731	52.82821508434473
7.980048874724761	0.007	0.005	0.12253766424571223	0.00026374812220740756	0.2754914769657781	0.30438376385891547	52.19634505357627
8.12773826671717	0.007	0.005	0.1210720427587966	0.00026058829315949366	0.27797958658650834	0.30618429283853227	51.57204651385883
8.275424366470789	0.007	0.005	0.11962398304086111	0.00025746646787141786	0.28040798332870154	0.30790206178476925	50.95522861414763
8.423107154498155	0.007	0.005	0.11819327446310356	0.00025438218810002003	0.28277808867790727	0.30953922102245596	50.34580163465181
8.570786640653735	0.007	0.005	0.116779708643857	0.000251335000426236	0.2850912907280454	0.311097869074944	49.74367681277346
8.718462805451379	0.007	0.005	0.11538307998665712	0.00024832445743327975	0.28734894404644173	0.3125800532616791	49.148766572304496
8.866135658745552	0.007	0.005	0.11400318508839552	0.00024535011643507027	0.2895523713811986	0.3139877715369467	48.560984271322354
9.013805220169608	0.007	0.005	0.11263982290558516	0.0002424115398464642	0.29170286409569085	0.315322973434617	47.98024427301236
9.1614714800176	0.007	0.005	0.1112927950848359	0.00023950829590875349	0.2938016823544401	0.3165875608827061	47.40646208643817
9.30913448725892	0.007	0.005	0.10996190512907518	0.00023663995689033202	0.29585005711361756	0.31778339010033646	46.8395540113836
9.456794261523024	0.007	0.005	0.10864695917945244	0.0002338061007890586	0.2978491895622406	0.31891227191939175	46.27943747141357
9.604450832216777	0.007	0.005	0.10734776562866401	0.0002310063105006317	0.29980025238245883	0.3199759732084643	45.72603084916589
9.752104228745141	0.007	0.005	0.10606413518227456	0.00022824017395745003	0.3017043902930694	0.3209762178452294	45.17925351247163
9.899754490289473	0.007	0.005	0.10479588074715387	0.00022550728389193254	0.3035627208389332	0.321914687809681	44.63902576683295
10.047401656028645	0.007	0.005	0.10354281749122585	0.00022280723797075787	0.3053763349095559	0.322793024116608	44.10526888087482
10.195045745583322	0.007	0.005	0.10230476297895363	0.00022013963909299275	0.3071462971444578	0.3236128276960253	43.57790514405573
10.34268678835062	0.007	0.005	0.10108153689283386	0.00021750409478965942	0.30887364692178465	0.3243756605379784	43.05685774803537
10.490324803948372	0.007	0.005	0.09987296117072537	0.0002149002175248614	0.3105593987296228	0.32508304652083425	42.5420508451711
10.63795985110234	0.007	0.005	0.09867885958165426	0.00021232762377801188	0.3122045433091035	0.32573647255155797	42.03340936782754
10.785591988534765	0.007	0.005	0.09749905802933	0.00020978593470462648	0.31381004775928545	0.32633738923687744	41.530859157662064
10.93322124563372	0.007	0.005	0.0963333847562462	0.00020727477658146067	0.315376855795221	0.3268872116534774	41.0343270525649
11.080847632232114	0.007	0.005	0.09518167022831017	0.00020479378055806774	0.3169058884370649	0.3273873202816247	40.54374083751497
11.228471197268426	0.007	0.005	0.09404374665119053	0.00020234258160817348	0.3183980451569127	0.3278390620370699	40.05902903856283
11.3760919994547	0.007	0.005	0.09291944818567946	0.00019992081899808877	0.3198542040689181	0.32824375094233227	39.58012101456661
11.52371003884264	0.007	0.005	0.09180861143925954	0.0001975281373552682	0.3212752217798205	0.3286026687483169	39.106947166580966
11.67132535458793	0.007	0.005	0.09071107469281572	0.00019516418498972634	0.3226619348645033	0.32891706598963616	38.63943860846534
11.818938005395736	0.007	0.005	0.0896266780370919	0.00019282861419052077	0.32401516013092996	0.32918816264582956	38.17752722501012
11.966548020641117	0.007	0.005	0.08855526371014992	0.0001905210819591512	0.325335694643128	0.32941714878088735	37.72114581568055
12.11415542969756	0.007	0.005	0.08749667585200144	0.00018824124947673692	0.3266243164713478	0.3296051853365884	37.27022799009967
12.261760261937008	0.007	0.005	0.08645076048155528	0.0001859887820538709	0.3278817851453349	0.3297534048327865	36.82470815822838
12.409362546729874	0.007	0.005	0.08541736547384393	0.00018376334908093675	0.329108842096767	0.329862912050882	36.3845215206654
12.556962332995015	0.007	0.005	0.08439634040310487	0.00018156462368658304	0.33030621124777726	0.329934784707962	35.94960400180527
12.704559640324362	0.007	0.005	0.08338753686064374	0.00017939228342843204	0.331474599031362	0.3299700740781968	35.519892385236645
12.852154517632842	0.007	0.005	0.0823908080270935	0.00017724600936246246	0.33261469527901016	0.32996980565739265	35.09532413154027
12.999746974734961	0.007	0.005	0.08140600911640386	0.0001751254870080943	0.3337271730853374	0.3299349797725921	34.67583756741202
13.147337431968293	0.007	0.005	0.08043299439230918	0.00017303039985512423	0.3348126925027966	0.32986657197400926	34.26137061479229
13.294925752520355	0.007	0.005	0.07947162357360761	0.00017096044329956899	0.3358718937021734	0.3297655339442028	33.85186351926976
13.442511760488395	0.007	0.005	0.07852175827978457	0.00016891531691251417	0.33690540142481007	0.3296327941683188	33.447257336052495
13.590095367943343	0.007	0.005	0.07758326119384462	0.00016689472261685929	0.33791382623040656	0.32946925837255014	33.04749357336747
13.737676574924244	0.007	0.005	0.0766559960770922	0.00016489836471737657	0.338897764772396	0.32927580997298905	32.652514198755796
13.88525542056455	0.007	0.005	0.0757398280844704	0.00016292595058549562	0.339857799756352	0.3290533105978848	32.2622617733951
14.032831973316208	0.007	0.005	0.0748346238189356	0.00016097719077629992	0.3407945001862345	0.32880260058994754	31.876679475261138
14.180406301628013	0.007	0.005	0.07394025149902266	0.00015905179939237045	0.34170842149413866	0.328524499548715	31.495711170504325
14.327978454399343	0.007	0.005	0.07305658105541893	0.00015714949429337677	0.3426001057482274	0.3282198068731721	31.119301454586374
14.475548451208333	0.007	0.005	0.07218348416195766	0.00015526999716301064	0.34347008192682654	0.32788930228978397	30.74739566548198
14.623116301859367	0.007	0.005	0.07132083409261378	0.00015341303319659654	0.34431886635878967	0.3275337463039905	30.379939822765095
14.77068200638366	0.007	0.005	0.07046850569947512	0.0001515783310522291	0.34514696303041464	0.3271538806709268	30.016880618225205
14.91824558435764	0.007	0.005	0.06962637522475121	0.00014976562243976442	0.34595486404325576	0.3267504287718906	29.658165335790176
15.065807055356888	0.007	0.005	0.06879432039892616	0.00014797464233379782	0.3467430497834874	0.3263240960973141	29.303741893336102
15.213366458500825	0.007	0.005	0.06797222031455827	0.00014620512869720288	0.3475119893016945	0.3258755706162432	28.953558788929932
15.360923784046228	0.007	0.005	0.06715995578929762	0.00014445682327263304	0.34826214022963825	0.3254055234050765	28.60756525546195
15.508479051566475	0.007	0.005	0.06635740890956236	0.00014272947058563916	0.34899394945981543	0.32491460882688666	28.26571106626891
15.656032290406053	0.007	0.005	0.06556446312732656	0.00014102281815476592	0.34970785329330906	0.3244034649794703	27.927946576361826
15.803583510364652	0.007	0.005	0.06478100340085327	0.0001393366167980941	0.35040427755090925	0.32387271418682057	27.594222782373187
15.95113274078489	0.007	0.005	0.06400691596771746	0.00013767062013650012	0.3510836380097423	0.32332296324497795	27.264491225873414
16.0	0.007	0.005	0.06375258818972317	0.00013712611158735893	0.3513049475799665	0.32313679625430897	27.156157347154437
