0.0	0.007	0.005	0.0	0.0	0.0	0.0	100.0
0.006469787321453027	0.007	0.005	0.019390041769791894	7.958203175951147e-5	1.5163752900210456e-5	8.546095467965372e-5	99.89805876993357
0.010862929281806176	0.007	0.005	0.03203235886529536	0.00012407537003490337	4.226729564053834e-5	0.00022918257066692867	99.82889745692533
0.01739335881443689	0.007	0.005	0.05007445646971609	0.00017859269675508992	0.00010656535052024043	0.0005467815048408192	99.72617726746928
0.023678602520475742	0.007	0.005	0.06662616988976686	0.00022033739056574053	0.00019436787358150434	0.0009479869725137989	99.627413539384
0.031125713558886374	0.007	0.005	0.08525507042431575	0.00025906848156054355	0.0003296078269529552	0.0015183599089067506	99.51051930248016
0.038923276036971745	0.007	0.005	0.10367688457388755	0.00028993477768604197	0.0005054941300493079	0.0022006761839656447	99.38827115777701
0.04755204440264596	0.007	0.005	0.12284315764229427	0.0003153657067920387	0.0007385187777244286	0.003031543285823705	99.253166624992
0.05676209004473099	0.007	0.005	0.14197273696489043	0.00033502440373256605	0.001028829672937795	0.003982426238435198	99.10916339505683
0.06674299211708143	0.007	0.005	0.16125672504400604	0.00035003380306095197	0.0013884808705153244	0.005065540926929447	98.95334335832217
0.07745015364866048	0.007	0.005	0.18038830317557236	0.0003610103463455694	0.0018224100576707284	0.006268876141503755	98.78645744879498
0.08899481134686674	0.007	0.005	0.19934837522817286	0.0003687738648107992	0.0023414673777244683	0.007597467796479556	98.60683332855614
0.10141576933392325	0.007	0.005	0.21797125877218984	0.0003739855982424491	0.0029539593417557087	0.009048790950570583	98.41393951534445
0.11480602677417943	0.007	0.005	0.2361642096811369	0.00037725144483448635	0.0036709535002542176	0.010627167292787655	98.20641540181676
0.12922399553750247	0.007	0.005	0.2537726002737172	0.0003790661046143319	0.0045019186942779465	0.01233350793432185	97.98345291731678
0.14471757749903547	0.007	0.005	0.2706339809652031	0.00037983340109728033	0.005455339596025862	0.014168057700390249	97.74442114967725
0.16127684943293213	0.007	0.005	0.2865475084597753	0.0003798693480827443	0.006535167312750592	0.016124801263195192	97.48959276525254
0.17885185869247683	0.007	0.005	0.3013261102179956	0.00037941384316492367	0.007740968843192114	0.018193630437872515	97.2198600357983
0.19737554349556702	0.007	0.005	0.3148325767449547	0.00037863877066638026	0.009069063069542041	0.020363093355067887	96.93637525883453
0.21679566326308136	0.007	0.005	0.3270002423613997	0.00037765856708149267	0.010514948676194557	0.02262407593992816	96.6400590716631
0.23707835472411817	0.007	0.005	0.3378189589568878	0.0003765443044328627	0.012074081195505015	0.02497004673937893	96.33154856761506
0.2582069055261707	0.007	0.005	0.34731886816174923	0.00037533754409240183	0.013742251138221744	0.0273967337952519	96.01121939189004
0.2801773639677246	0.007	0.005	0.3555560899864702	0.000374061342678816	0.015515601242710968	0.02990146763232635	95.67925573131576
0.30299658437911337	0.007	0.005	0.36260316990777947	0.0003727277294758074	0.01739072252780339	0.03248284543784334	95.33568275750083
0.32668058263580957	0.007	0.005	0.3685420581245096	0.00037134241557401854	0.01936469873201828	0.03514046012602427	94.98039411981519
0.35125387482542	0.007	0.005	0.37345919159828905	0.00036990754561271825	0.021435173971847386	0.03787476036438029	94.61316449756404
0.37674896948177655	0.007	0.005	0.37744188845907406	0.00036842324505963664	0.023600390929289044	0.04068693836814682	94.23365988703111
0.40320625569264185	0.007	0.005	0.3805757987206912	0.0003668884415181509	0.025859229189538296	0.043578866686995045	93.84144208825546
0.4306740322901814	0.007	0.005	0.382943102394681	0.0003653012864655698	0.028211229518817247	0.04655305108409799	93.43597131389436
0.4592087823509489	0.007	0.005	0.38462128830212744	0.0003636593551025562	0.03065661790795901	0.04961260786991184	93.01660546923817
0.48887562031122467	0.007	0.005	0.3856823565285127	0.0003619597311867898	0.033196326735566314	0.0527612550131648	92.582597303773
0.5197489813677315	0.007	0.005	0.3861923378228839	0.0003601990276560566	0.035832021214513926	0.0560033220399207	92.1330885459487
0.551913502331766	0.007	0.005	0.38621104054561245	0.0003583733742184021	0.03856612784305193	0.05934377064656552	91.66710193281841
0.5854652069787739	0.007	0.005	0.38579196252887166	0.0003564783797042369	0.041401874547722574	0.06278823497464033	91.18352968523351
0.6205144545666059	0.007	0.005	0.38498227455801665	0.0003545089947728351	0.04434346339408196	0.06634322476340565	90.68109784018964
0.6571843735320412	0.007	0.005	0.3838229837255214	0.00035245963203019235	0.04739584614081319	0.07001584916682924	90.158396815254
0.6956159970417789	0.007	0.005	0.38234904152860627	0.00035032391417345985	0.05056504517807635	0.07381420136717558	89.61381730596067
0.7359695212253714	0.007	0.005	0.3805895491939736	0.0003480946489963411	0.05385812352312371	0.07774731574675486	89.04554419379588
0.7784286275650365	0.007	0.005	0.3785678971845016	0.00034576364407480127	0.05728337956655804	0.08182539226734054	88.45150964700272
0.8232042889099174	0.007	0.005	0.3763019354774345	0.0003433215647764514	0.06085045999745098	0.08605991725260768	87.82935734854642
0.8705404170654872	0.007	0.005	0.3738040779443214	0.0003407577093518697	0.06457057318095427	0.09046389695439105	87.17638567196569
0.9207204330024918	0.007	0.005	0.37108137575065875	0.00033805975821766686	0.06845671193762091	0.09505209248439137	86.48948438081075
0.974075918281268	0.007	0.005	0.3681355043210717	0.00033521344264344333	0.07252395682380573	0.09984133725227322	85.76505091420312
1.0309974350904336	0.007	0.005	0.3649626638207734	0.0003322021401588812	0.0767898365077221	0.10485090446075482	84.99888815125209
1.0919484511201714	0.007	0.005	0.3615533547657917	0.000329006362763178	0.08127477708394402	0.11010295602459341	84.18607504924367
1.1574829022239344	0.007	0.005	0.35789201920658387	0.00032560313228637765	0.0860026254462523	0.11562304685639421	83.32080875005694
1.2282664193918773	0.007	0.005	0.3539565759885778	0.00032196527095955727	0.09100117930745322	0.12144059471589645	82.39622531106299
1.3050968705707324	0.007	0.005	0.34971812795727625	0.0003180608639807272	0.09630234377595977	0.12758886160692437	81.40426431486141
1.388901737470539	0.007	0.005	0.34514209135739266	0.0003138540419203296	0.1019403757068209	0.13410266526057976	80.33586882449036
1.4805700372186366	0.007	0.005	0.34019828619525994	0.00030931400078551395	0.10793928553210999	0.14100361806933756	79.18327640668035
1.5800098830386433	0.007	0.005	0.33491117501752615	0.00030446088426605247	0.11425366934898663	0.1482325392704709	77.9516595406834
1.6837544221750564	0.007	0.005	0.32948045736209425	0.00029947636722461727	0.12063366237284631	0.1554980194125011	76.68714053058142
1.7868509431585298	0.007	0.005	0.3241698007359948	0.0002946016878442011	0.12677026518367807	0.16244748109356874	75.45084178443925
1.8876782228223026	0.007	0.005	0.3190583373698801	0.0002899093721221015	0.13258176702713478	0.16899144129615576	74.26103487421977
1.9866348155370062	0.007	0.005	0.3141198537762065	0.00028537543487561077	0.13810844026658728	0.1751788824758982	73.11154818254813
2.084612393889767	0.007	0.005	0.3093054321716838	0.00028095503308832195	0.14341299482895614	0.18108282615164026	71.99096441799693
2.182401294222505	0.007	0.005	0.3045738060568271	0.0002766103492651939	0.14854626587567177	0.18676169736482962	70.88966441443611
2.2804735901133903	0.007	0.005	0.2999011379976798	0.0002723196006683525	0.15353770805274772	0.19224923380083878	69.80209327794252
2.3789856913703864	0.007	0.005	0.29527967038001224	0.0002680757963121684	0.15839835207272376	0.19755838343619764	68.7264421842738
2.4778883296484833	0.007	0.005	0.2907115146294845	0.0002638810171005106	0.16312854293337292	0.20269029840901434	67.66320098110229
2.577049309974673	0.007	0.005	0.2862023717384164	0.00025974063559763166	0.1677250989649623	0.20764241057537522	66.61369579303751
2.676341948857598	0.007	0.005	0.28175731934750237	0.0002556594387002358	0.1721857873170596	0.21241334411430707	65.57910805698354
2.775686139232821	0.007	0.005	0.2773790487887212	0.0002516400049175888	0.17651099209641014	0.21700465302751615	64.56006399252279
2.875051377317926	0.007	0.005	0.27306790644244106	0.0002476827424013181	0.18070348086800808	0.2214204767675519	63.55664412785242
2.974439952095219	0.007	0.005	0.26882278054238884	0.00024378670556484666	0.184767379834693	0.22566637564227082	62.568589654400185
3.073866312788589	0.007	0.005	0.26464207305942666	0.00023995049028111083	0.18870715641519606	0.22974821979111043	61.595528608758165
3.1733423565121495	0.007	0.005	0.26052434300689936	0.00023617282664514428	0.19252699427945175	0.2336715298224482	60.637125590353634
3.272871128521686	0.007	0.005	0.2564685513785255	0.00023245280499761592	0.19623058633592028	0.23744127437817714	59.69313876507204
3.3724472990565735	0.007	0.005	0.25247401297239636	0.00022878983218687125	0.19982120934368544	0.24106196304132943	58.7634086494937
3.47206093084889	0.007	0.005	0.24854022234936995	0.00022518347208567158	0.20330190363197392	0.2445378409277802	57.8478176013063
3.571701515331971	0.007	0.005	0.24466668442412073	0.00022163329046100128	0.20667563330662853	0.2478730545857877	56.94625038866458
3.6713605498940964	0.007	0.005	0.24085281564900243	0.0002181387648322563	0.2099453720724413	0.25107173624992096	56.05857119038596
3.7710323006211155	0.007	0.005	0.23709792223232445	0.00021469926517325596	0.21311411661647583	0.2541380129783666	55.18461852609433
3.870713349062674	0.007	0.005	0.2334012254666823	0.00021131407788519736	0.21618485971691834	0.2570759763371834	54.32421115132297
3.9704015568096787	0.007	0.005	0.229761906190351	0.00020798244728683168	0.21916055011820074	0.25988964114514357	53.47715840588259
4.070095154793683	0.007	0.005	0.22617914097119804	0.00020470360942447837	0.22204406264642348	0.26258291630664754	52.64326863566128
4.169792274646852	0.007	0.005	0.22265211956148911	0.00020147680861388618	0.2248381858621293	0.26515959381777204	51.82235325522804
4.269490882766163	0.007	0.005	0.21918004684867917	0.00019830129969694712	0.2275456229877222	0.26762335078544763	51.014227201875805
4.369188879471988	0.007	0.005	0.2157621389888429	0.00019517634492276478	0.23016899734545881	0.26997775556736964	50.21870803567423
4.468884350034485	0.007	0.005	0.21239761478987473	0.00019210120644095084	0.2327108610129742	0.2722262764901639	49.43561393390584
4.568575663792159	0.007	0.005	0.2090856928944643	0.00018907514409168753	0.23517369853827283	0.27437228576075073	48.66476303540205
4.6682615401963945	0.007	0.005	0.20582559031720654	0.00018609741440960725	0.23755992944688148	0.2764190621670525	47.90597310005501
4.767940995972487	0.007	0.005	0.20261652494371368	0.00018316727323237965	0.2398719077961879	0.2783697912072982	47.15906209048639
4.867613272463959	0.007	0.005	0.19945771845257573	0.00018028397866634268	0.24211192158369496	0.2802275652444825	46.423848852134775
4.9672777563839325	0.007	0.005	0.1963483991930321	0.00017744679398226982	0.24428219235609067	0.28199538399376134	45.700153783034665
5.06693394678324	0.007	0.005	0.19328780339991725	0.0001746549889600289	0.24638487610840426	0.2836761561982038	44.98779911659528
5.166581415427297	0.007	0.005	0.19027517649707953	0.00017190784129028896	0.24842206416386473	0.28527270134816973	44.2866092249719
5.2662198331687105	0.007	0.005	0.18730977233007629	0.00016920463605688167	0.2503957854631115	0.2867877525346711	43.59641044047522
5.36584893032899	0.007	0.005	0.1843908543838969	0.00016654466701832647	0.25230800747252624	0.28822395820280633	42.917031338996956
5.465468536259874	0.007	0.005	0.18151769461864573	0.00016392723568868273	0.2541606386507968	0.28958388509387517	42.24830246901455
5.565078539728768	0.007	0.005	0.17868957463737814	0.00016135165253800804	0.25595552933436466	0.2908700199644447	41.5900566234055
5.664678902087452	0.007	0.005	0.17590578527793788	0.00015881723673358573	0.25769447363017334	0.2920847720557469	40.942128744447224
5.764269644054063	0.007	0.005	0.1731656269557142	0.00015632331655467338	0.2593792107857249	0.2932304751582478	40.304356003593966
5.86385080612401	0.007	0.005	0.1704684106766762	0.0001538692304075572	0.2610114261374924	0.29430938939992896	39.676578037260995
5.96342248153113	0.007	0.005	0.1678134570285397	0.00015145432597773664	0.2625927532725402	0.2953237038466537	39.058636712018085
6.062984783262259	0.007	0.005	0.16520009697179325	0.0001490779610190156	0.26412477504662873	0.29627553830338593	38.4503763087013
6.162537850642721	0.007	0.005	0.162627671533735	0.00014673950312860663	0.26560902523641994	0.297166945520658	37.851643451200005
6.262081842735237	0.007	0.005	0.16009553185214356	0.0001444383298334361	0.2670469899399039	0.2979999132076221	37.26228711662107
6.361616951516231	0.007	0.005	0.1576030387124633	0.00014217382820501718	0.2684401092232348	0.29877636615546854	36.68215852756868
6.461143362320444	0.007	0.005	0.15514956340641753	0.00013994539567615044	0.2697897779860769	0.29949816788906153	36.11111135198694
6.560661273615003	0.007	0.005	0.15273448707166234	0.00013775243946132453	0.2710973476528787	0.3001671227701272	35.54900154946407
6.660170890406424	0.007	0.005	0.15035720070440828	0.0001355943765870755	0.2723641274395011	0.30078497781894514	34.99568737416991
6.759672430828881	0.007	0.005	0.14801710485158132	0.0001334706336239844	0.2735913857540135	0.3013534245699322	34.451029303206504
6.859166112964023	0.007	0.005	0.14571360977371473	0.00013138064684463464	0.2747803513087829	0.30187410075230536	33.914890074521075
6.9586521548424045	0.007	0.005	0.14344613528316902	0.00012932386208044296	0.27593221437292753	0.30234859201253467	33.38713464925185
7.058130774444923	0.007	0.005	0.1412141105851347	0.00012729973457738272	0.2770481279848674	0.30277843358122786	32.86763017472126
7.157602189704246	0.007	0.005	0.13901697412136643	0.0001253077288509757	0.278129209126259	0.30316511188621476	32.356245948065045
7.257066611919442	0.007	0.005	0.13685417355870746	0.0001233473186708948	0.2791765397902913	0.3035100660920523	31.852853413561235
7.356524252345536	0.007	0.005	0.13472516548716518	0.00012141798677739438	0.2801911681588642	0.30381468964261127	31.35732609235727
7.45597532219485	0.007	0.005	0.13262941527190258	0.00011951922473634904	0.28117410966731216	0.30408033172199017	30.86953954802098
7.555420032638355	0.007	0.005	0.13056639690776242	0.00011765053279471408	0.28212634803528813	0.304308298668258	30.389371352680893
7.65485857505157	0.007	0.005	0.12853559327658237	0.00011581142010292713	0.28304883608451237	0.3044998553070137	29.916701146916548
7.7542911407748205	0.007	0.005	0.12653649558137078	0.00011400140418287804	0.2839424969081241	0.30465622633731815	29.451410508062597
7.853717914529951	0.007	0.005	0.12456860333844375	0.00011222001090515289	0.2848082247482545	0.30477859760353654	28.993382948378773
7.953139074422876	0.007	0.005	0.12263142423250409	0.00011046677433993283	0.2856468859092552	0.30486811734366154	28.542503881319558
8.052554798529698	0.007	0.005	0.12072447384918387	0.00010874123649492727	0.2864593196944166	0.304925897399468	28.098660559283232
8.151965245147625	0.007	0.005	0.11884727591538609	0.00010704294751748562	0.28724633909907377	0.304953014371865	27.66174212955153
8.251370592297992	0.007	0.005	0.11699936141442197	0.0001053714648661761	0.2880087319530464	0.3049505107636067	27.231639428337573
8.350771017975077	0.007	0.005	0.11518026884852756	0.0001037263535321489	0.2887472615457104	0.30491939604280666	26.80824504188668
8.450166877872237	0.007	0.005	0.11338954093870832	0.00010210718299705856	0.289462668654217	0.3048606475634942	26.391452538364106
8.54955819852769	0.007	0.005	0.11162673366985816	0.00010051353549810157	0.29015566861336883	0.30477521184893647	25.98115857310949
8.648945006476046	0.007	0.005	0.10989141001155868	9.894500026011959e-5	0.29082695459063895	0.30466400560051426	25.577261427150784
8.748327361156008	0.007	0.005	0.10818313924633348	9.7401172860806e-5	0.29147719848627907	0.3045279165864933	25.179660850855257
8.847705361485867	0.007	0.005	0.10650149679411063	9.588165505015047e-5	0.2921070516079451	0.30436780449970274	24.788258023073052
8.947079152437913	0.007	0.005	0.10484606404669163	9.438605457898056e-5	0.29271714531993803	0.30418450178146716	24.402955512609786
9.046448878966245	0.007	0.005	0.10321642906833695	9.291398582194617e-5	0.2933080913602003	0.30397881452825093	24.02365744128809
9.145814672846448	0.007	0.005	0.10161218669823951	9.146506985305688e-5	0.2938804823789494	0.30375152335661904	23.65026950779831
9.245176646097951	0.007	0.005	0.10003293853133037	9.003893441016522e-5	0.2944348925082261	0.30350338424070694	23.282698983231064
9.344534904147407	0.007	0.005	0.09847829258547341	8.863521357202056e-5	0.29497187802349034	0.30323512927507434	22.920854633616642
9.443889526090736	0.007	0.005	0.09694786349341007	8.725354791722412e-5	0.2954919778029119	0.30294746749380236	22.56464676460027
9.543240597594774	0.007	0.005	0.09544127187660761	8.589358393254302e-5	0.29599571405058794	0.3026410855196876	22.213987075705038
9.642588204317258	0.007	0.005	0.09395814435316122	8.455497400334746e-5	0.29648359277916686	0.3023166482847977	21.868788662171156
9.741932418748874	0.007	0.005	0.09249811363374362	8.323737648557339e-5	0.2969561042519478	0.30197479975929775	21.52896603728823
9.841273306794077	0.007	0.005	0.0910608183178669	8.194045550288016e-5	0.29741372351036743	0.30161616359884486	21.194435084975115
9.940610947508068	0.007	0.005	0.08964590251525195	8.066388058312605e-5	0.29785691093747113	0.30124134371283723	20.86511297165358
10.039945413359911	0.007	0.005	0.08825301604422256	7.940732682571784e-5	0.2982861126219912	0.300850924951733	20.540918192424584
10.139276757077035	0.007	0.005	0.0868818145151439	7.81704749641745e-5	0.29870176075201565	0.3004454737661646	20.221770590488582
10.238605044538025	0.007	0.005	0.08553195877794312	7.695301084378202e-5	0.2991042741883066	0.30002553865989756	19.90759122855581
10.33793034161544	0.007	0.005	0.08420311502465172	7.575462550222014e-5	0.2994940588203456	0.2995916507999392	19.598302412713014
10.437252707598269	0.007	0.005	0.08289495479041628	7.457501515745381e-5	0.2998715079444792	0.29914432459037354	19.29382769265872
10.536572188615336	0.007	0.005	0.08160715494785162	7.341388119013752e-5	0.30023700263419617	0.2986840582340588	18.994091860388874
10.63588883079147	0.007	0.005	0.0803393974452446	7.227092989028538e-5	0.3005909121716105	0.2982113341869598	18.699020889263828
10.735202686824685	0.007	0.005	0.0790913691442485	7.114587229575143e-5	0.30093359443537554	0.2977266196186197	18.4085418962315
10.834513796254722	0.007	0.005	0.07786276198943187	7.003842433744948e-5	0.30126539618649684	0.29723036698554156	18.122583181290025
10.93382220519482	0.007	0.005	0.07665327267934319	6.894830652496309e-5	0.3015866534814409	0.2967230143992092	17.841074150927888
11.033127940024732	0.007	0.005	0.075462602909322	6.787524416055759e-5	0.301897691920067	0.2962049862087616	17.563945374638323
11.13243105342773	0.007	0.005	0.07429045873880938	6.681896674447425e-5	0.30219882711488294	0.29567669319752654	17.291128437660642
11.231731591506703	0.007	0.005	0.07313655092088726	6.577920826971687e-5	0.30249036489516373	0.29513853316929867	17.02255601768057
11.331029567480586	0.007	0.005	0.07200059512184116	6.475570741659187e-5	0.3027726015391454	0.29459089150485945	16.75816193593355
11.430325020870937	0.007	0.005	0.07088231115905336	6.374820683868617e-5	0.30304582424206117	0.29403414123640365	16.497880979824195
11.52961799777207	0.007	0.005	0.06978142317116177	6.275645331156433e-5	0.3033103113361698	0.2934686435299137	16.241648942530738
11.628908524548098	0.007	0.005	0.06869765983921083	6.178019792991483e-5	0.3035663324963266	0.2928947482050677	15.989402674478
11.728196620985768	0.007	0.005	0.06763075416143403	6.0819195891537564e-5	0.30381414904698456	0.2923127940236432	15.741080030917967
11.827482333171469	0.007	0.005	0.06658044303593989	5.987320610260559e-5	0.30405401430083484	0.2917231088417969	15.496619774799829
11.926765667737573	0.007	0.005	0.06554646789602317	5.894199176078211e-5	0.30428617364726535	0.29112601033345614	15.255961724638835
12.026046670765764	0.007	0.005	0.06452857381065977	5.802531951305482e-5	0.30451086498526797	0.2905218058467798	15.019046545156186
12.125325362035236	0.007	0.005	0.06352651011097567	5.712296003166471e-5	0.3047283188018271	0.2899107931118753	14.785815893089909
12.22460176789847	0.007	0.005	0.06254002998251731	5.623468762926021e-5	0.304938758477448	0.2892932603491876	14.556212322295659
12.323875908131622	0.007	0.005	0.06156889053640569	5.536028031955227e-5	0.3051424004776089	0.2886694866456448	14.330179300307837
12.423147815658242	0.007	0.005	0.060612852555218276	5.449951957520771e-5	0.30533945460693646	0.2880397421170062	14.107661149193536
12.522417510251215	0.007	0.005	0.0596716806905453	5.365219050704014e-5	0.3055301241621333	0.2874042883502038	13.888603091533813
12.621685024830278	0.007	0.005	0.05874514315090029	5.2818081568163026e-5	0.30571460618470514	0.2867633785050586	13.672951177784812
12.720950372591183	0.007	0.005	0.0578330119531454	5.1996984784429426e-5	0.305893091593079	0.2861172577856146	13.460652344797017
12.820213579876425	0.007	0.005	0.056935062556399386	5.118869540833083e-5	0.30606576543290986	0.2854661634807055	13.251654330607286
12.919474673026803	0.007	0.005	0.056051073931620135	5.039301197994851e-5	0.30623280703384764	0.284810325291844	13.045905690634166
13.01873366523439	0.007	0.005	0.05518082862080079	4.960973637894487e-5	0.30639439016527725	0.2841499656574485	12.843355811455828
13.117990576263812	0.007	0.005	0.05432411250490127	4.883867360391124e-5	0.3065506832416176	0.2834852998522554	12.643954856796034
13.217245452171477	0.007	0.005	0.053480714588801125	4.807963156703392e-5	0.30670184951597973	0.28281653607440466	12.447653717471875
13.316498292999112	0.007	0.005	0.052650427566192745	4.733242162151996e-5	0.30684804712972635	0.2821438761466658	12.254404142872804
13.415749131653385	0.007	0.005	0.05183304709321719	4.659685787699746e-5	0.30698942939013685	0.2814675151945874	12.064158571899203
13.514997994466126	0.007	0.005	0.05102837207615706	4.587275746694393e-5	0.30712614486005346	0.28078764211295154	11.876870199922909
13.614244901194864	0.007	0.005	0.05023620461704482	4.515994049544396e-5	0.3072583375058402	0.28010443976248817	11.692492966127611
13.713489878168573	0.007	0.005	0.04945634985777172	4.445822988828294e-5	0.3073861468573105	0.27941808506920446	11.510981517225115
13.812732945142221	0.007	0.005	0.04868861603650924	4.376745144419769e-5	0.30750970812762657	0.2787287492983163	11.332291220587457
13.911974121869633	0.007	0.005	0.047932814386310946	4.308743373758583e-5	0.30762915235562693	0.2780365981870245	11.156378140646453
14.011213421531282	0.007	0.005	0.04718875913706505	4.2418008118890345e-5	0.30774460652731184	0.2773417921627611	10.983199039348145
14.110450863879006	0.007	0.005	0.046456267369232716	4.175900857492909e-5	0.3078561937166438	0.27664448641826733	10.812711342110362
14.209686475235532	0.007	0.005	0.045735158972232286	4.111027168803166e-5	0.3079640332053914	0.2759448310723361	10.644873128136638
14.308920295065896	0.007	0.005	0.045025256556713536	4.047163655150305e-5	0.3080682406061268	0.2752429712791235	10.479643109998014
14.408152343117719	0.007	0.005	0.04432638564724775	3.984294495152142e-5	0.3081689279409998	0.27453904761202075	10.316980678481698
14.507382645709217	0.007	0.005	0.04363837444709267	3.92240411432967e-5	0.3082662037808568	0.2738331960255231	10.156845847840032
14.606611216014162	0.007	0.005	0.042961053932550904	3.861477194019405e-5	0.30836017333264243	0.2731255481378044	9.999199277752474
14.705838073777054	0.007	0.005	0.042294257672501105	3.801498654164668e-5	0.30845093856279987	0.27241623122874775	9.844002231321403
14.80506324531269	0.007	0.005	0.04163782179057008	3.7424536496489615e-5	0.30853859829651326	0.2717053683730391	9.691216566267634
14.904286756934532	0.007	0.005	0.040991584970256546	3.684327570745206e-5	0.30862324830843685	0.2709930786164406	9.540804736123032
15.003508634954729	0.007	0.005	0.040355388414776976	3.627106039267552e-5	0.3087049814169674	0.27027947710135164	9.392729780884563
15.102728885971167	0.007	0.005	0.03972907593100855	3.5707749166247405e-5	0.3087838875601968	0.26956467533058603	9.246955346552094
15.201947556006722	0.007	0.005	0.0391124935163636	3.515320264264054e-5	0.30886005393171817	0.2688487808592891	9.103445588973234
15.301164651657366	0.007	0.005	0.038505489818313775	3.460728387707e-5	0.3089335650036684	0.26813189797713544	8.96216528079778
15.400380205801495	0.007	0.005	0.0379079156851611	3.4069857935155714e-5	0.30900450266120616	0.26741412734524767	8.823079706919517
15.49959423817481	0.007	0.005	0.03731962437337531	3.35407920921478e-5	0.309072946252955	0.2666955663878931	8.68615471273404
15.598806768512107	0.007	0.005	0.03674047142887572	3.301995571948148e-5	0.3091389726792926	0.2659763093015574	8.551356676507076
15.698017823117683	0.007	0.005	0.03617031461372872	3.2507220214632187e-5	0.30920265647210077	0.26525644710785035	8.41865249231331
15.797227434864963	0.007	0.005	0.03560901387378265	3.2002458970312246e-5	0.3092640698672969	0.2645360677508197	8.288009562503378
15.896435636625954	0.007	0.005	0.03505643134303124	3.1505547379285335e-5	0.30932328287131794	0.26381525623906965	8.159395798719487
15.99564244156092	0.007	0.005	0.03451243141650132	3.1016362905975374e-5	0.30938036331888535	0.2630940948806829	8.032779638860015
16.0	0.007	0.005	0.0344887312750539	3.0995914045236124e-5	0.30938282267987144	0.2630624109745046	8.027263423228625
