0.0	0.007	0.005	0.0	0.0	0.0	0.0	100.0
0.005888656994695521	0.007	0.005	0.01989164965386432	7.270915716155588e-5	1.5067256217080792e-5	3.0276011964153043e-5	99.95466027524445
0.010997318539141387	0.007	0.005	0.03616107277341808	0.00012709500133957594	5.1598466884123976e-5	0.0001010040955217061	99.91534278001934
0.01796438905196508	0.007	0.005	0.056961316221794664	0.00019017575648224179	0.00013433101826137043	0.0002540782651446502	99.86174744660039
0.02520952790018263	0.007	0.005	0.07700558745694193	0.00024434596699999937	0.00025791713841196123	0.0004714762979296974	99.80604351962091
0.03359473708259575	0.007	0.005	0.09834016926806992	0.0002951476497366322	0.00044497535535321003	0.0007834756526976737	99.74161300263184
0.04255532766295757	0.007	0.005	0.11911255617109753	0.00033810629426727815	0.0006926060324488929	0.0011741851568584463	99.6728073251039
0.05233692589698768	0.007	0.005	0.13961706450431538	0.00037450929888066216	0.001013924689162365	0.0016534778837435735	99.59775156331098
0.0627354121919715	0.007	0.005	0.15917302991008458	0.000403946845924467	0.001407982453873758	0.00220926141420843	99.51802429776752
0.07380373428026513	0.007	0.005	0.177716193924961	0.0004273449286598228	0.0018804093655170177	0.002840101462555153	99.43323138679004
0.08546229696739553	0.007	0.005	0.19499428824233725	0.0004454049071121906	0.002430340025252513	0.00353671551374422	99.34399484999147
0.0977129958360519	0.007	0.005	0.21094841119958943	0.0004590531216065509	0.003059025093157085	0.004294206175931895	99.250312295229
0.1105228734065879	0.007	0.005	0.22551192819993637	0.0004691151630189759	0.003765019293546461	0.005105841608039398	99.15244811731962
0.12388706061904325	0.007	0.005	0.2386904691595778	0.000476357369825358	0.004547465049931285	0.005967096801865495	99.05045200571334
0.13779449252177509	0.007	0.005	0.2505086776245707	0.0004814256180482255	0.005404538702809712	0.006873647979124426	98.94442122875418
0.1522461254893531	0.007	0.005	0.26102183250903616	0.00048485413140734887	0.0063346681950475145	0.007822548522564532	98.83436169301932
0.16724479658503746	0.007	0.005	0.2702989758027899	0.00048706705692635517	0.007336100372928926	0.008811533749378576	98.72026553045109
0.18280035513188767	0.007	0.005	0.2784213311853239	0.0004883934483329689	0.008407354425472165	0.009839282001021507	98.60207221696471
0.19892659713227934	0.007	0.005	0.2854755316705308	0.000489082106147835	0.009547128052806764	0.010905127760727313	98.479692158373
0.21564269170437067	0.007	0.005	0.2915509102087006	0.00048931724651021	0.010754472617137127	0.012009070412311525	98.35299610646516
0.23297232924009445	0.007	0.005	0.2967363600275436	0.000489232453212139	0.012028792465430056	0.013151639933900486	98.22182191524388
0.25094408754148234	0.007	0.005	0.30111850366615106	0.000488922675846966	0.013369911347957737	0.014333853215017945	98.08597207227633
0.2695914095673112	0.007	0.005	0.30478024161061124	0.0004884540215354938	0.01477809754439084	0.015557155421257157	97.94521421001957
0.288953047892919	0.007	0.005	0.3077998455791711	0.0004878714859061286	0.016254112644461294	0.016823401836727814	97.79927813147464
0.3090731839834905	0.007	0.005	0.31025030298776296	0.00048720489603090223	0.017799227107413294	0.018134826532528885	97.64785534617218
0.3300020660452926	0.007	0.005	0.3121989990922336	0.00048647335011861836	0.0194152679375997	0.01949405134300683	97.49059476146478
0.3517965536828008	0.007	0.005	0.31370754868579875	0.00048568846831507846	0.021104653527221462	0.02090409309933639	97.32709916568629
0.37452094303132116	0.007	0.005	0.31483178508687204	0.0004848567120477247	0.022870444880167536	0.02236839170504057	97.15691971037346
0.3982479308056782	0.007	0.005	0.3156218442454913	0.00048398100260492016	0.024716402785166913	0.02389084805208195	96.97954948798089
0.42305982696795996	0.007	0.005	0.31612232211278085	0.00048306181841764357	0.026647059400153272	0.02547587721445271	96.79441541889088
0.4490500299869645	0.007	0.005	0.31637247983310035	0.00048209791400122054	0.02866780496207067	0.027128476126663352	96.60086839211776
0.4763248579178939	0.007	0.005	0.3164064798293793	0.00048108676642632457	0.03078499607374877	0.028854309938748962	96.3981710260261
0.505005804763279	0.007	0.005	0.31625363771214293	0.00048002482797803494	0.03300608967816804	0.030659819446580184	96.18548261437897
0.5352327988186083	0.007	0.005	0.3159386726130199	0.0004789076227380818	0.03533984533777121	0.032552383305871686	95.96183709925847
0.5671666518723669	0.007	0.005	0.31548196589243127	0.00047772979611907456	0.037796453210302325	0.03454041853998761	95.72612762021832
0.6009941947558715	0.007	0.005	0.31489979246638705	0.0004764850174668968	0.04038785448613214	0.03663363506365306	95.47707193422994
0.6369334601061906	0.007	0.005	0.31420453279483324	0.000475165853966866	0.043128044657457176	0.03884327278516331	95.21317854833185
0.6752409602023542	0.007	0.005	0.3134048402283358	0.0004737635546156948	0.046033510128940226	0.04118244202164087	94.93269880055809
0.7162207129864765	0.007	0.005	0.31250576185989576	0.00047226776770746727	0.049123760687506714	0.04366653502449136	94.6335680027508
0.7602362878021205	0.007	0.005	0.31150878594036396	0.00047066615383020537	0.05242203950828586	0.04631377198784779	94.31332708638843
0.8077265977408643	0.007	0.005	0.3104117982160153	0.00046894387625186424	0.05595624317190074	0.049145904010675506	93.96902058541538
0.8592271971839244	0.007	0.005	0.3092089091075992	0.00046708291442777093	0.05976015075630113	0.05218914727379317	93.59705983438201
0.9154005833177434	0.007	0.005	0.3078900747432992	0.00046506108748144295	0.06387517035983352	0.05547550702714078	93.19302868152982
0.9770769896729363	0.007	0.005	0.30644048708412974	0.00046285075432396164	0.06835263242019902	0.05904450192769793	92.75142511536943
1.0453110207657847	0.007	0.005	0.3048396264970401	0.00046041702851053445	0.07325690021002819	0.06294548509370877	92.26530663357774
1.1214707588269748	0.007	0.005	0.30305961838077344	0.0004577149658220095	0.0786702899693793	0.06724131803465419	91.72573145322862
1.207363059828637	0.007	0.005	0.3010628670392685	0.00045468568495295186	0.08469969982748665	0.07201325702840643	91.1209883479275
1.305418710494794	0.007	0.005	0.29879851704918775	0.00045125073357678096	0.09148603431863403	0.07736781632036381	90.43547899584615
1.4188913654620394	0.007	0.005	0.2961989655590001	0.00044730654494331954	0.09921233686710683	0.0834422320187071	89.64862360109484
1.5507817329120794	0.007	0.005	0.2932057095141737	0.00044276340591690294	0.1080244110497925	0.090341011172111	88.74265310165995
1.693582802159129	0.007	0.005	0.2899988740567646	0.00043789392833181703	0.11736550179117866	0.09761860748041731	87.77205579645977
1.834406099581451	0.007	0.005	0.28687078939400745	0.000433141965726846	0.12637790089487147	0.10460425914278905	86.82529774463104
1.9707137471577203	0.007	0.005	0.28387514656444396	0.0004285895980188843	0.13491681346477033	0.11118908562601476	85.91862593522517
2.102851150901989	0.007	0.005	0.28100101703205843	0.00042422074748240676	0.14302483793568285	0.11740996568872804	85.048731965806
2.232325112338158	0.007	0.005	0.2782130475620991	0.00041998189235216486	0.15081071011100847	0.1233535276365716	84.20491554467755
2.360790040709033	0.007	0.005	0.27547414482160376	0.0004158166407755895	0.1583837057112764	0.1291051843394472	83.37594983993915
2.489400238736848	0.007	0.005	0.27275915400735534	0.00041168674172444887	0.16581638529232892	0.13472103215603715	82.55422140379412
2.618663360663324	0.007	0.005	0.2700573416162325	0.00040757592892697617	0.17313964351621006	0.14022482472670086	81.73648159516777
2.7485847967597676	0.007	0.005	0.2673687364812288	0.0004034843459466364	0.1803544682925152	0.14561754502327898	80.92273914018892
2.878934444925207	0.007	0.005	0.2646981689716118	0.00039941945848290196	0.18744915398451278	0.1508907695492051	80.11445601484793
3.0094597670394467	0.007	0.005	0.26205073064404977	0.00039538913159573247	0.19441182061403517	0.15603616662390607	79.31317324711809
3.1399959508194453	0.007	0.005	0.25942955425821257	0.0003913982408371958	0.20123618905778148	0.16104974063718033	78.51983900877997
3.2704838299986316	0.007	0.005	0.25683555176984163	0.00038744826835841425	0.2079219855998248	0.16593201179703787	77.73472931548497
3.400936739715703	0.007	0.005	0.2542681711409947	0.00038353845544297104	0.21447272650380236	0.17068628303651887	76.95767708553478
3.53139615879817	0.007	0.005	0.25172632838221537	0.00037966722498283947	0.2208931866797595	0.17531673432943407	76.18835423496108
3.6618993056773324	0.007	0.005	0.24920905642993518	0.0003758331729435389	0.22718771963775278	0.17982719170481418	75.42646806898624
3.7924651643141263	0.007	0.005	0.24671576574553056	0.0003720354671122655	0.23335963297459422	0.18422069149049028	74.67184015582755
3.923094872737841	0.007	0.005	0.2442462189570969	0.0003682738088634521	0.23941129929187163	0.18849958128802302	73.9243986516902
4.053779049727037	0.007	0.005	0.241800377254518	0.0003645481987552265	0.24534457153963024	0.19266583189334402	73.18413181017097
4.1845056268338645	0.007	0.005	0.23937824615867231	0.00036085870100239457	0.2511611762048679	0.19672132248127325	72.45104130223811
4.3152648809930865	0.007	0.005	0.23697978134744005	0.00035720529965020274	0.2568629414789548	0.20066800061838458	71.72511371320648
4.4460511022685925	0.007	0.005	0.23460486087048446	0.0003535878562073369	0.2624518563603969	0.20450791962316112	71.0063121331691
4.576861852680565	0.007	0.005	0.23225330219725285	0.0003500061358350905	0.26793002208450395	0.20824320078169156	70.29458131680252
4.70769640018082	0.007	0.005	0.22992489296334623	0.0003464598545051785	0.2732995747834363	0.21187597750272044	69.58985698916894
4.838554255025381	0.007	0.005	0.2276194181652905	0.0003429487207437897	0.2785626206886792	0.21540835020285837	68.89207407657928
4.96943443305518	0.007	0.005	0.2253366731514993	0.0003394724556620898	0.2837212071059829	0.21884236697704915	68.20117063848218
5.100335264633561	0.007	0.005	0.22307646646324036	0.00033603079746380665	0.2887773177540334	0.22218002127165187	67.51708872732097
5.231254706470174	0.007	0.005	0.22083861393804738	0.0003326234925869509	0.29373288769769107	0.22542326253647932	66.83977260385171
5.362190627707893	0.007	0.005	0.2186229335831115	0.0003292502880181284	0.29858981576704946	0.22857400479331588	66.1691671855063
5.493141078861651	0.007	0.005	0.21642924103363242	0.00032591092449736484	0.30334997500841504	0.23163413354606838	65.50521667180193
5.624104370051714	0.007	0.005	0.21425734842957472	0.0003226051349464435	0.30801521522499214	0.2346055073241853	64.84786420437547
5.755079088518051	0.007	0.005	0.21210706435699692	0.0003193326445211845	0.31258736312427127	0.23748995763940983	64.19705184922677
5.886064012005821	0.007	0.005	0.20997819548364796	0.00031609317324994476	0.31706821891773557	0.2402892867368785	63.55272109175342
6.017058013421598	0.007	0.005	0.20787054824283224	0.0003128864387409228	0.3214595530360932	0.24300526555077984	62.914813346395206
6.148060026182349	0.007	0.005	0.20578392945862448	0.0003097121572656005	0.3257631052310676	0.2456396332498223	62.283270145863696
6.279069035579039	0.007	0.005	0.20371814652739806	0.0003065700441587155	0.329980584653326	0.24819409742176152	61.65803319608449
6.410084078810946	0.007	0.005	0.20167300745493386	0.00030345981399239265	0.3341136702382778	0.25067033445620374	61.039044387428454
6.541104245016117	0.007	0.005	0.19964832089226578	0.0003003811807433478	0.33816401109348826	0.25306998993123847	60.42624580556106
6.672128675298174	0.007	0.005	0.1976438961702869	0.0002973338579532508	0.34213322688736786	0.25539467900339063	59.819579741916144
6.803156606138984	0.007	0.005	0.1956595426793344	0.0002943175578830557	0.3460229095138533	0.2576459875339457	59.21898850591908
6.934187352065707	0.007	0.005	0.19369507019305215	0.00029133199210603776	0.3498346228550454	0.2598254720824272	58.62441452300831
7.065220262277335	0.007	0.005	0.19175028955899526	0.00028837687265646496	0.3535699018772815	0.26193465955261247	58.035800543656016
7.196254764047395	0.007	0.005	0.1898250120802915	0.00028545191117308483	0.3572302542786385	0.2639750483083991	57.453089456219246
7.327290319343883	0.007	0.005	0.187919050190677	0.0002825568200148262	0.36081715963697786	0.26594810787044876	56.87622449124891
7.458326442193312	0.007	0.005	0.18603221721972324	0.000279691311981665	0.36433207031624465	0.2678552796162012	56.30514915043299
7.5893626813304484	0.007	0.005	0.18416432766467805	0.00027685510080546045	0.3677764114101637	0.2696979769466855	55.73980728887175
7.720398611524849	0.007	0.005	0.1823151973245605	0.00027404790142615104	0.37115158096042644	0.2714775856184815	55.18014315566446
7.851433859618894	0.007	0.005	0.18048464294376107	0.0002712694295146627	0.3744589510647146	0.2731954645437348	54.62610128603946
7.982468078495805	0.007	0.005	0.17867248259343738	0.0002685194021192717	0.3776998676259697	0.27485294586740516	54.07762661678924
8.11350097311515	0.007	0.005	0.17687853532105635	0.0002657975371902556	0.38087565142604163	0.2764513357367919	53.53466438019914
8.244532274479361	0.007	0.005	0.1751026215229972	0.0002631035542056505	0.3839875978942785	0.2779919143969891	52.99716021682122
8.375561713601243	0.007	0.005	0.17334456329501705	0.0002604371747596758	0.3870369769480223	0.27947593635160056	52.465060281546855
8.506589064892905	0.007	0.005	0.1716041838439047	0.0002577981217140499	0.3900250344667744	0.28090463132591437	51.93831106553609
8.637614128809512	0.007	0.005	0.16988130772851928	0.0002551861196131059	0.3929529922951606	0.2822792044899237	51.41685946917142
8.7686367144941	0.007	0.005	0.16817576108638416	0.00025260089507384145	0.3958220482889146	0.28360083671996217	50.90065287063896
8.899656665808546	0.007	0.005	0.16648737129006588	0.00025004217630238975	0.39863337732203613	0.2848706853076664	50.389639021927564
9.03067384397781	0.007	0.005	0.16481596717432437	0.00024750969347950356	0.40138813131626155	0.28608988420606213	49.88376611757826
9.161688136265438	0.007	0.005	0.16316137892235308	0.00024500317862292053	0.4040874398404802	0.2872595445377828	49.38298276025384
9.292699429942521	0.007	0.005	0.16152343839012007	0.00024252236611625844	0.4067324099884659	0.28838075478697645	48.887238058904664
9.423707629640246	0.007	0.005	0.15990197887660706	0.00024006699238958185	0.40932412716333694	0.28945458138944363	48.39648155922857
9.554712639996625	0.007	0.005	0.1582968353301606	0.00023763679626368669	0.41186365514632256	0.2904820690116206	47.910663306125755
9.685714400359451	0.007	0.005	0.15670784391368645	0.0002352315183134927	0.41435203717801056	0.29146424124015924	47.42973371209923
9.816712850081068	0.007	0.005	0.15513484242446154	0.00023285090153423677	0.41679029567357995	0.2924021007081467	46.95364368431622
9.947707937193684	0.007	0.005	0.15357767017540738	0.0002304946911836446	0.4191794327940663	0.29329662957420816	46.48234458867441
10.078699635758571	0.007	0.005	0.15203616778114323	0.00022816263447705235	0.42152043114393545	0.294148790031822	46.015788185047384
10.209687902489454	0.007	0.005	0.1505101776601497	0.00022585448137402747	0.42381425337184214	0.2949595244125425	45.553926779271954
10.340672746150801	0.007	0.005	0.14899954321228043	0.00022356998334139666	0.42606184377256984	0.2957297560095538	45.09671297421045
10.471654132134754	0.007	0.005	0.14750410991700422	0.00022130889504671668	0.428264126993745	0.2964603888722327	44.64410000214873
10.602632051858489	0.007	0.005	0.14602372451211135	0.0002190709731203256	0.4304220096200464	0.2971523086122478	44.19604147622059
10.733606496739874	0.007	0.005	0.14455823528263478	0.0002168559766107647	0.4325363800838556	0.29780638261581405	43.752491477853496
10.864577475544731	0.007	0.005	0.14310749185403357	0.00021466366668228476	0.4346081093004747	0.2984234604929277	43.313404494173014
10.9955450057116	0.007	0.005	0.14167134528096523	0.00021249380676238383	0.43663805086398083	0.2990043743789254	42.87873544487068
11.126509087331288	0.007	0.005	0.14024964831756886	0.00021034616296532622	0.43862704099292005	0.2995499391743287	42.448439764009166
11.257469737840504	0.007	0.005	0.13884225502165434	0.0002082205034979487	0.4405758994114022	0.3000609530480719	42.02247328022429
11.388426983347324	0.007	0.005	0.13744902084073027	0.00020611659879996797	0.4424854295339477	0.30053819772655693	41.600792242763085
11.51938086730282	0.007	0.005	0.136069802510607	0.00020403422139729738	0.4443564189056028	0.3009824388470086	41.18335329079445
11.650331398465566	0.007	0.005	0.13470445858925803	0.000201973146724246	0.44618963878009876	0.30139442610847167	40.77011361498932
11.78127860293761	0.007	0.005	0.13335284888926635	0.00019993315226370358	0.44798584519327506	0.3017748937819365	40.36103078574308
11.912222515490871	0.007	0.005	0.13201483456036786	0.0001979140176788866	0.44974577913397745	0.30212456098338336	39.95606277815826
12.043163162223022	0.007	0.005	0.13069027825383028	0.00019591552506935817	0.4514701666110953	0.3024441319334737	39.55516802179654
12.174100577901221	0.007	0.005	0.12937904393072258	0.00019393745868278932	0.4531597191855774	0.3027342963077752	39.158305342648084
12.305034788618842	0.007	0.005	0.12808099702301234	0.00019197960516475777	0.4548151340348069	0.30299572949205067	38.76543401189056
12.43596584648039	0.007	0.005	0.12679600407633748	0.00019004175301663207	0.4564370946760101	0.30322909294145844	38.37651363776886
12.566893803586625	0.007	0.005	0.12552393300022116	0.00018812369298031723	0.45802627090241665	0.3034350344008598	37.991504241325984
12.697818677352195	0.007	0.005	0.12426465338585588	0.00018622521852585202	0.4595833186515325	0.3036141881417523	37.610366352585054
12.828740511201744	0.007	0.005	0.12301803590045338	0.0001843461249284889	0.461108881017394	0.30376717533666237	37.23306082724035
12.959659339886693	0.007	0.005	0.12178395261140092	0.00018248620976509786	0.4626035880921227	0.30389460427155823	36.859548944768505
13.090575206826106	0.007	0.005	0.12056227680757647	0.0001806452726423429	0.464068057427558	0.30399707062962816	36.4897923543465
13.221488164105944	0.007	0.005	0.11935288299001479	0.000178823115183074	0.46550289427962754	0.30407515774118676	36.123753072026936
13.352398246469432	0.007	0.005	0.11815564709925845	0.00017701954137397245	0.4669086915717178	0.3041294368204074	35.76139354954881
13.48330549732698	0.007	0.005	0.11697044625988165	0.00017523435717540652	0.4682860304288782	0.3041604672326132	35.402676597014114
13.614209951416914	0.007	0.005	0.11579715892607309	0.00017346737074361556	0.46963548023075785	0.3041687967295872	35.04756542695058
13.745111660813542	0.007	0.005	0.11463566463524334	0.00017171839205377685	0.47095759911510426	0.304154961689679	34.69602357973762
13.87601079028399	0.007	0.005	0.11348584316960633	0.00016998723161776799	0.47225293512367233	0.30411948730262406	34.34801466984758
14.006907391891716	0.007	0.005	0.112347576543025	0.00016827370351927268	0.4735220241529774	0.30406288782343094	34.003502987191446
14.137801396336734	0.007	0.005	0.11122074901271023	0.00016657762543145112	0.47476539020781694	0.3039856668939238	33.66245350065951
14.268692786333734	0.007	0.005	0.11010524554449526	0.00016489881627025407	0.4759835473303622	0.30388831771201497	33.32483139361614
14.399581561934935	0.007	0.005	0.10900095211478714	0.00016323709665424653	0.4771769994460602	0.3037713232368405	32.99060215528954
14.530467775201027	0.007	0.005	0.10790775541814442	0.00016159228845564932	0.47834624085958904	0.30363515634544824	32.65973149226599
14.661351478189662	0.007	0.005	0.10682554330521456	0.00015996421546795388	0.479491755959456	0.3034802800654374	32.33218546103771
14.792232740291045	0.007	0.005	0.10575420462959977	0.00015835270316979562	0.4806140195647355	0.30330714775264606	32.007930421654514
14.92311160488871	0.007	0.005	0.10469362959254565	0.00015675757925017408	0.4817134967453562	0.30311620334326755	31.686933142048776
15.053988106696375	0.007	0.005	0.10364370958220927	0.0001551786733606845	0.48279064317748904	0.3029078815363436	31.36916074938739
15.184862280425884	0.007	0.005	0.1026043370901941	0.00015361581698571032	0.48384590540733613	0.3026826079731609	31.05458070481019
15.315734160787244	0.007	0.005	0.1015754057002368	0.000152068843422879	0.4848797210345069	0.30244079942241286	30.743160800005846
15.446603791155647	0.007	0.005	0.10055681000989353	0.00015053758766087177	0.4858925189580881	0.30218286394396227	30.434869133509
15.577471197570347	0.007	0.005	0.09954844582216157	0.00014902188667040547	0.48688471935084426	0.3019092011172467	30.129674168697406
15.708336397402562	0.007	0.005	0.09855021006199931	0.00014752157927417253	0.4878567339089501	0.3016202022059372	29.827544708525206
15.839199442688923	0.007	0.005	0.09756200043665846	0.0001460365056241882	0.4888089663393324	0.30131625022994496	29.528449792718238
15.970060368130637	0.007	0.005	0.096583715824927	0.00014456650779530198	0.48974181213249784	0.30099772024221444	29.232358815583652
16.0	0.007	0.005	0.09636127685563711	0.000144234811332763	0.48995255521502673	0.3009228286607197	29.1650346739381
