0.0	0.007	0.005	0.0	0.0	0.0	0.0	100.0
0.006576764969843213	0.007	0.005	0.01720660931663328	7.15723273491648e-5	1.3944944399566974e-5	5.597080995167512e-5	99.91866229860007
0.01197021590314137	0.007	0.005	0.03066162299904962	0.00012182317139456541	4.5525775518383915e-5	0.000177217756641355	99.85200853085351
0.019502694782970904	0.007	0.005	0.04851292465813661	0.00018122768796477413	0.00011843006640199503	0.00044240064698983326	99.7589944651712
0.027211271738636755	0.007	0.005	0.06570665102908108	0.00023111851047007273	0.00022587630456197586	0.0008103950136298274	99.663895575769
0.03623263718102898	0.007	0.005	0.08453215950559673	0.0002781249959778417	0.00039108142101835597	0.0013413900237606437	99.55271624892622
0.04587512915148036	0.007	0.005	0.10321056921500016	0.0003175353327569924	0.0006114148920748227	0.002003801796199145	99.43401928199431
0.056516159827703374	0.007	0.005	0.12221944419472897	0.000350914756694819	0.0009029564488557326	0.0028225491531041285	99.3031947801037
0.06792961912652576	0.007	0.005	0.14088586980499362	0.00037772308001066823	0.0012673467443030163	0.0037777916876395494	99.16306508806085
0.08024799138823666	0.007	0.005	0.1592032267548993	0.0003988712950842159	0.0017151743273521437	0.004874299230836452	99.01204712334061
0.09340859407366298	0.007	0.005	0.17686712441149208	0.0004149509026133189	0.002250050798876485	0.006099208502173876	98.85095787962145
0.10746434975321158	0.007	0.005	0.19377083025025657	0.00042682391571714464	0.0028789081580460315	0.007449249117859334	98.67920114954136
0.12239872556567954	0.007	0.005	0.20974178595554727	0.0004352557919251443	0.003604926253454168	0.008914740858359197	98.49703495572022
0.1382233805868722	0.007	0.005	0.22467449783965615	0.0004409845003166287	0.004431449515737807	0.010489131404404224	98.30437627560111
0.15491895502369352	0.007	0.005	0.23846697806459605	0.0004446456717614164	0.005359126078855956	0.012163558722932549	98.10152301169394
0.17247000365382448	0.007	0.005	0.25105959378606757	0.00044677587270584824	0.006387579229614431	0.0139304401471016	97.8887269306313
0.1908527769359115	0.007	0.005	0.2624220092522021	0.00044780353172556216	0.0075148354971065765	0.015782309763554977	97.66634157734232
0.210050730769715	0.007	0.005	0.2725597886685248	0.00044805730513234953	0.008738385463869652	0.01771332391900452	97.43463389165184
0.23005275225633687	0.007	0.005	0.28150534635729807	0.00044777847022860217	0.010055319048581162	0.019718955332284058	97.19380630708896
0.250857605344111	0.007	0.005	0.2893126859641998	0.00044713749246353334	0.011462836274485508	0.02179627261095648	96.94394404570136
0.27247253644801284	0.007	0.005	0.29604974519910326	0.00044625059268470565	0.012958358583437931	0.02394362687734063	96.68503322091547
0.2949137716923682	0.007	0.005	0.30179301689329957	0.0004451943859265524	0.014539717869772362	0.02616054433590629	96.41695626244658
0.31820560600617914	0.007	0.005	0.30662292464735935	0.00044401770423924396	0.016205208594264404	0.02844750306509171	96.13950433514069
0.3423802882930035	0.007	0.005	0.31062059799159003	0.00044275049728836977	0.017953658123046053	0.0308058142850864	95.85238027740789
0.36747774245513143	0.007	0.005	0.31386548605700226	0.00044141022895299734	0.01978445670883498	0.03323750844388763	95.55520360059548
0.3935456786448559	0.007	0.005	0.316433734506035	0.00044000627320168084	0.021697592424966793	0.03574527512886909	95.24751097916045
0.42063981055271166	0.007	0.005	0.3183970836308171	0.00043854283723347584	0.023693675722723857	0.03833242312731937	94.92875568137201
0.44882434801226334	0.007	0.005	0.31982217346872766	0.00043702083500025745	0.025773969390847258	0.041002871936268705	94.5983040069614
0.4781726778439636	0.007	0.005	0.3207701354096725	0.0004354390487847996	0.027940419912351386	0.04376116177405721	94.2554298524188
0.5087683042621722	0.007	0.005	0.32129639484115136	0.00043379481716880505	0.03019569674810863	0.04661248497861177	93.89930666955968
0.5407060292809198	0.007	0.005	0.32145062205087427	0.0004320844188110399	0.032543238510892955	0.04956273329423461	93.52899717513912
0.5740934779005488	0.007	0.005	0.3212767875936173	0.0004303032592884369	0.03498731332493803	0.05261856720111617	93.14343974930209
0.6090535901387043	0.007	0.005	0.32081327577677077	0.00042844590146265464	0.03753313725303646	0.05578755936059541	92.74142459003679
0.6457260003730632	0.007	0.005	0.32009305492028217	0.00042650609668180937	0.04018689665502855	0.059078218188104444	92.32158384222099
0.6842699703767999	0.007	0.005	0.3191438790810917	0.0004244767032565601	0.04295586741468475	0.06250013165335344	91.88236514651395
0.7248683246088483	0.007	0.005	0.31798847558998083	0.00042234954083512753	0.04584858452584362	0.06606416993738787	91.42199561599847
0.7677317050991217	0.007	0.005	0.31664472973897473	0.00042011522863092673	0.04887500647264273	0.0697826767842002	90.93844460753098
0.8131042515943933	0.007	0.005	0.31512583663162197	0.00041776295788263504	0.052046745488524185	0.0736697357268948	90.42937343818704
0.8612706255366909	0.007	0.005	0.3134404144041888	0.00041528021072561065	0.05537734546734131	0.07774148608963655	89.89207409133695
0.9125650352846408	0.007	0.005	0.311592556293983	0.0004126523995123304	0.058882637303407794	0.08201652216101338	89.32339099084068
0.9673828623073586	0.007	0.005	0.30958180123431545	0.0004098624060328521	0.06258118987869496	0.08651639337160699	88.71962124875992
1.0261957922436065	0.007	0.005	0.30740299546899286	0.00040688998833708965	0.06649488574349345	0.09126623474899932	88.07638632978984
1.0895718205772318	0.007	0.005	0.3050460050932129	0.00040371100546263817	0.07064966669621293	0.09629557377784043	87.38846435113757
1.158201998569484	0.007	0.005	0.30249522812197277	0.0004002963952537179	0.07507650408862675	0.10163936711700773	86.64956898535982
1.2329371780630536	0.007	0.005	0.2997288144372377	0.00039661078656381466	0.07981270298189645	0.10733937937522457	85.85204928260059
1.3148425291523502	0.007	0.005	0.296717355301176	0.0003926104328764704	0.08490386975230464	0.11344626864582144	84.98644270314259
1.4052618669305459	0.007	0.005	0.29342241487562226	0.00038824096492581843	0.09040580038549961	0.12002143866331758	84.04098904780192
1.505931989122398	0.007	0.005	0.2897935570281585	0.00038343317619632915	0.09638838907712165	0.1271410972047872	83.00071883550308
1.61913376847676	0.007	0.005	0.2857645938206568	0.0003780978113098796	0.10294001030017921	0.13490052274388986	81.84632611284601
1.7479260360889608	0.007	0.005	0.2812477776579964	0.00037211766154305877	0.1101740184629448	0.14342027313933134	80.55245911225433
1.8964265493217787	0.007	0.005	0.27612781753431703	0.00036533944867085433	0.11823360697021755	0.1528495345670891	79.08596799191804
2.0683260607314975	0.007	0.005	0.27031717659320403	0.0003576467393055402	0.12720041436304716	0.1632568310760203	77.42171178595477
2.2427323409465845	0.007	0.005	0.2645466833835609	0.0003500060534296533	0.13591609761152498	0.17328184402197416	75.76897425493668
2.3949582632099933	0.007	0.005	0.259610817847266	0.00034346982051393176	0.1432216257302113	0.18161036131398733	74.3552883644974
2.5301912146265955	0.007	0.005	0.2553032390387474	0.00033776715846360107	0.14948455609757672	0.1886921800037157	73.1215516801744
2.658055141518824	0.007	0.005	0.2512961422409065	0.00033246315642525363	0.1552163138650557	0.19512324996983285	71.97387655393993
2.7857393016973027	0.007	0.005	0.2473574398005289	0.0003272493598657425	0.1607616613605108	0.2012967420791964	70.84579040134098
2.916775402950537	0.007	0.005	0.24337951593973867	0.00032198322920739414	0.16627308789921236	0.20738237843056478	69.70647085695067
3.051787183483361	0.007	0.005	0.2393478020963261	0.00031664564084707723	0.1717676229871459	0.2133965340785272	68.55174530645962
3.1895833464393233	0.007	0.005	0.23530180109223897	0.0003112890116567866	0.17718909756922532	0.21927568795387575	67.3929277672842
3.3283846520229927	0.007	0.005	0.23129542889189583	0.00030598481166954443	0.18246612313759017	0.22494225020131028	66.24546033913154
3.466829083588942	0.007	0.005	0.22736731026995036	0.00030078425681391195	0.18755181347666858	0.230347663530005	65.12040556523752
3.6043583357225635	0.007	0.005	0.22353121243186488	0.0002957056266743324	0.19243401012889408	0.23548195796797441	64.02170651860182
3.7410641332825563	0.007	0.005	0.21978222713546874	0.00029074243368918285	0.19712479134860664	0.24036102230220538	62.947957426536334
3.8773310320508165	0.007	0.005	0.21610785337546895	0.0002858781092322238	0.2016449471002001	0.24500932980794793	61.895577868684285
4.01353445789734	0.007	0.005	0.21249657747110318	0.00028109738820265514	0.20601293699121548	0.2494482250019949	60.86127020492434
4.149893269360853	0.007	0.005	0.20894163093848814	0.0002763912980147466	0.210240606887565	0.2536917397344635	59.84309586978572
4.2864577520130185	0.007	0.005	0.20544092879455406	0.00027175707773571253	0.21433376961294473	0.257747538960938	58.84045770203443
4.423170427113167	0.007	0.005	0.20199517536270128	0.0002671956657682675	0.21829484249567768	0.2616198516639077	57.85355742735076
4.559940850249943	0.007	0.005	0.1986057967391471	0.000262708957738159	0.2221254387108213	0.265312173128452	56.882803494794
4.6966979631229595	0.007	0.005	0.19527361178175806	0.0002582980436335819	0.225827897419338	0.268828765079926	55.928430433929044
4.8334095920532105	0.007	0.005	0.19199841430120107	0.0002539626532375346	0.22940567534485895	0.2721749690152285	54.99037918994713
4.970076702218114	0.007	0.005	0.18877918938701102	0.00024970144278004105	0.23286302023097527	0.27535682365807984	54.06835908174287
5.106716885221235	0.007	0.005	0.18561455939126395	0.0002455125865279904	0.23620443203675523	0.2783805149351814	53.16197553636106
5.243349090808075	0.007	0.005	0.18250316030536698	0.00024139427625135117	0.2394342467069908	0.2812519800371432	52.27083788729527
5.379985163958698	0.007	0.005	0.1794438307676869	0.0002373449721708671	0.24255645027891742	0.28397674950034624	51.39461350827454
5.516628398902508	0.007	0.005	0.17643562892022285	0.00023336342546633558	0.245574683443314	0.2865599701575802	50.533032641192825
5.653276225729034	0.007	0.005	0.17347775810241117	0.00022944857976410135	0.24849233600695658	0.2890065041243809	49.6858671140277
5.78992407427515	0.007	0.005	0.17056947431504732	0.0002255994483781284	0.25131265053484914	0.29132102700087986	48.85290383752782
5.926568125618364	0.007	0.005	0.16771002550941927	0.00022181503375152297	0.2540387862485538	0.29350808436738846	48.03392741697751
6.063206497682522	0.007	0.005	0.16489862874345557	0.00021809429714084766	0.2566738416699998	0.2955721096394574	47.228713609475946
6.199839036880199	0.007	0.005	0.1621344776628579	0.00021443616855527106	0.25922084740979306	0.2975174168731615	46.43703146661242
6.3364665577891115	0.007	0.005	0.15941676027826499	0.000210839570372712	0.26168275049062395	0.29934818820754866	45.65864842603466
6.473090010621123	0.007	0.005	0.15674467648841128	0.00020730344062861572	0.2640624005702327	0.3010684646700687	44.893335330266865
6.609710046933061	0.007	0.005	0.15411744630888044	0.0002038267439678154	0.26636254578697804	0.3026821456079615	44.14086878351183
6.74632689299911	0.007	0.005	0.15153431149416893	0.0002004084738230039	0.2685858348870863	0.3041929932180035	43.40103161622719
6.88294044032561	0.007	0.005	0.14899453294769732	0.00019704764899601895	0.27073482291662826	0.30560463949967515	42.67361214332535
7.019550489955844	0.007	0.005	0.14649738555062936	0.00019374330680510884	0.2728119787093787	0.3069205939459446	41.9584026830923
7.1561568791360255	0.007	0.005	0.14404215556253078	0.00019049449964465061	0.27481968975639176	0.3081442489801129	41.255198812709
7.292759535591484	0.007	0.005	0.1416281395277763	0.0001873002935427211	0.276760265582087	0.30927888416235405	40.563799055034345
7.429358468470558	0.007	0.005	0.1392546443691788	0.00018415976829472825	0.27863594003314335	0.31032766961282443	39.884004905422145
7.565953732151347	0.007	0.005	0.13692098792212065	0.00018107201818169877	0.2804488731724362	0.31129366918865564	39.215620984701445
7.702545408145207	0.007	0.005	0.1346264991029445	0.00017803615220167475	0.2822011534297101	0.3121798438020724	38.55845508740579
7.839133596048415	0.007	0.005	0.13237051789895923	0.0001750512940631233	0.28389479983561255	0.31298905474480004	37.91231817891073
7.975718341177143	0.007	0.005	0.13015239636458822	0.0001721165835161054	0.2855317634573059	0.3137240666100242	37.277024680740986
8.112299652663362	0.007	0.005	0.12797149807015903	0.00016923117562517032	0.2871139299612574	0.31438755074710556	36.65239231269845
8.248877575818245	0.007	0.005	0.1258271967416654	0.00016639423896442048	0.28864312264594183	0.31498208876179784	36.03824170327524
8.385452137860106	0.007	0.005	0.12371887695778794	0.00016360495654858416	0.290121103888126	0.31551017523557806	35.434396589287935
8.522023347916193	0.007	0.005	0.12164593394723	0.00016086252556691392	0.2915495772002019	0.3159742206760151	34.84068375783242
8.658591251290336	0.007	0.005	0.1196077725872364	0.00015816615605285892	0.29293018975599205	0.31637655451319413	34.25693275944908
8.795155884238996	0.007	0.005	0.11760380793462617	0.00015551507159295463	0.2942645337842066	0.3167194276300454	33.682976060216085
8.93171729205993	0.007	0.005	0.11563346478553017	0.00015290850874249306	0.2955541485800884	0.3170050150417996	33.118648915653694
9.068275483872982	0.007	0.005	0.11369617815515914	0.0001503457176661091	0.29680052185275146	0.31723541834809266	32.56378950813487
9.204830504971232	0.007	0.005	0.11179139206977415	0.00014782596052995554	0.29800509211608606	0.31741266833615595	32.018238600892836
9.341382373514827	0.007	0.005	0.1099185603090912	0.00014534851249147087	0.2991692497540362	0.3175387272340634	31.481839750653535
9.477931125748778	0.007	0.005	0.10807714561158904	0.0001429126606412111	0.300294339022003	0.3176154910688479	30.954439080027523
9.614476779829912	0.007	0.005	0.10626662001497274	0.00014051770445699653	0.30138165928027927	0.3176447918463097	30.435885375022178
9.75101935391383	0.007	0.005	0.1044864644489977	0.00013816295526155963	0.30243246664608614	0.3176283997162843	29.92602996842234
9.887559056046657	0.007	0.005	0.10273616617159821	0.00013584773280233292	0.3034479768220149	0.31756802492581165	29.42472600547024
10.024096148515621	0.007	0.005	0.1010152205187902	0.00013357136758261737	0.3044293652965422	0.31746531965068836	28.931828945056292
10.160630414359378	0.007	0.005	0.09932313736546074	0.00013133320948400853	0.30537776499808994	0.31732188050682114	28.447198410157515
10.297161636630403	0.007	0.005	0.09765943469013869	0.00012913261918502864	0.30629427132714165	0.31713925040989954	27.97069634471979
10.433689697854511	0.007	0.005	0.09602363726151267	0.00012696896640681832	0.3071799440289354	0.31691892017894113	27.50218663746269
10.570214616187847	0.007	0.005	0.09441527618526428	0.00012484162930533405	0.30803580850740003	0.3166623300530519	27.041534992087623
10.706736464032975	0.007	0.005	0.09283388984048667	0.00012274999571933122	0.30886285636546496	0.3163708713777245	26.58860919547815
10.843255295705438	0.007	0.005	0.09127902461542238	0.00012069346415231887	0.30966204607085634	0.3160458883503735	26.143279328423045
10.979771156476316	0.007	0.005	0.08975023465711907	0.00011867144343806226	0.3104343041260634	0.3156886795972184	25.705417693914985
11.11628407353235	0.007	0.005	0.08824708183174444	0.00011668335268752573	0.3111805260923814	0.3153004997360834	25.274898805784378
11.252794046937018	0.007	0.005	0.08676913567761607	0.00011472862122628644	0.31190157758740517	0.31488256089851724	24.851599375246657
11.389301067713484	0.007	0.005	0.08531597306519495	0.00011280668813999695	0.31259829539214323	0.3144360341199718	24.43539821352075
11.525805126885501	0.007	0.005	0.08388717797344832	0.00011091700197509227	0.31327148846046987	0.3139620506899935	24.02617616777706
11.662306224517325	0.007	0.005	0.08248234127810612	0.0001090590204551434	0.31392193888704684	0.3134617034452632	23.62381606049186
11.798804360673206	0.007	0.005	0.08110106073261861	0.00010723221045510193	0.31455040275405005	0.31293604807978925	23.228202683993366
11.935299526377873	0.007	0.005	0.07974294094157675	0.00010543604796570676	0.3151576109571499	0.3123861044227827	22.83922279284905
12.071791748813949	0.007	0.005	0.07840759280097268	0.00010367001734337336	0.31574427023983703	0.3118128574519464	22.456764943550308
12.2082810280449	0.007	0.005	0.07709463401949113	0.00010193361200858479	0.31631106371770784	0.3112172587042731	22.08071964381582
12.34476733701738	0.007	0.005	0.07580368898607642	0.00010022633426911094	0.31685865168045846	0.3106002274193225	21.71097931466139
12.481250684834768	0.007	0.005	0.07453438805699975	9.854769436404752e-5	0.31738767260693806	0.30996265134221906	21.347438086208417
12.617731062522765	0.007	0.005	0.07328636796992324	9.689721101923303e-5	0.3178987436717036	0.30930538800846896	20.989991916276278
12.754208479184351	0.007	0.005	0.07205927140305735	9.527441085592737e-5	0.31839246159169504	0.3086292655873986	20.638538464120263
12.890682925845619	0.007	0.005	0.07085274720303857	9.367882869708202e-5	0.31886940317368734	0.3079350840345546	20.29297715569824
13.0271544025712	0.007	0.005	0.0696664500366647	9.211000710012586e-5	0.3193301260753811	0.3072236159061994	19.953209083923838
13.163622900387974	0.007	0.005	0.06850004045149188	9.056749643886918e-5	0.3197751693802379	0.3064956073651957	19.61913702602226
13.30008842839852	0.007	0.005	0.06735318454580425	8.905085446030631e-5	0.32020505430334645	0.30575177892059896	19.290665349005913
13.436550986667468	0.007	0.005	0.0662255541075699	8.755964647199979e-5	0.3206202846969393	0.3049928264239428	18.967700049472995
13.573010575259442	0.007	0.005	0.06511682644080054	8.60934451092774e-5	0.3210213476580454	0.30421942184849343	18.65014870387499
13.709467167128171	0.007	0.005	0.06402668448749428	8.465183050049392e-5	0.3214087140102788	0.30343221424523653	18.33792050344236
13.845920780412998	0.007	0.005	0.06295481615527919	8.323438936216581e-5	0.32178283905042665	0.3026318300998972	18.030926061614647
13.98237140614237	0.007	0.005	0.06190091481145146	8.184071566528592e-5	0.32214416285957154	0.30181887449125644	17.729077555538105
14.118819035345325	0.007	0.005	0.06086467897282058	8.047041021856537e-5	0.32249311088748694	0.3009939316595743	17.43228863723417
14.255263686160017	0.007	0.005	0.05984581201845653	7.91230802816904e-5	0.32283009450500905	0.30015756553597017	17.140474351327153
14.391705358651459	0.007	0.005	0.05884402245036101	7.779833991807473e-5	0.323155511357254	0.29931032068757835	16.85355120970326
14.528144025777324	0.007	0.005	0.057859023862917205	7.649580995540025e-5	0.3234697458059524	0.2984527230333671	16.571437182760686
14.66457971471055	0.007	0.005	0.05689053427182315	7.521511707996453e-5	0.32377316955755275	0.297585279963416	16.294051507209055
14.80101243455153	0.007	0.005	0.055938276565846656	7.395589444809948e-5	0.3240661419147989	0.29670848139533784	16.02131481545679
14.93744217632969	0.007	0.005	0.055001978416140705	7.271778156540634e-5	0.32434901019506596	0.2958228003692626	15.75314910963796
15.073868949145023	0.007	0.005	0.05408137194562543	7.150042384080142e-5	0.32462211020539655	0.2949286933843286	15.489477666920017
15.210292744027349	0.007	0.005	0.053176193900059836	7.030347281963503e-5	0.3248857665516654	0.2940266011829344	15.230225088500381
15.346713579110864	0.007	0.005	0.05228618526998105	6.912658567292531e-5	0.3251402930989018	0.2931169489848695	14.975317191325884
15.483131445425379	0.007	0.005	0.0514110915759308	6.796942558562723e-5	0.32538599322556033	0.29220014735945515	14.724681089784633
15.61954637917233	0.007	0.005	0.05055066232848519	6.683166102559584e-5	0.32562316030274574	0.2912765922381168	14.478245041052844
15.75595838041476	0.007	0.005	0.04970465148015168	6.571296635856717e-5	0.32585207788206394	0.2903466659399374	14.235938574522942
15.89236744921571	0.007	0.005	0.04887281711689055	6.461302143146267e-5	0.326073020088563	0.28941073739562956	13.997692403451973
16.0	0.007	0.005	0.04822630188079227	6.376182738442299e-5	0.326241901142514	0.28866822867818737	13.812523592998419
