0.0	0.007	0.005	0.0	0.0	0.0	0.0	100.0
0.0059838209866906215	0.007	0.005	0.016789626774394616	5.638675279329924e-5	1.2590229040191411e-5	2.914228124869147e-5	99.95263502163579
0.011100621109781137	0.007	0.005	0.0302316135154429	9.88847739188424e-5	4.246206340347234e-5	9.656824315352808e-5	99.91215074759053
0.018085111782962644	0.007	0.005	0.04731178448085918	0.00014946819609386092	0.0001096776571773928	0.00024370377162316676	99.85691571712938
0.025306427653214874	0.007	0.005	0.06354390843854812	0.00019397002798348038	0.0002088689293650139	0.00045353938475711363	99.79983992245576
0.03363812466542323	0.007	0.005	0.08062152305761579	0.00023700095036747896	0.0003575747560303446	0.000756991225439912	99.734028435757
0.04250488354725961	0.007	0.005	0.09703078615284107	0.0002746510972620927	0.0005523760131823372	0.0011397986034781277	99.66403820088317
0.05214949515940175	0.007	0.005	0.11301940447706248	0.00030781030609820846	0.000802661563224568	0.0016131871413420994	99.58796371207048
0.06236722589227357	0.007	0.005	0.12806869986423008	0.0003357990998369008	0.001106679073004512	0.002166578540454351	99.50743193671077
0.07321060797468458	0.007	0.005	0.14215439672588384	0.000359120842853574	0.0014679206488100523	0.0027997977120154077	99.42204026972365
0.08460297998763582	0.007	0.005	0.15511196137544508	0.00037807734220063	0.0018849801676075525	0.0035045501555954167	99.33240424146051
0.09654970692017803	0.007	0.005	0.16692746907816292	0.00039323677330271433	0.002358257984237227	0.0042766854977796705	99.2384933137895
0.109022881740705	0.007	0.005	0.17758083560379315	0.000405128804627428	0.0028862698998004714	0.0051098919348876925	99.14053881920285
0.12202295189443316	0.007	0.005	0.18710426645175574	0.0004142979162763119	0.0034681446351311367	0.005999862301727406	99.03854940187647
0.13554465245590777	0.007	0.005	0.19554134405920298	0.0004212337674979736	0.004102424934306867	0.006942278428965625	98.93257895684275
0.14959468099739825	0.007	0.005	0.20295504382018104	0.00042637302544619655	0.00478796112616079	0.007934092211758368	98.82258808904707
0.16418159091009654	0.007	0.005	0.20941526778347094	0.0004300876012538404	0.00552356214366411	0.008972860237587392	98.70852361887391
0.17932080839688308	0.007	0.005	0.21499777908378243	0.00043268837633994274	0.006308315028848412	0.010057077363078187	98.59027952602341
0.19503163766206913	0.007	0.005	0.21977954717765266	0.0004344289646753811	0.007141499284812198	0.011185922497754644	98.46772065515539
0.2113387543467081	0.007	0.005	0.22383705446961238	0.00043551267982220383	0.008022706925906207	0.012359308925630804	98.34067133119656
0.2282714303314205	0.007	0.005	0.2272443131320554	0.0004360996146583187	0.008951832828317786	0.0135777677980882	98.20892173008737
0.2458641555026588	0.007	0.005	0.23007182960913272	0.0004363137901231277	0.009929127681496262	0.01484243205097472	98.07222338460228
0.2641566859482677	0.007	0.005	0.2323857731709039	0.0004362496962470259	0.010955211891909337	0.016154982263575833	97.93028921005468
0.2831945909668374	0.007	0.005	0.23424752531883308	0.00043597809477664807	0.012031110080587389	0.017517632796770956	97.78278970948283
0.30302974124331145	0.007	0.005	0.23571341483730038	0.00043555098340732756	0.013158277056898487	0.01893311827218079	97.62934971561276
0.3237210546591997	0.007	0.005	0.23683463104990754	0.0004350057376149653	0.014338633758336846	0.020404702566503424	97.46954323246796
0.34533538290010324	0.007	0.005	0.23765725039628535	0.0004343684884499393	0.015574607239034133	0.02193620087773473	97.30288731171957
0.36794863701722436	0.007	0.005	0.23822234930355796	0.00043365681946907337	0.01686918050957488	0.02353202048911742	97.12883423857782
0.3916471653227754	0.007	0.005	0.23856617493032958	0.00043288187600558185	0.018225952944901414	0.02519721950548624	96.9467619691377
0.4165294639667082	0.007	0.005	0.23872035486335047	0.00043204997785521753	0.019649215474085577	0.0269375873102448	96.75596225770295
0.4427082878294454	0.007	0.005	0.2387121297110131	0.00043116382054279856	0.021144043688364048	0.028759749226953932	96.55562603003578
0.47031330868047516	0.007	0.005	0.23856459603816832	0.00043022333862213834	0.02271641609864183	0.030671302927621026	96.34482497666276
0.4994947776377956	0.007	0.005	0.23829694488704575	0.00042922628352320345	0.024373381751736596	0.03268101465662738	96.12248602044228
0.5304267026953743	0.007	0.005	0.23792470324963483	0.0004281686246906406	0.026123190209819496	0.03479896848491798	95.8873701844117
0.5633129865252079	0.007	0.005	0.23745994349870098	0.0004270447042919683	0.027975576366356072	0.037036900745203216	95.63802983686817
0.5983936792630452	0.007	0.005	0.23691147414643632	0.00042584728190522126	0.029942033241921295	0.03940851519337154	95.37276638086917
0.6359540126229997	0.007	0.005	0.23628498207413706	0.0004245674100383581	0.03203621679996208	0.041929951252913204	95.08956859774135
0.6763357187827979	0.007	0.005	0.2355831259377002	0.0004231941832644508	0.03427444413239182	0.044620355358829425	94.78603617279902
0.719952348779787	0.007	0.005	0.23480555248428017	0.00042171432380023983	0.03667636598034174	0.04750264872846663	94.45927651385588
0.7673097367762952	0.007	0.005	0.2339488150171246	0.00042011158316635156	0.03926585443373029	0.050604534233326885	94.10576786247915
0.8190361429317277	0.007	0.005	0.23300611495837908	0.00041836582454873113	0.042072319119680325	0.05395998817666911	93.7211573287143
0.8759197206187386	0.007	0.005	0.23196691596016866	0.0004164518859064976	0.04513226890163606	0.057611002659322286	93.30001531229235
0.9389668380679268	0.007	0.005	0.23081619737040018	0.00041433779366290626	0.04849176870233417	0.06161033158446745	92.83545180272132
1.0094852138216015	0.007	0.005	0.22953329698525884	0.00041198223678715783	0.05220985172158744	0.06602526911604034	92.3185762822097
1.0891980582055352	0.007	0.005	0.22809027167114684	0.0004093311592011176	0.056362983438676795	0.07094250902917089	91.73777268874052
1.1803475558468177	0.007	0.005	0.22645058664985956	0.0004063149469305724	0.061048099719551184	0.07647106243736784	91.07811601638637
1.2852693187037338	0.007	0.005	0.2245774019948008	0.0004028633033953762	0.06635794212027371	0.08271233519000229	90.32465873505146
1.4027163250444483	0.007	0.005	0.22249884653500782	0.00039902568799222017	0.07219779329620439	0.08954554952622684	89.48864719025201
1.5272292248119619	0.007	0.005	0.220316205800677	0.00039498769897599245	0.07827133900919164	0.09661643346082784	88.61078771952579
1.6576997499418042	0.007	0.005	0.21805208955731156	0.00039079060245378306	0.08450810480894926	0.10383787296682394	87.70016294250273
1.7926304783254636	0.007	0.005	0.2157350422669067	0.0003864871984476487	0.09082374724687467	0.1111082152654083	86.76825036562823
1.9310652022430854	0.007	0.005	0.21338340961846938	0.000382111783819399	0.09716443598434016	0.11836263239861015	85.82242783839388
2.072117395107543	0.007	0.005	0.2110136770120395	0.0003776954957915678	0.1034833794206875	0.12554564538645452	84.86932558698827
2.215153944577436	0.007	0.005	0.2086374800609211	0.00037326064184808877	0.10974844634234039	0.13261958070296984	83.91362339721051
2.3597224487422017	0.007	0.005	0.20626302183702871	0.00036882324399506775	0.11593779078351461	0.13955921781458366	82.95862052233018
2.5055267523849696	0.007	0.005	0.2038956360791297	0.00036439401999331645	0.12203789941151062	0.14634927876560172	82.00646218106249
2.6523823673608806	0.007	0.005	0.20153864597600768	0.00035997994168930874	0.12804098551663978	0.15298125892565456	81.058484953727
2.8001788549593893	0.007	0.005	0.1991940631629875	0.00035558551486214766	0.13394293642858776	0.15945096852608112	80.11549791641596
2.9488494604677045	0.007	0.005	0.19686313102714173	0.0003512137813229569	0.13974177221700895	0.16575671826231167	79.17800115718796
3.0983490381994203	0.007	0.005	0.19454670594487755	0.00034686702563215097	0.14543659842968884	0.1718981076611556	78.2463391091085
3.248639892921513	0.007	0.005	0.19224549323606926	0.0003425472138037577	0.15102697792012373	0.17787531130720513	77.32079545057645
3.3996838862141665	0.007	0.005	0.18996017317639866	0.0003382562277894485	0.15651260681217008	0.18368871845217666	76.40164378726065
3.551438874428161	0.007	0.005	0.18769145402004328	0.00033399596380152195	0.16189318455514876	0.18933879307789195	75.48916897773171
3.703858052966112	0.007	0.005	0.18544007857398936	0.00032976834375313694	0.16716840121259796	0.19482606277542655	74.58366977763852
3.856890856839999	0.007	0.005	0.1832068076094233	0.00032557528341584086	0.1723379790017064	0.2001511641052545	73.68545216779907
4.0104846059021915	0.007	0.005	0.1809923936764581	0.0003214186428163709	0.17740173267586623	0.2053149046077427	72.7948188225302
4.164586207162466	0.007	0.005	0.17879755593904195	0.00031730017890658894	0.18235962312719559	0.21031831413439944	71.91205898829288
4.319143752069822	0.007	0.005	0.17662295831508068	0.0003132215048528177	0.18721179947155336	0.2151626810206969	71.03743969168781
4.474107689656534	0.007	0.005	0.1744691951461652	0.00030918406390113726	0.19195862113332543	0.21984956540653014	70.17119997584598
4.629431562768619	0.007	0.005	0.17233678401088365	0.0003051891170576395	0.19660066231777903	0.2243807934011648	69.31354800995467
4.78507233935873	0.007	0.005	0.1702261646924893	0.00030123774265820413	0.2011387024149322	0.22875843680221555	68.46466067405642
4.940990529512156	0.007	0.005	0.16813770126124566	0.00029733084204038946	0.20557370994449536	0.2329847867043966	67.62468439656365
5.097150075945627	0.007	0.005	0.16607168716936913	0.0002934691510496518	0.20990682084483056	0.2370623223257454	66.79373720343578
5.253518089668137	0.007	0.005	0.1640283521617414	0.0002896532550588608	0.21413931411414677	0.2409936783762448	65.9719114976556
5.4100646595444895	0.007	0.005	0.162007867895188	0.00028588360162072564	0.21827259142432734	0.24478161731732784	65.159276319293
5.566762685728767	0.007	0.005	0.1600103529890614	0.00028216051207346853	0.2223081589934534	0.24842900472432786	64.35587937684066
5.7235876238876155	0.007	0.005	0.15803587895328294	0.00027848419476921086	0.2262476087210858	0.2519387849833038	63.561749431461905
5.880517369683501	0.007	0.005	0.1560844740665331	0.0002748547544247218	0.23009260444199653	0.2553139625684708	62.77689785679137
6.037532066394252	0.007	0.005	0.15415612801339978	0.00027127220282751637	0.23384486748288363	0.258557583511413	62.00132050398889
6.194614002666808	0.007	0.005	0.15225079519023985	0.0002677364669780952	0.23750616561864626	0.261672720643977	61.23499903135016
6.351747403412243	0.007	0.005	0.1503683991262515	0.00026424739921795997	0.2410783005646648	0.26466245830853136	60.47790268245489
6.5089182911900405	0.007	0.005	0.14850883582841726	0.00026080478524748596	0.24456309824887443	0.26752988019014207	59.72998963149619
6.66611432492901	0.007	0.005	0.14667197721209033	0.0002574083521942227	0.24796239952448168	0.27027805817096817	58.991208363057105
6.8233246163488905	0.007	0.005	0.1448576745959851	0.00025405777668495905	0.2512780513544163	0.2729100422293659	58.26149907778889
6.980539628541841	0.007	0.005	0.14306576106283242	0.00025075269069865547	0.25451190060574086	0.2754288530263824	57.540794641862874
7.137751042451087	0.007	0.005	0.14129605405199638	0.0002474926877398591	0.25766578783453853	0.2778374749617742	56.82902162971598
7.294951612281107	0.007	0.005	0.13954835792495113	0.00024427732885062993	0.2607415415351459	0.2801388500807373	56.12610135588101
7.452135062074212	0.007	0.005	0.13782246592859335	0.00024110614740197904	0.2637409738263095	0.2823358735153102	55.43195066462767
7.609296023566424	0.007	0.005	0.13611816159993462	0.0002379786527556301	0.2666658773931367	0.2844313901992817	54.74648249492691
7.766429890526516	0.007	0.005	0.13443522098328434	0.00023489433532904603	0.26951802128021163	0.28642819107088474	54.06960677219825
7.923532787411023	0.007	0.005	0.13277341350614105	0.00023185266909761138	0.2722991492285487	0.28832901140716105	53.40123076059176
8.080601454662222	0.007	0.005	0.131132503675693	0.00022885311552454227	0.2750109767976983	0.2901365285373642	52.74125974531753
8.237633217173586	0.007	0.005	0.12951225181511922	0.00022589512564585748	0.2776551902733819	0.29185336101480325	52.08959732878434
8.394625879924925	0.007	0.005	0.12791241549765528	0.0002229781433637793	0.2802334445594655	0.2934820672993992	51.446146007378644
8.551577696417327	0.007	0.005	0.12633275015951462	0.0002201016071644754	0.28274736254967586	0.29502514559583465	50.810807417980506
8.708487305928946	0.007	0.005	0.12477300998563835	0.0002172649522741322	0.285198534149056	0.2964850335989317	50.183482694210596
8.865353712362333	0.007	0.005	0.12323294833301472	0.00021446761191154032	0.28758851611284064	0.29786410886058723	49.5640726366881
9.022176190414042	0.007	0.005	0.12171231883010006	0.00021170901972250195	0.2899188309017835	0.2991646886898608	48.95247815521654
9.178954306041481	0.007	0.005	0.12021087531326374	0.0002089886100417602	0.29219096740737965	0.3003890312329864	48.3486002432212
9.335687822743285	0.007	0.005	0.11872837284514835	0.0002063058200845571	0.29440638005469727	0.30153933570659675	47.75234038733292
9.492376773954879	0.007	0.005	0.11726456711946359	0.0002036600891591374	0.2965664903764908	0.3026177440127593	47.16360032799598
9.649021327916117	0.007	0.005	0.11581921581458453	0.00020105086138991042	0.2986726856879768	0.30362634087398505	46.58228260388397
9.805621787519199	0.007	0.005	0.11439207862770631	0.00019847758600320014	0.3007263197857813	0.30456715510774474	46.008290565636244
9.962178610889875	0.007	0.005	0.11298291712114877	0.00019593971724481425	0.3027287139016206	0.30544216099825855	45.441528314041896
10.118692369768098	0.007	0.005	0.11159149512961548	0.00019343671528895029	0.3046811568434225	0.3062532792931421	44.881900863838496
10.275163707949773	0.007	0.005	0.11021757913720358	0.00019096804706505895	0.3065849052073691	0.3070023782845872	44.32931429534552
10.431593351573534	0.007	0.005	0.10886093817917802	0.0001885331862016524	0.3084411842606038	0.30769127518250083	43.783675714957255
10.587982129751948	0.007	0.005	0.10752134366152132	0.00018613161280366268	0.3102511889088283	0.30832173747673763	43.244893182566436
10.744330881309734	0.007	0.005	0.10619857015019785	0.00018376281496213366	0.31201608334512515	0.3088954838311198	42.71287602900494
10.900640496184241	0.007	0.005	0.10489239498296818	0.00018142628812015124	0.3137370023048981	0.30941418557180667	42.187534699916014
11.056911905042199	0.007	0.005	0.10360259833194574	0.00017912153523932548	0.31541505168361544	0.3098794679094581	41.668780780914744
11.213146058567078	0.007	0.005	0.10232896334337128	0.00017684806709166	0.3170513090472812	0.310292911125799	41.15652705380475
11.36934392745683	0.007	0.005	0.10107127609930741	0.00017460540221874815	0.31864682436611663	0.3106560518131607	40.65068748117235
11.525506502422877	0.007	0.005	0.09982932557974783	0.0001723930668816641	0.32020262072925826	0.3109703840804587	40.15117719114599
11.681634783852699	0.007	0.005	0.09860290370583494	0.00017021059514730358	0.32171969494175356	0.31123736071023395	39.65791249477943
11.837729750813361	0.007	0.005	0.09739180553685187	0.00016805752924154964	0.3231990179248492	0.3114583942753512	39.17081096528078
11.993792381754403	0.007	0.005	0.09619582905644967	0.00016593341915796813	0.3246415356126706	0.3116348583266336	38.68979135203378
12.149823654526237	0.007	0.005	0.09501477512723473	0.00016383782256282253	0.32604816961614014	0.3117680884961605	38.214773562333185
12.30582454639852	0.007	0.005	0.09384844744612389	0.00016177030469591278	0.3274198178686078	0.31185938356852866	37.745678643427624
12.461796013423243	0.007	0.005	0.09269665265203628	0.0001597304385387023	0.3287573550787944	0.3119100065169024	37.28242882583459
12.617739011119385	0.007	0.005	0.09155920012362394	0.00015771780442366958	0.3300616335336947	0.3119211855375261	36.82494744198696
12.773654463518328	0.007	0.005	0.09043590215884288	0.0001557319903223632	0.3313334834418451	0.3118941150377223	36.37315899845645
12.929543634807194	0.007	0.005	0.08932657129160312	0.00015377258702377035	0.33257371646046213	0.3118299564264719	35.92698809671509
13.085407416997027	0.007	0.005	0.08823102537522677	0.0001518391971671406	0.3337831204656112	0.3117298391857993	35.48636147769294
13.241246402413111	0.007	0.005	0.08714908687973145	0.00014993143393535378	0.3349624610058785	0.31159486212693577	35.051207739146896
13.397061234689575	0.007	0.005	0.0860805803344846	0.00014804891645044924	0.33611248466419547	0.31142609415783284	34.621456307100686
13.552852670642242	0.007	0.005	0.0850253318984505	0.000146191268967412	0.33723391995043134	0.3112245749637975	34.197037262998876
13.708621538953416	0.007	0.005	0.08398316964692473	0.0001443581213423139	0.3383274774035685	0.3109913157600315	33.77788145903113
13.864368678263938	0.007	0.005	0.08295392397211471	0.000142549109699504	0.33939384959150093	0.3107273001170494	33.363920679244984
14.020094926869062	0.007	0.005	0.08193742761852403	0.00014076387644683792	0.3404337115049302	0.310433484737976	32.95508765377719
14.175801029935872	0.007	0.005	0.08093351624234392	0.00013900207122013458	0.3414477204189052	0.3101108004043615	32.55131628384033
14.331487711727634	0.007	0.005	0.07994202788332819	0.00013726334989470036	0.3424365168655543	0.3097601526129709	32.152541429311285
14.487155665315855	0.007	0.005	0.07896280298801599	0.00013554737457693912	0.34340072501744356	0.3093824223169302	31.75869891807189
14.642805542297202	0.007	0.005	0.0779956844290156	0.00013385381358867166	0.344340953067678	0.3089784666554982	31.369725553764713
14.798437973432618	0.007	0.005	0.07704051733195405	0.00013218234111050215	0.34525779378618415	0.3085491195842547	30.985559046192385
14.954053578969052	0.007	0.005	0.0760971489749037	0.00013053263695436275	0.3461518249866306	0.3080951924950868	30.60613797086729
15.109652948043562	0.007	0.005	0.07516542887712933	0.00012890438667188044	0.3470236098021144	0.3076174749045446	30.231401804705328
15.265236679914253	0.007	0.005	0.07424520851599517	0.00012729728100445466	0.34787369730079903	0.3071167349386134	29.8612908121665
15.420805311849746	0.007	0.005	0.07333634172063531	0.0001257110165323266	0.3487026224607503	0.30659372015247544	29.495746203588627
15.576359391265349	0.007	0.005	0.0724386842078817	0.0001241452948053958	0.3495109069324645	0.3060491578790332	29.134709948538088
15.731899465424933	0.007	0.005	0.07155209361680877	0.00012259982235787663	0.35029905932161126	0.305483755805311	28.778124789703835
15.887426019651354	0.007	0.005	0.07067642982740167	0.0001210743112257676	0.3510675752198107	0.3048982027392953	28.425934371065093
16.0	0.007	0.005	0.0700492959364401	0.00011998529933120274	0.3516119087089799	0.30446213536064565	28.173702235544408
