0.0	0.007	0.005	0.0	0.0	0.0	0.0	100.0
0.00027827987219913945	0.007	0.005	3.479779125523838e-5	0.00016058741215573775	2.41051695362081e-9	4.8504403491802875e-6	99.99755537394034
0.0004066127271034856	0.007	0.005	5.0844204435090435e-5	0.00020729843225896524	5.146300581407367e-9	9.527827622204932e-6	99.99642801882206
0.0006330486013920396	0.007	0.005	7.915547598073132e-5	0.00026341647181800707	1.2473366937008896e-8	2.0126211936923906e-5	99.99443889714208
0.000824341912097693	0.007	0.005	0.00010307118950807198	0.0002932301022402068	2.1149709109748442e-8	3.0648050977298766e-5	99.99275851548389
0.0010660002192147847	0.007	0.005	0.0001332813887929334	0.0003166917474276415	3.536543585326367e-8	4.52053589368859e-5	99.99063575194887
0.0013111045225359052	0.007	0.005	0.00016391986483258987	0.000330602857726124	5.3495036618554864e-8	6.085045477394168e-5	99.98848276428909
0.0015934259736288578	0.007	0.005	0.00019920741310525315	0.00033958974922341243	7.900838627299799e-8	7.949721251324272e-5	99.98600291995096
0.0018984565041345793	0.007	0.005	0.00023732960944323805	0.00034467848743911176	1.121447353347013e-7	0.0001000544847663004	99.98332367359474
0.0022436012718508873	0.007	0.005	0.0002804604868484463	0.0003474983471314084	1.5661484979634672e-7	0.00012357561334601155	99.98029216900659
0.002628707146531194	0.007	0.005	0.0003285791633804905	0.0003489060194115525	2.1497394293238028e-7	0.0001499732188616518	99.9769097831532
0.0030687199951292695	0.007	0.005	0.00038355077530385624	0.00034955116346985167	2.9293417159267854e-7	0.0001802181019491534	99.97304528927437
0.0035741313616038063	0.007	0.005	0.000446682679801938	0.00034980558816858926	3.9732309366827195e-7	0.00021499869106438295	99.96860660519788
0.004166848828402514	0.007	0.005	0.0005207064498418781	0.00034988347698098894	5.399536083462441e-7	0.0002558030670353083	99.96340142213413
0.0048740760416318704	0.007	0.005	0.0006090118461950372	0.0003498899150894881	7.386722516659853e-7	0.0003044927580683571	99.95719098102475
0.005741240595805249	0.007	0.005	0.0007172585054567657	0.00034986968551484155	1.024679908111045e-6	0.00036418771348522026	99.94957659362554
0.006837602521954659	0.007	0.005	0.00085407017034441	0.00034983703964693545	1.4530148855878167e-6	0.00043964803519410165	99.93995050313444
0.008272904162197548	0.007	0.005	0.0010331006358343113	0.00034979303229334355	2.12632001758235e-6	0.000538414985837804	99.92734991310297
0.010136393682434384	0.007	0.005	0.0012654112662320207	0.00034973556640004107	3.1906943048843154e-6	0.0006666095073063873	99.91099260901842
0.01222907735151572	0.007	0.005	0.0015261201888463636	0.00034966967205080264	4.641809941035418e-6	0.000810520937092066	99.89262668051043
0.014215727004820038	0.007	0.005	0.001773449001689832	0.0003496024019373259	6.269470964507384e-6	0.0009470919222375679	99.87519445754364
0.015976800377648887	0.007	0.005	0.001992556003247074	0.0003495407056823554	7.915688056404844e-6	0.001068116076610639	99.85974413875192
0.017563308550775206	0.007	0.005	0.0021898327010646734	0.00034949217811245655	9.562164992014686e-6	0.0011771110578618746	99.84582736877934
0.0190691481311722	0.007	0.005	0.0023769808503550996	0.0003494504095238943	1.126805840472244e-5	0.0012805354856638708	99.83262001372066
0.020568458384032685	0.007	0.005	0.0025632230367462023	0.00034940777928195714	1.3104896806220125e-5	0.0013834843326587356	99.81947166150567
0.022099547237163997	0.007	0.005	0.002753315454635288	0.00034936240313748756	1.512297298993672e-5	0.0014885873657341487	99.80604641078959
0.023670542089872276	0.007	0.005	0.0029482602899781676	0.0003493146261945447	1.734295011362545e-5	0.0015964004610736415	99.7922731238088
0.025270339817717164	0.007	0.005	0.003146673031549306	0.00034926529915365803	1.9758859417592257e-5	0.0017061596532700002	99.77824926845526
0.026881187520033357	0.007	0.005	0.003346347955700152	0.000349215354630185	2.2349540460019246e-5	0.0018166457722746218	99.76413054007281
0.028489035197572038	0.007	0.005	0.003545542710051852	0.0003491655456620726	2.5093398577362194e-5	0.0019268948918929316	99.75004009849015
0.03168658362476942	0.007	0.005	0.003941362671449431	0.00034907582824996803	3.101851061273598e-5	0.0021460552956213005	99.72202416060746
0.03582531964783903	0.007	0.005	0.0044530564163640825	0.0003489472240483252	3.9611201638902546e-5	0.00242954288588519	99.68577350909767
0.04395253141742182	0.007	0.005	0.005455786342021623	0.0003486985164583941	5.950520968465786e-5	0.0029856250282470037	99.61462665656744
0.05792049992884832	0.007	0.005	0.007172720702308752	0.0003482708478910224	0.00010298808510284565	0.0039394888605075755	99.49246753302869
0.07107210233150506	0.007	0.005	0.008781906250724525	0.00034786871082740614	0.00015457811945782227	0.004835462948990358	99.37758500360249
0.08890600888133968	0.007	0.005	0.010952583306024341	0.0003473241350885486	0.00024085118477647314	0.006047118749065678	99.22201324498195
0.10587320474288106	0.007	0.005	0.01300561682698206	0.000346806817391524	0.0003401651243771394	0.007196364575571397	99.0742282065142
0.12632247611629233	0.007	0.005	0.01546431751945462	0.0003461843573975918	0.00048188811824423166	0.008576910683232547	98.89640660860643
0.14601987318985044	0.007	0.005	0.017816509982783876	0.00034558584026600915	0.0006408501545982658	0.00990200776140431	98.725424897673
0.16812831032351577	0.007	0.005	0.02043790174397507	0.00034491529465685263	0.0008451045277121818	0.01138384099482998	98.53386641169931
0.1896604169064584	0.007	0.005	0.022972035632145515	0.00034426347973470474	0.0010698906391659248	0.012821513737696282	98.3476588239433
0.2128096948224152	0.007	0.005	0.025675794237204223	0.0003435640841211296	0.0013395462159118457	0.01436109797789995	98.14785859853585
0.23555520147071807	0.007	0.005	0.028311627592508846	0.00034287827134623787	0.001632269559889743	0.01586773166055557	97.95193865816272
0.25937541165864325	0.007	0.005	0.03105007668470917	0.00034216152207164113	0.0019678138627325804	0.01743910027172288	97.74718091494717
0.28293735309930057	0.007	0.005	0.03373690681417455	0.0003414540181158314	0.0023283822964756517	0.018986964013150334	97.54506433280208
0.307220572770502	0.007	0.005	0.03648331559339248	0.0003407263868046889	0.0027292720913144448	0.02057550858078695	97.33719785810469
0.33135673340350336	0.007	0.005	0.03919043708902107	0.0003400046985465627	0.0031566476917608104	0.022147719517961063	97.13102916728528
0.355989426473019	0.007	0.005	0.041930116823452934	0.00033926973967312354	0.003621976727792102	0.023745402652392576	96.92106938847213
0.38055674615639334	0.007	0.005	0.04463940493910231	0.00033853831371686774	0.004114854357044136	0.02533196135688326	96.71211887563425
0.4054793844413828	0.007	0.005	0.04736444360509087	0.0003377979203252279	0.004643663552904723	0.02693447193299444	96.50060658604671
0.43039514904528836	0.007	0.005	0.050065297718034314	0.0003370593497197675	0.00520075772629515	0.028529529198845383	96.28961502414674
0.4555782611825406	0.007	0.005	0.05277148667163198	0.0003363144951207622	0.005792141497212333	0.030134609110211256	96.07682827576932
0.48079583637778656	0.007	0.005	0.055457721823064465	0.0003355702705911914	0.006412283237667277	0.03173477208814664	95.86422152342159
0.5062264147881848	0.007	0.005	0.05814283811407818	0.00033482142766766724	0.0070654088393391915	0.033341274152525614	95.65029541090043
0.5317205506879867	0.007	0.005	0.0608108333597922	0.00033407239055163583	0.007747557227444992	0.03494458932792398	95.43631382012303
0.5573945113290077	0.007	0.005	0.0634737013491136	0.0003333197634892067	0.008461653201907946	0.03655195878055915	95.22130667163148
0.5831526037875223	0.007	0.005	0.06612131621432213	0.0003325663740507892	0.009204875563263661	0.038157312183470064	95.00608172807165
0.6090706596038069	0.007	0.005	0.06876130191502126	0.0003318100246302356	0.009979213089610224	0.03976530512639675	94.79001119329585
0.6350875958386626	0.007	0.005	0.07138724738772605	0.00033105251965728885	0.010782657906851347	0.041372071414023666	94.57361054320506
0.6612530309149788	0.007	0.005	0.07400398978141108	0.00033029243518512095	0.011616534043240942	0.04298060405896202	94.35647299318231
0.6875281699360416	0.007	0.005	0.07660746538134791	0.00032953092000693345	0.012479406358274993	0.04458844248663154	94.13892672711336
0.7139456556852862	0.007	0.005	0.07920073549881607	0.00032876704931241243	0.013372131411276135	0.04619751147864321	93.92070754520118
0.7404810546371234	0.007	0.005	0.08178121930693572	0.00032800155166810027	0.014293673070996365	0.047806246925336776	93.70202358582829
0.7671560291486044	0.007	0.005	0.08435084722907885	0.0003272338239837392	0.015244561770315005	0.04941588775101057	93.48270255732129
0.7939554002119883	0.007	0.005	0.08690797418789166	0.0003264643256024328	0.016224036519319508	0.05102544120406793	93.26287568504348
0.8208937410167914	0.007	0.005	0.08945381103607528	0.0003256926605324299	0.017232401744768422	0.052635706325108	93.04242984082646
0.8479618434793086	0.007	0.005	0.09198730282974195	0.00032491911553311477	0.018269084543399535	0.05424605453057837	92.82144694897174
0.8751697114935566	0.007	0.005	0.09450920249316928	0.00032414342783355346	0.019334233370402184	0.05585700282135706	92.59985193749235
0.9025119946890329	0.007	0.005	0.09701882673366863	0.0003233657735466562	0.02042740271317468	0.05746815461954108	92.37769512250844
0.9299957500649512	0.007	0.005	0.09951663605452804	0.0003225859757624217	0.021548633241765574	0.05907984560084044	92.15492596064912
0.957618133103344	0.007	0.005	0.10200218146067228	0.00032180413940967404	0.022697565137940166	0.06069182736335572	91.93157443166962
0.9853843081859961	0.007	0.005	0.1044757365690887	0.00032102014281764116	0.023874164580094278	0.06230431907170249	91.70760577407731
1.013293058135816	0.007	0.005	0.10693699907237655	0.00032023404526261475	0.025078128394091025	0.06391716651083615	91.48303692481443
1.0413483384751243	0.007	0.005	0.10938612284130717	0.000319445760577312	0.026309371029393784	0.06553051395163205	91.25784326110441
1.0695499910393507	0.007	0.005	0.11182289662537681	0.0003186553188120051	0.027567625886179305	0.06714426674325863	91.03203337627905
1.097901204831527	0.007	0.005	0.11424739713963834	0.00031786265657053863	0.028852771070132725	0.06875852090755405	90.8055891558861
1.1264025225362584	0.007	0.005	0.11665946967748807	0.0003170677850668589	0.030164563143202944	0.0703732196875784	90.57851380254327
1.155056652328737	0.007	0.005	0.11905914073499003	0.0003162706555218162	0.03150285416220534	0.07198842786889333	90.35079338023706
1.1838645976611468	0.007	0.005	0.12144628950224863	0.0003154712671690861	0.03286741420937029	0.0736041121965894	90.12242767249772
1.2128287656010406	0.007	0.005	0.12382090890485947	0.0003146695807616843	0.03425807584973468	0.07522031680989501	89.89340546535517
1.24195047647172	0.007	0.005	0.12618289859778994	0.0003138655876976125	0.03567461653780566	0.0768370233517549	89.6637243052801
1.2712319559344583	0.007	0.005	0.12853222874905437	0.00031305925489010433	0.037116853774021796	0.07845426226277126	89.43337473912476
1.300674737323916	0.007	0.005	0.13086881004799195	0.00031225056890429897	0.03858456756128522	0.08007202394075956	89.20235292611356
1.3302809453560402	0.007	0.005	0.133192596986359	0.00031143950056986816	0.04007756328783292	0.08169032971947122	88.97065053478592
1.3600522603772494	0.007	0.005	0.13550350540157	0.0003106260334836752	0.041595620144529416	0.08330917486024271	88.73826287803189
1.3899907555707047	0.007	0.005	0.13780147836716342	0.0003098101410521761	0.0431385330829972	0.08492857435822738	88.50518235901785
1.420098213894903	0.007	0.005	0.1400864330135266	0.00030899180518688553	0.044706077958038194	0.08654852573414243	88.27140380885061
1.4503766919928478	0.007	0.005	0.1423583039150215	0.0003081710009092848	0.046298040383713	0.08816903955569669	88.03692009617431
1.4808280496484587	0.007	0.005	0.1446170072795749	0.00030734770920698656	0.0479141911630993	0.08979011407229316	87.80172578542985
1.511454334681147	0.007	0.005	0.14686246991659682	0.0003065219065354326	0.049554306334246116	0.09141175582866436	87.56581415634672
1.542257473185464	0.007	0.005	0.14909460618735926	0.0003056935732925233	0.05121815064000646	0.09303396313528443	87.32917960048604
1.573239514139894	0.007	0.005	0.15131333600788352	0.0003048626871304651	0.05290549045294556	0.09465673902747032	87.09181573776944
1.604402436946148	0.007	0.005	0.1535185708598282	0.00030402922820101504	0.05461608327041606	0.09628008109983512	86.85371689842617
1.6357482957427196	0.007	0.005	0.15571022418724698	0.0003031931752641554	0.05634968540814993	0.09790398906992054	86.61487701830255
1.6672791054271343	0.007	0.005	0.1578882033290482	0.00030235450878940905	0.058106045614665036	0.09952845882416031	86.37529051223005
1.6989969419208275	0.007	0.005	0.16005241655820565	0.00030151320822639175	0.059884910471559735	0.10115348760557179	86.1349515118781
1.7309038434907675	0.007	0.005	0.16220276629174982	0.00030066925468039926	0.06168601875703242	0.1027790689222706	85.89385461746554
1.7630018951461084	0.007	0.005	0.16433915490713194	0.000299822628634088	0.06350910602624878	0.104405196874359	85.65199425941049
1.7952931606804343	0.007	0.005	0.16646148018617096	0.0002989733118380862	0.06535390064116116	0.10603186268302273	85.4093652138617
1.8277797316923265	0.007	0.005	0.16856963864264635	0.0002981212858970015	0.06722012640559727	0.10765905717920234	85.16596223434988
1.8604636844572366	0.007	0.005	0.170663522741032	0.00029726653350993216	0.06910749996153552	0.10928676863227721	84.92178037717385
1.8933471187336752	0.007	0.005	0.1727430234782148	0.0002964090374241874	0.07101573287780187	0.11091498469844469	84.67681471174784
1.926432109579247	0.007	0.005	0.17480802738011342	0.0002955487816824704	0.07294452872535054	0.1125436900327308	84.43106068117177
1.9597207597100756	0.007	0.005	0.17685841988874124	0.0002946857502966296	0.0748935859802262	0.11417286889051143	84.18451371298403
1.9932151441186101	0.007	0.005	0.17889408198819487	0.000293819928626955	0.07686259466337478	0.11580250241258473	83.93716963116842
2.0269173517795704	0.007	0.005	0.18091489288512586	0.000292951302364706	0.07885123864744514	0.11743257068784742	83.68902434714448
2.0608294473045867	0.007	0.005	0.18292072778331728	0.0002920798584965913	0.0808591932770308	0.1190630509070978	83.44007414297549
2.09495350188731	0.007	0.005	0.184911459859979	0.00029120558452515425	0.08288612707135289	0.12069391888485005	83.19031544314394
2.129291556573061	0.007	0.005	0.186886958225919	0.00029032846934519543	0.08493169943182652	0.12232514732293781	82.93974508347031
2.163845655755184	0.007	0.005	0.18884709001930616	0.00028944850248220416	0.08699556252045648	0.12395670744362547	82.68836006502598
2.19861780526203	0.007	0.005	0.1907917181508793	0.0002885656750688221	0.0890773586582189	0.12558856703716997	82.43615785856204
2.2336100107371055	0.007	0.005	0.19272070364485597	0.0002876799789173055	0.09117672252061405	0.12722069231556116	82.18313612364487
2.26882423041128	0.007	0.005	0.19463390317871057	0.0002867914076832538	0.09329327822196508	0.12885304574434664	81.92929304902484
2.304262416122565	0.007	0.005	0.19653117153761282	0.00028589995583774944	0.09542664169728579	0.13048558800894836	81.67462705347081
2.339926470086637	0.007	0.005	0.19841235946250851	0.00028500561974314223	0.09757641803746958	0.13211827606574164	81.41913709466098
2.375818274445301	0.007	0.005	0.2002773154553271	0.0002841083968471855	0.09974220321104971	0.13375106456844954	81.16282245329792
2.4119396567736646	0.007	0.005	0.20212588419133778	0.0002832082866416767	0.10192358194210216	0.13538390435812755	80.90568297632944
2.4482924126398142	0.007	0.005	0.203957907945423	0.0002823052899926228	0.10412012904165406	0.13701674356744042	80.64771891123331
2.484878282575998	0.007	0.005	0.20577322566683653	0.0002813994097241069	0.10633140800362802	0.1386495266583001	80.38893106525138
2.5216989577730993	0.007	0.005	0.207571673551543	0.00028049065044684005	0.10855697135105154	0.14028219476906428	80.12932075922805
2.558756073630203	0.007	0.005	0.20935308500680194	0.0002795790187336104	0.11079636026654288	0.1419146855189144	79.86888986736537
2.5960512031178076	0.007	0.005	0.2111172906345591	0.0002786645232005953	0.11304910423029899	0.14354693281551686	79.60764085732063
2.633585847450665	0.007	0.005	0.21286411811851003	0.0002777471747986957	0.11531472051650306	0.145178866557789	79.34557684806089
2.671361449150436	0.007	0.005	0.21459339316717516	0.00027682698636841634	0.11759271506289572	0.1468104133187982	79.08270151078922
2.7093793599495597	0.007	0.005	0.21630493837809403	0.0002759039734349335	0.1198825806380478	0.14844149507533508	78.81901928427776
2.7476408612509386	0.007	0.005	0.21799857455061525	0.00027497815370945445	0.12218379820410229	0.1500720302251418	78.55453522296041
2.78614714165746	0.007	0.005	0.21967412004978665	0.0002740495475264904	0.1244958357167101	0.15170193275796168	78.28925514302989
2.8248993022336424	0.007	0.005	0.2213313914425138	0.0002731181777624782	0.12681814862276714	0.1533311126272678	78.02318557520823
2.8638983437905465	0.007	0.005	0.2229702033561621	0.0002721840700468872	0.12915017930573816	0.15495947536489618	77.75633384093933
2.903145172127045	0.007	0.005	0.2245903691228987	0.00027124725262671156	0.13149135763642375	0.15658692245951553	77.48870800444674
2.94264057980481	0.007	0.005	0.22619170045190834	0.00027030775667295396	0.1338411001508252	0.1582133507629492	77.22031698460404
2.9823852485968056	0.007	0.005	0.22777400799098088	0.0002693656163369051	0.13619881049701138	0.15983865277006226	76.95117052435543
3.0223797467515485	0.007	0.005	0.2293371016693174	0.0002684208685980361	0.1385638796012643	0.1614627166843625	76.68127919528231
3.0626245208779923	0.007	0.005	0.23088079084034405	0.0002674735535124295	0.14093568554823965	0.16308542627174796	76.41065443776996
3.1031198957478203	0.007	0.005	0.23240488474681886	0.00026652371411161946	0.14331359396292415	0.1647066610435384	76.1393085469377
3.1438660714569715	0.007	0.005	0.23390919288161424	0.00026557139647215956	0.14569695826669807	0.16632629633463977	75.86725467601936
3.184863101459481	0.007	0.005	0.235393524665949	0.000264616650033001	0.14808511885304124	0.16794420263374882	75.59450696624366
3.2261109222390383	0.007	0.005	0.23685769102624488	0.0002636595270540523	0.15047740531270284	0.16956024696603966	75.32108033175354
3.26760931485569	0.007	0.005	0.23830150348850426	0.00026270008325108906	0.15287313471710404	0.17117429158421374	75.0469906978176
3.3093579349612585	0.007	0.005	0.2397247757347931	0.0002617383771707791	0.1552716139152208	0.17278619535796247	74.77225478362888
3.351356285062077	0.007	0.005	0.24112732311384125	0.00026077447067497054	0.1576721385143911	0.1743958129057979	74.49689026729884
3.393603736716906	0.007	0.005	0.24250896387179793	0.0002598084284483597	0.16007399476737186	0.17600299566535949	74.22091562113803
3.436099505372505	0.007	0.005	0.24386951877889626	0.0002588403184338545	0.16247645877375022	0.17760759114284264	73.94435025773062
3.4788426758195734	0.007	0.005	0.24520881241638592	0.00025787021120205275	0.16487879859068932	0.17920944409347034	73.66721434465968
3.521832174090486	0.007	0.005	0.2465266727229917	0.00025689818059999544	0.1672802733334329	0.1808083956725676	73.38952896816902
3.565066804891888	0.007	0.005	0.24782293258555574	0.0002559243027399385	0.16968013598187517	0.18240428504217088	73.11131587172741
3.608545214919615	0.007	0.005	0.2490974291178153	0.00025494865676896876	0.1720776320537074	0.18399694820781387	72.83259767424448
3.652265928040861	0.007	0.005	0.25035000510832717	0.0002539713240927655	0.17447200229911974	0.1855862195174333	72.55339762478611
3.6962273288654868	0.007	0.005	0.2515805088874436	0.0002529923885873406	0.1768624825363281	0.18717193124445192	72.27373969011016
3.7404276753972274	0.007	0.005	0.2527887950317803	0.00025201193635065533	0.1792483051036235	0.1887539142329353	71.99364845583762
3.7848651062093377	0.007	0.005	0.2539747248616086	0.00025103005536005786	0.18162870000190484	0.19033199832549982	71.71314906396866
3.8295376360044076	0.007	0.005	0.2551381665989761	0.0002500468356217287	0.1840028954147548	0.19190601236915558	71.43226722434837
3.87444317506115	0.007	0.005	0.2562789961296379	0.00024906236863794236	0.1863701195023655	0.19347578505780033	71.1510290761753
3.919579528232324	0.007	0.005	0.25739709717837217	0.00024807674736367167	0.18872960108659884	0.19504114503352682	70.86946117972158
3.9649444030455196	0.007	0.005	0.2584923616935718	0.000247090066059802	0.1910805708117747	0.19660192129904425	70.58759045148818
4.010535421107339	0.007	0.005	0.25956469026682283	0.0002461024198456216	0.19342226245397118	0.19815794372650627	70.3054440802013
4.056350126795322	0.007	0.005	0.26061399243821315	0.000245113904654233	0.19575391406032897	0.19970904345361243	70.02304946123967
4.102385993141721	0.007	0.005	0.2616401868981452	0.0002441246169452543	0.19807476891939615	0.20125505316914286	69.74043414962095
4.148640434049758	0.007	0.005	0.2626432017940259	0.00024313465341336255	0.20038407682364126	0.2027958075965984	69.45762577529382
4.195110810639777	0.007	0.005	0.26362297486243563	0.0002421441108961746	0.20268109499980763	0.2043311437625111	69.17465199599901
4.2417944532885405	0.007	0.005	0.26457945384808296	0.00024115308580538553	0.20496508977450287	0.20586090176444152	68.89154035618338
4.288688643616089	0.007	0.005	0.26551259605296196	0.00024016167451209618	0.20723533623208576	0.20738492420502322	68.60831839069348
4.33579066500278	0.007	0.005	0.26642236924726875	0.00023916997229571132	0.20949112117932125	0.20890305785281718	68.3250133145335
4.383097775533262	0.007	0.005	0.2673087509684057	0.00023817807386341725	0.2117317422829854	0.21041515275110004	68.04165218394476
4.430607249849144	0.007	0.005	0.26817172914285037	0.00023718607247375195	0.21395651048482903	0.21192106354364493	67.75826164336132
4.478316348879034	0.007	0.005	0.2690113013136133	0.0002361940605995763	0.21616474894525456	0.2134206484750145	67.47486810622627
4.526222381291027	0.007	0.005	0.26982747550617914	0.00023520212861008997	0.21835579623684245	0.21491377128455796	67.19149738997008
4.574322663801024	0.007	0.005	0.2706202692491456	0.00023421036563043662	0.2205290047732038	0.21640029988973034	66.90817495476627
4.622614570535789	0.007	0.005	0.2713897101227502	0.00023321885851022663	0.22268374329777524	0.21788010784868564	66.62492561521647
4.671095496281084	0.007	0.005	0.2721358348450884	0.00023222769266751942	0.22481939541571833	0.2193530731398042	66.3417737613725
4.719762922492902	0.007	0.005	0.27285868997955187	0.00023123695058902276	0.22693536266816502	0.22081908008064358	66.05874297799834
4.768614370831356	0.007	0.005	0.27355833085308773	0.00023024671303708375	0.2290310625642252	0.22227801779970438	65.7758563236859
4.81764744375333	0.007	0.005	0.27423482180597186	0.0002292570580846109	0.231105930410674	0.22372978134695004	65.49313610221407
4.866859816715889	0.007	0.005	0.27488823568924425	0.0002282680613729841	0.23315941897288478	0.22517427132802834	65.21060391722482
4.916249246573411	0.007	0.005	0.27551865359585154	0.00022727979589531007	0.23519099880268482	0.22661139402036665	64.92828063342188
4.965813580049317	0.007	0.005	0.2761261645739894	0.00022629233198353068	0.23720015851814819	0.22804106147945508	64.64618633864008
5.015550758973914	0.007	0.005	0.27671086528549527	0.00022530573716713593	0.2391864049039939	0.22946319154132874	64.36434032549606
5.065458822218517	0.007	0.005	0.27727285962085585	0.00022432007623898303	0.24114926284383797	0.2308777077252248	64.08276109244322
5.115535897603654	0.007	0.005	0.27781225821204153	0.00022333541130673673	0.24308827484077367	0.23228453885438172	63.80146640132781
5.165780240342737	0.007	0.005	0.2783291784456099	0.00022235180131292864	0.24500300230832955	0.23368361998042164	63.520473074081615
5.216190188310493	0.007	0.005	0.27882374357864037	0.00022136930275656837	0.24689302360915985	0.23507489096715636	63.23979725719715
5.266764203878299	0.007	0.005	0.2792960827808201	0.00022038796900880817	0.24875793540755298	0.23645829749964617	62.95945420078576
5.317500855685022	0.007	0.005	0.2797463305494006	0.00021940785073276494	0.25059735169203234	0.23783379041261293	62.679458374546584
5.368398816959034	0.007	0.005	0.2801746263214894	0.00021842899593087271	0.2524109034353791	0.23920132549032555	62.39982349029621
5.419456884109615	0.007	0.005	0.28058111425795934	0.00021745144963146597	0.25419823895048205	0.24056086380820305	62.12056241361681
5.470673958125052	0.007	0.005	0.28096594271661046	0.000216475254317432	0.2559590228965293	0.24191237107278526	61.841687280274584
5.522049052933438	0.007	0.005	0.28132926397079044	0.00021550044980152036	0.25769293624490514	0.2432558176925209	61.56320946404794
5.573581296998632	0.007	0.005	0.28167123387285536	0.0002145270732461672	0.25939967598093583	0.24459117866430743	61.28513958216897
5.6252699245947815	0.007	0.005	0.281992011462346	0.00021355515938695617	0.26107895445773077	0.24591843319625836	61.007487556274064
5.677114294459391	0.007	0.005	0.28229175875950907	0.00021258474021886237	0.26273049963784056	0.24723756503846497	60.73026252596591
5.729113849968505	0.007	0.005	0.2825706402206456	0.00021161584579149547	0.2643540534489111	0.24854856132245678	60.453473075615
5.781268165292612	0.007	0.005	0.28282882271091686	0.00021064850337339675	0.26594937288663145	0.24985141359626215	60.17712700076369
5.833576901870483	0.007	0.005	0.2830664749836567	0.00020968273836952857	0.26751622827816735	0.2511461165883706	59.90123155313441
5.886039837390509	0.007	0.005	0.28328376756143475	0.00020871857377080638	0.2690544038089707	0.2524326688037255	59.625793299450486
5.938656842751763	0.007	0.005	0.2834808723719751	0.00020775603061173913	0.2705636964591891	0.2537110718242217	59.35081825564153
5.991427893716146	0.007	0.005	0.28365796255759823	0.0002067951278697906	0.2720439159862831	0.25498133047386573	59.076311837610554
6.04435305459021	0.007	0.005	0.2838152121883407	0.00020583588274529862	0.2734948841024303	0.2562434523064121	58.80227895811839
6.097432493382483	0.007	0.005	0.28395279609664725	0.00020487831042667	0.27491643454479375	0.25749744785704093	58.528723959416254
6.150666461810116	0.007	0.005	0.2840708896143872	0.00020392242452380342	0.27630841217854396	0.2587433300570688	58.25565072789787
6.2040553140090395	0.007	0.005	0.2841696684269626	0.0002029682367403682	0.2776706731501421	0.2599811145701865	57.98306260866895
6.25759946860459	0.007	0.005	0.2842493083198036	0.00020201575761223217	0.27900308357761855	0.26121081881138936	57.71096260990217
6.311299452256488	0.007	0.005	0.28430998509159944	0.0002010649957455381	0.28030552033488826	0.26243246286192073	57.439353190578004
6.365155857981409	0.007	0.005	0.2843518743298867	0.0002001159585964915	0.28157786968531184	0.2636460684181873	57.168236482408986
6.41916936743781	0.007	0.005	0.2843751512978319	0.00019916865212678955	0.2828200275243633	0.2648516592170698	56.89761418603964
6.4733407339543305	0.007	0.005	0.28437999078387094	0.0001982230811086446	0.2840318986736695	0.2660492605705442	56.62748766566371
6.52767078334969	0.007	0.005	0.28436656698471446	0.000197279249154904	0.2852133966217699	0.26723889931123446	56.357857953085386
6.582160552296966	0.007	0.005	0.2843350532900021	0.00019633715635516342	0.2863644461264614	0.26842060670691553	56.088725074120845
6.6368109749792294	0.007	0.005	0.2842856222847518	0.00019539680473694779	0.2874849761829696	0.26959441154889613	55.82008960960622
6.691623133064779	0.007	0.005	0.2842184455867915	0.0001944581939718053	0.28857492518790945	0.2707603455571331	55.55195146287484
6.746598104068311	0.007	0.005	0.2841336938873949	0.00019352132398205586	0.28963423756240564	0.2719184400565476	55.284310613074055
6.8017370858047	0.007	0.005	0.2840315367293904	0.0001925861928567789	0.2906628660044157	0.27306872857316167	55.01716651261912
6.857041283926783	0.007	0.005	0.2839121426048627	0.00019165279876034818	0.29166076908322197	0.2742112444086014	54.75051864165469
6.912511993059973	0.007	0.005	0.28377567875774384	0.0001907211386237421	0.29262791256587056	0.27534602229351185	54.48436612002722
6.96815054981023	0.007	0.005	0.2836223112151208	0.00018979120891559262	0.2935642683328056	0.27647309736120257	54.21870794088727
7.023958351789224	0.007	0.005	0.28345220469514104	0.00018886300537893048	0.29446981451916043	0.2775925054965002	53.953542884758434
7.079936832309453	0.007	0.005	0.28326552263884064	0.00018793652342688553	0.29534453491104723	0.27870428278678705	53.688869645315236
7.136087494374021	0.007	0.005	0.28306242706532586	0.0001870117576519008	0.2961884193095687	0.27980846616403127	53.42468667330839
7.192411866619007	0.007	0.005	0.28284307868720016	0.00018608870251604428	0.29700146267319516	0.2809050924958006	53.16099238968267
7.248911548654691	0.007	0.005	0.2826076367169864	0.00018516735166527055	0.2977836656317195	0.28199419944316734	52.8977849770979
7.3055881629882204	0.007	0.005	0.28235625902882566	0.00018424769868970544	0.2985350336321134	0.2830758244929939	52.63506260967315
7.362443381734683	0.007	0.005	0.2820891020384224	0.00018332973676057055	0.2992555771831815	0.2841500054522285	52.37282333194453
7.419478927229077	0.007	0.005	0.28180632067521116	0.00018241345858633178	0.29994531170176814	0.2852167804265347	52.11106506097183
7.476696538437883	0.007	0.005	0.28150806853857685	0.0001814988569842007	0.3006042569766077	0.28627618716900527	51.84978574427825
7.5340980131065765	0.007	0.005	0.2811944976833964	0.0001805859242012762	0.3012324375584439	0.2873282638483193	51.58898316990113
7.591685170242039	0.007	0.005	0.28086575880852865	0.0001796746525584955	0.3018298822048275	0.2883730483322715	51.328655141438276
7.649459873404566	0.007	0.005	0.28052200113298836	0.0001787650340471719	0.3023966240356482	0.2894105786000938	51.0687993751046
7.7074240043154445	0.007	0.005	0.28016337255286883	0.00017785706081607734	0.30293270016721774	0.2904408922508806	50.80941362172813
7.765579493992037	0.007	0.005	0.279790019460736	0.00017695072461909478	0.30343815192207363	0.29146402704828184	50.5504955296463
7.823928280736993	0.007	0.005	0.27940208701738484	0.00017604601751977034	0.3039130243628154	0.29248002016465163	50.29204283499739
7.882472341337324	0.007	0.005	0.27899971897046527	0.0001751429314538892	0.3043573665034953	0.29348890872610567	50.03405322447769
7.941213679852645	0.007	0.005	0.27858305773709635	0.0001742414583028766	0.30477123113357923	0.2944907296047539	49.77652438778242
8.000154316213747	0.007	0.005	0.2781522445036301	0.0001733415901943311	0.3051546746802975	0.2954855192201356	49.51945406932771
8.059296294276537	0.007	0.005	0.2777074191920321	0.000172443319284777	0.3055077572211144	0.29647331367621116	49.262840034215
8.118641682126409	0.007	0.005	0.27724872047691274	0.00017154663784100025	0.30583054243239627	0.2974541487626435	49.00668006863497
8.178192556557338	0.007	0.005	0.27677628592969405	0.00017065153841139385	0.3061230974658832	0.2984280596985779	48.75097204807137
8.237951019050161	0.007	0.005	0.27629025192231565	0.0001697580136480851	0.30638549300605084	0.29939508139967375	48.495713869203755
8.297919180146744	0.007	0.005	0.2757907537780652	0.00016886605648438463	0.30661780316502696	0.3003552482254533	48.24090351788454
8.358099163544452	0.007	0.005	0.2752779257707207	0.0001679756601350302	0.3068201054889108	0.3013085940534974	47.98653905187137
8.418493098219713	0.007	0.005	0.2747519012239466	0.00016708681816382967	0.30699248092166925	0.30225515216288246	47.7326186342967
8.47910313457858	0.007	0.005	0.2742128124031404	0.00016619952429557997	0.30713501384456443	0.3031949554961017	47.47914046585781
8.539931404294874	0.007	0.005	0.2736607909052297	0.00016531377290059554	0.3072477919778225	0.30412803604570526	47.22610295278206
8.600980068686377	0.007	0.005	0.2730959672639813	0.00016442955846157961	0.3073309065012111	0.30505442561700563	46.9735045040696
8.662251262084098	0.007	0.005	0.27251847150212083	0.00016354687620408656	0.3073844519662245	0.3059741549752292	46.721343766166804
8.723747144524168	0.007	0.005	0.271928432683033	0.0001626657214723685	0.307408526390383	0.3068872546624566	46.46961940381541
8.785469844635042	0.007	0.005	0.27132597948878995	0.0001617860904662371	0.30740323123481217	0.30779375415920934	46.21833033372593
8.84742154147553	0.007	0.005	0.2707112394637115	0.0001609079791171039	0.3073686714346686	0.3086936831084104	45.96747538956887
8.909604461096446	0.007	0.005	0.2700843390445526	0.00016003138308681898	0.30730495530616564	0.3095870712423207	45.717053340269054
8.972020657280964	0.007	0.005	0.26944540582125576	0.00015915630095463755	0.3072121948369695	0.3104739452637599	45.4670637698563
9.034672287920477	0.007	0.005	0.26879456581071215	0.00015828273019038045	0.30709050550212114	0.31135433285970615	45.217505959620794
9.097561390765913	0.007	0.005	0.26813194578888067	0.0001574106703404377	0.3069400066324681	0.31222825953633143	44.96837978433726
9.160690057783215	0.007	0.005	0.2674576715339851	0.00015654012062366805	0.3067608211674183	0.3130957511098016	44.719685013078326
9.22406027581875	0.007	0.005	0.2667718695509797	0.0001556710820346954	0.30655307610662785	0.31395683152611326	44.471421936559345
9.287674068690833	0.007	0.005	0.2660746656040923	0.00015480355544414637	0.3063169021943287	0.3148115248538783	44.223590802591026
9.351533366067832	0.007	0.005	0.26536618617910457	0.00015393754336221553	0.3060524344204964	0.3156598535377612	43.976192325613
9.41564009994795	0.007	0.005	0.26464655747896537	0.00015307304858940533	0.3057598117685609	0.31650183974246654	43.72922730478305
9.479996123313752	0.007	0.005	0.26391590637090895	0.0001522100752940054	0.3054391776369426	0.31733750431313557	43.482696933929454
9.544603273239073	0.007	0.005	0.263174359726116	0.0001513486281611483	0.3050906796509377	0.31816686765130836	43.23660255227111
9.609463297240557	0.007	0.005	0.2624220453038151	0.00015048871336620156	0.30471447013483366	0.3189899488085688	42.990945919835404
9.67457791671714	0.007	0.005	0.26165909107119695	0.00014963033766079452	0.30431070588012527	0.31980676635371286	42.74572896857095
9.739948756906147	0.007	0.005	0.26088562606211707	0.0001487735093184653	0.30387954866215217	0.3206173375378953	42.50095406007502
9.805577401999303	0.007	0.005	0.2601017797785348	0.00014791823734807937	0.3034211650172886	0.32142167904436814	42.256623769690485
9.871465333073559	0.007	0.005	0.25930768297000906	0.00014706453229388993	0.30293572677029984	0.32221980627835134	42.01274111024456
9.93761397474977	0.007	0.005	0.25850346712198935	0.00014621240559743902	0.3024234108338461	0.323011734002628	41.76930934887678
10.004024641227266	0.007	0.005	0.2576892651493017	0.00014536187026503348	0.30188439972951714	0.3237974757486761	41.52633219698192
10.07069856991691	0.007	0.005	0.2568652110313956	0.00014451294034723884	0.301318881461028	0.3245770442898571	41.28381367558673
10.137636888994805	0.007	0.005	0.2560314402492437	0.00014366563137979644	0.300727049900115	0.325350451325974	41.04175822332938
10.20484062007065	0.007	0.005	0.25518808979410695	0.00014281996030373787	0.30010910490331116	0.326117707591585	40.800170674491476
10.272310667468512	0.007	0.005	0.25433529833955903	0.00014197594552390607	0.2994652525419102	0.3268788228101656	40.55905628513585
10.340047834337534	0.007	0.005	0.253473206071555	0.00014113360664329622	0.2987957050728231	0.3276338059523441	40.31842066292044
10.408052762236716	0.007	0.005	0.25260195548878395	0.00014029296523701437	0.2981006816598635	0.32838266464166255	40.07826996846154
10.476325992114525	0.007	0.005	0.2517216906577049	0.00013945404401185645	0.2973804079022455	0.32912540591923267	39.838610684275025
10.544867894364916	0.007	0.005	0.25083255813572075	0.00013861686757534153	0.2966351166739758	0.3298620355592069	39.599449846966486
10.613678711914693	0.007	0.005	0.24993470644250596	0.00013778146192983473	0.2958650478018598	0.33059255862984066	39.36079487985203
10.68275851233969	0.007	0.005	0.24902828670268073	0.00013694785494581082	0.2950704487069855	0.3313169790702429	39.122653743765504
10.752107208247626	0.007	0.005	0.248113452400437	0.00013611607604503784	0.29425157430352095	0.3320353000045653	38.88503484876244
10.821724536452113	0.007	0.005	0.2471903596669713	0.00013528615642662917	0.2934086873487265	0.3327475236188156	38.64794710841372
10.891610064673818	0.007	0.005	0.2462591672023901	0.00013445812893574035	0.29254205846825393	0.3334536513272848	38.411399898735475
10.961763161118569	0.007	0.005	0.24532003668673596	0.00013363202828937468	0.2916519666287771	0.33415368356297476	38.17540314259124
11.032183015036493	0.007	0.005	0.24437313250863293	0.0001328078908279278	0.2907386989763473	0.33484762008711366	37.93996722053908
11.102868610753076	0.007	0.005	0.24341862210955542	0.00013198575473063662	0.2898025512442148	0.33553545983039673	37.70510303850945
11.17381872958639	0.007	0.005	0.24245667595150786	0.0001311656599058631	0.2888438278040751	0.3362172010165639	37.470822000638826
11.24503194241773	0.007	0.005	0.24148746760469947	0.00013034764805512896	0.2878628418245699	0.3368928411931843	37.23713601309836
11.31650661171704	0.007	0.005	0.2405111737014099	0.00012953176248216384	0.2868599152878637	0.33756237735252764	37.00405745646315
11.388240865092099	0.007	0.005	0.23952797427360845	0.00012871804844438983	0.2858353793935795	0.33822580578595196	36.77159925051983
11.46023262588445	0.007	0.005	0.23853805230545058	0.0001279065526162693	0.2847895741460651	0.3388831224711397	36.53977473292953
11.532479577194966	0.007	0.005	0.23754159419072415	0.0001270973234840753	0.2837228488675869	0.3395343228380647	36.30859775419441
11.604979173571662	0.007	0.005	0.23653878953269447	0.00012629041109559985	0.2826355620222652	0.34017940197796315	36.07808261740973
11.677728653024054	0.007	0.005	0.23552983093013172	0.00012548586693363978	0.2815280809979148	0.34081835484334866	35.84824401866157
11.750724996004307	0.007	0.005	0.23451491449305129	0.00012468374415433955	0.2804007826769315	0.34145117597952007	35.61909715507929
11.823964971432396	0.007	0.005	0.233494239146351	0.0001238840971573815	0.2792540526685748	0.3420778600201975	35.390657557579246
11.897445105498393	0.007	0.005	0.23246800699847253	0.00012308698171485853	0.2780882856958247	0.3426984015006102	35.16294116797863
11.971161708865464	0.007	0.005	0.23143642289231925	0.00012229245472948343	0.2769038850581587	0.3433127951714292	34.93596423340582
12.045110845487853	0.007	0.005	0.23039969476587654	0.00012150057438798876	0.27570126299838554	0.3439210358141345	34.709743382289254
12.119288379930126	0.007	0.005	0.22935803290942888	0.00012071139966599747	0.27448083978900767	0.3445231187062119	34.484295459114946
12.193689931641885	0.007	0.005	0.22831165052143867	0.00011992499070641793	0.2732430443046547	0.345119039311997	34.25963764515014
12.26831093773783	0.007	0.005	0.227260762737029	0.00011914140808015933	0.2719883127945674	0.3457087938513602	34.0357872496261
12.343146622387176	0.007	0.005	0.2262055869634899	0.0001183607131167294	0.27071708916804804	0.3462923791019029	33.81276178605554
12.418192005768804	0.007	0.005	0.22514634265731903	0.000117582967665708	0.26942982461662995	0.3468697925199078	33.59057892849427
12.493441943270119	0.007	0.005	0.22408325067020105	0.00011680823372389898	0.26812697668829183	0.3474410325807187	33.369256380514045
12.568891095188066	0.007	0.005	0.2230165335731081	0.00011603657360369555	0.26680900953313474	0.34800609857538695	33.14881195143678
12.644533966469671	0.007	0.005	0.22194641498963857	0.00011526804956400783	0.2654763929285683	0.34856499093727455	32.929263426733655
12.720364921892951	0.007	0.005	0.22087311927387165	0.00011450272361327508	0.26412960169887256	0.3491177113645118	32.71062851390247
12.796378181338916	0.007	0.005	0.21979687146936877	0.00011374065745847256	0.26276911547410436	0.34966426278932483	32.49292484719738
12.87256784038449	0.007	0.005	0.21871789690982543	0.00011298191234736361	0.26139541799035504	0.35020464952674496	32.276169920288226
12.94892789121063	0.007	0.005	0.21763642081544848	0.0001122265487842891	0.2600089963650093	0.3507388774118906	32.06038102064861
13.025452233645002	0.007	0.005	0.2165526680301663	0.00011147462645484387	0.25861034053637555	0.35126695385634077	31.845575194161558
13.102134696549653	0.007	0.005	0.21546686261420814	0.00011072620394806247	0.2571999425055517	0.3517888879672155	31.631769182446725
13.178969028869336	0.007	0.005	0.2143792278687279	0.00010998133889577233	0.25577829612942454	0.35230469045129426	31.418979446537254
13.255948977461022	0.007	0.005	0.21328998513507247	0.00010924008716381671	0.25434589530410895	0.35281437409426497	31.207221951824206
13.33306821725675	0.007	0.005	0.21219935468809517	0.00010850250360460366	0.2529032348764504	0.3533179532395914	30.996512363935658
13.410320444820066	0.007	0.005	0.21110755432131145	0.00010776864112166243	0.25145080852482915	0.35381544435059986	30.786865795064255
13.487699349478994	0.007	0.005	0.21001479966940728	0.00010703855096694525	0.24998910891438747	0.3543068657505184	30.57829688961885
13.565198651024595	0.007	0.005	0.20892130359462657	0.00010631228243785963	0.24851862661326637	0.354792237792866	30.370819729157247
13.642812101620295	0.007	0.005	0.20782727608486676	0.00010558988287238561	0.24703984968535928	0.3552715827936096	30.164447836333252
13.720533503136602	0.007	0.005	0.20673292393986753	0.00010487139752197423	0.24555326300017538	0.35574492505704236	29.959194138467115
13.798356750347438	0.007	0.005	0.20563845010067172	0.0001041568691984216	0.24405934705216925	0.35621229104858654	29.7550708653857
13.87627578648193	0.007	0.005	0.2045440542193306	0.00010344633871074932	0.2425585784697395	0.35667370903240947	29.55208967939515
13.954284682574468	0.007	0.005	0.20344993149406346	0.00010273984423531728	0.2410514281621566	0.3571292094511766	29.3502614812259
14.032377592902112	0.007	0.005	0.20235627325358746	0.00010203742171557494	0.23953836186015093	0.3575788245605207	29.149596541645728
14.110548808560651	0.007	0.005	0.20126326617053988	0.00010133910446689675	0.238019838780642	0.35802258864109165	28.950104378631135
14.188792743769346	0.007	0.005	0.2001710924260998	0.00010064492336966703	0.2364963116054267	0.3584605378135814	28.75179380995134
14.267103968724978	0.007	0.005	0.19907992923053963	9.995490659052158e-5	0.2349682255738483	0.358892710118324	28.554672887366976
14.345477174948329	0.007	0.005	0.19798994929254277	9.926908000953979e-5	0.23343601890818366	0.35931914521783526	28.358749002224723
14.42390724435657	0.007	0.005	0.1969013198503509	9.858746664344658e-5	0.23190012123297027	0.35973988467099577	28.16402873062103
14.502389183227459	0.007	0.005	0.19581420358949514	9.791008731294629e-5	0.23036095465246714	0.3601549714693702	27.97051801741071
14.580918211968974	0.007	0.005	0.1947287574033725	9.723695990011355e-5	0.22881893179740995	0.36056445041331364	27.778221973007494
14.65948967800787	0.007	0.005	0.1936451336119324	9.65681001885621e-5	0.22727445735720284	0.36096836754858774	27.587145107697133
14.738099155865335	0.007	0.005	0.19256347859671688	9.590352108236814e-5	0.22572792595756333	0.36136677058665173	27.397291106353766
14.81674235976614	0.007	0.005	0.19148393403028152	9.524323340379017e-5	0.22417972373914558	0.3617597083548919	27.208663060985714
14.895415222766347	0.007	0.005	0.19040663581580028	9.458724530056096e-5	0.22263022668085708	0.3621472311021555	27.021263298987293
14.974113824719502	0.007	0.005	0.18933171510925717	9.393556291707195e-5	0.22107980191531146	0.3625293900453476	26.83509357526851
15.052834460847293	0.007	0.005	0.18825929741791556	9.328818987766637e-5	0.2195288062933271	0.3629062376177079	26.650154927807563
15.131573595555174	0.007	0.005	0.1871895032745167	9.264512777175224e-5	0.2179775872251731	0.36327782715440315	26.46644780639783
15.210327873496631	0.007	0.005	0.18612244813063122	9.200637607820203e-5	0.21642648241028148	0.3636442128646387	26.283972064393556
15.289094141004389	0.007	0.005	0.1850582421160705	9.137193208109422e-5	0.21487581937827818	0.3640054498495591	26.102726927443705
15.367869389191144	0.007	0.005	0.18399699086036286	9.074179139850366e-5	0.21332591658695607	0.36436159376324967	25.922711142325795
15.446650822188344	0.007	0.005	0.1829387946254764	9.011594748222667e-5	0.21177708207040663	0.3647127010524985	25.74392283705753
15.525435779234666	0.007	0.005	0.18188374941190938	8.949439229323102e-5	0.21022961497606285	0.3650588285357025	25.566359715389424
15.604221813233433	0.007	0.005	0.1808319459626972	8.887711573109488e-5	0.20868380403714182	0.36540003368683915	25.390018894685593
15.683006597068871	0.007	0.005	0.17978347107788858	8.82641064532042e-5	0.2071399294403	0.3657363741626828	25.21489713234889
15.761788012494716	0.007	0.005	0.17873840648948447	8.765535120183912e-5	0.2055982611200824	0.3660679081298988	25.04099064166447
15.840564051145465	0.007	0.005	0.17769683024114608	8.705083563958149e-5	0.20405906074642333	0.36639469378843315	24.868295325969786
15.9193328929	0.007	0.005	0.17665881571056483	8.645054378129172e-5	0.20252258024703815	0.3667167896527176	24.69680661873999
15.99809282770301	0.007	0.005	0.175624432706443	8.585445863783304e-5	0.20098906339918335	0.3670342541807869	24.52651966780473
16.0	0.007	0.005	0.17559942903966483	8.584007554092182e-5	0.20095196567723667	0.36704188514002334	24.522410769190266
