0.0	0.007	0.005	0.0	0.0	0.0	0.0	100.0
0.006463142995664292	0.007	0.005	0.018616415367229973	7.180385237604762e-5	1.5060523674142197e-5	7.279739558616932e-5	99.89594877532379
0.011157315377487795	0.007	0.005	0.03155799255707693	0.00011535281660944025	4.431655074251197e-5	0.00020666386888350084	99.82044438490793
0.017981222474819442	0.007	0.005	0.049540580579320835	0.0001679998115907768	0.00011301529699690423	0.0005012491367837701	99.71078560240078
0.02469572942657703	0.007	0.005	0.06631803020860083	0.00020963995339105002	0.0002094049316470739	0.0008860045953778207	99.60300244371196
0.03261760246887486	0.007	0.005	0.08500533724869333	0.00024844777860559927	0.0003577493880198495	0.001435700154831395	99.47598811207142
0.040976378684131225	0.007	0.005	0.10349822427791698	0.0002799054344785893	0.0005524190362523163	0.002103053084477126	99.34214436056524
0.05022095478096057	0.007	0.005	0.12257847587282243	0.0003060418764045909	0.000810227102869916	0.002919870211646492	99.1943265730867
0.060111373529283	0.007	0.005	0.14150406821267575	0.00032648600297900134	0.0011318551922131779	0.0038610680719479225	99.03642549526187
0.07082183262816552	0.007	0.005	0.1603918921946461	0.00034223998157573783	0.001529301144220076	0.004936158764873158	98.86571589277516
0.08230505675836713	0.007	0.005	0.1789326090598164	0.00035388401867209377	0.002007322537878215	0.006133140777945622	98.68301635741196
0.09465686402811752	0.007	0.005	0.1970675300040401	0.0003622086046684074	0.0025759030577634733	0.007454253638462615	98.4868744305522
0.107898812985252	0.007	0.005	0.21461611735277308	0.0003678709786155893	0.003241841460953208	0.008894393980742455	98.27703038242888
0.12209171784533393	0.007	0.005	0.231460214892681	0.00037148304918348604	0.004013424676283805	0.010453173295773475	98.05261301764052
0.13725192704179343	0.007	0.005	0.24743871016523375	0.0003735547214871754	0.004896034956607151	0.012126002560030125	97.8134667057611
0.15338122593692277	0.007	0.005	0.2624057760355645	0.00037450883790799815	0.005893101134542027	0.013907381222181783	97.55967373968943
0.17044501246626306	0.007	0.005	0.2762240224751427	0.00037467922544492157	0.007004375700259768	0.015788556280928043	97.29189350522934
0.18840125458716056	0.007	0.005	0.2888013974719594	0.0003743183195789623	0.008227473972215824	0.017760741849423375	97.01090168571336
0.2072098777417333	0.007	0.005	0.30009446830750713	0.0003736061206775702	0.009558654727449947	0.01981609087505812	96.71744141405927
0.22684474885462133	0.007	0.005	0.31010610306112824	0.00037266374731449416	0.01099397971535688	0.02194886408051585	96.4120366988469
0.24729234910429998	0.007	0.005	0.318872329961452	0.0003715685738487568	0.012529593636108083	0.024155102553125266	96.09501566644853
0.26855145401832575	0.007	0.005	0.32645199724179724	0.0003703677355463062	0.014162000133917246	0.026432424135463935	95.76651826281535
0.29063081628163556	0.007	0.005	0.3329178749148636	0.00036908866370267767	0.015888112263176202	0.028779634498171974	95.42653490869532
0.3135482759487558	0.007	0.005	0.33835052791548514	0.0003677464593060521	0.017705341772300306	0.031196524695625574	95.07492284749435
0.3373298146256491	0.007	0.005	0.3428337547006999	0.0003663487617466127	0.01961163314923347	0.03368368759254479	94.7114233104496
0.36200924625968856	0.007	0.005	0.3464514090727112	0.0003648987740674087	0.021605508321794635	0.036242418791328154	94.33566892169569
0.3876280233346486	0.007	0.005	0.3492851290676995	0.0003633970758907996	0.023686090654989958	0.03887463931792214	93.94718948129157
0.41423537302554536	0.007	0.005	0.35141278500844003	0.0003618426575375322	0.025853131875268314	0.041582856883529334	93.5454129471466
0.44188858652042806	0.007	0.005	0.3529074344988146	0.00036023348871656055	0.028107032410239298	0.04437014280391528	93.12966443201755
0.47065353466926924	0.007	0.005	0.3538366615153701	0.00035856681094497377	0.030448864142156078	0.04724012865872993	92.69916222574295
0.5006054110873286	0.007	0.005	0.35426219330236985	0.00035683927132681357	0.03288039754705245	0.05019701960977149	92.25301098029968
0.5318296763202466	0.007	0.005	0.35423971712829594	0.00035504696799327525	0.035404131849617895	0.05324561880874118	91.79019262522192
0.5644233882542471	0.007	0.005	0.3538188389722046	0.00035318543549933104	0.03802334295695141	0.05639137784552835	91.30955247880557
0.5984978909061431	0.007	0.005	0.3530431061214296	0.00035124953689728345	0.04074222487780909	0.0596405608704394	90.8097666570596
0.6341778082475342	0.007	0.005	0.3519501857959684	0.000349233561515315	0.04356571914657513	0.06300003638946616	90.28936521556567
0.6716060404975684	0.007	0.005	0.350571985126886	0.00034713098312337635	0.04649980580847876	0.06647762126333662	89.7466688464166
0.7109452653745586	0.007	0.005	0.3489348578872647	0.0003449344244173111	0.04955149041186882	0.07008205799130587	89.17977940945525
0.7523824060260464	0.007	0.005	0.3470597457854977	0.00034263546489020504	0.05272899547117482	0.07382323164733705	88.58653028995997
0.7961327279910265	0.007	0.005	0.3449623417136556	0.00034022448503289127	0.05604188344116731	0.07771229974496777	87.96444625134771
0.8424458181637448	0.007	0.005	0.34265318659063726	0.00033769042579547204	0.05950127525613594	0.08176192730561425	87.31068147773885
0.8916126687363529	0.007	0.005	0.3401377276219419	0.0003350205138959105	0.06312008727894461	0.08598653314285667	86.6219488412885
0.9439749805525783	0.007	0.005	0.33741628828486636	0.0003321999010485439	0.0669133486903154	0.09040261663876528	85.89442698947633
0.9999370107601945	0.007	0.005	0.3344839393698764	0.00032921121306918376	0.07089859124825293	0.0950291503534821	85.12364421024998
1.059981091140155	0.007	0.005	0.3313302267575249	0.0003260339669654503	0.07509634935627212	0.09988807560856394	84.3043282701768
1.1246880345725532	0.007	0.005	0.3279387148141417	0.0003226438184544865	0.0795307938815287	0.10500491797428911	83.4302125387559
1.1947643714522473	0.007	0.005	0.3242862797702821	0.000319011577292436	0.08423054424015142	0.11040955923316166	82.49378224639631
1.2710794164203008	0.007	0.005	0.3203420529097354	0.0003151018937353483	0.08922972852796984	0.11613722375396401	81.48593593717901
1.3547186109109068	0.007	0.005	0.3160657709222913	0.00031087137864143087	0.09456950887016326	0.12222989261553402	80.39550088985213
1.447039361052919	0.007	0.005	0.31140636907531477	0.00030626698514384006	0.10029891192204932	0.1287367726510943	79.20881594292196
1.5497317762549037	0.007	0.005	0.30630081791154395	0.00030122464882421257	0.10647489905044255	0.13571370947292496	77.90938132783106
1.66457711707577	0.007	0.005	0.3006882413086322	0.0002956830237971606	0.11314388340994222	0.14320158160239602	76.48140224480686
1.7905033299099966	0.007	0.005	0.2946512997235824	0.00028972281365374785	0.12017802715183196	0.15104399828676096	74.94570936930074
1.91577626317468	0.007	0.005	0.2887655460391203	0.00028391166902431563	0.1268979354578947	0.15847881959620738	73.44858052022988
2.0327004335624785	0.007	0.005	0.2833780321754339	0.0002785925638731163	0.1329297277283261	0.16510098362398154	72.07822287128016
2.142725182863454	0.007	0.005	0.27840020066765325	0.0002736785863676896	0.13840159543550104	0.1710632967920487	70.81208421391226
2.2494376253442874	0.007	0.005	0.2736557545018046	0.0002689954892998022	0.1435264178975119	0.17660580850257998	69.60531348892665
2.355816066379373	0.007	0.005	0.2690066259919344	0.00026440666050085406	0.14846260138912978	0.18190364345482973	68.42278940971526
2.4634587048908223	0.007	0.005	0.26438263568457826	0.00025984276125748005	0.1532879659696847	0.18704138598815578	67.24666030730971
2.572721779182133	0.007	0.005	0.2597703139757831	0.0002552905603185753	0.15801756242947831	0.19203500571530685	66.07349959618978
2.68316996858096	0.007	0.005	0.25518973781119286	0.0002507699607938531	0.16263197078230626	0.19686403028227217	64.9084136743211
2.794112547892017	0.007	0.005	0.2506699687680193	0.0002463097234636552	0.16710439523677964	0.20150115373679847	63.75879434605235
2.9049950973461294	0.007	0.005	0.24623263194583953	0.000241931250503016	0.1714172328174699	0.20592962022821584	62.630141982670715
3.0155596816977117	0.007	0.005	0.24188623261581726	0.0002376429710165436	0.17556673410179038	0.21014755301465257	61.52461990850616
3.1258073729091578	0.007	0.005	0.2376286832947441	0.00023344283626213302	0.1795594851179979	0.21416375206246138	60.44169715560056
3.2358720619627634	0.007	0.005	0.23345295444952047	0.00022932390553914174	0.18340635104468395	0.21799115022501453	59.379585733401036
3.3459010625344288	0.007	0.005	0.22935192200876822	0.00022527914059681874	0.18711773791049288	0.22164192365031682	58.33647360745896
3.455988188138424	0.007	0.005	0.22532082219716695	0.00022130383378450984	0.19070144362292385	0.22512541538007058	57.31114909394054
3.5661604585995157	0.007	0.005	0.2213575372942318	0.00021739589055334092	0.19416261439876378	0.22844822463597017	56.303073542836025
3.676397949496146	0.007	0.005	0.21746168012942108	0.000213554924278982	0.19750473846178873	0.23161528903159004	55.31214847581588
3.7866632296343177	0.007	0.005	0.21363343316509453	0.00020978110889191648	0.2007307513831902	0.23463100770739798	54.338420302771134
3.896924197036869	0.007	0.005	0.20987272536121154	0.0002060743656509231	0.2038437544867186	0.23749993108562217	53.38187095439165
4.007164126160168	0.007	0.005	0.20617891807031852	0.00020243405308384134	0.20684724908035895	0.24022695780950276	52.442337988425415
4.117380809733569	0.007	0.005	0.20255088102815985	0.00019885904244275646	0.20974503600479213	0.24281721343274223	51.51953391815171
4.227580279719348	0.007	0.005	0.19898723663926401	0.00019534795943577566	0.21254099288938583	0.24527582828844677	50.61310834728177
4.3377701854848505	0.007	0.005	0.19548659153856293	0.0001918994133242679	0.21523888312422151	0.24760776027928605	49.722706868475086
4.447955686601647	0.007	0.005	0.1920476671248691	0.0001885121261220689	0.2178422602737968	0.24981771477371856	48.84800426499113
4.5581383666555	0.007	0.005	0.18866932466979044	0.00018518495757238797	0.22035446058090752	0.2519101466451035	47.988710897230504
4.6683171604053495	0.007	0.005	0.1853505272259805	0.00018191686764898717	0.22277864271798614	0.25388930219642714	47.144563013963236
4.778489952090756	0.007	0.005	0.18209028530118898	0.00017870686300257548	0.22511783560888562	0.255759264442347	46.31530893433117
4.888654867085786	0.007	0.005	0.17888761669493072	0.00017555395739006987	0.22737497185614786	0.2575239830045125	45.500698832162435
4.998810928446878	0.007	0.005	0.1757415283869538	0.00017245715388054315	0.22955290285482094	0.25918728701399657	44.70048012923924
5.108957983708109	0.007	0.005	0.1726510206478079	0.00016941544900647048	0.23165439754627312	0.2607528845237693	43.91439854083527
5.219096412872141	0.007	0.005	0.1696150967940688	0.00016642784247974983	0.23368213772770885	0.26222435975552905	43.14220055699194
5.329226756301944	0.007	0.005	0.16663277414777963	0.0001634933480867847	0.23563871324937669	0.26360517102132086	42.383636230090794
5.439349430269387	0.007	0.005	0.1637030915684708	0.00016061100118737305	0.23752662011184858	0.26489865145335545	41.638461090649486
5.549464697825545	0.007	0.005	0.16082510956666743	0.0001577798588736979	0.2393482636487945	0.2661080136245893	40.90643617619296
5.6595726761353085	0.007	0.005	0.15799790943217273	0.00015499899914798518	0.2411059622230657	0.26723635444216576	40.18732780952907
5.769673409428404	0.007	0.005	0.15522059076657593	0.00015226751851577023	0.2428019517323093	0.26828666039827187	39.480906971133265
5.8797669856703045	0.007	0.005	0.1524922681575609	0.00014958452872388338	0.24443839037162807	0.2692618126988327	38.78694845324727
5.989853529260837	0.007	0.005	0.14981207116101666	0.00014694915676210962	0.2460173611697173	0.2701645907988557	38.105230855328834
6.099933208315177	0.007	0.005	0.14717914391909334	0.00014436054449995712	0.2475408746597823	0.2709976759544917	37.43553648690278
6.210006227364384	0.007	0.005	0.14459264513719977	0.00014181784867388055	0.24901087125383287	0.2717636545362965	36.77765136171051
6.320072805480813	0.007	0.005	0.14205174837700138	0.00013932024118327153	0.2504292233724908	0.272465021169328	36.13136527223474
6.430133154410244	0.007	0.005	0.13955564229781486	0.00013686690933237557	0.2517977375536029	0.2731041818372081	35.49647185109938
6.540187449421907	0.007	0.005	0.13710353101070813	0.00013445705618115962	0.2531181564490658	0.27368345690752455	34.872768661135936
6.650235880332087	0.007	0.005	0.13469463263124395	0.00013208989911198376	0.2543921617213465	0.27420508449167763	34.26005682726873
6.760278607777221	0.007	0.005	0.13232817997731994	0.0001297646705158264	0.2556213756906469	0.27467122315604825	33.658141214013064
6.870315806943258	0.007	0.005	0.13000341934081813	0.00012748061657121026	0.25680736393564163	0.27508395496519256	33.066830113039984
6.98034764570328	0.007	0.005	0.12771961071287388	0.00012523699745953484	0.25795163704692115	0.27544528809578483	32.485935300473926
7.090374299192554	0.007	0.005	0.12547602722854845	0.00012303308680673938	0.25905565271853626	0.2757571595106975	31.915271895643624
7.200395906091332	0.007	0.005	0.12327195580531573	0.00012086817230562696	0.26012081718502467	0.2760214373729085	31.35465852348321
7.310412619632567	0.007	0.005	0.1211066958460604	0.00011874155442145618	0.2611484875505169	0.2762399236471138	30.80391698463521
7.42042457845802	0.007	0.005	0.11897955959081193	0.00011665254672877948	0.26213997323945276	0.276414356374299	30.262872344915447
7.530431913906476	0.007	0.005	0.11688987172662986	0.00011460047551340561	0.26309653775419967	0.27654641196913615	29.731352836085925
7.64043474273053	0.007	0.005	0.11483696928700386	0.00011258467966064208	0.2640194002379657	0.276637707408295	29.209189830266883
7.750433203522428	0.007	0.005	0.11282020074750368	0.00011060450974673525	0.2649097373398218	0.276689802368094	28.696217609912082
7.860427420289394	0.007	0.005	0.11083892649708121	0.00010865932849299153	0.26576868440272455	0.2767042012136682	28.192273487686272
7.970417487888127	0.007	0.005	0.10889251885952327	0.00010674851077463747	0.2665973368227672	0.2766823549832559	27.697197811921754
8.080403712395793	0.007	0.005	0.10698035770003739	0.00010487143925077125	0.2673967531980092	0.27662566315675374	27.2108328491379
8.190386239618679	0.007	0.005	0.10510183683280686	0.0001030275107043228	0.26816795384721737	0.2765354755136664	26.73302441382538
8.300364989564114	0.007	0.005	0.10325636466395874	0.00010121613667149505	0.2689119218836056	0.27641309421929766	26.263622031987538
8.410339911380118	0.007	0.005	0.10144335949982095	9.943673877712121e-5	0.26962960636756295	0.2762597754382146	25.802477747778802
8.520311027048477	0.007	0.005	0.0996622487062078	9.768874788693445e-5	0.27032192373507913	0.2760767308249829	25.3494459096661
8.630278402244313	0.007	0.005	0.09791246909120525	9.597160447411206e-5	0.27098975869655056	0.2758651290457876	24.904383267791555
8.740242160895045	0.007	0.005	0.0961934665601668	9.428475826373359e-5	0.27163396539209766	0.27562609719900794	24.467148886219515
8.850202390505277	0.007	0.005	0.0945046974572916	9.262766955362082e-5	0.27225536788857413	0.2753607224448406	24.037604484171688
8.960159171289344	0.007	0.005	0.09284562790288255	9.099980854538811e-5	0.2728547614192275	0.275070053378553	23.615614267456394
9.070112583454097	0.007	0.005	0.09121573350335785	8.94006550456369e-5	0.27343291343674586	0.2747551013758165	23.20104485470898
9.180062663510151	0.007	0.005	0.08961449981194082	8.78296989142689e-5	0.2739905643682796	0.27441684204199734	22.7937653945699
9.290009440683553	0.007	0.005	0.08804142159007564	8.628643932065568e-5	0.27452842876744704	0.27405621639677263	22.393647377823182
9.399952951478781	0.007	0.005	0.08649600243356897	8.47703843621091e-5	0.2750471962908808	0.2736741320449913	22.000564542304268
9.509893239677922	0.007	0.005	0.08497775462282062	8.328105090545036e-5	0.27554753256306597	0.273271464342492	21.61439283480559
9.619830327217333	0.007	0.005	0.0834861993670419	8.181796482164323e-5	0.2760300798858205	0.27284905763590495	21.23501047319443
9.729764250592313	0.007	0.005	0.08202086614383428	8.038066031964223e-5	0.2764954582181533	0.272407726224348	20.862297778432367
9.839695046295029	0.007	0.005	0.08058129275506039	7.896867999389074e-5	0.276944265889308	0.2719482554621358	20.496137188786296
9.949622736254513	0.007	0.005	0.07916702536456521	7.75815748545707e-5	0.27737708029808034	0.2714714028394841	20.136413269422942
10.059547364237396	0.007	0.005	0.07777761788055063	7.621890370422687e-5	0.27779445878774756	0.27097789880788903	19.78301255531364
10.169468952167819	0.007	0.005	0.07641263237507616	7.48802335496044e-5	0.27819693917746285	0.2704684479153624	19.4358236579358
10.279387507409272	0.007	0.005	0.07507163883197113	7.356513934408365e-5	0.27858504048094035	0.26994372969938585	19.09473720115352
10.38930305188308	0.007	0.005	0.07375421464835698	7.227320348366856e-5	0.27895926366748475	0.2694043994315732	18.75964569442804
10.499215607508773	0.007	0.005	0.07245994468563666	7.100401585201191e-5	0.27932009223751136	0.26885108903099336	18.430443545786986
10.60912519620411	0.007	0.005	0.071188421137217	6.975717368279448e-5	0.2796679928322815	0.26828440788339913	18.107027028179125
10.719031825327805	0.007	0.005	0.06993924356257936	6.853228158904719e-5	0.28000341577871324	0.26770494370925074	17.789294288140386
10.828935494959554	0.007	0.005	0.06871201866470475	6.732895133602233e-5	0.28032679568611535	0.2671132632947508	17.477145289181166
10.938836227013773	0.007	0.005	0.06750635984159878	6.614680138740793e-5	0.2806385520785376	0.26650991306951405	17.170481697715044
11.048734043403131	0.007	0.005	0.06632188731802038	6.498545703296729e-5	0.2809390898533184	0.2658954199279855	16.869206916564472
11.1586289587607	0.007	0.005	0.06515822810091963	6.384455034026664e-5	0.2812287997727044	0.2652702919564026	16.573226073626273
11.268520987718396	0.007	0.005	0.06401501577889238	6.272371995016074e-5	0.28150805897802983	0.26463501905485687	16.282445970862167
11.378410123074556	0.007	0.005	0.062891890626904	6.1622611179192e-5	0.281777231412394	0.26399007370401895	15.996775110935612
11.488296372182656	0.007	0.005	0.061788499110345	6.0540875518595495e-5	0.28203666837308167	0.26333591137130385	15.716123571066682
11.5981797642269	0.007	0.005	0.06070449371493054	5.9478170460094616e-5	0.2822867089636207	0.2626729710538861	15.440402959766311
11.708060306558483	0.007	0.005	0.05963953327473429	5.84341598236307e-5	0.28252768041787507	0.2620016761116029	15.169526500272907
11.817938013804756	0.007	0.005	0.05859328257020908	5.740851335088589e-5	0.2827598985816227	0.2613224346471101	14.903408928307469
11.927812893315409	0.007	0.005	0.05756541236289242	5.6400906738455765e-5	0.28298366827835225	0.2606356401281013	14.641966500901082
12.037684945163212	0.007	0.005	0.056555599284884676	5.541102152512019e-5	0.2831992836958693	0.25994167190440387	14.38511696828326
12.147554176697103	0.007	0.005	0.05556352560025294	5.443854484978255e-5	0.2834070287862291	0.2592408956134278	14.132779513194219
12.257420624369377	0.007	0.005	0.05458887891830424	5.348316916020756e-5	0.28360717765955934	0.2585336635158445	13.884874677954885
12.367284295526373	0.007	0.005	0.053631352619943874	5.254459264297781e-5	0.28379999481923884	0.2578203153295252	13.641324472912618
12.477145197513872	0.007	0.005	0.052690645490626076	5.1622518852142275e-5	0.2839857355529984	0.25710117849277486	13.402052283080987
12.587003337677107	0.007	0.005	0.051766461624901665	5.071665661211942e-5	0.28416464625422266	0.25637656859483443	13.166982843861044
12.696858737911267	0.007	0.005	0.05085851021345615	4.9826719801418983e-5	0.28433696475444104	0.25564678969432597	12.936042186873749
12.80671140555976	0.007	0.005	0.049966505695681014	4.8952427507216234e-5	0.2845029205753232	0.2549121349122297	12.70915767876703
12.91656136251524	0.007	0.005	0.04909016742845497	4.809350368933843e-5	0.2846627352633382	0.2541728866256559	12.486257936969075
13.026408630668751	0.007	0.005	0.04822921972040557	4.724967721503932e-5	0.28481662264464663	0.25342931693713033	12.267272838402963
13.136253224635187	0.007	0.005	0.04738339179978261	4.642068182688846e-5	0.28496478908476625	0.25268168808481445	12.052133511315098
13.246095159028386	0.007	0.005	0.04655241766894675	4.560625599542206e-5	0.2851074337595256	0.2519302527417942	11.840772298263891
13.355934448461124	0.007	0.005	0.045736036019979304	4.480614283391571e-5	0.285244748905754	0.2511752543516856	11.633122734654801
13.465771122093175	0.007	0.005	0.044933990046492726	4.402008990714451e-5	0.2853769200803973	0.25041692735184456	11.429119500873687
13.575605201808385	0.007	0.005	0.044146027526617775	4.3247849316933115e-5	0.28550412636599454	0.24965549763547307	11.228698443394872
13.685436716762739	0.007	0.005	0.04337190063652746	4.248917751284138e-5	0.28562654061371684	0.24889118275299577	11.031796527350306
13.795265667016128	0.007	0.005	0.04261136612579376	4.174383547312654e-5	0.28574432962119445	0.24812419245674902	10.838351881132155
13.905092081721826	0.007	0.005	0.04186418483001504	4.1011588207324696e-5	0.28585765440730737	0.24735472857695312	10.64830367242786
14.014915990031097	0.007	0.005	0.04113012180529289	4.029220489499274e-5	0.2859666703806122	0.24658298549427413	10.461592142424804
14.1247374138202	0.007	0.005	0.04040894630081671	3.958545885936192e-5	0.28607152752822357	0.24580915045290436	10.27815859883714
14.234556374963915	0.007	0.005	0.03970043163477681	3.889112744180746e-5	0.2861723706125258	0.2450334037623371	10.09794538434376
14.344372895335558	0.007	0.005	0.03900435512239166	3.8208991929711455e-5	0.2862693393533439	0.2442559190410101	9.92089585828187
14.45418701862462	0.007	0.005	0.038320497870544264	3.753883734667193e-5	0.286362568621916	0.24347686329650098	9.746954344411957
14.563998781245354	0.007	0.005	0.03764864489656605	3.688045257665912e-5	0.28645218858377397	0.24269639735800488	9.5760661611309
14.673808205065216	0.007	0.005	0.03698858509907211	3.6233630336496e-5	0.28653832485828445	0.24191467614778564	9.408177614053843
14.783615297406097	0.007	0.005	0.036340111183096685	3.559816710132056e-5	0.28662109867902524	0.24113184889333436	9.243235976972116
14.89342009467715	0.007	0.005	0.03570301933590773	3.497386277143432e-5	0.28670062707937916	0.24034805902023484	9.081189409395511
15.003222640557045	0.007	0.005	0.035077109300575435	3.436052075016948e-5	0.2867770230206264	0.23956344450367711	8.92198697526476
15.113022956906857	0.007	0.005	0.03446218447729296	3.375794805166744e-5	0.28685039551411545	0.23877813826639754	8.765578668722714
15.22282108012933	0.007	0.005	0.03385805165173425	3.3165955021661544e-5	0.28692084978427046	0.23799226810235508	8.61191534502129
15.332617039353686	0.007	0.005	0.0332645210576517	3.2584355405013794e-5	0.28698848738590016	0.23720595700953592	8.460948736443342
15.44241086370743	0.007	0.005	0.03268140627478062	3.201296624231702e-5	0.2870534063371111	0.23641932330871487	8.312631426334361
15.552202589587461	0.007	0.005	0.0321085241320293	3.1451607771653555e-5	0.2871157012466412	0.23563248075606497	8.166916824478461
15.661992246117656	0.007	0.005	0.031545694726515416	3.090010345128397e-5	0.2871754634242729	0.23484553880633102	8.02375917194042
15.771779884232695	0.007	0.005	0.030992741217901597	3.035827974739664e-5	0.28723278101139027	0.2340586025578297	7.883113488754136
15.88156551851105	0.007	0.005	0.030449490067125943	2.9825966387102784e-5	0.28728773906099586	0.2332717733174422	7.744935634644634
15.9913491780715	0.007	0.005	0.029915770720079535	2.9302996030430143e-5	0.2873404196724409	0.23248514837864695	7.609182228570296
16.0	0.007	0.005	0.02987411405516381	2.9263632012714815e-5	0.28734447643342	0.23242317309170116	7.598586708322994
