0.0	0.007	0.005	0.0	0.0	0.0	0.0	100.0
0.005813631966789642	0.007	0.005	0.02057713105660272	6.400164292228732e-5	1.4501704804184979e-5	2.7100149957660345e-5	99.95720697584078
0.010875501053251163	0.007	0.005	0.03746181807408419	0.00011215307117657614	4.9822330948375026e-5	9.07634565498538e-5	99.91996244714579
0.017763789552660662	0.007	0.005	0.05899192035947908	0.00016800755968887355	0.000129666685613031	0.0002284654371057608	99.86930166918519
0.024933165655231807	0.007	0.005	0.07974689590381276	0.0002161475620584742	0.00024902619559009285	0.00042444428039357544	99.81660087646468
0.0332193951958636	0.007	0.005	0.10179624240357457	0.000261374140775979	0.0004293972401111161	0.0007056570580222688	99.7557249402422
0.04207085034091825	0.007	0.005	0.12324560347926165	0.00029974618828221213	0.0006679898295847556	0.001058072292607196	99.69073750708799
0.05172203547164109	0.007	0.005	0.1443839338786505	0.0003323626312739393	0.0009770801941873224	0.0014903501609854993	99.61992669858778
0.06197319806094519	0.007	0.005	0.16451969050662554	0.00035884509829314516	0.0013556341229377662	0.001991709567013736	99.5447689353648
0.072873100074288	0.007	0.005	0.18358689076086326	0.00037998947334400116	0.001808769086177644	0.002560733434059316	99.46491705022169
0.08434387806714895	0.007	0.005	0.201334197983152	0.0003963993125541866	0.002335518366232944	0.0031891056006180373	99.38095214336481
0.09638662715655998	0.007	0.005	0.2177063419497873	0.0004088799714403559	0.00293691375598259	0.0038723843916322566	99.29287673618468
0.10896960263809814	0.007	0.005	0.23264139557554692	0.0004181516867153955	0.003611501080014602	0.004604538946411756	99.20093373480195
0.12208834137002506	0.007	0.005	0.24614995506484943	0.00042488643640129756	0.0043584044143939425	0.00538149715843466	99.10516659610299
0.13573275215271888	0.007	0.005	0.25826146893865054	0.0004296533215955164	0.005175879888324533	0.006199383805402173	99.00566011961475
0.14990438933015157	0.007	0.005	0.2690355415933034	0.00043292587944596697	0.00606244186737252	0.007055548664576028	98.90241443992646
0.16460670680244271	0.007	0.005	0.2785450232364952	0.00043508255833045803	0.007016457115754878	0.007947955502134436	98.79541634467344
0.1798498932525486	0.007	0.005	0.2868744239617182	0.0004364191725932922	0.008036560164479534	0.008875409485046724	98.68460422343158
0.19564792667951542	0.007	0.005	0.29411321562685017	0.0004371612422329322	0.00912156313527381	0.009837305197702892	98.56988973459126
0.21201995712523186	0.007	0.005	0.3003532071478685	0.00043747726702806554	0.010270618029006365	0.01083363602044986	98.45114797462051
0.22898939517614106	0.007	0.005	0.30568543874428744	0.0004374906393474333	0.011483207772803566	0.01186486982138631	98.32822434830851
0.24658434822712855	0.007	0.005	0.3101984501157894	0.0004372900094192186	0.012759212707679357	0.0129319151029652	98.20093166858562
0.2648376013893654	0.007	0.005	0.3139768687445968	0.00043693782530584876	0.01409893346267287	0.014036068530065785	98.06905059204531
0.2837869937012353	0.007	0.005	0.3171005278535875	0.0004364771538719638	0.015503132285108245	0.015178994908495405	97.93232722990618
0.3034757054658359	0.007	0.005	0.3196438632696929	0.000435936978332641	0.01697306022092376	0.016362708926354358	97.7904714516432
0.32395267034918107	0.007	0.005	0.32167557890065135	0.0004353362133461735	0.018510486906148056	0.017589570126311602	97.6431543448152
0.34527325755417787	0.007	0.005	0.3232585160419445	0.0004346866745858988	0.020117745247847606	0.018862298157581933	97.4900038040792
0.36749999807751044	0.007	0.005	0.32444964315227265	0.00043399523163941426	0.021797774872004513	0.020183993107186916	97.33059989923
0.3907035492263138	0.007	0.005	0.325300151389465	0.00043326533040684355	0.023554179177423792	0.021558171057188363	97.16446864917599
0.4149638542353009	0.007	0.005	0.32585561787639533	0.00043249804363802317	0.02539129280444726	0.022988810790232565	96.99107454592762
0.4403715827521231	0.007	0.005	0.32615621731645744	0.00043169277236085053	0.027314265668175623	0.024480415266302534	96.80981125527609
0.46702988602809836	0.007	0.005	0.32623696333058605	0.0004308476941757994	0.029329165430029558	0.026038088301638843	96.61999030652531
0.49505655735250437	0.007	0.005	0.3261279663940844	0.0004299600288632924	0.03144310414712941	0.02766763003561716	96.42082719485134
0.5245870693092661	0.007	0.005	0.32585469256016414	0.0004290261605530137	0.03366442293398868	0.029375676396806015	96.21142164461499
0.5557773357783756	0.007	0.005	0.3254382231355609	0.00042804169214876554	0.036002845495514524	0.031169813173624092	95.99074033566853
0.5888080809975181	0.007	0.005	0.3248954999768376	0.00042700140026987604	0.038469739401813405	0.03305877089790553	95.75758887801372
0.6238902328951725	0.007	0.005	0.3242395418169404	0.0004258991289394214	0.04107843615093184	0.03505266150524937	95.51057743886201
0.6612716580760156	0.007	0.005	0.32347962604325564	0.0004247276258738947	0.04384462740685987	0.03716326889799204	95.24807809497145
0.701245951453902	0.007	0.005	0.3226214198947216	0.00042347830904044447	0.046786881391949385	0.03940442532132744	94.96816934147007
0.7441638745504968	0.007	0.005	0.32166704570115634	0.00042214095285606856	0.04992731012136902	0.04179249450047873	94.66856424923895
0.7904484724016252	0.007	0.005	0.3206150570147617	0.0004207032691168249	0.053292444101079285	0.04434700118066215	94.34651601821987
0.8406153612870867	0.007	0.005	0.31946029302621504	0.00041915034420238553	0.05691439506863089	0.0470914631727341	93.99869194330475
0.8953012934531998	0.007	0.005	0.3181935436120358	0.0004174638468301679	0.06083248790415817	0.05005455532079533	93.6209964250368
0.9553038895596763	0.007	0.005	0.3168009663572893	0.000415620932897812	0.06509549953509113	0.05327169700864244	93.20832655285403
1.0216338529998663	0.007	0.005	0.315263241445862	0.00041359283023679447	0.06976449415979132	0.05678703618728685	92.75425650693143
1.095600694986148	0.007	0.005	0.31355400412305723	0.00041134249796608507	0.0749175656037942	0.06065678576755449	92.25051548045916
1.1789314604165975	0.007	0.005	0.31163761866876794	0.0004088214479477261	0.0806561266275666	0.06495358172116673	91.68627919544997
1.2739552535857712	0.007	0.005	0.3094656286828363	0.00040596484941046805	0.08711449873571274	0.06977308184072735	91.04707912281532
1.383880363119271	0.007	0.005	0.30697143874498173	0.0004026843255329511	0.0944736676618567	0.07524327085522059	90.31319904503948
1.5128965559119798	0.007	0.005	0.3040695034506725	0.00039886667292065263	0.10296017630579346	0.08152211702495095	89.45940552239855
1.661064390728211	0.007	0.005	0.30077055300679933	0.0003945252276002206	0.11250938210353259	0.08854836148142134	88.48882473651037
1.8094950391627682	0.007	0.005	0.29750162107267386	0.00039022152663642496	0.12186863686626792	0.09539338483979914	87.52708056085024
1.9503542018446003	0.007	0.005	0.2944322973177018	0.00038617928330967564	0.13056303941661282	0.10171393254612478	86.6240635519224
2.084134463039653	0.007	0.005	0.29154654651590484	0.00038237815904948924	0.13865497344430205	0.10756215842742814	85.77505520758152
2.2135532789507786	0.007	0.005	0.2887817937730126	0.0003787359511621112	0.14633264548806574	0.11307925727141951	84.9616453908574
2.3414590075235258	0.007	0.005	0.28607512609495167	0.0003751695757187266	0.15377794139649056	0.11839882680406937	84.16532462082726
2.4697521808587513	0.007	0.005	0.28338574347628515	0.00037162513389727634	0.16110603781210558	0.12360427078038531	83.37408923992075
2.599197199682737	0.007	0.005	0.2806978385463695	0.0003680817930094574	0.1683607300898124	0.1287268484364107	82.583288606111
2.7297217654220276	0.007	0.005	0.2780133308284751	0.0003645421487165648	0.17553702101640725	0.133762941738348	81.79348745625279
2.86087409761939	0.007	0.005	0.27534177071924565	0.00036101888006267226	0.1826100063019031	0.1386951845884231	81.0074955844413
2.9921984652805413	0.007	0.005	0.27269242896104207	0.00035752430275494065	0.1895564879713104	0.14350784754072754	80.22804050859288
3.1234208619039725	0.007	0.005	0.2700706067473265	0.00035406548957705227	0.1963644581460168	0.14819332469218932	79.45668187729557
3.254465373965526	0.007	0.005	0.2674774952511319	0.00035064407692794015	0.20303294205111425	0.15275178186569713	78.69377014207548
3.385381795192419	0.007	0.005	0.2649117800379	0.0003472583819149915	0.2095674112412363	0.15718780046704314	77.93891858699222
3.5162602205334816	0.007	0.005	0.2623714098042105	0.00034390574186832185	0.21597503522776268	0.16150703432248478	77.19152370407676
3.647173615660546	0.007	0.005	0.2598547314132847	0.00034058401770977945	0.22226177414100645	0.16571422666079685	76.45109912880139
3.7781566891762925	0.007	0.005	0.2573608728529573	0.00033729210207107685	0.2284314883657703	0.1698126465621422	75.71738830902191
3.9092107199767683	0.007	0.005	0.2548896165828336	0.00033402975226533185	0.23448634373598376	0.1738044044400792	74.99032724281642
4.040319257286555	0.007	0.005	0.25244107701395224	0.0003307971634272949	0.24042766920644248	0.17769105225242393	74.26994959072118
4.171462973556267	0.007	0.005	0.2500154112446007	0.0003275945853633671	0.2462566877591637	0.18147407692488693	73.55630157216319
4.302628253772624	0.007	0.005	0.24761266019289985	0.00032442211196070345	0.25197489733046813	0.1851551471771472	72.84939522554264
4.433809166759759	0.007	0.005	0.24523271831880805	0.00032127964094581866	0.25758412819595405	0.18873614249888748	72.14919950023328
4.565005436306568	0.007	0.005	0.24287537678181226	0.0003181669310226437	0.26308642604357274	0.19221907003536698	71.45565295387972
4.69621915004071	0.007	0.005	0.24054038666628438	0.0003150836856887636	0.2684838951695443	0.1956059600174954	70.76868235374445
4.8274521704498845	0.007	0.005	0.23822750638919768	0.00031202961613849414	0.27377858647016645	0.19889879392173954	70.0882166243929
4.958704978534356	0.007	0.005	0.235936521545038	0.0003090044676458869	0.27897245400391796	0.20209947842516532	69.41419268620697
5.089976612123035	0.007	0.005	0.23366724476574033	0.000306008019450999	0.28406735877466077	0.20520984960282737	68.74655541417725
5.221265282508705	0.007	0.005	0.23141950399569694	0.00030304006927692304	0.2890650980411079	0.2082316924499273	68.08525418832762
5.352569052463944	0.007	0.005	0.22919313037177044	0.0003001004173164465	0.29396743389885127	0.21116675901701493	67.43023932792909
5.483886218958029	0.007	0.005	0.2269879517179457	0.0002971888576629584	0.29877610808653504	0.21401677744233116	66.78146017758088
5.6152154785856805	0.007	0.005	0.22480379000867567	0.00029430517500560194	0.30349284743087634	0.21678345499794946	66.13886436090839
5.746555849458868	0.007	0.005	0.2226404629765245	0.0002914491468237839	0.3081193601622286	0.21946847566508196	65.5023982535433
5.877906523441164	0.007	0.005	0.22049778676726794	0.0002886205469730421	0.31265733023584513	0.22207349670700957	64.87200776427315
6.009266744412429	0.007	0.005	0.21837557803049507	0.0002858191485229123	0.3171084131660528	0.22460014631658723	64.2476389501106
6.140635747391098	0.007	0.005	0.21627365492414033	0.0002830447251538212	0.3214742343604291	0.2270500228314334	63.6292383118345
6.272012775947838	0.007	0.005	0.2141918368271905	0.00028029705083915297	0.3257563902143524	0.22942469555306852	63.0167527094657
6.4033970387121055	0.007	0.005	0.21212994501963206	0.00027757590080995567	0.32995644720320727	0.23172570445055715	62.41012956231281
6.534787787697812	0.007	0.005	0.2100878014386981	0.0002748810499655944	0.3340759449098827	0.23395456203521256	61.80931648305073
6.666184318324456	0.007	0.005	0.20806522870531416	0.00027221227296868013	0.33811639637348745	0.23611275370755114	61.21426128550191
6.797585986841352	0.007	0.005	0.20606204988556315	0.0002695693439869512	0.3420792889579554	0.23820173837775924	60.62491191445675
6.928992210346354	0.007	0.005	0.20407808852797105	0.0002669520367997215	0.3459660846506946	0.2402229487705686	60.04121645664438
7.060402449395365	0.007	0.005	0.20211316895856413	0.0002643601252448844	0.349778219863633	0.24217779147904014	59.46312322753967
7.1918161819038815	0.007	0.005	0.20016711668802417	0.00026179338381309114	0.353517105048852	0.2440676469495337	58.89058089115152
7.323232946672925	0.007	0.005	0.19823975777955344	0.0002592515868608446	0.35718412632226926	0.24589387049279213	58.32353827404428
7.454652299880667	0.007	0.005	0.19633091951115308	0.0002567345095398443	0.36078064458457293	0.24765779202050334	57.76194456018487
7.5860737976805535	0.007	0.005	0.1944404306266318	0.00025424192817874404	0.36430799547381354	0.2493607162364071	57.20574936479101
7.7174970484293794	0.007	0.005	0.1925681205847241	0.00025177361933333413	0.367767491181312	0.2510039237249885	56.654902513416694
7.848921695285439	0.007	0.005	0.19071381982871446	0.0002493293601894199	0.3711604203223088	0.25258867107092753	56.109354121277406
7.980347407508772	0.007	0.005	0.18887735991994833	0.000246908928783272	0.3744880480760693	0.2541161911232603	55.56905463253014
8.111773871760365	0.007	0.005	0.18705857366374587	0.0002445121042102486	0.37775161634835586	0.2555876932793336	55.033954857318086
8.243200783400663	0.007	0.005	0.18525729522796272	0.0002421386668219146	0.38095234395449673	0.2570043637867783	54.504006006652
8.374627898716293	0.007	0.005	0.18347335943141338	0.00023978839731959446	0.3840914282625219	0.2583673666814543	53.979159483059135
8.506054947880992	0.007	0.005	0.18170660293605212	0.0002374610783731204	0.3871700434564453	0.25967784323434306	53.45936723133179
8.637481704589607	0.007	0.005	0.17995686329503496	0.00023515649339202622	0.3901893425977887	0.2609369130720383	52.94458145845994
8.76890796865083	0.007	0.005	0.17822397919677585	0.00023287442688257429	0.39315045755092975	0.26214567434455505	52.43475470543446
8.900333548579834	0.007	0.005	0.17650779069508948	0.00023061466478474936	0.3960544989514575	0.26330520393022383	51.929839914957014
9.031758252895067	0.007	0.005	0.17480813931386316	0.00022837699464121338	0.39890255640120725	0.26441655774664224	51.429790462234564
9.163181924934179	0.007	0.005	0.17312486759049356	0.0002261612050198028	0.4016956995945489	0.2654807714189451	50.934560020656214
9.29460442544608	0.007	0.005	0.17145781930431267	0.0002239670858437942	0.4044349782747288	0.26649886047313914	50.44410262899676
9.426025623887146	0.007	0.005	0.16980683958297674	0.0002217944285588184	0.4071214224049288	0.2674718206250119	49.958372722717904
9.55744538101427	0.007	0.005	0.16817177511013318	0.00021964302643287626	0.40975604218183675	0.2684006280214496	49.47732519506472
9.688863592402596	0.007	0.005	0.16655247357352027	0.0002175126738468014	0.41233982926937623	0.2692862399106253	49.00091523469297
9.820280144927766	0.007	0.005	0.1649487842011312	0.0002154031670277753	0.4148737562646351	0.27012959467679437	48.52909848341237
9.951694960282376	0.007	0.005	0.1633605572195826	0.00021331430335094016	0.417358777886788	0.27093161247109365	48.0618308768345
10.083107951459155	0.007	0.005	0.16178764437966983	0.0002112458820564978	0.41979583046569485	0.2716931952642595	47.59906879899538
10.214519048860286	0.007	0.005	0.16022989863014955	0.0002091977038350055	0.4221858327740654	0.2724152273463759	47.14076898637954
10.345928191593751	0.007	0.005	0.15868717421630246	0.0002071695709754832	0.42452968618284614	0.2730985755977828	46.68688855691812
10.477335318770281	0.007	0.005	0.15715932677244718	0.00020516128750449442	0.4268282748297593	0.2737440897702526	46.23738503720701
10.60874038690839	0.007	0.005	0.15564621310943483	0.00020317265891930177	0.42908246624335095	0.27435260289460256	45.7922162999862
10.740143343826315	0.007	0.005	0.15414769150761218	0.0002012034925911706	0.4312931112016403	0.2749249314701084	45.35134065033182
10.871544146047018	0.007	0.005	0.15266362150343876	0.00019925359749553852	0.43346104434761656	0.27546187586321874	44.91471676287722
11.002942767499698	0.007	0.005	0.15119386378454566	0.00019732278408525968	0.435587084625494	0.2759642206401982	44.48230365093852
11.13433918211486	0.007	0.005	0.14973828037817727	0.0001954108645525973	0.43767203528547965	0.27643273479160396	44.05406072195552
11.265733355122585	0.007	0.005	0.14829673473337573	0.00019351765294940216	0.43971668405008885	0.2768681720062314	43.629947801671115
11.397125277859518	0.007	0.005	0.1468690913273386	0.00019164296467465825	0.4417218039477779	0.2772712710802796	43.20992501831859
11.528514941662753	0.007	0.005	0.14545521594608332	0.00018978661685673545	0.44368815317647664	0.27764275610549866	42.79395288519548
11.659902329168538	0.007	0.005	0.14405497576409731	0.00018794842846811712	0.4456164752616263	0.27798333673346376	42.38199232409686
11.791287440416314	0.007	0.005	0.14266823905319034	0.0001861282199469887	0.4475074997195064	0.2782937085245602	41.97400457965793
11.922670275445512	0.007	0.005	0.14129487536002547	0.00018432581344068929	0.44936194206323593	0.2785745531679502	41.569951271584635
12.054050816893891	0.007	0.005	0.13993475567304062	0.00018254103303458704	0.4511805038331604	0.27882653872028845	41.169794443763266
12.185429064801491	0.007	0.005	0.13858775204646268	0.00018077370425920947	0.45296387335150556	0.27905031994483853	40.77349645364281
12.316805027908886	0.007	0.005	0.13725373768483148	0.00017902365420852174	0.4547127258428495	0.27924653854044007	40.38101999710251
12.448178732356967	0.007	0.005	0.13593258684816079	0.0001772907114194218	0.45642772378922625	0.2794158233980046	39.99232808054945
12.579550152083856	0.007	0.005	0.13462417553822342	0.0001755747067888136	0.45810951627528046	0.27955879076485757	39.60738422282856
12.710919321929628	0.007	0.005	0.13332838035138433	0.00017387547205391195	0.45975874070371797	0.2796760446317664	39.22615211771784
12.842286250632755	0.007	0.005	0.1320450793417741	0.0001721928409434784	0.4613760218994869	0.27976817686187	38.8485958878805
12.973650955631054	0.007	0.005	0.13077415166215095	0.00017052664870444793	0.4629619727930188	0.2798357674669049	38.47467997920349
13.105013445661815	0.007	0.005	0.1295154777223373	0.00016887673231603104	0.46451719443680345	0.2798793848268218	38.10436920741126
13.236373712062882	0.007	0.005	0.1282689392559062	0.00016724293058161847	0.46604227614183996	0.27989958592443837	37.73762877768469
13.367731780969958	0.007	0.005	0.12703441881280061	0.00016562508345703428	0.4675377963073246	0.2798969165776907	37.37442413538668
13.499087722013522	0.007	0.005	0.125811799683418	0.00016402303195183873	0.4690043226956271	0.2798719116257996	37.01472094372709
13.630441717908944	0.007	0.005	0.12460096526838957	0.0001624366172929356	0.4704424133542846	0.27982509507806963	36.65848489834734
13.761793699093275	0.007	0.005	0.12340180243646126	0.00016086568539268697	0.47185261282468066	0.2797569804542302	36.30568271523245
13.893143569910343	0.007	0.005	0.12221419936669098	0.0001593100839817801	0.47323545497225417	0.27966807102368274	35.95628149587095
14.024491286900677	0.007	0.005	0.1210380448294277	0.00015776966165416292	0.47459146401126656	0.2795588599533403	35.61024851571287
14.155836867496655	0.007	0.005	0.11987322812219717	0.00015624426778254626	0.47592115473349345	0.27942983045371844	35.267551205307825
14.287180337828206	0.007	0.005	0.11871963954167414	0.0001547337531471582	0.4772250321275428	0.27928145598970766	34.9281572891618
14.418521750118783	0.007	0.005	0.11757717022624874	0.00015323796972693365	0.478503591728485	0.2791142004417988	34.592034739419624
14.549861147891278	0.007	0.005	0.11644571245472271	0.0001517567710976663	0.47975731945144096	0.2789285183269389	34.25915186374315
14.68119857466659	0.007	0.005	0.11532515955828822	0.00015029001231537544	0.48098669186440834	0.2787248549749219	33.929477279414996
14.812534039172172	0.007	0.005	0.11421540620268872	0.00014883755029248045	0.482192176052382	0.2785036467699338	33.60297999635219
14.943867550135089	0.007	0.005	0.11311634807408869	0.00014739924337987652	0.4833742301350024	0.27826532128472514	33.27962932468678
15.075199116282011	0.007	0.005	0.11202788186915257	0.00014597495135378977	0.48453330343879997	0.2780102974531717	32.95939487184717
15.206528772431703	0.007	0.005	0.11094990507208394	0.0001445645351185931	0.4856698368897241	0.27773898568398736	32.642246476961205
15.337856536006678	0.007	0.005	0.10988231630696997	0.0001431678571760017	0.48678426279166853	0.2774517881087161	32.3281543145187
15.469182424428697	0.007	0.005	0.10882501518180658	0.0001417847814170382	0.4878770051473426	0.2771490987142145	32.0170888484822
15.600506463815906	0.007	0.005	0.10777790220988322	0.00014041517301682305	0.48894847988816614	0.2768313034808545	31.709020809158158
15.73182868028535	0.007	0.005	0.1067408788719463	0.0001390588985169155	0.48999909495508703	0.27649878055682625	31.403921211485653
15.863149091256107	0.007	0.005	0.10571384767440896	0.00013771582590240496	0.49102925038482814	0.2761519004353789	31.101761372162102
15.994467714146538	0.007	0.005	0.10469671206966935	0.00013638582449506062	0.4920393385335407	0.2757910260858379	30.802512886200482
16.0	0.007	0.005	0.1046540769391784	0.00013633066783978187	0.49208145781833595	0.2757755199790321	30.78996932938393
