0.0	0.007	0.005	0.0	0.0	0.0	0.0	100.0
0.007140475468493782	0.007	0.005	0.014548845722459713	8.173056286201292e-5	1.3466150345908752e-5	4.1494408643414916e-5	99.91286279399722
0.013707680581567391	0.007	0.005	0.027321916856532544	0.0001472424347364604	4.887614908922957e-5	0.00014649025437523454	99.83278839672232
0.022553566318307045	0.007	0.005	0.04365140535658308	0.0002228869164763482	0.00012964486825969187	0.00037480891458605806	99.72503131494936
0.031946710214873365	0.007	0.005	0.05994974328011318	0.00028977227428958284	0.0002546108623611989	0.0007095478138854725	99.61073507427375
0.04287170752387329	0.007	0.005	0.07764118591024467	0.00035320677203865025	0.0004473692055878267	0.0011969239142607842	99.47796393830741
0.05469868068502203	0.007	0.005	0.0953653222626529	0.0004078031042685152	0.0007093078130881551	0.001819935436902462	99.33443060191826
0.067743591137661	0.007	0.005	0.11332424465844439	0.0004546266379076392	0.0010572124906725044	0.002596977412626004	99.17635643206265
0.0817891233700119	0.007	0.005	0.1309496283422987	0.0004928956065117397	0.0014948555286502098	0.0035140047660838394	99.00643825867516
0.0969355285798991	0.007	0.005	0.14814577204386276	0.0005234888474169616	0.0020330168773559447	0.004572213895547604	98.82352831616052
0.11311132342510387	0.007	0.005	0.16463418884805736	0.0005470994338524504	0.0026757709271382855	0.005759590102501429	98.6285604630293
0.1303475107809912	0.007	0.005	0.1802882630810932	0.0005647877326893019	0.003429376550198515	0.007070137220159843	98.42123491489266
0.14861505455792862	0.007	0.005	0.194955542813092	0.000577558290925754	0.0042962665102174655	0.008493208262914023	98.20197938463403
0.16791207167171124	0.007	0.005	0.20854547820714872	0.0005864010203701701	0.005278565257705594	0.01002050248123131	97.9708981220877
0.1882137820061867	0.007	0.005	0.22098566091521196	0.0005921901616783418	0.006375862083451853	0.011642621460629598	97.72837262687084
0.2095032708472796	0.007	0.005	0.23224377764089285	0.0005956749931681917	0.007586793006699651	0.013351681669223014	97.47469193741873
0.2317603352718396	0.007	0.005	0.2423154222886151	0.0005974641559752017	0.008908653331084692	0.015140504118598961	97.21018587968706
0.2549736823349534	0.007	0.005	0.25122498334942844	0.0005980335144014521	0.01033831126242986	0.017003545201639925	96.93507987690573
0.2791388011088601	0.007	0.005	0.2590175978444047	0.0005977407147618652	0.011872345976289118	0.018936603274235148	96.64952129585343
0.3042615814230867	0.007	0.005	0.26575417924234007	0.0005968454892752918	0.013507501429330151	0.02093694591688318	96.35353790503765
0.3303572394052701	0.007	0.005	0.27150540242964716	0.0005955305082685375	0.015240815697058317	0.0230030521830698	96.04705230635446
0.35745089119668166	0.007	0.005	0.27634737559764	0.0005939203788314727	0.01706980730007137	0.025134498372064027	95.72987705135144
0.38557692093928775	0.007	0.005	0.2803580167184689	0.0005920975204838785	0.01899254086133442	0.027331768529874265	95.40172411773585
0.41477902708006115	0.007	0.005	0.2836144947152666	0.0005901145880194176	0.021007700641114797	0.02959614121013592	95.06220655387177
0.4451101254379661	0.007	0.005	0.28619135841783105	0.0005880037657113949	0.02311462461828139	0.03192958463377778	94.7108419868139
0.4766326423952224	0.007	0.005	0.28815927579325257	0.000585783433301496	0.025313341098718693	0.034334697393724564	94.34705182126653
0.5094189361146999	0.007	0.005	0.2895841995365797	0.0005834627978174218	0.027604594639987688	0.036814668934334195	93.97015927609206
0.5435520557104062	0.007	0.005	0.2905268636483977	0.000581045000923312	0.029989879061737466	0.03937327084300942	93.5793839332304
0.5791267119425628	0.007	0.005	0.29104251139971354	0.0005785291416620528	0.03247147072025252	0.042014864488699365	93.17383439403058
0.6162505957873827	0.007	0.005	0.2911807938795501	0.0005759115377582102	0.035052472367447046	0.04474443093246431	92.75249763390532
0.6550460315562263	0.007	0.005	0.2909857856384169	0.0005731864716501441	0.03773686640788937	0.04756761775118159	92.31422541184769
0.6956529217500887	0.007	0.005	0.29049606714289733	0.0005703465286545458	0.040529641959881645	0.050490867107629935	91.85770723392568
0.7382298751969865	0.007	0.005	0.28974487821967987	0.0005673828653629657	0.043436778759939045	0.05352139532400405	91.38146521060627
0.7829578431730185	0.007	0.005	0.2887603017966391	0.0005642851850554809	0.046465384422449324	0.05666733411091719	90.8838222763171
0.8300442860180454	0.007	0.005	0.2875654439691453	0.0005610416142784287	0.049623841359854225	0.059937879341152425	90.36286686092046
0.8797280056194753	0.007	0.005	0.2861786111020741	0.0005576385068449596	0.05292196595700461	0.06334344917226967	89.81641311706649
0.9322854038002781	0.007	0.005	0.28461346106100943	0.0005540601477742353	0.05637122159848315	0.06689589310640245	89.24194918869998
0.9880382696539988	0.007	0.005	0.2828791191919244	0.0005502883697053897	0.05998497842538741	0.07060874246497553	88.63657371477991
1.047363763281407	0.007	0.005	0.2809802382229943	0.000546302053744227	0.063778845043775	0.07449752571287176	87.99691503549649
1.1107072002066607	0.007	0.005	0.278916984625409	0.0005420764928977249	0.0677710850697591	0.07858015836900478	87.31902903930855
1.1785987132893523	0.007	0.005	0.2766849228436161	0.0005375825694462312	0.0719831505491596	0.08287743554698397	86.59826756390068
1.2516751405546058	0.007	0.005	0.2742747647225864	0.0005327856888768339	0.0764403643079178	0.08741365303082167	85.8291080222265
1.330709143147467	0.007	0.005	0.2716719377007786	0.0005276443844355819	0.08117279900855853	0.09221739565223123	85.00493042930734
1.4166484797147827	0.007	0.005	0.26885590678733234	0.0005221084695958729	0.08621641833100718	0.09732254468374942	84.1177221569933
1.5106751081602607	0.007	0.005	0.2657989853518155	0.0005161162239409492	0.0916148725808058	0.10276987750124744	83.15762799171321
1.614271173431474	0.007	0.005	0.26246513829358153	0.0005095916043734981	0.09742094028758173	0.10860820529660066	82.11250443999074
1.729328027243876	0.007	0.005	0.2588077232916288	0.0005024394167736332	0.103699325956104	0.11489672465224103	80.96714732814424
1.8582479165167518	0.007	0.005	0.25476796567186116	0.000494541970547564	0.11052747321108974	0.12170515177599416	79.702756663238
2.00384892062596	0.007	0.005	0.2502800896804122	0.00048576879624526295	0.11798457134764832	0.1291018835171295	78.29849112081502
2.1676964610761043	0.007	0.005	0.24532369123620043	0.00047607880366340075	0.12606455487205603	0.13706750295844536	76.7478094915555
2.3443997659207185	0.007	0.005	0.24008811935276697	0.00046584168073391714	0.1344229611453956	0.1452498460946331	75.10986058744307
2.5253333239652527	0.007	0.005	0.23484288731659214	0.0004555846247900633	0.14261500415578052	0.15320755416709994	73.46891556931128
2.7067357858326635	0.007	0.005	0.22969907374988618	0.0004455254002861498	0.15047199757297686	0.16077735844372928	71.85970687130558
2.8868508636846766	0.007	0.005	0.22470323288979593	0.0004357556522598397	0.1579355084147055	0.16790650652145284	70.296792875117
3.065104070488675	0.007	0.005	0.2198660185518071	0.0004262967321834725	0.16500477631895283	0.17459897465256594	68.78350479307204
3.241847711977221	0.007	0.005	0.21517258681217846	0.00041711997958490454	0.17171599095391127	0.18089373172033793	67.3151982873845
3.417859462774605	0.007	0.005	0.21059816138978338	0.0004081771933874024	0.1781168093010626	0.186839512840253	65.88412212093635
3.593879739766786	0.007	0.005	0.2061207705756615	0.00039942560301155835	0.18424776906934262	0.19247718805432806	64.48340255553084
3.7703628199795394	0.007	0.005	0.2017271723750181	0.0003908394879497562	0.1901350178684593	0.19783339932090793	63.108896913854345
3.9474410601495484	0.007	0.005	0.19741288189339135	0.00038241023053144145	0.19579165321942743	0.20292237272972702	61.759202124436015
4.125015247527272	0.007	0.005	0.1931791630973834	0.00037414042226370785	0.20122283805323618	0.20775105819302428	60.434713608760134
4.302885066799291	0.007	0.005	0.18902941801075326	0.0003660367964732938	0.20643109714041183	0.21232416256932135	59.13649566509108
4.480859262592251	0.007	0.005	0.18496645793601105	0.00035810489325803984	0.211419912158449	0.21664739884635126	57.86542778909194
4.658815266194141	0.007	0.005	0.18099122828636316	0.0003503465718430675	0.2161951398576045	0.22072864394853842	56.62180574645222
4.836707867221328	0.007	0.005	0.17710280364993672	0.0003427600082310257	0.2207647613238281	0.2245775874535715	55.40534002870185
5.014545223756053	0.007	0.005	0.17329908694888055	0.00033534106859225033	0.22513784578822296	0.2282047363794074	54.2153745800941
5.192355818311437	0.007	0.005	0.1695776184387061	0.00032808489535644054	0.22932351139380527	0.2316204853547561	53.051139887232154
5.370162967296366	0.007	0.005	0.16593613548839295	0.00032098700417694325	0.23333028370332615	0.23483458113050212	51.91192810225319
5.5479736891011235	0.007	0.005	0.16237277834126132	0.00031404368781850876	0.2371659130061066	0.23785599926186504	50.79715741363789
5.725779858444504	0.007	0.005	0.15888602999020515	0.00030725190017435246	0.24083749525135695	0.2406930727198447	49.706353236609566
5.903565686524233	0.007	0.005	0.15547454121591736	0.00030060891609477085	0.2443516985268504	0.2433536928664378	48.63909347759911
6.081315626748819	0.007	0.005	0.1521369680945221	0.00029411201578470825	0.24771495113761208	0.24584546400943155	47.59495769967502
6.259019296566612	0.007	0.005	0.14887188365001197	0.00028775831402424876	0.25093353490264025	0.24817577312434275	46.57349948364317
6.436672414732323	0.007	0.005	0.14567777181798952	0.0002815447499101861	0.25401358854162603	0.25035178755396803	45.57424453964636
6.614275242561779	0.007	0.005	0.14255306629888753	0.00027546816392897897	0.25696106888056536	0.25238042347884054	44.59670286211533
6.7918300396224645	0.007	0.005	0.13949620192665044	0.0002695253991520098	0.25978170583732246	0.2542683145258946	43.64038480009192
6.969339157708016	0.007	0.005	0.13650564927690204	0.00026371336949245996	0.2624809786789095	0.25602179958924787	42.704811884145585
7.146804100822041	0.007	0.005	0.13357992921780923	0.00025802908867239436	0.26506411366918126	0.2576469276207685	41.789521378506656
7.324225479066637	0.007	0.005	0.13071761123902967	0.00025246966744508397	0.26753609685389707	0.25914947291775453	40.894065758289535
7.501603502791074	0.007	0.005	0.1279173033700619	0.00024703229434236537	0.26990169322659435	0.26053495366428314	40.0180095555211
7.678938487870036	0.007	0.005	0.12517764304083098	0.00024171421819176383	0.272165463587348	0.26180864780174007	39.16092649994046
7.856231184289624	0.007	0.005	0.12249729163810869	0.0002365127377714434	0.27433177710883133	0.26297560534987074	38.32239781601423
8.03348279921766	0.007	0.005	0.11987493416931759	0.00023142520135203655	0.27640481904357106	0.26404065745056676	37.502012117759804
8.210694844070396	0.007	0.005	0.11730928146141154	0.00022644901111664475	0.27838859620311485	0.26500842414113607	36.69936609664955
8.38786899350638	0.007	0.005	0.11479907188201635	0.00022158162659854168	0.28028694276972194	0.26588332238136125	35.91406506005727
8.565006897671218	0.007	0.005	0.11234307343587417	0.0002168205688059657	0.2821035257524142	0.2666695739757909	35.145723587115725
8.742110111901907	0.007	0.005	0.1099400839568131	0.00021216342060335417	0.28384185175552357	0.26737121409960246	34.39396558877298
8.91918013201459	0.007	0.005	0.10758892981252809	0.00020760782416928269	0.28550527455093294	0.2679920999534482	33.65842390259226
9.096218382663261	0.007	0.005	0.10528846529869652	0.00020315147977325074	0.2870970018112491	0.2685359187862758	32.9387401032057
9.273226217424096	0.007	0.005	0.10303757188889673	0.00019879214425263833	0.28862010165126656	0.2690061955979591	32.23456426765638
9.450204965749966	0.007	0.005	0.1008351569304585	0.00019452762839574001	0.29007750924253567	0.26940630057643417	31.545554567404753
9.627155944732792	0.007	0.005	0.0986801528604391	0.00019035579532457458	0.2914720327696123	0.26973945602642635	30.87137702305228
9.804080435709217	0.007	0.005	0.09657151687157055	0.0001862745597433603	0.2928063588385405	0.2700087429100836	30.211705399835374
9.980979649167546	0.007	0.005	0.0945082306936544	0.0001822818874040248	0.2940830575971443	0.2702171071247318	29.566221139236536
10.157854759949434	0.007	0.005	0.09248929954660162	0.00017837579295397653	0.29530458815078814	0.2703673656068337	28.934613031450173
10.334706872159426	0.007	0.005	0.09051375194072488	0.00017455433942890973	0.29647330322342713	0.27046221206033216	28.31657715290567
10.51153703093132	0.007	0.005	0.08858063893678045	0.0001708156366917708	0.297591453946428	0.27050422248812067	27.711816634776582
10.688346210767218	0.007	0.005	0.08668903368860569	0.00016715784042056747	0.2986611942731984	0.2704958604508071	27.120041519898372
10.86513544436317	0.007	0.005	0.08483802953172284	0.0001635791482653173	0.2996845860028381	0.2704394820381757	26.54096816480148
11.041906103540642	0.007	0.005	0.08302673671823863	0.00016007779336825727	0.3006636042418184	0.2703373403052209	25.97431821824842
11.21865871695965	0.007	0.005	0.08125429403907924	0.00015665206687119415	0.30160013472060165	0.27019159048425584	25.41982225716631
11.39539373119551	0.007	0.005	0.07951986006526368	0.00015330030074968588	0.3024959822200767	0.27000429440234835	24.877217046542246
11.572111698013511	0.007	0.005	0.07782261085634419	0.00015002086323542436	0.30335287500977853	0.26977742436684304	24.346244822525392
11.748813274333843	0.007	0.005	0.07616173965366327	0.0001468121581047727	0.30417246804375425	0.2695128669259611	23.82665319646452
11.925499175398645	0.007	0.005	0.07453645700202295	0.00014367262480489707	0.30495634582446757	0.26921242656009214	23.318195192971416
12.102170092863938	0.007	0.005	0.07294599113188864	0.0001406007390917205	0.3057060250501575	0.2688778293482135	22.820629369490646
12.278826671418473	0.007	0.005	0.07138958774387466	0.00013759501250796893	0.306422957458391	0.26851072644746077	22.333719748877368
12.455469473712792	0.007	0.005	0.06986650987757698	0.000134653992029845	0.30710853252021864	0.2681126974711355	21.85723577836264
12.632098980389923	0.007	0.005	0.06837603746091764	0.00013177625909526855	0.30776408017055834	0.26768525366435264	21.390952188569
12.808715636897789	0.007	0.005	0.06691746649084193	0.00012896042791691277	0.30839087357689776	0.26722984080941387	20.934648737197506
12.985319853502716	0.007	0.005	0.06549010865019889	0.00012620514464891335	0.30899013159187216	0.2667478420820413	20.488110089171496
13.161912052079856	0.007	0.005	0.06409329056861919	0.0001235090858626221	0.30956302124623863	0.2662405806428337	20.051125585407622
13.338492619338256	0.007	0.005	0.06272635385649021	0.00012087095853398787	0.31011065981585634	0.26570932235778033	19.62348925344462
13.515061941911496	0.007	0.005	0.06138865448647626	0.00011828949876185307	0.31063411706919924	0.2651552781810561	19.204999613956474
13.69162039466795	0.007	0.005	0.060079562561061596	0.00011576347124286817	0.31113441726407315	0.26457960655717794	18.795459608029798
13.868168305641195	0.007	0.005	0.058798462244136054	0.00011329166907072995	0.3116125410039155	0.2639834158088966	18.394676575760947
14.044705944351987	0.007	0.005	0.05754475150364128	0.00011087291317053748	0.3120694270937275	0.2633677663658852	18.002462175744743
14.221233627035739	0.007	0.005	0.056317841049056704	0.00010850605016261272	0.3125059746032648	0.2627336724771982	17.618632052674588
14.397751634805923	0.007	0.005	0.055117154629616465	0.0001061899528877331	0.31292304434991564	0.2620821044681822	17.243005930637448
14.57426022535214	0.007	0.005	0.053942128650292166	0.00010392351960306943	0.313321460569257	0.2614139906024826	16.875407492976894
14.750759656323178	0.007	0.005	0.052792211730231096	0.00010170567306808426	0.3137020125313632	0.26073021880800523	16.515664244153616
14.927250185328141	0.007	0.005	0.051666864435121196	9.953535997310014e-5	0.31406545602880165	0.26003163840533505	16.163607426017727
15.103732034875502	0.007	0.005	0.05056555923194966	9.74115508062076e-5	0.3144125147336922	0.2593190619046327	15.819072003655313
15.28020543912804	0.007	0.005	0.049487779927577066	9.533323871232067e-5	0.3147438816623116	0.2585932664072603	15.481896489750449
15.456670632215262	0.007	0.005	0.04843302149616198	9.329943911555527e-5	0.31506022045383447	0.2578549951643141	15.151922890596126
15.633127789805512	0.007	0.005	0.047400790173257615	9.130918986739281e-5	0.31536216652153065	0.25710495927554794	14.828996735531765
15.80957713428437	0.007	0.005	0.046390602585463105	8.936154950643103e-5	0.31565032843844704	0.25634383863685245	14.512966804660888
15.986018852953874	0.007	0.005	0.045401986000242714	8.745559771596819e-5	0.3159252889385167	0.2555722836116454	14.20368520700523
16.0	0.007	0.005	0.0453245553616039	8.730765728124965e-5	0.31594652936731876	0.25551071573423584	14.179461587875503
