0.0	0.007	0.005	0.0	0.0	0.0	0.0	100.0
0.006506943342079912	0.007	0.005	0.01664220585067493	6.679413703058486e-5	1.3109596355237329e-5	5.437928669334657e-5	99.94236773939777
0.0113037782405572	0.007	0.005	0.028330415296109607	0.00010746310619676728	3.901868302867443e-5	0.00015586291228182993	99.89990324753666
0.018258535281564885	0.007	0.005	0.04444609839449783	0.0001558934361876995	9.979630887086837e-5	0.00037828815860169553	99.83836756162569
0.02513923411166391	0.007	0.005	0.05947217157019681	0.0001938346977478411	0.000185531573503928	0.0006694324466879784	99.77752444385554
0.033270099946968175	0.007	0.005	0.07612206842812497	0.00022866078194297868	0.00031762765323543613	0.0010845427524549143	99.70567442093265
0.04187762872180754	0.007	0.005	0.09252631676194968	0.00025644619990044864	0.0004913731757011585	0.0015881498433075315	99.62966864778898
0.05142075901924868	0.007	0.005	0.10934976213210067	0.0002791051689333425	0.0007217375673525794	0.0022036319735512103	99.54546909887766
0.061657153281802185	0.007	0.005	0.12592375802827235	0.00029646889560896517	0.0010094078285734942	0.002912005276616883	99.45523194431601
0.0727652084594185	0.007	0.005	0.14232958852710326	0.00030954938731355986	0.0013649438219149699	0.0037200753633836675	99.35740335606856
0.08469022693956989	0.007	0.005	0.1582760723363482	0.00031898367040177934	0.001792159487451002	0.004618326550091241	99.25248687815926
0.09751421354117255	0.007	0.005	0.17368481376179565	0.0003255573826071762	0.002298876317363986	0.0056072282367494045	99.139784891831
0.11122849323669623	0.007	0.005	0.18837319443580267	0.000329918440672819	0.0028891275465975958	0.00668084624741434	99.019400282494
0.12584928811383564	0.007	0.005	0.20221813456314167	0.000332646631648734	0.0035670457488140035	0.0078357119959415	98.89121923015516
0.14134453077395384	0.007	0.005	0.21508502854753858	0.0003342098220883725	0.004333520744361705	0.009065252918992288	98.75555297074524
0.15768364144441066	0.007	0.005	0.22688674498649744	0.0003349759136543215	0.005188200912663269	0.010363734240527216	98.61269994407024
0.17482836824598294	0.007	0.005	0.23757285007141563	0.0003352158081296139	0.006129141746506209	0.01172551082838215	98.46302557688684
0.19275409327869364	0.007	0.005	0.24713775450939549	0.0003351186721313019	0.007154129664410055	0.01314661678807602	98.30677598282011
0.21144549113818326	0.007	0.005	0.25560695625021557	0.00033480968575625195	0.008260748971292715	0.014624279173889752	98.14411645784763
0.2308997835701644	0.007	0.005	0.2630294737385717	0.00033436797406699836	0.009446821465167198	0.016157032844430784	97.9751037728801
0.2511234243250727	0.007	0.005	0.26946858797028866	0.0003338415226343476	0.010710417491144236	0.01774433594880169	97.79971577553206
0.2721320911942134	0.007	0.005	0.27499614582169596	0.00033325826299494783	0.012050004569603841	0.019386475029152063	97.61785217532645
0.29394931467869784	0.007	0.005	0.2796878442189802	0.0003326337379544988	0.01346447012869926	0.02108438760125915	97.4293471750179
0.316606377163246	0.007	0.005	0.2836201231830464	0.0003319760681132857	0.014953189227320456	0.022839603420582014	97.23397109592548
0.34014195621693516	0.007	0.005	0.2868678596484122	0.00033128904386234845	0.016516050611169418	0.024654178342885694	97.03143426508753
0.36460231925634107	0.007	0.005	0.2895028364205394	0.00033057395979574675	0.01815349882027737	0.026530678586347528	96.82138621041838
0.3900415359364924	0.007	0.005	0.2915926931256408	0.00032983066931579753	0.019866562324918582	0.028472169898686173	96.60341480703076
0.41652201098393776	0.007	0.005	0.29320027611128313	0.0003290581615299825	0.021656890832121783	0.03048223208616341	96.37704280301392
0.4441151735281701	0.007	0.005	0.29438326009140536	0.0003282548627210179	0.02352679314702564	0.032564983965487015	96.14172318040667
0.47290242829697204	0.007	0.005	0.29519397501826283	0.0003274187792247466	0.025479284024379722	0.03472512491641513	95.89683249997965
0.5029763677492504	0.007	0.005	0.2956793769270854	0.0003265475517285707	0.027518140640237235	0.03696799114600632	95.641662305099
0.5344423056276966	0.007	0.005	0.2958811201317579	0.00032563845866810935	0.029647972786673055	0.03929962932978902	95.37540815193016
0.5674201661098923	0.007	0.005	0.2958356975964844	0.00032468838928827355	0.0318743084726715	0.041726888008391666	95.09715607999594
0.6020470348518546	0.007	0.005	0.2955746230251824	0.0003236937890921691	0.03420371424920995	0.04425754653852031	94.8058640764046
0.6384803607077163	0.007	0.005	0.295124630297643	0.00032265058428590314	0.03664394703814121	0.046900476725153635	94.50033883456639
0.6769003768037244	0.007	0.005	0.29450790418275147	0.0003215541295399133	0.03920403898977276	0.04966572981838453	94.17921999461622
0.7175158807224367	0.007	0.005	0.29374227836916944	0.0003203990627872383	0.04189458865928234	0.052564843638656225	93.84093744102358
0.7605693395829032	0.007	0.005	0.29284143217918984	0.00031917918479351735	0.044727981482859	0.05561106784413827	93.48367597395043
0.8063445901845394	0.007	0.005	0.2918150395001872	0.000317887272181057	0.04771874968067728	0.05881973300378417	93.10532054028799
0.8551760569063408	0.007	0.005	0.29066887920764983	0.0003165148576490069	0.050883987412990106	0.06220866987483252	92.70339187898583
0.9074610358042083	0.007	0.005	0.28940487381735874	0.00031505193749398994	0.054243906130400414	0.06579876680963981	92.2749608872176
0.9636756578091941	0.007	0.005	0.2880210405794886	0.0003134865950365401	0.05782254488921795	0.06961467600325086	91.81653836878209
1.024396154531272	0.007	0.005	0.2865113192532581	0.00031180450286550374	0.06164870434410571	0.07368573484925657	91.32392930530052
1.0903274568950032	0.007	0.005	0.28486523372443606	0.0003099882599232582	0.06575718025898006	0.07804717252081989	90.79203877594135
1.1623452715609621	0.007	0.005	0.28306724818777107	0.00030801641354033103	0.07019059744052468	0.08274190445406181	90.21458563787614
1.2415484411404627	0.007	0.005	0.28109592268326977	0.0003058622847330286	0.07500151769587088	0.0878225423993895	89.58375862997653
1.329341046598917	0.007	0.005	0.27892242414016094	0.00030349211167687515	0.08025582135189849	0.09335463799021614	88.88967287171876
1.4275513454904663	0.007	0.005	0.2765082913893231	0.0003008624058141462	0.08603742964048208	0.09942115558407755	88.11959594358824
1.5386085580273983	0.007	0.005	0.2738020645739245	0.00029791609546764254	0.09245503841944278	0.1061287577840393	87.2568195271784
1.6657989593174405	0.007	0.005	0.27073447659636724	0.00029457711415496176	0.09965113355002418	0.11361597790485724	86.27908064588834
1.81289722968069	0.007	0.005	0.2672292366455048	0.0002907617142087721	0.10777337429476	0.12202174611941499	85.16196013690725
1.9585079680775463	0.007	0.005	0.26380402899818856	0.00028703043150248676	0.11560717360541849	0.13008164166731292	84.07038267790105
2.0747374891429393	0.007	0.005	0.2611014675950891	0.0002840852390138163	0.12171647676624785	0.13633352167321675	83.20911305027266
2.1730821341634243	0.007	0.005	0.2588363934152559	0.00028162242262975425	0.12678809776421018	0.14150010257815138	82.487266641461
2.2656909052102274	0.007	0.005	0.2567213928389288	0.0002793232560349829	0.13148359151284372	0.14626397193846202	81.81324720958519
2.3600083050333542	0.007	0.005	0.25458513201840033	0.00027699936205434397	0.13618696814862782	0.15101642200148815	81.13245275803659
2.4590142964722843	0.007	0.005	0.2523617969023052	0.0002745798769250507	0.14104009094443418	0.15589916182164862	80.42390917631425
2.5628014578912586	0.007	0.005	0.2500519358516876	0.00027206584661456317	0.1460367471531261	0.1609032717690477	79.68779114704128
2.6695964663515164	0.007	0.005	0.24769720091067113	0.00026950277341018336	0.151082913175837	0.16593242946645104	78.93737251461512
2.777128244558108	0.007	0.005	0.2453486248223057	0.0002669463067880888	0.15606804664502982	0.17087569712415315	78.18891662928276
2.8838588407421515	0.007	0.005	0.24303956776807506	0.0002644328648966335	0.16092271941903616	0.1756648079507524	77.45305487125029
2.9893290701855415	0.007	0.005	0.2407791267150944	0.0002619724196936069	0.1656304420633334	0.18028476333735746	76.73268630381504
3.0938277641937595	0.007	0.005	0.23856024234359602	0.00025955728324105224	0.17020856396907094	0.1847538907003814	76.02556122662078
3.197899442631909	0.007	0.005	0.23637074812780293	0.00025717416541680627	0.1746842332918108	0.18909968568423585	75.32780235036792
3.3019931083186735	0.007	0.005	0.2342008927628957	0.0002548124104875186	0.179078776555034	0.19334350145292042	74.63630208066398
3.4063290792637884	0.007	0.005	0.2320459749669919	0.00025246688300530735	0.18340268712003413	0.19749588809886467	73.9495621895965
3.510922833264134	0.007	0.005	0.22990563412820592	0.00025013719103499316	0.1876575114949408	0.20155866891115254	73.2674677555462
3.6156776125455004	0.007	0.005	0.2277817857202809	0.0002478254294406692	0.19184030225031434	0.2055293966883566	72.59062921117116
3.7204774947645265	0.007	0.005	0.2256766554491469	0.0002455340324832587	0.1959476440721106	0.20940526881300936	71.91975585547003
3.8252438464653897	0.007	0.005	0.22359164473951493	0.00024326453423974417	0.19997786163846046	0.21318520859507273	71.25529430141782
3.929949483505789	0.007	0.005	0.2215270889038461	0.00024101730375128367	0.203931403058309	0.21687017413454174	70.59735140805162
4.034604866259648	0.007	0.005	0.21948257355687828	0.00023879189032408407	0.20781014546826365	0.22046245609744075	69.94579511702057
4.1392355622718355	0.007	0.005	0.21745740303858332	0.00023658753541725157	0.21161645235220444	0.22396477019060101	69.30040373193641
4.243864494084154	0.007	0.005	0.21545095248824556	0.0002344035576323372	0.21535249727057712	0.22737962512587895	68.66097811908708
4.348503892958739	0.007	0.005	0.2134628172378821	0.00023223951618588792	0.21901999680227335	0.23070908540936433	68.0273893168726
4.45315549974806	0.007	0.005	0.2114927993291073	0.00023009519626669177	0.2226202548755343	0.23395482425708705	67.39957423893286
4.557814900111566	0.007	0.005	0.2095408177511782	0.00022797051093228533	0.22615434265761591	0.2371182963356616	66.77750706836251
4.662476313368591	0.007	0.005	0.20760681504492223	0.0002258653989798292	0.22962327541043234	0.2402009013407067	66.16116949378741
4.767135594554565	0.007	0.005	0.2056907014922033	0.00022377976388793241	0.2330281132820065	0.24320407401426164	65.55053292338704
4.871791142669966	0.007	0.005	0.20379234017030504	0.0002217134574435716	0.23636998492456873	0.24612930285560078	64.945553721951
4.976443311308142	0.007	0.005	0.20191155966509394	0.00021966629363202528	0.23965006171084086	0.24897810503601658	64.34617726237305
5.081093299549715	0.007	0.005	0.20004817535195452	0.00021763807191435954	0.2428695185559874	0.25175199077012933	63.75234470756497
5.185742264830726	0.007	0.005	0.19820200564533394	0.00021562859501121726	0.24602950543268923	0.25445243836124765	63.1639981889423
5.290390858631442	0.007	0.005	0.19637288001063194	0.00021363767767829873	0.2491311343642257	0.2570808835083575	62.581083359692755
5.395039219564432	0.007	0.005	0.1945606386458988	0.00021166514636556345	0.25217548109275917	0.2596387214784643	62.003549293338445
5.499687153575	0.007	0.005	0.19276512897309875	0.00020971083538222956	0.2551635919759784	0.26212731358184915	61.43134736555419
5.604334376515064	0.007	0.005	0.19098620125598428	0.00020777458210265162	0.25809649196629725	0.26454799426595166	60.86442985764995
5.708980659686179	0.007	0.005	0.18922370607933173	0.00020585622420794318	0.2609751891441128	0.26690207506848457	60.30274915324121
5.813625913002635	0.007	0.005	0.1874774930014119	0.00020395559821099015	0.2638006771241846	0.26919084666175186	59.746257308811515
5.918270122614081	0.007	0.005	0.18574741167688313	0.00020207254068720952	0.2665739333964532	0.27141557754728185	59.19490641156174
6.022913350902528	0.007	0.005	0.1840333119029756	0.00020020688832618177	0.2692959194692139	0.2735775142602822	58.64864859412821
6.127555667178396	0.007	0.005	0.18233504478366327	0.00019835847920855905	0.2719675792637158	0.2756778802087084	58.107436405586924
6.232197106099976	0.007	0.005	0.18065246338666138	0.0001965271535279288	0.2745898383954187	0.2777178752874889	57.57122302082861
6.336837688464665	0.007	0.005	0.1789854223745153	0.00019471275318850125	0.2771636050843229	0.2796986767888416	57.03996212299234
6.441477393489603	0.007	0.005	0.17733377841694	0.00019291512225903497	0.2796897698384258	0.28162143935233563	56.51360803487205
6.546116200392456	0.007	0.005	0.1756973895007232	0.00019113410621817838	0.2821692068299686	0.28348729621176305	55.992115498992845
6.650754102251099	0.007	0.005	0.17407611470394532	0.00018936955170839565	0.2846027745139091	0.2852973598240545	55.47543960565854
6.7553910990733606	0.007	0.005	0.17246981429981698	0.00018762130665119368	0.2869913157353396	0.28705272210458693	54.963535826042836
6.860027190867068	0.007	0.005	0.17087834985448228	0.00018588922035577433	0.2893356578505691	0.2887544546786666	54.45636004335796
6.964662384569703	0.007	0.005	0.16930158411110346	0.00018417314339323447	0.2916366131627108	0.2904036093627837	53.95386851591408
7.069296687118572	0.007	0.005	0.16773938108577666	0.00018247292770307106	0.29389497903893114	0.29200121841048193	53.45601790768629
7.173930105450803	0.007	0.005	0.16619160605568967	0.00018078842658146555	0.2961115381852233	0.2935482948731839	52.96276528454051
7.2785626326443875	0.007	0.005	0.16465812574956407	0.00017911949489155953	0.29828705863065036	0.295045832759257	52.47406817492489
7.3831942756363365	0.007	0.005	0.1631388079260839	0.00017746598860198602	0.30042229457889924	0.2964948077910447	51.98988443552094
7.487825055222214	0.007	0.005	0.1616335213718021	0.0001758277647855321	0.30251798664124374	0.2978961777136803	51.51017225057642
7.592454964479837	0.007	0.005	0.16014213648876893	0.00017420468226538545	0.30457486125648275	0.29925088207033806	51.03489031917414
7.697084010345696	0.007	0.005	0.1586645246804799	0.00017259660094206942	0.3065936317870005	0.30055984310347683	50.56399765954215
7.801712185897721	0.007	0.005	0.1572005587358622	0.00017100338221609542	0.3085749982191117	0.30182396571801634	50.09745373142486
7.906339491143154	0.007	0.005	0.15575011252243148	0.00016942488865195706	0.31051964781119956	0.3030441380651548	49.6352183382965
8.010965933018309	0.007	0.005	0.15431306097988212	0.00016786098397191543	0.3124282553178508	0.3042212318381467	49.17725162531872
8.115591518459333	0.007	0.005	0.15288928020751272	0.00016631153315287681	0.31430148308741535	0.30535610248945677	48.72351410720136
8.220216254402203	0.007	0.005	0.15147864745343892	0.0001647764024153764	0.3161399812902359	0.30644958953048884	48.273966664765155
8.324840154711637	0.007	0.005	0.15008104101177813	0.00016325545911133522	0.31794438826106297	0.30750251689420766	47.828570512175844
8.42946321939431	0.007	0.005	0.14869634049015726	0.00016174857201890937	0.3197153303594127	0.30851569301348875	47.38728728219485
8.534085441528097	0.007	0.005	0.1473244267002829	0.00016025561122305163	0.3214534223214156	0.3094899111939057	46.950078991305624
8.638706841906018	0.007	0.005	0.1459651811954461	0.00015877644760752305	0.32315926804146966	0.3104259502077173	46.51690789232354
8.743327406677144	0.007	0.005	0.14461848707590164	0.00015731095374133563	0.3248334597493381	0.3113245739922895	46.08773673105802
8.847947156634062	0.007	0.005	0.1432842280784795	0.00015585900287798702	0.32647657934407803	0.3121865325381969	45.662528456185406
8.9525660987117	0.007	0.005	0.14196228919701118	0.00015442046963850872	0.3280891978026772	0.3130125617173052	45.24124641696947
9.057184225987765	0.007	0.005	0.14065255666412615	0.00015299522999220064	0.3296718753971652	0.3138033835651395	44.8238543574603
9.161801545397083	0.007	0.005	0.1393549175912039	0.0001515831608609162	0.3312251623146281	0.3145597067529258	44.41031630175245
9.266418050017467	0.007	0.005	0.138069260305602	0.00015018414049081384	0.3327495984270531	0.315282226626413	44.00059666145438
9.371033753712004	0.007	0.005	0.1367954739132585	0.00014879804797122745	0.3342457139867634	0.31597162569479903	43.59466009629646
9.475648663415143	0.007	0.005	0.13553344863359762	0.00014742476360386886	0.3357140293956876	0.3166285736679607	43.19247162086027
9.580262786061178	0.007	0.005	0.1342830757036416	0.00014606416879771645	0.33715505548848385	0.31725372774308913	42.79399657402058
9.684876135512464	0.007	0.005	0.13304424728688508	0.0001447161459690147	0.3385692938013128	0.3178477328740855	42.39920058990503
9.789488697918385	0.007	0.005	0.1318168568722419	0.00014338057898145043	0.33995723628066365	0.3184112218067462	42.008049725032485
9.89410047328486	0.007	0.005	0.130600798768774	0.000142057352589757	0.3413193660233063	0.31894481554718374	41.62051029729052
9.998711475473934	0.007	0.005	0.1293959681040989	0.00014074635243814426	0.3426561574251765	0.3194491235599519	41.23654888542827
10.103321704491321	0.007	0.005	0.12820226113743569	0.0001394474654058464	0.34396807598386403	0.31992474384110176	40.856132428819016
10.207931174198658	0.007	0.005	0.1270195749313892	0.00013816057924548246	0.345255578813203	0.32037226326244544	40.47922812286317
10.312539877673542	0.007	0.005	0.12584780773648674	0.00013688558300764414	0.34651911437020794	0.3207922576252172	40.10580354153414
10.417147814921588	0.007	0.005	0.12468685866543261	0.00013562236668188362	0.3477591229584729	0.3211852919904321	39.735826533568186
10.521754999804026	0.007	0.005	0.12353662761216963	0.00013437082110754437	0.3489760369515613	0.3215519208920537	39.36926519667048
10.626361432326268	0.007	0.005	0.12239701555074026	0.00013313083830397164	0.35017028061336813	0.32189268842824753	39.00608797275763
10.730967112493724	0.007	0.005	0.12126792437080847	0.00013190231128928426	0.3513422704129518	0.3222081285103347	38.646263595541335
10.83557205416713	0.007	0.005	0.12014925672170287	0.00013068513390828817	0.35249241531866166	0.3224987650876564	38.289761040826605
10.940176250424086	0.007	0.005	0.11904091637613888	0.00012947920123460905	0.3536211165544063	0.3227651122319291	37.93654964242529
11.04477969434234	0.007	0.005	0.1179428079944989	0.00012828440931062285	0.3547287679768923	0.32300767438828487	37.58659901703517
11.149382406709845	0.007	0.005	0.11685483682977751	0.0001271006548213585	0.3558157564960765	0.32322694660778445	37.23987897021053
11.25398438753172	0.007	0.005	0.11577690923012227	0.0001259278356502815	0.35688246169140414	0.32342341460583074	36.89635965651464
11.358585636813077	0.007	0.005	0.1147089324095211	0.00012476585062608087	0.3579292561686973	0.3235975549887803	36.55601150644091
11.463186154559034	0.007	0.005	0.11365081443979047	0.00012361459951402122	0.358956505688278	0.32374983542207764	36.21880522385998
11.567785947702031	0.007	0.005	0.1126024641735319	0.00012247398293084767	0.359964569356872	0.32388071480326663	35.88471176146675
11.672385009319811	0.007	0.005	0.11156379144486663	0.00012134390256720996	0.36095379955019535	0.3239906433973277	35.55370238475178
11.776983346344716	0.007	0.005	0.11053470678391576	0.0001202242608717584	0.36192454230124244	0.3240800630304471	35.22574858101036
11.881580958781766	0.007	0.005	0.1095151216170371	0.00011911496127301929	0.36287713721963444	0.324149407220842	34.90082212315483
11.986177853563111	0.007	0.005	0.1085049481228358	0.00011801590802007551	0.363811917737112	0.32419910134399893	34.5788950238276
12.090774044547844	0.007	0.005	0.10750409922766285	0.00011692700617764725	0.364729211216429	0.32422956277676324	34.25993953396621
12.195369510959589	0.007	0.005	0.10651248899330114	0.00011584816205618293	0.36562933870414727	0.32424120103810367	33.94392826635351
12.29996426665734	0.007	0.005	0.10553003194669522	0.00011477928246889496	0.3665126156486013	0.3242344179542374	33.63083398201226
12.404558367061503	0.007	0.005	0.10455664302352916	0.00011372027466873502	0.36737935203743477	0.32420960776832064	33.32062957222433
12.50915188837221	0.007	0.005	0.10359223776930365	0.00011267104657112302	0.36822985230509137	0.32416715725605355	33.013288122611
12.61374475439706	0.007	0.005	0.10263673391515418	0.00011163150850392219	0.36906441405443297	0.3241074459606069	32.70878341532249
12.718336902798772	0.007	0.005	0.10169004980840919	0.0001106015714665053	0.36988332956364334	0.3240308463165785	32.4070894288805
12.822928312801963	0.007	0.005	0.10075210416453255	0.00010958114685398506	0.3706868860855413	0.3239377237416684	32.108180259125845
12.927518970558415	0.007	0.005	0.09982281638398904	0.00010857014680893227	0.3714753656564049	0.3238284367711754	31.81203022019894
13.03210888992687	0.007	0.005	0.09890210636618177	0.00010756848401448173	0.37224904533984504	0.32370333715295546	31.51861378524427
13.136698105545651	0.007	0.005	0.09798989457398884	0.00010657607176580756	0.37300819725282186	0.3235627699614097	31.227905606977355
13.241286624346067	0.007	0.005	0.0970861024521928	0.00010559282443558889	0.37375308830339526	0.3234070737812768	30.939880651031853
13.345874439406229	0.007	0.005	0.09619065229139398	0.00010461865732313114	0.37448398039761854	0.3232365808248975	30.654514152590874
13.450461550730873	0.007	0.005	0.0953034670403496	0.0001036534864457509	0.37520113067992794	0.3230516170218472	30.371781556582253
13.555047965251173	0.007	0.005	0.09442447030207413	0.00010269722853445434	0.3759047916169627	0.32285250213001104	30.091658516435697
13.659633682971771	0.007	0.005	0.09355358644474318	0.00010174980115756443	0.37659521098942805	0.3226395498739426	29.814120929426295
13.764218703897308	0.007	0.005	0.0926907405355893	0.00010081112264728154	0.37727263202615274	0.3224130680457502	29.539144915608052
13.868803021106128	0.007	0.005	0.0918358583907902	9.988111215546931e-5	0.3779372934441151	0.32217335863103114	29.266706833712576
13.973386627676714	0.007	0.005	0.09098886651062843	9.895968958156669e-5	0.37858942957742225	0.3219207179035668	28.99678326048539
14.0779695305401	0.007	0.005	0.09014969196255508	9.80467754421987e-5	0.3792292705416877	0.3216554364948061	28.729350953420028
14.18255173662718	0.007	0.005	0.0893182624896699	9.714229099220734e-5	0.3798570422227078	0.32137779952684997	28.464386885329187
14.287133252868712	0.007	0.005	0.088494506504444	9.624615821778099e-5	0.3804729663542619	0.3210880867144166	28.201868242344077
14.391714072343174	0.007	0.005	0.08767835319010285	9.535829994990072e-5	0.3810772605152001	0.3207865725056246	27.94177245622378
14.49629419505521	0.007	0.005	0.08686973232958622	9.447863967349741e-5	0.38167013832856905	0.3204735261244647	27.68407714984727
14.600873621009463	0.007	0.005	0.08606857435480815	9.360710158256693e-5	0.38225180949308785	0.32014921168503113	27.42876015291186
14.705452350210575	0.007	0.005	0.08527481034065455	9.274361057359317e-5	0.3828224798552461	0.3198138882860024	27.175799500020364
14.810030382663186	0.007	0.005	0.08448837199903653	9.188809223903288e-5	0.38338235148007765	0.3194678101033822	26.925173428785946
14.914607732223617	0.007	0.005	0.08370919157027067	9.104047274580897e-5	0.3839316227926943	0.3191112264336224	26.67686034521659
15.01918438504474	0.007	0.005	0.08293720212732139	9.020067917608974e-5	0.38447048842757237	0.31874438192402077	26.43083892067265
15.123760334205453	0.007	0.005	0.08217233730843666	8.936863922824097e-5	0.3849991394825363	0.31836751654745205	26.187088006661853
15.228335586636188	0.007	0.005	0.08141453126387706	8.854428115709984e-5	0.385517763614952	0.3179808656590226	25.94558661786267
15.332910156192895	0.007	0.005	0.08066371870438581	8.772753382824457e-5	0.3860265450662821	0.3175846601007227	25.706313947570933
15.43748402210321	0.007	0.005	0.07991983519202883	8.691832704447958e-5	0.38652566452592346	0.317179126444427	25.469249460386184
15.542057191297426	0.007	0.005	0.07918281668596364	8.6116591036523e-5	0.3870152994982081	0.3167644868387196	25.234372747455122
15.646629663780185	0.007	0.005	0.0784525997866929	8.532225673706426e-5	0.3874956241933256	0.3163409592184308	25.001663604311506
15.751201460332542	0.007	0.005	0.07772912153756402	8.453525555791405e-5	0.3879668097139565	0.31590875727045714	24.771101967617017
15.85577256710801	0.007	0.005	0.07701231980396718	8.375551981622302e-5	0.3884290238626964	0.31546809073811555	24.542668036006056
15.960342991036523	0.007	0.005	0.07630213288241747	8.298298229543866e-5	0.38888243145245976	0.3150191652706674	24.31634214550602
16.0	0.007	0.005	0.0760345195614005	8.269495703265346e-5	0.38905211177450183	0.31484679184601244	24.231057805072556
