0.0	0.007	0.005	0.0	0.0	0.0	0.0	100.0
0.006221395061581775	0.007	0.005	0.02002251862332054	9.235271891556368e-5	1.5621290212674698e-5	8.203472883106175e-5	99.90792990821492
0.010344617085932845	0.007	0.005	0.03272217661756212	0.0001421851011035288	4.267490466418441e-5	0.00021534927925612329	99.84695727857445
0.016530323073602048	0.007	0.005	0.0509600547701763	0.00020325045710480738	0.00010704408118027549	0.0005100678894135144	99.75555520429353
0.02243738682047803	0.007	0.005	0.06750431200671866	0.0002491446612712128	0.00019391412300480594	0.0008770821634583878	99.66834854537119
0.029455362922921065	0.007	0.005	0.08610975925766778	0.0002913815591809286	0.0003276079562686146	0.0013973010553941677	99.56484044527322
0.036787928469499215	0.007	0.005	0.10439746905305182	0.0003245634771298211	0.0005006065462548394	0.0020152764182252104	99.45680729672713
0.04491329324653168	0.007	0.005	0.12337077895491164	0.0003515858106697162	0.00072951066957695	0.0027656292071122947	99.33723048369518
0.05358603024370751	0.007	0.005	0.14222101154792327	0.00037217546099912096	0.001014000181382439	0.003621208592967797	99.20975689181462
0.06299583608861468	0.007	0.005	0.16115144337236811	0.00038766875391280835	0.0013660537600835316	0.00459385488236385	99.07163473371897
0.07309884417070932	0.007	0.005	0.17984585106116696	0.0003988128450518041	0.0017902445870974838	0.005672520317335201	98.92355144339835
0.08400359913867046	0.007	0.005	0.1982822571705658	0.0004065511463492169	0.0022970969153823387	0.006862171475470172	98.76396504732496
0.09574045292601546	0.007	0.005	0.21628063684672866	0.0004116328965963733	0.002894110135503605	0.008160030155742817	98.59248889775282
0.10838377843373624	0.007	0.005	0.23372864787911396	0.0004147294226364189	0.0035908759707655117	0.00956871670420802	98.40810222550239
0.12195851815827538	0.007	0.005	0.25044542534536507	0.00041638011658705674	0.0043941068878921305	0.011086001283722884	98.21051593426222
0.13646797842543895	0.007	0.005	0.2662510052620332	0.0004170175281978581	0.0053082986712185715	0.012707847663706183	97.99976299005978
0.15186826754622243	0.007	0.005	0.28096070215698776	0.00041697187844106124	0.006333522318281267	0.014425591937044643	97.77656531315607
0.16810668539363682	0.007	0.005	0.2944432143206623	0.0004164832070171193	0.007467434666585578	0.016230246599664894	97.54177113470644
0.18513628240476698	0.007	0.005	0.306629063468507	0.0004157142455524772	0.008706436713322403	0.018114052841622107	97.2961428266613
0.20292761477801077	0.007	0.005	0.3175060267017321	0.0004147680375515133	0.010046912784276977	0.02007163923484796	97.04018817549704
0.22146481886452488	0.007	0.005	0.32710113860675916	0.00041370616302684535	0.011485371828109346	0.02209942214674815	96.77421929745613
0.24074414533620203	0.007	0.005	0.3354681327062745	0.0004125635331942145	0.013018658801525647	0.02419530579169298	96.49837586669742
0.2607711340393857	0.007	0.005	0.3426772241544468	0.00041135893420826447	0.01464397126241192	0.02635826770789752	96.21266764212464
0.28155971862796786	0.007	0.005	0.3488083521115366	0.00041010177057357496	0.016358954211461937	0.02858818461637889	95.91698911260191
0.3031312790769781	0.007	0.005	0.3539461079955214	0.00040879615599176666	0.01816174011302506	0.03088567213568546	95.611134839381
0.32551435765231085	0.007	0.005	0.3581761869150242	0.00040744324096763117	0.020051004035030413	0.03325200794690792	95.29480535854354
0.34874444016572187	0.007	0.005	0.3615828078870359	0.0004060424935774065	0.022025994643174153	0.03568906778512604	94.96761225595677
0.3728640325548598	0.007	0.005	0.36424692564789196	0.0004045923653650376	0.024086566557751085	0.03819929468177474	94.62907921547163
0.3979228757773477	0.007	0.005	0.3662450051093218	0.00040309062295852986	0.026233205797885656	0.040785681630697415	94.27864134446106
0.42397834544120205	0.007	0.005	0.36764822510895895	0.0004015344983107755	0.028467055563768186	0.04345177025489668	93.91564220159223
0.45109605756235227	0.007	0.005	0.368521998261847	0.00039992074162911143	0.030789946442889876	0.04620166551543593	93.53932832962207
0.4793506634408464	0.007	0.005	0.3689257189364283	0.0003982456229610193	0.0332044307993245	0.049040062575420894	93.14884165006758
0.5088268755061484	0.007	0.005	0.36891267661810884	0.0003965049028721856	0.03571382525420079	0.05197228779671842	92.74320927840557
0.5396208239160013	0.007	0.005	0.3685300837715934	0.0003946937778771929	0.038322269204973676	0.055004360987635934	92.32132956761691
0.5718427316319922	0.007	0.005	0.36781915178779406	0.0003928067489349658	0.041034880678793316	0.05814317087544001	91.88194118719044
0.6056162873710257	0.007	0.005	0.36681529482662406	0.0003908376870517261	0.04385761797184624	0.06139630940347265	91.4236385345282
0.6410834606296527	0.007	0.005	0.36554827647412774	0.00038877958529123715	0.04679758238832253	0.06477241579328419	90.9448143287447
0.6784062657676306	0.007	0.005	0.3640424245314747	0.000386624498161874	0.049863039778959624	0.06828119099470105	90.44364598463798
0.7177713101981258	0.007	0.005	0.3623167801544512	0.00038436332960914736	0.05306364485556752	0.07193364109968534	89.91804687097019
0.7593941506742046	0.007	0.005	0.36038525640067975	0.00038198564681091076	0.05641061043075263	0.07574225043963184	89.36562370820864
0.8035255116382468	0.007	0.005	0.3582567281085896	0.00037947940560671705	0.05991697901269767	0.07972126266681999	88.78361357275519
0.8504587548471584	0.007	0.005	0.3559350734297765	0.00037683062968735275	0.06359792913027078	0.08388698905769504	88.16881034437782
0.9005396173342823	0.007	0.005	0.3534191232198457	0.00037402299462862415	0.0674711749712693	0.08825820643330297	87.51746927812843
0.9541785374417352	0.007	0.005	0.35070250834485467	0.00037103731175801746	0.07155745177209955	0.09285662998844359	86.82518859986514
1.0118662727228354	0.007	0.005	0.3477733827583238	0.00036785089004889366	0.07588109803481011	0.09770746544871162	86.08676313155263
1.0741926285851457	0.007	0.005	0.34461405131840683	0.0003644368095961383	0.08047066462768189	0.10283995134935349	85.29601778740808
1.1418641146299158	0.007	0.005	0.34120073907682485	0.0003607633620536955	0.08535918406662427	0.10828747025802782	84.44568010086337
1.2156994028449508	0.007	0.005	0.3375045748701733	0.00035679480828972363	0.09058258443841881	0.11408554322159975	83.52755777547257
1.2964720553241809	0.007	0.005	0.33350016530519777	0.00035250028760033163	0.09616753331320081	0.1202581426899172	82.53460029681561
1.3840877103005784	0.007	0.005	0.32920607876671193	0.00034789696082733733	0.10207646543191086	0.12675736159437517	81.47086213577649
1.4756870280283987	0.007	0.005	0.3247736148331075	0.00034314510902067096	0.10809222160359584	0.13333925251836745	80.37341468639374
1.5673083987270566	0.007	0.005	0.32039870082642335	0.00033845390060633214	0.1139482578970386	0.13971091795958496	79.29049143211195
1.6575389615460836	0.007	0.005	0.316147303884033	0.00033389396010178153	0.11956203986148228	0.14578443502271501	78.23826825045724
1.7464920295263848	0.007	0.005	0.3120110950526863	0.00032945650286914937	0.12495128914145891	0.15158156183026453	77.21461179099958
1.8346944487563426	0.007	0.005	0.30796311827013617	0.00032511278080523195	0.13015655663604703	0.1571480760670778	76.21281844886606
1.9226745354454275	0.007	0.005	0.30397761486733543	0.0003208353190950058	0.13521485096260938	0.16252508170528013	75.22649878322126
2.0107890415213467	0.007	0.005	0.30003769437893757	0.0003166061697960421	0.14015032912134184	0.1677392785015249	74.25146596831287
2.0991944955902815	0.007	0.005	0.29613607151345717	0.0003124177090086988	0.14497419093305486	0.17280323610767803	73.28591383048409
2.187899974558932	0.007	0.005	0.29227219557614204	0.00030826954769867473	0.14968897024395592	0.1777202678350444	72.32970452411485
2.276840974826302	0.007	0.005	0.288448672804873	0.0003041646806615013	0.15429336698593205	0.18248971081529355	71.38348226946192
2.3659389426462516	0.007	0.005	0.2846685524563358	0.0003001065648135138	0.15878570266021114	0.18711060584513217	70.44800131276136
2.4551340205763337	0.007	0.005	0.2809339307059978	0.0002960976157204446	0.16316557780430324	0.1915834026594702	69.52378022686426
2.544393931746777	0.007	0.005	0.27724564257580336	0.0002921388756240803	0.1674341479204046	0.19591019492641792	68.61102557362699
2.6337083348084698	0.007	0.005	0.27360356918687445	0.00028823034446352416	0.1715936755823066	0.20009421369671912	67.70970789342779
2.723078192836112	0.007	0.005	0.2700071233901316	0.0002843715033695458	0.1756469138870406	0.20413917065525777	66.81968186309285
2.812506521181062	0.007	0.005	0.26645564517008385	0.0002805617411532072	0.17959663530249154	0.20804877201017338	65.94078413696494
2.90199323356027	0.007	0.005	0.2629486075175046	0.0002768005767080222	0.18344540303856605	0.21182649169799778	65.07288428973418
2.9915339710553703	0.007	0.005	0.2594856532187022	0.000273087699345464	0.18719554228752366	0.21547554983919912	64.21589391831121
3.081121357255825	0.007	0.005	0.25606653640594723	0.00026942290663055677	0.1908492153202324	0.21899899292110636	63.36975217589698
3.1707470665559936	0.007	0.005	0.25269103785837177	0.0002658060140265801	0.1944085186765424	0.22239979156593814	62.53440481060795
3.260403458369549	0.007	0.005	0.24935890273500394	0.0002622367887320364	0.19787554981253036	0.2256809045937494	61.70978875576479
3.3500843879446105	0.007	0.005	0.2460698131635152	0.0002587149210373371	0.2012524330072396	0.22884530147382448	60.89582534619702
3.4397852270202227	0.007	0.005	0.24282339150079818	0.0002552400286500806	0.20454131227165673	0.23189595275752084	60.092421125089515
3.5295024260698393	0.007	0.005	0.23961921976645775	0.00025181167835865	0.2077443286225852	0.23483580649087915	59.299472653232606
3.619233063772349	0.007	0.005	0.23645685814555867	0.00024842940663510573	0.21086359995615644	0.23766776819422197	58.51687108795313
3.7089744553497646	0.007	0.005	0.23333586010406512	0.00024509273653680537	0.21390120573791327	0.2403946862996985	57.74450592378263
3.7987240280826966	0.007	0.005	0.23025577726315724	0.00024180118355799453	0.21685918267496668	0.24301934822294152	56.98226619871985
3.888479297791184	0.007	0.005	0.22721616051646132	0.00023855425740616456	0.21973952430415092	0.24554448015962754	56.23004077071429
3.978237952287037	0.007	0.005	0.22421655752077532	0.00023535145985195433	0.22254418402861492	0.24797274992588964	55.487717696686
4.067997940744204	0.007	0.005	0.22125651020204126	0.0002321922825645915	0.22527507794818757	0.2503067694719208	54.755183615318806
4.157757515461268	0.007	0.005	0.21833555401487664	0.00022907620679628158	0.2279340859214348	0.2525490957628473	54.03232356381355
4.247515172510136	0.007	0.005	0.2154532205099709	0.00022600270657721668	0.23052304962836237	0.2547022291421195	53.31902161325129
4.337269651787395	0.007	0.005	0.2126090378541998	0.00022297124968119348	0.23304377262493045	0.2567686134867691	52.61516099730805
4.427019895424577	0.007	0.005	0.20980253262266518	0.0002199812999205189	0.23549801932956704	0.25875063554314764	51.920624555737554
4.51676500023952	0.007	0.005	0.20703323164999565	0.0002170323194712192	0.23788751408196895	0.26065062443829	51.23529519251957
4.6065041820701405	0.007	0.005	0.20430066338972677	0.00021412377064043798	0.2402139407390964	0.2624708517293297	50.55905621227084
4.696236775762726	0.007	0.005	0.2016043581112569	0.00021125511636182814	0.24247894332314615	0.26421353234250267	49.89179136898667
4.785962205442057	0.007	0.005	0.19894384896261194	0.00020842582159126273	0.24468412595706462	0.2658808249860791	49.233385129047036
4.8756799963760775	0.007	0.005	0.1963186717456446	0.00020563535330134878	0.24683105390281246	0.2674748334403513	48.58372261558457
4.965389774948613	0.007	0.005	0.1937283650530011	0.00020288318084110606	0.2489212542798069	0.2689976075936164	47.94268964237995
5.055091256747351	0.007	0.005	0.19117247073408897	0.00020016877662647556	0.2509562165173472	0.2704511442913242	47.31017282917709
5.144784216835553	0.007	0.005	0.18865053482490282	0.00019749161730640187	0.25293739245983216	0.2718373879685629	46.686059831790274
5.234468501609014	0.007	0.005	0.18616210725996038	0.00019485118360983638	0.25486619745215444	0.2731582320022668	46.07023927081597
5.324143993138857	0.007	0.005	0.18370674289886296	0.0001922469615799342	0.2567440103915123	0.2744155193480267	45.46260098567969
5.413810626971384	0.007	0.005	0.1812840010369836	0.00018967844217444838	0.2585721749614364	0.27561104400348413	44.86303591354425
5.5034683980443	0.007	0.005	0.17889344526709713	0.000187145121227467	0.260352000558805	0.2767465522307347	44.271436055066566
5.593117325043494	0.007	0.005	0.17653464443685443	0.0001846465005671981	0.26208476239620465	0.2778237432508099	43.68769471134761
5.682757456329732	0.007	0.005	0.17420717245725234	0.0001821820878957937	0.2637717024710946	0.27884427051390137	43.11170643653369
5.772388858056166	0.007	0.005	0.1719106085759399	0.00017975139715427585	0.2654140301758603	0.27980974273423326	42.54336710545256
5.862011631966284	0.007	0.005	0.16964453688020456	0.00017735394805650659	0.26701292344608113	0.28072172523467676	41.98257379061556
5.951625903511884	0.007	0.005	0.1674085465708917	0.0001749892664362522	0.2685695293303997	0.2815817409258248	41.42922483000558
6.041231798109392	0.007	0.005	0.16520223250194552	0.0001726568848687127	0.27008496437817503	0.2823912711973321	40.88321996059902
6.1308294589402	0.007	0.005	0.16302519467088264	0.00017035634216683377	0.271560315746413	0.283151757201557	40.344460192271804
6.220419046944845	0.007	0.005	0.1608770381685268	0.00016808718336052954	0.2729966419571336	0.2838646009132687	39.81284779535962
6.310000723020782	0.007	0.005	0.15875737354705782	0.00016584896011521833	0.27439497336212715	0.2845311660352193	39.288286391740606
6.399574659886721	0.007	0.005	0.1566658164668892	0.00016364123037685712	0.27575631307784265	0.2851527791293682	38.770680867446785
6.489141042079546	0.007	0.005	0.1546019876380945	0.00016146355832584555	0.27708163769828115	0.28573073061123216	38.259937358168564
6.578700048159172	0.007	0.005	0.15256551316413644	0.00015931551475460853	0.2783718977368199	0.2862662756162008	37.75596333431877
6.668251856641852	0.007	0.005	0.150556024325318	0.0001571966768447664	0.27962801841875934	0.28676063501467347	37.25866754744243
6.757796651931103	0.007	0.005	0.1485731573742131	0.00015510662795363187	0.28085090044091443	0.2872149963834589	36.76795997959118
6.847334636175826	0.007	0.005	0.1466165532138406	0.00015304495727289213	0.28204142077782185	0.2876305149620753	36.283751763679874
6.936865987763373	0.007	0.005	0.14468585824009775	0.00015101126072300747	0.28320043276452983	0.28800831434098123	35.80595539196667
7.02639087911331	0.007	0.005	0.14278072386040636	0.0001490051404366604	0.28432876698572535	0.2883494874426679	35.33448459693061
7.115909488536447	0.007	0.005	0.14090080616828485	0.00014702620440605648	0.2854272320376883	0.2886550974134937	34.869254270736796
7.20542200023425	0.007	0.005	0.13904576588297646	0.0001450740664102527	0.2864966151104008	0.28892617843037594	34.410180450295904
7.2949285924435845	0.007	0.005	0.13721526853060223	0.00014314834619759897	0.2875376824183071	0.2891637364564257	33.95718036209474
7.384429437439336	0.007	0.005	0.13540898436924312	0.00014124866939432313	0.28855117977022227	0.28936875002591	33.510172403656156
7.473924701536918	0.007	0.005	0.13362658831533666	0.00013937466741324145	0.28953783312329967	0.2895421710067025	33.069076125324074
7.563414545094662	0.007	0.005	0.13186775987136126	0.0001375259773627448	0.2904983491215193	0.2896849253408793	32.633812212367204
7.652899140294056	0.007	0.005	0.1301321827122538	0.0001357022415919651	0.2914334158024395	0.2897979137836602	32.20430238262841
7.742378629658381	0.007	0.005	0.12841954542688275	0.00013390310846336489	0.2923437026654372	0.2898820125414807	31.780469570019648
7.83185317346279	0.007	0.005	0.12672954052966406	0.0001321282312852615	0.2932298616624103	0.2899380740114884	31.362237679922988
7.921322914181088	0.007	0.005	0.12506186508097142	0.0001303772689544934	0.29409252730937285	0.28996692739866864	30.949531742725732
8.010787988339663	0.007	0.005	0.12341622038931033	0.00012864988562229866	0.2949323172798968	0.28996937937379913	30.5422778401165
8.10024854429265	0.007	0.005	0.12179231162554903	0.0001269457502662838	0.29574983302028846	0.2899462146890905	30.140403009617376
8.189704878476217	0.007	0.005	0.12018984535523779	0.00012526453404763363	0.2965456613666139	0.289898196667214	29.743834633897595
8.279157062176447	0.007	0.005	0.11860853620963703	0.00012360591738760712	0.29732037160753055	0.2898260679360496	29.352502091678215
8.368605137051368	0.007	0.005	0.11704810317689349	0.0001219695860057411	0.2980745177874825	0.2897305510618358	28.966335839895358
8.458049150676679	0.007	0.005	0.1155082689077969	0.00012035523016335145	0.2988086394241085	0.2896123490780571	28.585267241893202
8.547489198006556	0.007	0.005	0.11398875897175943	0.00011876254385367462	0.29952326221334874	0.2894721459344505	28.209228383298427
8.636925415442752	0.007	0.005	0.11248930195776086	0.00011719122489063393	0.30021889830915477	0.28931060696497196	27.838152097001604
8.726357927524445	0.007	0.005	0.11100963034482716	0.00011564097581673784	0.3008960462504705	0.28912837945684283	27.471972178577627
8.815786852853115	0.007	0.005	0.10954948034151128	0.00011411150371448185	0.30155519137591513	0.28892609314033335	27.110623346561514
8.90521230409396	0.007	0.005	0.10810859182902027	0.00011260252012820559	0.3021968061790887	0.2887043606715041	26.754041228373868
8.994634382055258	0.007	0.005	0.10668670839885992	0.00011111374108683226	0.30282135061325627	0.28846377811778273	26.402162369636958
9.08405316976874	0.007	0.005	0.10528357738403872	0.0001096448871201196	0.3034292723930145	0.28820492543738646	26.05492424189678
9.173468756178607	0.007	0.005	0.103898949428698	0.00010819568278365376	0.30402100748592364	0.2879283668577769	25.7122651361179
9.262881218376908	0.007	0.005	0.10253257871718707	0.00010676585688625019	0.30459698030618787	0.2876346513537204	25.374124219373545
9.352290639368833	0.007	0.005	0.1011842226499974	0.00010535514212858787	0.305157604138271	0.28732431300726774	25.040441454647738
9.441697090309273	0.007	0.005	0.09985364206706887	0.00010396327532521629	0.3057032813201497	0.2869978714693732	24.7111576560978
9.531100648266857	0.007	0.005	0.09854060093243915	0.00010258999705301924	0.3062344036444325	0.2866558322904569	24.386214411013338
9.62050139030281	0.007	0.005	0.09724486638143547	0.00010123505168622368	0.3067513525993198	0.28629868731819674	24.065554091494914
9.709899381630317	0.007	0.005	0.0959662088456291	9.989818751484795e-5	0.3072544995750526	0.28592691511629287	23.749119885377084
9.799294687456598	0.007	0.005	0.0947044018330484	9.857915649597265e-5	0.30774420620164794	0.2855409812802053	23.436855741836784
9.88868737890312	0.007	0.005	0.09345922180446328	9.72777141076082e-5	0.3082208246375088	0.285141338758431	23.12870634077714
9.978077521165261	0.007	0.005	0.09223044829923847	9.599361946920071e-5	0.3086846977552954	0.2847284282424521	22.824617123972686
10.067465161673644	0.007	0.005	0.09101786404876526	9.47266354495501e-5	0.30913615933121447	0.2843026785579442	22.524534323140855
10.15685035377452	0.007	0.005	0.08982125460572593	9.347652825821592e-5	0.3095755344092211	0.2838645068798207	22.228404868194605
10.246233162648652	0.007	0.005	0.088640408232474	9.224306731350922e-5	0.3100031395557333	0.28341431900920383	21.93617635961942
10.335613641633081	0.007	0.005	0.08747511617919382	9.102602552731924e-5	0.3104192829681288	0.28295250979261594	21.647797137310608
10.424991826303312	0.007	0.005	0.08632517271100161	8.982517932252699e-5	0.3108242646747649	0.28247946345622454	21.36321628728001
10.514367775908072	0.007	0.005	0.0851903745327469	8.864030800666773e-5	0.31121837693885973	0.2819955536764317	21.082383499309504
10.603741531935146	0.007	0.005	0.08407052128763236	8.747119429377469e-5	0.3116019042760842	0.28150114407604976	20.80524919034628
10.693113141787993	0.007	0.005	0.08296541521508073	8.631762392780873e-5	0.3119751237642769	0.28099658837096486	20.531764419833923
10.782482641029544	0.007	0.005	0.08187486133487518	8.517938586928488e-5	0.31233830516519917	0.28048223073378087	20.26188093528232
10.871850071138663	0.007	0.005	0.0807986671897906	8.405627200977508e-5	0.31269171119139183	0.2799584059518114	19.995551108575633
10.961215467673053	0.007	0.005	0.07973664295520418	8.294807727949607e-5	0.31303559764396305	0.27942543974475026	19.73272796309803
11.050578878024348	0.007	0.005	0.07868860119321036	8.185459937441775e-5	0.3133702136622887	0.27888364890201683	19.47336511288362
11.139940349581051	0.007	0.005	0.0776543569639287	8.07756388662597e-5	0.31369580185173684	0.2783333415868759	19.217416790162233
11.22929990605691	0.007	0.005	0.07663372806045728	7.971099944589385e-5	0.31401259837272033	0.2777748177157177	18.96483790350418
11.318657577081957	0.007	0.005	0.07562653462671788	7.866048750525351e-5	0.3143208332198557	0.27720836900360735	18.71558394324698
11.408013404119718	0.007	0.005	0.07463259906417173	7.762391202882112e-5	0.31462073040112665	0.27663427914084476	18.469610958410012
11.497367416796045	0.007	0.005	0.07365174626660594	7.660108483777977e-5	0.3149125080145146	0.2760528241548168	18.226875614797862
11.586719632900111	0.007	0.005	0.07268380357991053	7.559182053956598e-5	0.31519637840745546	0.275464272620959	17.987335185046383
11.676070093889335	0.007	0.005	0.07172860038557279	7.459593607288629e-5	0.315472548440061	0.27486888562977685	17.750947445548274
11.765418823467057	0.007	0.005	0.0707859685208795	7.361325115231214e-5	0.31574121949822004	0.2742669172535941	17.517670780442256
11.854765851252354	0.007	0.005	0.06985574199141863	7.264358795249575e-5	0.3160025877114764	0.27365861458098806	17.28746411046469
11.944111218696621	0.007	0.005	0.06893775688498194	7.168677100877446e-5	0.31625684410561766	0.2730442178585696	17.06028687164278
12.03345493766449	0.007	0.005	0.06803185176726445	7.074262763721551e-5	0.3165041746198601	0.2724239609558869	16.836099113219827
12.122797037770303	0.007	0.005	0.06713786716249939	6.981098736935886e-5	0.3167447603750616	0.27179807121688393	16.61486136912597
12.212137542710112	0.007	0.005	0.06625564576889019	6.889168217848223e-5	0.3169787777335908	0.2711667697924881	16.39653471129192
12.30147647026213	0.007	0.005	0.06538503242652897	6.798454643967788e-5	0.3172063984258562	0.2705302718081258	16.181080741709735
12.390813850036594	0.007	0.005	0.06452587391627759	6.708941670748313e-5	0.31742778971677843	0.2698887863986792	15.96846154266099
12.480149711642204	0.007	0.005	0.06367801905145064	6.620613180962521e-5	0.3176431144914726	0.2692425169481169	15.758639699406073
12.569484072853601	0.007	0.005	0.06284131876076636	6.533453293197127e-5	0.3178525313427834	0.26859166132890344	15.551578320712304
12.658816957360722	0.007	0.005	0.0620156258913661	6.44744634010817e-5	0.31805619472681634	0.2679364119230782	15.347240990106371
12.748148382936241	0.007	0.005	0.06120079529337617	6.362576877123684e-5	0.31825425504396926	0.26727695585312444	15.145591786801228
12.837478373267965	0.007	0.005	0.0603966836846109	6.278829667378897e-5	0.3184468587718458	0.2666134750360281	14.946595252213633
12.92680694612666	0.007	0.005	0.05960314973293664	6.196189690231316e-5	0.31863414854215627	0.26594614640768727	14.750216410347072
13.016134131113878	0.007	0.005	0.058820053873003486	6.114642121007329e-5	0.3188162632785705	0.2652751419239308	14.556420722437682
13.105459940082627	0.007	0.005	0.058047258542381165	6.0341723562482774e-5	0.31899333823336634	0.2646006289119837	14.365174145391663
13.194784396716638	0.007	0.005	0.05728462789597082	5.954765982382993e-5	0.31916550514381803	0.2639227699753187	14.176443061109739
13.284107518783028	0.007	0.005	0.05653202793704435	5.8764087896123954e-5	0.31933289228889034	0.26324172325011835	13.990194308915873
13.37342932996358	0.007	0.005	0.055789326392314	5.7990867580188746e-5	0.3194956246023556	0.2625576424353085	13.806395154640343
13.46274983619291	0.007	0.005	0.05505639288447802	5.7227860760441825e-5	0.3196538237178871	0.2618706770905387	13.625013333320227
13.552069067066544	0.007	0.005	0.05433309856629993	5.647493100380183e-5	0.31980760812933906	0.2611809724320677	13.44601695864364
13.641387040348327	0.007	0.005	0.05361931639212666	5.573194385241573e-5	0.3199570932097576	0.26048866971526663	13.269374590143338
13.730703773801356	0.007	0.005	0.05291492099625142	5.499876668874541e-5	0.320102391314396	0.2597939062517429	13.095055203094738
13.820019285187993	0.007	0.005	0.052219788670603534	5.427526870880573e-5	0.32024361185974165	0.2590968155140185	12.923028182994681
13.9093335863549	0.007	0.005	0.051533797387866724	5.3561320945188616e-5	0.3203808613915109	0.25839752728381116	12.753263331282692
13.998646695063158	0.007	0.005	0.05085682668771893	5.28567961406523e-5	0.320514243678265	0.2576961676588759	12.58573083718823
14.087958629073135	0.007	0.005	0.050188757702360996	5.216156877387622e-5	0.3206438597746238	0.2569928591955077	12.42040128404845
14.177269417973994	0.007	0.005	0.04952947304862526	5.147551493932666e-5	0.3207698081087705	0.2562877209090457	12.257245622607812
14.266579073609753	0.007	0.005	0.04887885702683453	5.0798512563240316e-5	0.3208921845093724	0.2555808685986227	12.096235220230552
14.355887619653178	0.007	0.005	0.04823679538042389	5.013044113866823e-5	0.3210110823153015	0.254872414703113	11.93734180141333
14.445195056118054	0.007	0.005	0.047603175531374824	4.947118198223727e-5	0.32112659239373664	0.25416246866921877	11.780537506049038
14.534501400761524	0.007	0.005	0.046977886261183446	4.8820617882644975e-5	0.3212388032596967	0.2534511367076938	11.625794810474785
14.623806665425697	0.007	0.005	0.046360817861807055	4.817863326486905e-5	0.3213478011064844	0.25273852206305036	11.473086564827177
14.713110873780884	0.007	0.005	0.04575186199329941	4.7545114032276866e-5	0.32145366988802926	0.25202472495204675	11.32238595781085
14.802414049496564	0.007	0.005	0.04515091174897276	4.691994763693664e-5	0.3215564913624258	0.25130984273560586	11.17366653282431
14.891716210327216	0.007	0.005	0.044557861675353944	4.6303023100597106e-5	0.3216563451429275	0.2505939700421735	11.026902192898559
14.981017368112601	0.007	0.005	0.04397260775081486	4.5694230990321e-5	0.32175330875489294	0.2498771988419114	10.882067195408723
15.070317528778038	0.007	0.005	0.04339504736455616	4.5093463394568116e-5	0.3218474576911887	0.24915961851884647	10.739136146873022
15.159616710076614	0.007	0.005	0.04282507918344291	4.4500613775193746e-5	0.3219388654839859	0.2484413157982601	10.598083969998099
15.248914929760838	0.007	0.005	0.042262603213077184	4.391557703398642e-5	0.3220276037430082	0.24772237490958895	10.45888591879293
15.338212211496513	0.007	0.005	0.041707520743520445	4.333824945182841e-5	0.32211374221146655	0.24700287760510747	10.321517565136496
15.42750856120729	0.007	0.005	0.04115973447832614	4.276852883117653e-5	0.32219734879240947	0.24628290341515263	10.185954830709948
15.516803984816638	0.007	0.005	0.04061914840338816	4.220631435042877e-5	0.3222784896147759	0.24556252956826904	10.0521739545401
15.606098505988887	0.007	0.005	0.04008566766471553	4.165150642751967e-5	0.32235722909518144	0.2448418309091244	9.920151462751802
15.695392142474029	0.007	0.005	0.039559198697187346	4.110400686232098e-5	0.32243362996085473	0.24412088014881397	9.789864200431477
15.784684906107964	0.007	0.005	0.039039649205607686	4.0563718815432725e-5	0.32250775329448356	0.24339974792299462	9.661289326938657
15.873976820553272	0.007	0.005	0.0385269280448773	4.003054667442975e-5	0.32257965859191606	0.2426785027051168	9.534404286251647
15.963267891731487	0.007	0.005	0.03802094537475991	3.950439622616895e-5	0.3226494037797499	0.2419572111002208	9.409186845268115
16.0	0.007	0.005	0.03781473089635952	3.9294654966577434e-5	0.3226774815167362	0.24166048647713967	9.3581541700323
