0.0	0.007	0.005	0.0	0.0	0.0	0.0	100.0
0.006645086897173908	0.007	0.005	0.01691465231554471	7.015152021805754e-5	1.3708524859610246e-5	5.259206495730158e-5	99.93984383690416
0.011411698127326734	0.007	0.005	0.02852194142903504	0.0001112080735288322	3.9926279311968747e-5	0.0001469881780148678	99.8967152929389
0.018394913744523598	0.007	0.005	0.04477016232665766	0.0001601039337132567	0.00010187214318443202	0.0003539576976490952	99.83356440293645
0.02524445824767217	0.007	0.005	0.059873973731130146	0.00019761265682063014	0.0001885001811504568	0.0006205705479633142	99.77166111560514
0.033366108433270654	0.007	0.005	0.07677166476159761	0.00023172392809540302	0.0003225293451205708	0.0009995195536577754	99.69831081216667
0.04194720620475568	0.007	0.005	0.09350278565268089	0.0002584959819872143	0.0004988060420266898	0.0014557898574977801	99.62086961657664
0.05148382243422511	0.007	0.005	0.11083142182658459	0.0002800367936416214	0.000733673664794541	0.002011996684176047	99.53487579546282
0.06172646048294692	0.007	0.005	0.12806265730197355	0.00029626733355948577	0.0010282766192564905	0.0026502249782826967	99.44259829197507
0.07287990481547547	0.007	0.005	0.14532364344094767	0.00030828227656509385	0.0013949890452554755	0.003378105251564745	99.34221249021346
0.08490200730352765	0.007	0.005	0.1623181054700084	0.0003167675637278613	0.0018392597651273835	0.004187935300345368	99.23412187199901
0.09790618026852503	0.007	0.005	0.17898513264682056	0.00032253278240073035	0.00237173279332103	0.005082369687407148	99.11733387569627
0.11191097996377528	0.007	0.005	0.1951295225645877	0.00032623056324191003	0.0029994580064686815	0.006058154761290919	98.99171315505458
0.12696196628652812	0.007	0.005	0.21060528679658103	0.00032843097255739524	0.0037300416138046854	0.00711440989348126	98.85688580426462
0.14303426698750302	0.007	0.005	0.22522007161414856	0.0003295851348655195	0.004566773380717636	0.008245922868283703	98.71311222122121
0.16008559441648784	0.007	0.005	0.23881681601794164	0.00033004220295787437	0.005510399054985696	0.00944686306476886	98.5608094120097
0.17805444493052838	0.007	0.005	0.2512789479605278	0.00033005441742501435	0.00655884669456933	0.010710649180652296	98.40056555290843
0.19689611761590167	0.007	0.005	0.26255363129319886	0.00032979247007758556	0.0077094083194234365	0.012032405061766508	98.23281779286229
0.2165797805269007	0.007	0.005	0.2726351950932891	0.00032936441677244984	0.008959017841477361	0.01340862255886761	98.05787919181256
0.23709144755883974	0.007	0.005	0.28155393983021754	0.0003288349049303221	0.010304827600757564	0.014837234925541056	97.87591316784477
0.25842867886490845	0.007	0.005	0.2893628000118423	0.00032824077430079345	0.011744189988009026	0.016317133434223172	97.68698160573287
0.28059992554496416	0.007	0.005	0.2961293725044714	0.00032760202185734365	0.013274841198382056	0.01784803902630752	97.49105156286997
0.3036225094061002	0.007	0.005	0.301929397926685	0.0003269289185619623	0.014894931212546248	0.01943030364941774	97.28801403707214
0.32752229937830113	0.007	0.005	0.3068424476954454	0.0003262262915001972	0.016603118314125493	0.021064846751790864	97.07768769262816
0.3523331110797602	0.007	0.005	0.3109486573809595	0.0003254959963545136	0.018398608153488368	0.022753083306322766	96.8598250638342
0.3780967067849533	0.007	0.005	0.31432648241123884	0.00032473826794267774	0.02028120659623499	0.024496898942525817	96.6341135199853
0.4048628419764501	0.007	0.005	0.3170511067222192	0.000323952433719553	0.022251354079136795	0.02629863063611813	96.40017591251764
0.4326896094691134	0.007	0.005	0.3191933865077845	0.0003231372694060313	0.024310164163296743	0.02816106773485234	96.15756873339409
0.4616439452568656	0.007	0.005	0.3208191722615438	0.0003222911661096606	0.0264594599765675	0.030087462329647065	95.9057790217067
0.49180238696131695	0.007	0.005	0.32198891778123456	0.0003214121972670139	0.028701817578602566	0.032081553690700815	95.64421927488902
0.5232520587971408	0.007	0.005	0.32275749407623033	0.0003204981341976323	0.03104061579084122	0.034147603672046986	95.37222065568587
0.5560919447971037	0.007	0.005	0.3231741519608704	0.00031954643289442406	0.03348009769266616	0.03629044577655323	95.08902403476307
0.5904344888639494	0.007	0.005	0.323282588098898	0.00031855420300524984	0.03602544651408634	0.03851554874704101	94.79376863244258
0.6264075770396534	0.007	0.005	0.3231210809210804	0.00031751816330167636	0.038682879137372304	0.04082909627766088	94.48547790338016
0.664157656977932	0.007	0.005	0.3227226620606668	0.00031643456496988	0.04145981096936129	0.043238128397394264	94.16303637575737
0.7038516798171411	0.007	0.005	0.3221153253326229	0.0003152991510156043	0.04436491881381515	0.045750592994687006	93.82517744973538
0.7456812904722875	0.007	0.005	0.3213222424541537	0.00031410705437250595	0.04740835141942337	0.048375523908027206	93.4704530383615
0.7898676597527787	0.007	0.005	0.3203619641721636	0.0003128526826361153	0.0506019627455383	0.05112323507891729	93.09719925969935
0.8366673964804936	0.007	0.005	0.31924860112624953	0.00031152957847527084	0.05395959283776175	0.054005551324105276	92.70349490335578
0.8863801491600491	0.007	0.005	0.3179919666631722	0.000310130240645604	0.05749743013058135	0.057036103214274506	92.28710817911596
0.9393582418909106	0.007	0.005	0.3165976689199374	0.0003086458990197084	0.0612344652529232	0.060230692445449416	91.84542978654122
0.9960191842934184	0.007	0.005	0.3150671297658866	0.00030706622438245976	0.06519307570217683	0.06360775839735901	91.37538657729563
1.0568619860358135	0.007	0.005	0.31339750698858965	0.0003053789532606837	0.06939977760067825	0.06718897250411138	90.87332994034318
1.1224887777401815	0.007	0.005	0.31158148386068624	0.00030356939513572005	0.07388620687142862	0.0710000073905315	90.33488919636932
1.1936337661067087	0.007	0.005	0.30960688007623477	0.0003016197795172888	0.07869040703485733	0.07507153727483165	89.75477735213997
1.271204247681128	0.007	0.005	0.30745597061810326	0.0002995083340830343	0.08385864838190205	0.07944064609216148	89.12651684815341
1.3563369382431363	0.007	0.005	0.30510445276209014	0.0002972080384809019	0.089447844630284	0.08415267656491926	88.44206882731494
1.4504735511997322	0.007	0.005	0.30252000218952896	0.0002946849971116051	0.09552860326985364	0.08926351718837773	87.69134909831455
1.5554829232020466	0.007	0.005	0.2996597512116423	0.00029189578140979833	0.10219030632014355	0.0948434449045823	86.86143774877534
1.673829944826022	0.007	0.005	0.2964668370671127	0.0002887838836333953	0.10954755556152124	0.1009818593518067	85.93552638894825
1.808773276702769	0.007	0.005	0.2928667261960544	0.0002852758865393492	0.11774595484436108	0.10779107535676437	84.89180756516947
1.959295896396678	0.007	0.005	0.28890211035496866	0.0002814109027328713	0.12665700681087813	0.11515344365045137	83.74253984507074
2.069503489081938	0.007	0.005	0.28603332418612504	0.0002786135576028952	0.13302867642873972	0.12039189166840014	82.91096281333607
2.1658565219270693	0.007	0.005	0.28354850480839305	0.0002761935614289334	0.13849582776165092	0.12486878171503876	82.19069468889788
2.2574618057620084	0.007	0.005	0.2812061322183246	0.0002739131176255537	0.1436056325669991	0.12903759627501063	81.51172052439011
2.3497778269304597	0.007	0.005	0.2788651560431127	0.0002716333320000594	0.14866980239146968	0.13315398435280912	80.83315271165038
2.4451644031066317	0.007	0.005	0.27646678235335326	0.00026929706342586124	0.1538139866027905	0.13731943137167407	80.13794816693621
2.5437770289054242	0.007	0.005	0.27400897562574716	0.00026690257754718023	0.15903928433651568	0.14153353185831966	79.42551648723006
2.644446980044229	0.007	0.005	0.2715224289013661	0.000264479916017385	0.16427792475671354	0.1457405878470536	78.70475430256842
2.74568075110169	0.007	0.005	0.269044709671784	0.00026206578038602204	0.16945018324324929	0.1498762439907963	77.98655099612446
2.8464445494060326	0.007	0.005	0.2666009459811761	0.0002596847428825647	0.17450483208696443	0.15389989590996506	77.27819024678001
2.946397407651937	0.007	0.005	0.2641987797391907	0.00025734430093557963	0.1794282105529725	0.15780139183182515	76.58188714875851
3.0456996591650065	0.007	0.005	0.2618336833852055	0.00025504003914937737	0.18423179824376654	0.16159058839665505	75.89632931066302
3.144699167910971	0.007	0.005	0.25949687319722514	0.0002527633638881205	0.1889352353737015	0.16528359327138864	75.21897063670569
3.2436959715278704	0.007	0.005	0.2571809815379214	0.00025050706380296206	0.19355468920106209	0.16889353950843158	74.54767550685548
3.3428446247500934	0.007	0.005	0.25488225333061	0.0002482674642414904	0.1980986747990021	0.1724273995308776	73.88135545600784
3.442162969374829	0.007	0.005	0.25260018998709965	0.0002460440783756544	0.2025690806275365	0.1758869152921746	73.21986596055176
3.5415909544735587	0.007	0.005	0.25033607341487774	0.0002438381622012617	0.20696431253107073	0.17927113804738945	72.56357859991051
3.641052490191442	0.007	0.005	0.2480914969236917	0.00024165127691411632	0.21128226322928922	0.18257876586715602	71.91295521814365
3.7404941658855866	0.007	0.005	0.24586748804369754	0.0002394844302826606	0.21552200204814806	0.18580943967228672	71.26829365986775
3.8398961347591203	0.007	0.005	0.24366429235095136	0.00023733786462065907	0.21968413050822147	0.18896398960041078	70.62966510887553
3.9392639778617147	0.007	0.005	0.241481585525423	0.00023521126404337734	0.2237703191245498	0.19204405589828608	69.99697555624292
4.038614104467067	0.007	0.005	0.2393188149890615	0.00023310408888881445	0.22778262815972783	0.19505155867270743	69.37006482912032
4.137961825592747	0.007	0.005	0.2371754664392625	0.0002310158367983913	0.2317230013214837	0.19798831266279213	68.74878384936024
4.237315642377886	0.007	0.005	0.23505118405602785	0.00022894616055078675	0.2355930517599121	0.20085587081952763	68.13302947732187
4.336677101696993	0.007	0.005	0.23294576677604123	0.00022689486448954478	0.23939408250704253	0.20365554582994702	67.52274343185658
4.436043518974081	0.007	0.005	0.23085910464252757	0.00022486184221097788	0.2431272129180153	0.2063885087650836	66.91789384038184
4.535411123437665	0.007	0.005	0.22879110964057814	0.00022284700880956902	0.246793508357991	0.20905588691335475	66.31845519048672
4.634777111669205	0.007	0.005	0.22674167255711664	0.0002208502585946785	0.25039405755680344	0.211658820465757	65.7243958251609
4.734140332114658	0.007	0.005	0.22471064999154367	0.00021887145234218488	0.25392999357003687	0.2141984766845739	65.1356741776396
4.833500955936599	0.007	0.005	0.2226978725318627	0.0002169104252934595	0.2574024772135856	0.2166760367470965	64.55224114137364
4.932859766235029	0.007	0.005	0.22070316015998354	0.00021496700225038642	0.26081266902788647	0.2190926749107438	63.974044535481944
5.032217546073238	0.007	0.005	0.2187263349042166	0.00021304100998079784	0.2641617073599604	0.2214495427548076	63.401032772262795
5.131574756068899	0.007	0.005	0.21676722714185742	0.00021113228340317386	0.2674506982353653	0.22374776227662974	62.833156684090255
5.230931521247193	0.007	0.005	0.21482567554581272	0.000209240665539455	0.2706807163214099	0.22598842697394944	62.270369507942576
5.330287710008694	0.007	0.005	0.2129015252495485	0.0002073660057195262	0.2738528087902715	0.22817260490962518	61.71262635348599
5.429643144696415	0.007	0.005	0.21099462358756396	0.0002055081554048457	0.27696800294253443	0.23030134423702867	61.15988296838829
5.528997693717243	0.007	0.005	0.20910481830099184	0.0002036669664286349	0.2800273094670766	0.23237567555301275	60.612095218186084
5.628351291280372	0.007	0.005	0.20723195719640258	0.00020184229066131542	0.2830317232170535	0.23439661249095264	60.069218987384
5.727703943974715	0.007	0.005	0.2053758880682918	0.0002000339799345318	0.2859822235364304	0.23636515199609076	59.53121015698655
5.827055697867468	0.007	0.005	0.20353645935437048	0.00019824188668469438	0.28887977342885274	0.23828227383311365	58.99802479444374
5.926406592444903	0.007	0.005	0.20171352099708167	0.00019646586479956277	0.29172531846020755	0.2401489399539043	58.469619403374146
6.025756640873726	0.007	0.005	0.19990692478267516	0.00019470576995233367	0.2945197865354662	0.2419660944764689	57.94595102185077
6.125105869479477	0.007	0.005	0.19811652359897328	0.00019296145887366128	0.2972640893492344	0.24373466475443442	57.42697700725352
6.224454278268921	0.007	0.005	0.19634217213570077	0.00019123279004050204	0.2999591215884211	0.24545556097576432	56.91265523927013
6.323801860669348	0.007	0.005	0.1945837265034956	0.00018951962330288096	0.3026057618089304	0.24712967685236997	56.40294400946099
6.42314861668763	0.007	0.005	0.19284104398719695	0.0001878218196422991	0.3052048730769842	0.24875789014033697	55.897801949745656
6.5224945529100085	0.007	0.005	0.19111398303946078	0.00018613924116615287	0.30775730323274914	0.25034106291187436	55.39718803055271
6.621839669343249	0.007	0.005	0.18940240350002957	0.00018447175132400146	0.3102638848208133	0.25188004162203387	54.90106162437792
6.721183965994115	0.007	0.005	0.1877061664673341	0.00018281921478212695	0.3127254355366812	0.2533756574982575	54.40938246856636
6.820527442869372	0.007	0.005	0.18602513428717968	0.0001811814974131215	0.3151427584915918	0.25482872681256924	53.922110662033035
6.919870106554935	0.007	0.005	0.18435917043169944	0.00017955846617750317	0.31751664262840934	0.2562400512410188	53.4392066301753
7.019211976794756	0.007	0.005	0.18270813938431202	0.00017794998901110272	0.31984786311607816	0.2576104182022378	52.96063109152665
7.11855305359517	0.007	0.005	0.18107190717775748	0.00017635593535497547	0.3221371808223083	0.2589406006555555	52.48634521371396
7.217893336962517	0.007	0.005	0.1794503410476948	0.00017477617581536728	0.32438534304461236	0.26023135764715283	52.01631051304786
7.317232840061017	0.007	0.005	0.17784330920999025	0.00017321058194507818	0.3265930840420895	0.26148343472211405	51.55048878996641
7.416571549739018	0.007	0.005	0.17625068148950496	0.00017165902686293945	0.3287611243933558	0.2626975636688035	51.08884231129834
7.515909492318214	0.007	0.005	0.1746723282498887	0.00017012138420086719	0.33089017267935533	0.2638744635758724	50.631333500048264
7.61524666780453	0.007	0.005	0.1731081214424771	0.00016859752913691924	0.3329809242642073	0.26501484025176897	50.17792523943469
7.7145830696251485	0.007	0.005	0.1715579342704377	0.0001670873380653473	0.3350340619757997	0.26611938672095853	49.72858077553808
7.8139187043647835	0.007	0.005	0.17002164087000035	0.00016559068828310682	0.33705025673602235	0.2671887836717694	49.28326362490054
7.913253572029359	0.007	0.005	0.16849911661051545	0.00016410745828585423	0.3390301673639254	0.26822369945432145	48.84193766150231
8.012587672624798	0.007	0.005	0.16699023798024962	0.0001626375276559389	0.34097444092878454	0.269224790376501	48.404567083657895
8.11192101273556	0.007	0.005	0.16549488247774416	0.00016118077695574713	0.34288371308493915	0.2701927009823147	47.971116382524656
8.211253612102931	0.007	0.005	0.16401292850856353	0.0001597370876262215	0.34475860838935807	0.2711280643135918	47.54155031217398
8.310585470732434	0.007	0.005	0.16254425586824145	0.00015830634246340563	0.346599739877876	0.27203150180320856	47.115834029580185
8.409916595207985	0.007	0.005	0.16108874533540204	0.0001568884252177641	0.3484077097721525	0.2729036237380487	46.693932976680784
8.509246978956668	0.007	0.005	0.1596462789516685	0.0001554832208706585	0.35018310931440433	0.2737450292850976	46.27581296151193
8.608576621984005	0.007	0.005	0.15821673972071013	0.00015409061533791052	0.35192651932351005	0.2745563068665893	45.8614400709731
8.707905530873765	0.007	0.005	0.15680001160302193	0.000152710495464912	0.3536385103723916	0.2753380343431777	45.4507806693136
8.807233718787769	0.007	0.005	0.15539597951067333	0.00015134274902168788	0.35531964296260804	0.2760907791942301	45.04380139661061
8.906561185731249	0.007	0.005	0.15400452957724278	0.0001499872649697081	0.3569704673711846	0.27681509855414826	44.64046924701362
9.005887918553237	0.007	0.005	0.15262554914018417	0.00014864393344500408	0.35859152384904336	0.27751153941444395	44.24075156363294
9.105213923837209	0.007	0.005	0.1512589262729956	0.00014731264529647075	0.3601833433375125	0.2781806390385728	43.84461590293211
9.204539221322513	0.007	0.005	0.14990454987766935	0.0001459932921772198	0.36174644750867	0.2788229250697829	43.45203006152597
9.303863804436235	0.007	0.005	0.1485623102145621	0.00014468576706843235	0.3632813483116188	0.27943891544801536	43.06296222977099
9.403187679761423	0.007	0.005	0.14723209835118387	0.00014338996373507694	0.3647885487691115	0.2800291188445536	42.67738083198901
9.502510847303123	0.007	0.005	0.1459138064220164	0.00014210577698292462	0.3662685428308291	0.28059403470262057	42.295254601779206
9.601833313644198	0.007	0.005	0.14460732744350277	0.00014083310247591367	0.367721815733149	0.2811341534800543	41.91655252839018
9.701155085367372	0.007	0.005	0.14331255539457455	0.00013957183681597845	0.36914884405396414	0.2816499567693227	41.54124388006185
9.800476149322048	0.007	0.005	0.14202938546176097	0.00013832187778588793	0.37055009559139757	0.28214191736089195	41.16929827507415
9.89979651209095	0.007	0.005	0.1407577135161684	0.00013708312383205247	0.3719260300823262	0.2826104996037988	40.800685530141614
9.999116180256662	0.007	0.005	0.1394974363656897	0.00013585547431417566	0.3732770990601358	0.2830561594490512	40.435375733520026
10.098435147246455	0.007	0.005	0.13824845191123905	0.00013463882966023244	0.3746037458270644	0.28347934454546586	40.0733392902936
10.197753426220364	0.007	0.005	0.13701065872296228	0.00013343309094705414	0.37590640604122727	0.2838804945311038	39.714546799533004
10.297071010605658	0.007	0.005	0.13578395652828887	0.00013223816038387585	0.3771855073305002	0.28426004100994484	39.35896919576455
10.396387913562098	0.007	0.005	0.1345682457118626	0.00013105394081718214	0.37844146994887007	0.2846184078537709	39.00657760401781
10.495704128516953	0.007	0.005	0.13336342779488872	0.0001298803362058793	0.37967470640422163	0.2849560111910472	38.65734347877122
10.595019662052351	0.007	0.005	0.13216940502270783	0.0001287172512127772	0.3808856220117597	0.28527325966640726	38.31123848440452
10.694334520750287	0.007	0.005	0.1309860805200016	0.0001275645913585512	0.3820746148545074	0.2855705545239517	37.968234540187396
10.793648704615343	0.007	0.005	0.12981335836017532	0.00012642226309079034	0.38324207583581493	0.28584828972207255	37.62830384039093
10.892962207074879	0.007	0.005	0.12865114355403148	0.00012529017377306277	0.38438838881311416	0.28610685206994807	37.291418851004515
10.992275028133568	0.007	0.005	0.12749934188673248	0.0001241682315233212	0.3855139308767603	0.28634662139186956	36.95755226247712
11.091587174373224	0.007	0.005	0.12635785991360324	0.0001230563452098076	0.38661907246518074	0.2865679706463075	36.6266769885006
11.19089863922134	0.007	0.005	0.1252266051796596	0.00012195442466923815	0.3877041772645905	0.28677126600447644	36.2987662296432
11.290209429259638	0.007	0.005	0.12410548590968307	0.00012086238039918146	0.3887696026195825	0.2869568670299544	35.973793383513254
11.389519551069709	0.007	0.005	0.12299441115395221	0.00011978012370288857	0.3898156994985888	0.28712512676467256	35.651732087001456
11.48882901123301	0.007	0.005	0.12189329078079382	0.00011870756668205993	0.39084281260772036	0.28727639184577597	35.33255621412181
11.588137803177032	0.007	0.005	0.12080203561309427	0.00011764462237282573	0.391851280370217	0.287411002603644	35.016239915581366
11.687445920329399	0.007	0.005	0.11972055727193755	0.00011659120459054434	0.3928414351782264	0.2875292931999117	34.70275757345647
11.786753369271523	0.007	0.005	0.11864876802814779	0.0001155472277821761	0.3938136036278133	0.2876315917502471	34.39208375816014
11.886060150007902	0.007	0.005	0.11758658101163863	0.00011451260723468924	0.3947681064249646	0.2877182204066929	34.08419328912514
11.98536626254303	0.007	0.005	0.11653391013175586	0.00011348725899599191	0.39570525855682304	0.28778949547370497	33.779061211713966
12.0846717134581	0.007	0.005	0.11549067000149794	0.00011247109979957926	0.39662536945404686	0.28784572751605625	33.47666277525324
12.183976496180868	0.007	0.005	0.11445677613815393	0.00011146404726458044	0.39752874290763995	0.28788722144999546	33.17697349119139
12.283280617292439	0.007	0.005	0.11343214468005461	0.00011046601961370181	0.39841567741111816	0.28791427665916275	32.87996905099495
12.382584083373784	0.007	0.005	0.11241669251976419	0.00010947693580600995	0.3992864661320569	0.287927187083487	32.58562536475603
12.481886887852703	0.007	0.005	0.11141033742997279	0.00010849671566272582	0.40014139689497863	0.28792624131778544	32.29391859768412
12.581189043886559	0.007	0.005	0.11041299772203947	0.00010752527952674553	0.4009807525603572	0.2879117227094798	32.004825071129794
12.680490630396882	0.007	0.005	0.10942459179209413	0.00010656254780913779	0.4018048114794385	0.2878839094233623	31.71832113101573
12.779791614504907	0.007	0.005	0.10844503988724648	0.00010560844275260106	0.40261384610181755	0.28784307457595204	31.434383659798222
12.879091950179756	0.007	0.005	0.1074742630892369	0.00010466288741795742	0.40340812392996767	0.28778948633981966	31.152989781863443
12.978391604544097	0.007	0.005	0.10651218304879835	0.00010372580541895894	0.40418790781925285	0.2877234080207291	30.874116786528432
13.077690564450075	0.007	0.005	0.10555872192244595	0.00010279712085896215	0.40495345610279204	0.2876450981302217	30.597742109718638
13.176988843054986	0.007	0.005	0.10461380231254387	0.00010187675827073435	0.40570502270984093	0.2875548104524726	30.32384331659531
13.276286460092031	0.007	0.005	0.10367734745750512	0.00010096464280649795	0.40644285708437916	0.2874527941343123	30.052398156687804
13.375583415565618	0.007	0.005	0.10274928147297921	0.00010006070047948763	0.40716720407161083	0.28733929379615136	29.78338463380534
13.474879716056247	0.007	0.005	0.10182952909475831	9.916485790692469e-5	0.4078783041974015	0.28721454959032966	29.516780931514603
13.574175368144283	0.007	0.005	0.10091801573547703	9.827704236687423e-5	0.4085763936960601	0.2870787972867208	29.252565429574897
13.673470358681953	0.007	0.005	0.10001466765717845	9.739718197142392e-5	0.4092617044520564	0.2869322683814802	28.990716753959088
13.772764700825586	0.007	0.005	0.09911941154409522	9.652520523868956e-5	0.40993446439664	0.28677519010938657	28.73121365301784
13.872058394579417	0.007	0.005	0.09823217485834122	9.566104144939732e-5	0.4105948973051161	0.2866077855741953	28.4740351005821
13.971351426795929	0.007	0.005	0.09735288582868266	9.480462063602426e-5	0.41124322287753157	0.28643027382985586	28.219160292708203
14.070643790903699	0.007	0.005	0.09648147326714854	9.395587339901915e-5	0.4118796569429139	0.28624286992177395	27.966568594519767
14.169935506634582	0.007	0.005	0.09561786639509562	9.311473073205557e-5	0.4125044116480271	0.2860457849149374	27.71623948979008
14.269226560841325	0.007	0.005	0.09476199535556132	9.228112453672726e-5	0.41311769514865626	0.2858392260776359	27.468152729455046
14.368516973255437	0.007	0.005	0.09391379063558716	9.145498704237132e-5	0.41371971209093117	0.2856233968202506	27.22228816416519
14.467806737305406	0.007	0.005	0.09307318357198431	9.06362513144745e-5	0.4143106633101454	0.28539849688472124	26.978625890889234
14.567095846419852	0.007	0.005	0.09224010611598946	8.982485101844443e-5	0.41489074606269427	0.2851647223601716	26.73714618469613
14.666384294027523	0.007	0.005	0.09141449082777586	8.902072041424246e-5	0.4154601540898187	0.28492226574827306	26.497829497164062
14.765672093283882	0.007	0.005	0.09059627070917917	8.822379418799664e-5	0.4160190777902329	0.28467131597676054	26.260656407893435
14.86495925076865	0.007	0.005	0.08978537941939943	8.743400766921714e-5	0.41656770412749416	0.2844120585240751	26.02560768703144
14.964245753335087	0.007	0.005	0.08898175137310028	8.665129693003603e-5	0.4171062166234173	0.28414467552025224	25.792664323707424
15.063531607562913	0.007	0.005	0.08818532141286078	8.58755984552462e-5	0.4176347956354968	0.2838693457048375	25.561807431088305
15.162816813456361	0.007	0.005	0.08739602501917743	8.51068493540816e-5	0.4181536182692821	0.28358624455486375	25.33301830725069
15.262101371019666	0.007	0.005	0.08661379825127741	8.434498730073313e-5	0.4186628584723864	0.28329554432673404	25.106278418024782
15.36138528025706	0.007	0.005	0.0858385777419239	8.358995052926649e-5	0.4191626870908013	0.2829974141139481	24.881569395488572
15.460668547748007	0.007	0.005	0.08507030064161543	8.284167777736993e-5	0.41965327195639435	0.28269201988333764	24.658873021793266
15.559951160346282	0.007	0.005	0.08430890481654665	8.210010848665552e-5	0.4201347778118867	0.282379524612121	24.43817128654502
15.65923313120649	0.007	0.005	0.08355432848852523	8.136518243876457e-5	0.42060736659013764	0.28206008819986	24.219446282429672
15.758514453757678	0.007	0.005	0.08280651058407631	8.063684010854358e-5	0.4210711972418208	0.28173386766583913	24.002680306405747
15.857795141154195	0.007	0.005	0.08206539042960301	7.991502235574238e-5	0.42152642597477014	0.2814010170749881	23.787855771342215
15.957075186825088	0.007	0.005	0.08133090804361356	7.919967072104285e-5	0.4219732061202367	0.2810616877193132	23.574955290724922
16.0	0.007	0.005	0.08101538551563481	7.889596153669065e-5	0.4221637991001153	0.28091300033068417	23.483496463210948
