0.0	0.007	0.005	0.0	0.0	0.0	0.0	100.0
0.006067856779326595	0.007	0.005	0.019621815195048447	7.016679518946724e-5	1.4753608817662816e-5	3.534971701703048e-5	99.95794966544614
0.01110476153284981	0.007	0.005	0.035060080756053706	0.00011926344677179752	4.861701625278084e-5	0.00011266560836362019	99.92305727463469
0.018115822015989984	0.007	0.005	0.05533795965511999	0.00017611391460347218	0.00012651888600943308	0.0002804209612313438	99.87450949572988
0.025319968878813826	0.007	0.005	0.07479313927111825	0.00022307271562244996	0.00024159019425214564	0.0005126346618476974	99.82464926895105
0.03374378736960153	0.007	0.005	0.09589017274415917	0.00026628147295996725	0.0004179489398703876	0.0008450811040449851	99.76637920837474
0.04275352731645527	0.007	0.005	0.11663240700327519	0.0003016261809729323	0.0006525834691755349	0.0012570121817237897	99.7040937987932
0.05267704440382229	0.007	0.005	0.13748060067924045	0.00033071020309229337	0.0009613209034949528	0.0017614796398698418	99.63553633890729
0.063292871888016	0.007	0.005	0.15767314457363069	0.00035336124429960865	0.0013445705496548347	0.002344414940802828	99.56224818166145
0.0746922423908157	0.007	0.005	0.17716238376257545	0.0003706448641878134	0.0018109845204349797	0.003005952545866662	99.48361072501373
0.08678907419806935	0.007	0.005	0.1956154079149192	0.0003833497578509935	0.0023614608364329057	0.0037359571264810715	99.40022982471369
0.09959428731641085	0.007	0.005	0.21292182080143915	0.00039242712207108966	0.002999401506981408	0.004529846264961098	99.31204234381244
0.11306425244825571	0.007	0.005	0.2289391460493373	0.000398691327849815	0.003724408815966008	0.005380169007537779	99.21936125688768
0.12718768033511665	0.007	0.005	0.24361576659402498	0.0004028614910484301	0.004536486079210292	0.006282106122851665	99.1222768585993
0.1419412487570306	0.007	0.005	0.25692433098370393	0.000405513762785814	0.005434000724612597	0.007230803504060455	99.02096232229826
0.15731639656798965	0.007	0.005	0.2688834225572413	0.0004070967231039247	0.006415385578213797	0.008223042369273154	98.91548951516009
0.1733062381931142	0.007	0.005	0.27953526455053246	0.00040794326530414776	0.007478606939627508	0.009256315738744707	98.80591910712072
0.18991308600617862	0.007	0.005	0.28894427503991144	0.0004082927921780851	0.008621828047162891	0.010329196108398732	98.6922491502519
0.2071442398846308	0.007	0.005	0.2971872105226938	0.00040831200010923736	0.009843303397364812	0.011440946107516477	98.57444420021748
0.22501383101676384	0.007	0.005	0.3043490626202106	0.0004081138045250068	0.011141631303170339	0.012591532243325975	98.45242294804474
0.24354139910453626	0.007	0.005	0.31051820236377264	0.00040777266974687204	0.012515752639020194	0.013781445838479995	98.32606823380591
0.2627523297467168	0.007	0.005	0.31578352627048617	0.0004073364133288694	0.013965052610816892	0.015011662443644146	98.19522435284932
0.2826774513305417	0.007	0.005	0.3202320558949841	0.00040683487842789706	0.01548938057156914	0.016283563165680578	98.05970012564762
0.3033533230715314	0.007	0.005	0.3239474114861233	0.00040628606250452294	0.017089103901269834	0.017598913061369466	97.91926728344257
0.32482230016897967	0.007	0.005	0.3270086982556038	0.0004057003226139964	0.018765131996561588	0.01895983448664762	97.77366041267466
0.3471329878136706	0.007	0.005	0.32948983562161405	0.00040508316889583166	0.02051895967643294	0.020368811442678013	97.62257430759257
0.3703406883445349	0.007	0.005	0.33145914221861394	0.00040443707513891923	0.022352701911170877	0.02182869710649688	97.46566143801073
0.39450810662935887	0.007	0.005	0.33297914622259117	0.00040376261481039286	0.024269141915606796	0.023342739300513688	97.30252775200636
0.4197061918134404	0.007	0.005	0.33410654250182203	0.0004030591529081999	0.026271784089309885	0.024914614439778927	97.13272766451713
0.4460152105969888	0.007	0.005	0.334892262084735	0.00040232524872518133	0.028364919746076765	0.026548474477904725	96.95575761730895
0.4735260742304314	0.007	0.005	0.33538161871475913	0.0004015588750243908	0.03055370743682373	0.028249006833748765	96.77104809907549
0.5023419682909414	0.007	0.005	0.3356145077249357	0.0004007575216522712	0.032844271342346285	0.030021508933006626	96.5779538433082
0.5325803629140688	0.007	0.005	0.33562563822168706	0.0003999182256026328	0.035243823021222934	0.03187198058061609	96.37574174408384
0.5643754849389219	0.007	0.005	0.33544478317582826	0.0003990375527048068	0.0377608115497555	0.03380723726204211	96.16357602465905
0.5978820238339266	0.007	0.005	0.3350970270827131	0.0003981115263012723	0.04040516083030166	0.035835088650322866	95.94049562745239
0.6332775105814276	0.007	0.005	0.33460302812275045	0.0003971355837586869	0.043188388833900526	0.03796442404619959	95.70540102324831
0.6707683653167281	0.007	0.005	0.33397924406780766	0.00039610442870296363	0.0461239996147926	0.04020550380826161	95.45701733088583
0.71059531615997	0.007	0.005	0.333238145995623	0.0003950119019388984	0.049227802314292225	0.04257018982488676	95.19386267280527
0.753041567850104	0.007	0.005	0.3323883799647175	0.00039385078079128526	0.05251841516977904	0.04507231111300414	94.91419965974572
0.7984426587577129	0.007	0.005	0.33143488393991977	0.0003926125391369132	0.05601785896011837	0.047728088903189574	94.61597760095202
0.8471997388864887	0.007	0.005	0.3303789264508644	0.0003912870240703682	0.05975235796897595	0.05055670781847123	94.2967547506368
0.8997969155965285	0.007	0.005	0.3292180512137579	0.000389862036349459	0.06375337316964186	0.053581046844671236	93.95359747228414
0.9568246514311833	0.007	0.005	0.327945886806544	0.0003883227674589648	0.06805898311833426	0.056828650324507235	93.58294497216545
1.0190129060037307	0.007	0.005	0.3265517440222928	0.00038665100397825073	0.07271583544198089	0.06033309590336289	93.18041812982318
1.0872763165807076	0.007	0.005	0.32501996012614637	0.0003848240540520331	0.07778175177391214	0.0641358039001458	92.74056160657884
1.1627756694193607	0.007	0.005	0.32332891448334594	0.0003828133069078673	0.08332916918419093	0.06828839884811058	92.25649789257682
1.2470161296397473	0.007	0.005	0.3214492902162347	0.00038058192214426905	0.08945069873956425	0.07285653656036067	91.7193723219347
1.3419845107291855	0.007	0.005	0.31934159379782895	0.0003780816652986019	0.09626655599193062	0.07792492960614263	91.11759344801615
1.4503536708908442	0.007	0.005	0.31695241392660695	0.00037524826977752986	0.10393523927396575	0.08360446279396153	90.43572073358806
1.5756667316975228	0.007	0.005	0.31421150204024734	0.00037199776987309295	0.11266032928489372	0.09003592511621929	89.65359420143011
1.7193089256782594	0.007	0.005	0.3110986454682303	0.00036830539738531154	0.12247669142924825	0.09723182077745485	88.76538563104096
1.8591537282394652	0.007	0.005	0.3080976587888484	0.00036474397227698603	0.13184732971088986	0.10406015734358995	87.90911260835367
1.9829963359392728	0.007	0.005	0.30546423650198123	0.0003616182688619469	0.13999517064739941	0.1099639362030795	87.15772027110879
2.095655399351971	0.007	0.005	0.30308817794637555	0.00035879945069405215	0.14728652045143978	0.11521985180707599	86.47976213782518
2.203852806887578	0.007	0.005	0.30082361857166245	0.0003561132928300262	0.15418256312163983	0.1201664426163726	85.83361818082837
2.312368012202235	0.007	0.005	0.298569401859814	0.0003534387822871189	0.16099558833167876	0.1250295875720035	85.19042536545263
2.4233898916833847	0.007	0.005	0.29628059393058964	0.0003507225454978744	0.16786056439127814	0.12990513793225897	84.53736271165552
2.5371048144595028	0.007	0.005	0.2939544548982504	0.00034796146796633846	0.1747832071638691	0.13479586567561047	83.87364843265657
2.6525473536912454	0.007	0.005	0.29161165631784797	0.0003451802013271705	0.1817000940276913	0.13965594359639127	83.20518070993245
2.7685093154612113	0.007	0.005	0.28927711447804877	0.00034240842462029806	0.18853736085773093	0.1444332142390393	82.53906887374619
2.8841595197953036	0.007	0.005	0.2869674632911145	0.000339665975387047	0.1952474594599619	0.1490949164687549	81.88005905612515
2.9992103380599877	0.007	0.005	0.2846880803433946	0.00033695929510012143	0.20181669540479405	0.1536323840833153	81.22968563660741
3.1137667975444283	0.007	0.005	0.28243648043584185	0.00033428544859708464	0.20825423702253923	0.1580528502411031	80.5872395164329
3.2280864363460613	0.007	0.005	0.28020728805616957	0.0003316380454048221	0.21457716701132787	0.1623688109182225	79.95118690752818
3.34239793226279	0.007	0.005	0.27799584697716184	0.0003290115484273706	0.22080004914853515	0.16659080089385908	79.32019925453032
3.456823193431869	0.007	0.005	0.27579968409124006	0.00032640302321159103	0.22693094877665096	0.17072476429051406	78.6935709088153
3.571381167250003	0.007	0.005	0.27361835384774813	0.0003238119533936139	0.2329721106180769	0.1747726385359981	78.0711747419833
3.6860307985450396	0.007	0.005	0.27145255138558005	0.00032123918320706174	0.23892261179520544	0.17873423652734963	77.45320909712511
3.80071695138727	0.007	0.005	0.26930321040910227	0.0003186858415313049	0.24478093572701634	0.1826090118357692	76.83994038691243
3.915399575532064	0.007	0.005	0.26717095310105454	0.00031615268545625403	0.2505464782514266	0.18639705896721084	76.23154613795036
4.030062428405329	0.007	0.005	0.26505594157236106	0.00031363992265703427	0.2562199095810345	0.1900993295289597	75.62807260514111
4.144707821187662	0.007	0.005	0.26295799140024534	0.00031114734659288623	0.26180282342971734	0.19371737747368575	75.0294671673701
4.259346452341943	0.007	0.005	0.26087676902793355	0.0003086745720154652	0.26729718117063095	0.1972529815409718	74.43563465130984
4.3739887916547255	0.007	0.005	0.25881195229491893	0.0003062212266351985	0.27270487781142694	0.20070785995866694	73.84648313531525
4.488640860774181	0.007	0.005	0.2567633052390835	0.0003037870405053563	0.2780275501604011	0.20408355008854284	73.26194529261706
4.603303799696719	0.007	0.005	0.2547306824919416	0.00030137185133902823	0.28326657494260793	0.2073814127034997	72.68197964541154
4.717975695477699	0.007	0.005	0.2527139937592461	0.00029897556213329287	0.2884231688930627	0.2106026999853936	72.1065604301564
4.832653708130471	0.007	0.005	0.25071316474006433	0.00029659809451022947	0.293498493308126	0.21374862356300206	71.5356664466618
4.94733556693145	0.007	0.005	0.2487281107056429	0.0002942393571591524	0.2984937220183613	0.21682039718272253	70.96927351938093
5.062020132682619	0.007	0.005	0.24675872729456658	0.00029189923483793694	0.3034100633527203	0.21981924943361597	70.40735187100472
5.176707177579808	0.007	0.005	0.24480489503134795	0.00028957759377347305	0.3082487471828865	0.2227464147495238	69.84986741174525
5.2913969371453815	0.007	0.005	0.24286648748621265	0.0002872742914194218	0.3130110036353136	0.2256031197911587	69.29678406755679
5.406089692494888	0.007	0.005	0.24094337855528103	0.0002849891851686759	0.31769804492647546	0.22839057230925572	68.74806585738091
5.520785542457236	0.007	0.005	0.23903544625637446	0.00028272213690475306	0.32231105644815683	0.23110995599728296	68.20367797619845
5.635484357976998	0.007	0.005	0.2371425733485518	0.00028047301375756187	0.3268511958753358	0.23376243030032925	67.6635869718018
5.750185873250636	0.007	0.005	0.23526464568921213	0.00027824168615387773	0.331319597695765	0.23634913339218058	67.12776027602871
5.864889754086164	0.007	0.005	0.23340155103388105	0.00027602802639623827	0.33571737650053995	0.2388711843142234	66.59616586230699
5.979595704255935	0.007	0.005	0.23155317728088531	0.00027383190657708097	0.34004563142616434	0.24132968566936322	66.06877174480954
6.094303495889265	0.007	0.005	0.2297194120076961	0.000271653198036898	0.344305447406789	0.2437257243920167	65.54554584616022
6.209012954284044	0.007	0.005	0.22790014274973858	0.0002694917717103042	0.3484978946694313	0.2460603715079027	65.02645607698587
6.3237239427163505	0.007	0.005	0.2260952572668187	0.00026734749845736726	0.35262402828745143	0.2483346819475998	64.5114704119353
6.438436309262569	0.007	0.005	0.22430464438808131	0.0002652202500872066	0.3566848864551106	0.2505496936869025	64.00055713077099
6.5531499247855995	0.007	0.005	0.22252819341099728	0.0002631098986515902	0.3606814920918299	0.25270642874068355	63.493684646881746
6.6678646601442715	0.007	0.005	0.22076579445847005	0.0002610163168846138	0.3646148522486653	0.25480589294110323	62.990821609176194
6.782580370999002	0.007	0.005	0.21901733870375373	0.00025893937848416856	0.36848595784207305	0.2568490759153313	62.49193696625843
6.8972969206041395	0.007	0.005	0.21728271801233467	0.00025687895769542697	0.3722957846839108	0.258836951752642	61.99699986424595
7.012014179808666	0.007	0.005	0.21556182494091766	0.00025483492932135046	0.37604529369559064	0.2607704792231703	61.50597964648084
7.126732034654318	0.007	0.005	0.21385455262372177	0.0002528071685980155	0.37973543136212856	0.26265060211706315	61.018845821086465
7.241450371181166	0.007	0.005	0.21216079499923732	0.0002507955514772342	0.3833671294448114	0.2644782492026072	60.53556812566818
7.356169090623052	0.007	0.005	0.21048044658282114	0.00024879995436521827	0.38694130567690693	0.2662543346872757	60.05611646242765
7.470888086615353	0.007	0.005	0.20881340279968827	0.00024682025453188285	0.3904588632558044	0.2679797580725169	59.580460993175315
7.585607283183031	0.007	0.005	0.2071595594292996	0.0002448563294559052	0.3939206922190004	0.2696554049406617	59.10857198079811
7.700326589155566	0.007	0.005	0.20551881326635216	0.00024290805762622016	0.3973276682455338	0.27128214647391685	58.640419977859025
7.815045920959808	0.007	0.005	0.20389106178417526	0.00024097531814875275	0.40068065356786925	0.27286084001396865	58.17597573055438
7.929765202620169	0.007	0.005	0.20227620313324965	0.00023905799075407387	0.4039804971655598	0.27439232926129054	57.715210178291116
8.04448435816121	0.007	0.005	0.20067413624534333	0.0002371559559312912	0.4072280347431569	0.27587744437530065	57.25809448340002
8.159203319205313	0.007	0.005	0.19908476072288225	0.00023526909480440087	0.41042408914600237	0.2773170022778638	56.80459999956968
8.273922032570258	0.007	0.005	0.1975079767333433	0.0002333972890143071	0.4135694707528905	0.2787118069360852	56.35469824171409
8.388640429879235	0.007	0.005	0.1959436854244718	0.00023154042122456206	0.41666497682988535	0.2800626491853896	55.90836100444597
8.503358457950936	0.007	0.005	0.19439178850076658	0.00022969837462197683	0.41971139256119766	0.2813703073006846	55.465560241235636
8.618076063604596	0.007	0.005	0.19285218842901716	0.0002278710331705876	0.422709490817452	0.2826355470017284	55.02626812305703
8.732793193660056	0.007	0.005	0.19132478843252787	0.00022605828161219836	0.42566003234766164	0.2838591216492041	54.59045703673941
8.847509817729888	0.007	0.005	0.18980949218551718	0.0002242600051072514	0.4285637665405528	0.28504177266882386	54.15809949777087
8.962225875037836	0.007	0.005	0.18830620451344812	0.00022247609008114278	0.4314214302510266	0.28618422918155134	53.729168350122464
9.0769413427949	0.007	0.005	0.18681483048607847	0.00022070642314375898	0.4342337497072739	0.2872872088900516	53.30363650746975
9.191656167823542	0.007	0.005	0.1853352763097823	0.00021895089216551305	0.4370014389808439	0.28835141757622884	52.881477207797516
9.306370319738662	0.007	0.005	0.18386744862850135	0.00021720938544547222	0.43972520147641103	0.2893775498018097	52.462663813940985
9.421083775752827	0.007	0.005	0.18241125472184175	0.0002154817919546666	0.44240572971174175	0.29036628892201044	52.04716987010891
9.535796505481947	0.007	0.005	0.18096660269380546	0.00021376800156806174	0.4450437051305194	0.29131830712740503	51.63496915573382
9.650508486139543	0.007	0.005	0.1795334012742522	0.00021206790483191396	0.4476397986283816	0.2922342657500714	51.22603562882332
9.765219679745643	0.007	0.005	0.1781115600984363	0.0002103813933042618	0.45019467020387444	0.2931148152527194	50.82034350572022
9.879930063514898	0.007	0.005	0.17670098932179062	0.00020870835909788342	0.4527089698117023	0.2939605956410411	50.41786715118912
9.994639622259305	0.007	0.005	0.17530159971417425	0.00020704869499804326	0.45518333733634897	0.29477223655524604	50.01858110530815
10.109348333194387	0.007	0.005	0.17391330284117468	0.00020540229468456677	0.45761840241992435	0.2955503573230268	49.622460135199525
10.22405619632641	0.007	0.005	0.17253601069154526	0.0002037690522891572	0.4600147852632313	0.29629556732618173	49.229479128726865
10.338763181274894	0.007	0.005	0.17116963631349982	0.0002021488631631121	0.4623730956594085	0.2970084658054902	48.839613276048304
10.45346928804656	0.007	0.005	0.16981409307953452	0.00020054162299905582	0.4646939344174272	0.29768964241345924	48.45283785984904
10.568174486261862	0.007	0.005	0.16846929540498182	0.00019894722869716067	0.4669778922636941	0.2983396769916782	48.069128460365405
10.682878775927998	0.007	0.005	0.16713515802444012	0.00019736557750024968	0.4692255512207318	0.2989591400847826	47.6884607489295
10.797582134262836	0.007	0.005	0.16581159661167186	0.00019579656774140408	0.4714374836887887	0.29954859278440044	47.310810664843906
10.912284553677557	0.007	0.005	0.16449852733076428	0.00019424009830841424	0.4736142533405271	0.3001085870876587	46.93615428731479
11.026986034179847	0.007	0.005	0.16319586692374427	0.00019269606875202706	0.47575641509916233	0.3006396659894656	46.56446786045136
11.14168656818114	0.007	0.005	0.16190353287923365	0.0001911643794914791	0.4778645149903901	0.3011423635523922	46.19572784138768
11.256386148093052	0.007	0.005	0.16062144333924083	0.0001896449317054217	0.47993909042795146	0.30161720508837303	45.82991087368764
11.37108477392352	0.007	0.005	0.15934951701009512	0.00018813762722760433	0.4819806704834881	0.30206470732691026	45.466993761932315
11.485782445680483	0.007	0.005	0.15808767324388606	0.00018664236864724624	0.48398977587747455	0.3024853785165625	45.10695349495667
11.600479155775876	0.007	0.005	0.15683583211590524	0.0001851590594045492	0.48596691898115074	0.3028797185351413	44.74976726794581
11.71517488902589	0.007	0.005	0.15559391441627887	0.00018368760378302516	0.4879126039566003	0.3032482190315135	44.39541248004788
11.82986964543885	0.007	0.005	0.1543618413979034	0.00018222790660870413	0.48982732727166894	0.3035913636305304	44.04386666245266
11.94456342502307	0.007	0.005	0.15313953493923263	0.00018077987344780667	0.4917115775574106	0.3039096280047176	43.69510752483925
12.059256235382612	0.007	0.005	0.15192691745931322	0.00017934341050652398	0.49356583585362057	0.30420348002008923	43.34911293113356
12.173948099312701	0.007	0.005	0.15072391183666467	0.00017791842453522796	0.4953905758407809	0.3044733798705316	43.00586087636228
12.288638986438686	0.007	0.005	0.14953044211915617	0.00017650482368404693	0.49718626287937745	0.3047197800458777	42.66532968920102
12.403328904364436	0.007	0.005	0.14834643255994004	0.0001751025163450995	0.4989533555876049	0.3049431256754302	42.32749775689881
12.51801785309814	0.007	0.005	0.14717180809320535	0.00017371141172617922	0.5006923052245653	0.3051438545336759	41.99234366102378
12.63270583264799	0.007	0.005	0.14600649424940906	0.00017233141975027475	0.5024035559263358	0.30532239717637916	41.65984615327658
12.747392843022174	0.007	0.005	0.14485041715053554	0.00017096245105124408	0.5040875448184141	0.3054791770561548	41.32998415413752
12.862078907014766	0.007	0.005	0.14370350327842765	0.00016960441669618422	0.5057447024529984	0.30561461066103807	41.00273668676491
12.97676401703834	0.007	0.005	0.14256568000450096	0.00016825722882428545	0.5073754521419459	0.30572910755752286	40.67808302813769
13.091448165505666	0.007	0.005	0.14143687527523474	0.00016692080026949692	0.5089802105206562	0.30582307055068486	40.35600261931705
13.206131360019908	0.007	0.005	0.1403170174598883	0.00016559504437815655	0.5105593878607941	0.3058968958008088	40.036475021995344
13.320813600589004	0.007	0.005	0.13920603557170003	0.00016427987527633186	0.5121133878510464	0.30595097290807055	39.71947998161079
13.435494902410845	0.007	0.005	0.1381038590423076	0.00016297520759900175	0.5136426080091179	0.30598568502916623	39.404997362982805
13.550175273088035	0.007	0.005	0.13701041793940838	0.00016168095675309795	0.515147439469711	0.3060014089669399	39.09300721241709
13.664854705033278	0.007	0.005	0.13592564303092108	0.00016039703899574118	0.5166282669946303	0.30599851527948435	38.78348977601235
13.779533236228241	0.007	0.005	0.13484946520694624	0.0001591233707382124	0.5180854698518379	0.30597736837649137	38.476425334729505
13.894210988195963	0.007	0.005	0.1337818151401782	0.00015785986813661868	0.5195194223362938	0.30593832656647824	38.17179410749716
14.008887915373533	0.007	0.005	0.1327226256176874	0.00015660644990415503	0.5209304907237103	0.30588174223409675	37.86957691653611
14.123563919036602	0.007	0.005	0.13167183043529365	0.0001553630359797325	0.5223190348983021	0.30580796198150767	37.56975487189234
14.238238968814338	0.007	0.005	0.1306293632740963	0.00015412954617347486	0.5236854099299387	0.30571732665472373	37.27230905087876
14.352913072309176	0.007	0.005	0.12959515799420712	0.00015290590052094403	0.5250299657432532	0.3056101714148814	36.977220581885796
14.46758624471781	0.007	0.005	0.12856914891495289	0.00015169201962141377	0.5263530468223381	0.30548682583653775	36.684470724330914
14.582258501236561	0.007	0.005	0.12755127088048399	0.00015048782471741842	0.5276549922056616	0.305347614001907	36.39404088737905
14.69692987984437	0.007	0.005	0.12654145905571904	0.0001492932374486974	0.5289361358247897	0.3051928545570806	36.10591257171929
14.811600380547958	0.007	0.005	0.12553964945873786	0.00014810818049538054	0.5301968059065115	0.3050228608781361	35.82006752147229
14.926270003354045	0.007	0.005	0.12454577861561417	0.00014693257716170686	0.5314373254975624	0.30483794111822504	35.53648762570388
15.040938748269351	0.007	0.005	0.12355978355637796	0.00014576635137142135	0.5326580125463841	0.3046383982914702	35.25515491727314
15.15560663048879	0.007	0.005	0.12258160168196156	0.0001446094275071875	0.5338591801414149	0.3044245303262706	34.976051534868084
15.270273657612893	0.007	0.005	0.12161117095737797	0.0001434617306441832	0.5350411363447236	0.3041966301839971	34.69915977812532
15.384939822054053	0.007	0.005	0.12064842996866935	0.00014232318661925588	0.5362041842001628	0.303954985960279	34.424462123878925
15.499605131412684	0.007	0.005	0.11969331766191431	0.00014119372171556002	0.5373486221232358	0.3036998809033619	34.15194115169156
15.614269585695164	0.007	0.005	0.1187457735318916	0.00014007326289077997	0.5384747437424312	0.30343159353729127	33.881579597685906
15.728933192501684	0.007	0.005	0.11780573749170037	0.0001389617376195483	0.5395828381252358	0.3031503977044284	33.613360317343464
15.843595967026024	0.007	0.005	0.11687314987139967	0.0001378590738917935	0.5406731898454408	0.30285656263628224	33.34726628511634
15.958257916867934	0.007	0.005	0.11594795153867979	0.00013676520035883316	0.5417460789086065	0.3025503530647671	33.08328062885819
16.0	0.007	0.005	0.11561295946550196	0.0001363721593557672	0.5421323787460581	0.30243585192726957	32.987697769322395
