0.0	0.007	0.005	0.0	0.0	0.0	0.0	100.0
0.006197689299861523	0.007	0.005	0.01969091229767826	6.212568600351955e-5	1.5555599948141167e-5	2.9554462239752146e-5	99.95273616340911
0.011894843940813752	0.007	0.005	0.036863345057875606	0.00011167422266097943	5.633691865800513e-5	0.00010417369438406803	99.90930913060663
0.019545988741830195	0.007	0.005	0.0586042277785108	0.00016845340355568458	0.00014873491192193616	0.00026554699276003604	99.85101732925628
0.0276580200099531	0.007	0.005	0.08010081467593101	0.00021833088371945908	0.00029086447350217676	0.0005011418630009352	99.78925131519696
0.03704954613106216	0.007	0.005	0.10313180927017836	0.0002651954393727949	0.0005080405078976719	0.0008416564188836702	99.71779078892891
0.047173311437785394	0.007	0.005	0.12590040024988852	0.00030519877389748956	0.0008003382000889381	0.0012739256062550414	99.64081593648811
0.05826400729669379	0.007	0.005	0.14860216117509195	0.000339189017937408	0.0011837201880181359	0.0018081110632284115	99.55655734297918
0.0701175718312307	0.007	0.005	0.17051287491545505	0.0003667622748574425	0.0016595216139754202	0.002432598929940569	99.46658182839141
0.08278161119889338	0.007	0.005	0.19150111680806065	0.0003886761092803332	0.002235519598067697	0.0031454427071480693	99.3705441785998
0.09617138406245516	0.007	0.005	0.21125740098309695	0.0004055621565221733	0.002912246581594317	0.003936585961540471	99.26910378228307
0.11028252228002618	0.007	0.005	0.22966935203165237	0.000418268405754355	0.003692043293291608	0.004800022791462461	99.16231042010753
0.1250751640614438	0.007	0.005	0.24662500909496915	0.00042757358879670827	0.00457393332473226	0.00572781592319436	99.0504827686368
0.14053768131369387	0.007	0.005	0.2620940015212124	0.0004342063791826353	0.005557211986407043	0.006714240246574677	98.93372587629167
0.15665245732033184	0.007	0.005	0.2760738369071401	0.0004387862200810146	0.006639817313702102	0.007753863256047967	98.81219025933413
0.1734146894505629	0.007	0.005	0.28860130925370614	0.00044182595149286173	0.007819739024528129	0.0088427745100058	98.68593002639557
0.1908223266123742	0.007	0.005	0.2997342187941214	0.0004437321898770336	0.00909461094569431	0.009977907256775477	98.55497909676444
0.20888136853003703	0.007	0.005	0.3095486297387336	0.00044481875563351256	0.010462271642100606	0.011157297410585134	98.41931153785706
0.2276027741352536	0.007	0.005	0.31813071511132457	0.0004453211779881925	0.011920707723615942	0.012379780429487846	98.27886516064306
0.24700383901746625	0.007	0.005	0.3255729159144501	0.0004454121634066243	0.013468282054248552	0.01364497701066561	98.13353150020127
0.2671073030433713	0.007	0.005	0.3319698122536111	0.00044521553359647343	0.01510376170923851	0.014953138976595092	97.98316288344262
0.28794155413744527	0.007	0.005	0.3374154755475229	0.00044481817234425327	0.01682640263309868	0.016305079404828667	97.82757129070544
0.3095405073006186	0.007	0.005	0.34200139697919907	0.0004442797189948871	0.018635987313225102	0.01770209524151102	97.6665296858688
0.33194389882758735	0.007	0.005	0.3458151009960509	0.00044364014294493684	0.020532879216998277	0.019145929456281144	97.49977028735046
0.3551975019688783	0.007	0.005	0.34893915789304997	0.00044292548497478835	0.02251805727283786	0.020638738539753756	97.3269834860157
0.3793537094692647	0.007	0.005	0.3514505819749733	0.00044215208475910985	0.02459317038961758	0.02218309165682072	97.14781410842585
0.40447177548281116	0.007	0.005	0.35342043479619434	0.0004413296353148201	0.026760553653274118	0.02378195364114688	96.96186030144581
0.4306187929477055	0.007	0.005	0.3549136969786808	0.0004404633125946881	0.02902329970776637	0.025438718547991224	96.76866707215387
0.45787046298392753	0.007	0.005	0.355989236148457	0.000439555243566269	0.03138530547038079	0.027157231189967282	96.56772152094788
0.4863123104905516	0.007	0.005	0.35669989746656705	0.00043860547771061575	0.033851350627409536	0.02894183651373678	96.35844495695538
0.5160410301775437	0.007	0.005	0.3570926575389917	0.0004376126144537188	0.03642718049239913	0.03079743484980317	96.14018428422965
0.5471662241209022	0.007	0.005	0.3572088302669487	0.0004365741837952483	0.039119615080053384	0.032729557657074464	95.912200795366
0.5798124919060293	0.007	0.005	0.35708430123244256	0.0004354868582532126	0.04193667971700215	0.034744459204314904	95.67365674467926
0.6141224517254242	0.007	0.005	0.35674977215258286	0.00043434653138199955	0.0448878049575645	0.03684925735487671	95.42359558988412
0.650259288911897	0.007	0.005	0.35623101477241775	0.0004331483474192378	0.04798397194689391	0.03905203413735614	95.16092628837006
0.6884107562704637	0.007	0.005	0.35554912110034376	0.000431886643718315	0.05123796580461988	0.04136201164342543	94.88439775110295
0.7287944308312876	0.007	0.005	0.35472072385740033	0.0004305548302470396	0.05466471375472151	0.04378978505359237	94.59256519894629
0.7716638555304385	0.007	0.005	0.3537581904242959	0.00042914523047794746	0.05828166852183245	0.046347583585358634	94.28375146863675
0.8173166598291106	0.007	0.005	0.35266976796522337	0.00042764885611342465	0.06210931964574836	0.04904961651840218	93.95599582359527
0.8661048583609579	0.007	0.005	0.35145967024260316	0.00042605511609355117	0.06617183407353067	0.05191250302905389	93.6069895401379
0.918448380549006	0.007	0.005	0.35012808040315935	0.00042435143193110547	0.07049789289045359	0.05495583008581255	93.23399168578497
0.9748528239438423	0.007	0.005	0.34867104547885286	0.0004225227345436043	0.07512177534962707	0.05820287013334554	92.8337194275054
1.0359332800639895	0.007	0.005	0.34708021933911143	0.0004205507924369761	0.08008479671900114	0.06168152718155614	92.40220181754718
1.1024470366091497	0.007	0.005	0.3453423894255613	0.0004184132950705498	0.08543725895445604	0.06542561326407584	91.93458042019483
1.1753420234934917	0.007	0.005	0.343438623376697	0.0004160824935679091	0.09124135578430727	0.06947674876043443	91.42481363296396
1.2558138837013626	0.007	0.005	0.34134324887347983	0.0004135236617552031	0.09757429450128145	0.07388634786522169	90.86534244983035
1.3454067938748437	0.007	0.005	0.33902179549110834	0.00041069231215814866	0.10453415412301115	0.07871940938498162	90.24648504125321
1.4461428108887824	0.007	0.005	0.3364283781635964	0.0004075307560613299	0.11224677856895658	0.08405885752976462	89.55568968888687
1.5606958116977951	0.007	0.005	0.3335022299169164	0.00040396364471377566	0.1208742783272464	0.09001073598219751	88.77656773404452
1.6923681139428863	0.007	0.005	0.33016966862411845	0.00039990014756754864	0.13060638951713832	0.09669724473525457	87.8893801519045
1.8422217481945526	0.007	0.005	0.3264172157248686	0.0003953229466888777	0.1414467188200059	0.10410964761227794	86.89047156597995
1.9993003386628554	0.007	0.005	0.32252954319127064	0.0003905787988116546	0.15254638358253023	0.11165895716629236	85.85558731924523
2.154724363372305	0.007	0.005	0.3187283770402852	0.00038593842824902994	0.16327001739464217	0.11891193554455572	84.84373602417045
2.306654781066966	0.007	0.005	0.31505595158105115	0.0003814538322251719	0.1735092965833816	0.12579843541704672	83.86615616058637
2.455260072567712	0.007	0.005	0.311504837628132	0.00037711634238007534	0.1832971028284323	0.1323442289700994	82.92086909639124
2.6016767340409204	0.007	0.005	0.30804517168608464	0.00037288970261765845	0.19272577377658737	0.13861411688508055	81.99992507791323
2.747230295685597	0.007	0.005	0.30464398559571415	0.0003687337307072737	0.2018920404304934	0.14467448715664544	81.09454809742138
2.8928851284494104	0.007	0.005	0.3012780253094845	0.0003646200906457442	0.21086279458251178	0.1505707644242081	80.19854803830053
3.0390914913829277	0.007	0.005	0.29793672052625925	0.0003605359662717907	0.21966887083845044	0.1563238971474196	79.30911113991094
3.1858900205237353	0.007	0.005	0.2946191641635428	0.000356480369278284	0.22831479312969785	0.16193735106895105	78.42599594055413
3.333112060229604	0.007	0.005	0.2913291376751304	0.0003524580479546556	0.2367929501461123	0.16740674934807578	77.55020904198788
3.4805514328477662	0.007	0.005	0.28807107544289223	0.00034847454448474536	0.24509449781799758	0.1727270933986068	76.68293085209376
3.6280607663078386	0.007	0.005	0.2848479294612555	0.00034453357798484114	0.2532147918111533	0.17789624424074144	75.82494717547074
3.775575310820411	0.007	0.005	0.2816607343929384	0.0003406365100615523	0.26115424306961493	0.18291537725636475	74.97653343361743
3.92309270222088	0.007	0.005	0.2785091407236654	0.00033678299745936943	0.2689167359117554	0.18778788401366853	74.13759658775984
4.070639128994382	0.007	0.005	0.27539220133024805	0.0003329719563588374	0.2765075294541199	0.19251799075013215	73.30788451893042
4.218241787421067	0.007	0.005	0.2723089772053543	0.00032920230553539317	0.28393172698046637	0.1971097814091713	72.48714726855847
4.365915071249079	0.007	0.005	0.2692588215542085	0.0003254733152671648	0.29119360731392874	0.2015667896808792	71.67521266344296
4.513658896799066	0.007	0.005	0.26624139835289695	0.0003217846305568885	0.2982966230955567	0.20589201515447192	70.87199125587213
4.661463710027443	0.007	0.005	0.26325656493147553	0.0003181361275326965	0.3052437153887881	0.21008813083778693	70.07744506789416
4.8093168797155705	0.007	0.005	0.2603042343415392	0.00031452774502234963	0.31203765480366485	0.21415769803474	69.29155095432336
4.9572074091735425	0.007	0.005	0.25738427962918803	0.000310959367509191	0.3186812656625546	0.2181033021951647	68.51427512073198
5.10512777252281	0.007	0.005	0.2544965002647079	0.00030743078431180477	0.32517749622549746	0.22192759169274462	67.74556418721653
5.2530736931608955	0.007	0.005	0.25164063040764706	0.0003039417000620759	0.3315293914749413	0.22563325764864983	66.98534738851544
5.401042774185471	0.007	0.005	0.24881636854474543	0.00030049177137748983	0.3377400207128696	0.229222988423643	66.23354446346266
5.549033254762026	0.007	0.005	0.24602340289424746	0.0002970806383222519	0.34381241897094184	0.23269943419593903	65.49007241747496
5.697043177239911	0.007	0.005	0.24326142754818364	0.0002937079444905188	0.34974955208206576	0.23606518678218533	64.75484981953885
5.845070161624426	0.007	0.005	0.24053014640711443	0.0002903733421047315	0.3555543099238859	0.23932277639146673	64.02779784961704
5.993111532974661	0.007	0.005	0.23782927043996968	0.0002870764889168619	0.3612295141406928	0.24247467666901817	63.30883956923375
6.141164654841605	0.007	0.005	0.23515851141778185	0.00028381704077643026	0.36677793271342995	0.24552331327177743	62.59789825342777
6.289227105935888	0.007	0.005	0.2325175788402772	0.00028059464810088443	0.3722022870945873	0.248471067950137	61.89489657262909
6.437296817592122	0.007	0.005	0.22990617775899466	0.00027740895343330847	0.37750525709610633	0.2513202811973478	61.19975601318491
6.585372024885757	0.007	0.005	0.2273240099861117	0.0002742595931361264	0.3826894787213305	0.2540732510113281	60.51239719914209
6.733451256931164	0.007	0.005	0.22477077456200883	0.0002711461981636666	0.3877575436335659	0.2567322326078257	59.83274001671037
6.881533229075141	0.007	0.005	0.22224616986427242	0.00026806839683241735	0.3927119954891053	0.25929943655871773	59.16070417566754
7.029616744869837	0.007	0.005	0.21974989541969764	0.0002650258172143142	0.3975553271256942	0.2617770275322148	58.49620969170427
7.177700715719256	0.007	0.005	0.21728165164902896	0.00026201808698642423	0.40228998192623705	0.2641671252691721	57.83917681847572
7.325784160903878	0.007	0.005	0.21484113995225673	0.00025904483368702815	0.40691835449511476	0.26647180519730407	57.18952607030687
7.473866187983989	0.007	0.005	0.21242806310838735	0.00025610568534636464	0.41144279074811463	0.2686930987642926	56.547178328609014
7.621945992811959	0.007	0.005	0.21004212533624214	0.0002532002706924897	0.4158655886665624	0.2708329941194839	55.91205485806446
7.770022879152712	0.007	0.005	0.2076830320419322	0.0002503282189644531	0.4201889996174104	0.27289343706495794	55.28407723940533
7.91809621945951	0.007	0.005	0.20535049050636747	0.000247489160867165	0.42441522793578407	0.2748763311737366	54.66316755242502
8.066165494098966	0.007	0.005	0.2030442093131927	0.000244682727976429	0.4285464328235748	0.2767835390212747	54.049248223697575
8.214230252121789	0.007	0.005	0.2007638990171924	0.00024190855365411064	0.43258472798038944	0.2786168823444932	53.442242204503685
8.362290091647772	0.007	0.005	0.19850927247221004	0.00023916627353895694	0.4365321818955958	0.28037814254469046	52.84207305812076
8.510344659862426	0.007	0.005	0.19628004484364087	0.00023645552564448215	0.4403908187081736	0.28206906145951083	52.24866496314864
8.658393662816957	0.007	0.005	0.1940759334746228	0.00023377595027142958	0.4441626193020792	0.2836913422308153	51.661942677890224
8.8064368752252	0.007	0.005	0.1918966577609079	0.00023112718992483004	0.447849522356748	0.2852466501367637	51.08183150704288
8.954474071827786	0.007	0.005	0.18974194016919063	0.00022850889062352593	0.45145342346756917	0.2867366126177732	50.50825757277197
9.102505105819525	0.007	0.005	0.18761150508232521	0.00022592070054686317	0.45497617794120515	0.28816282085652617	49.94114750731401
9.250529820610856	0.007	0.005	0.18550508007880334	0.00022336227165293044	0.4584195994881624	0.28952682964369497	49.38042879356659
9.398548108644638	0.007	0.005	0.18342239506883767	0.00022083325867132292	0.4617854624888498	0.2908301587175677	48.82602953511854
9.546559911387847	0.007	0.005	0.18136318230028198	0.00021833331915521495	0.4650755027665244	0.29207429346252256	48.277878457825764
9.694565170315201	0.007	0.005	0.17932717703395418	0.0002158621143474888	0.46829141729601254	0.2932606852140066	47.73590508957882
9.842563856312614	0.007	0.005	0.17731411711222692	0.00021341930869018389	0.4714348656898186	0.29439075224798544	47.20003964546373
9.990555979472687	0.007	0.005	0.1753237428170001	0.0002110045696842584	0.4745074711790253	0.29546588054994094	46.6702129899552
10.13854152048592	0.007	0.005	0.17335579777287607	0.00020861756902332767	0.4775108199795844	0.2964874240229151	46.146356877336956
10.28652050904454	0.007	0.005	0.17141002786644666	0.0002062579812999103	0.48044646371527194	0.2974567057652547	45.6284036640218
10.434492984636256	0.007	0.005	0.16948618175621907	0.00020392548465273899	0.48331591935529744	0.29837501845839637	45.11628644429111
10.582458986743601	0.007	0.005	0.16758401097167402	0.0002016197609092939	0.48612066979386154	0.29924362499077084	44.60993907666368
10.730418574441066	0.007	0.005	0.16570326963246063	0.00019934049526179989	0.48886216497676066	0.3000637592444731	44.10929610914653
10.87837182639177	0.007	0.005	0.16384371442961276	0.0001970873762611692	0.4915418226111803	0.30083662673015715	43.614292774235544
11.026318801653346	0.007	0.005	0.1620051050909802	0.00019486009640040997	0.49416102817530333	0.3015634050226354	43.12486511280998
11.17425957887059	0.007	0.005	0.16018720385617097	0.00019265835148605983	0.4967211363477143	0.3022452446040001	42.64094983436539
11.322194256272324	0.007	0.005	0.15838977545813623	0.00019048184062684238	0.49922347167175135	0.3028832694578878	42.162484312111275
11.47012292227877	0.007	0.005	0.15661258745576168	0.00018833026664949533	0.5016693287260867	0.3034785775375941	41.689406671505665
11.61804568489174	0.007	0.005	0.1548554098484042	0.0001862033356359183	0.5040599732863645	0.3040322414832387	41.221655687646305
11.765962622712905	0.007	0.005	0.15311801562974875	0.00018410075760643936	0.5063966421827913	0.30454530901513427	40.75917093270471
11.913873843720891	0.007	0.005	0.1514001800586314	0.00018202224563449178	0.5086805448936393	0.30501880372420376	40.301892581822976
12.061779426496816	0.007	0.005	0.1497016813188968	0.00017996751665697903	0.5109128632451712	0.30545372542491606	39.84976158876448
12.209679478996863	0.007	0.005	0.148022299806587	0.00017793629060674904	0.5130947529338117	0.3058510508879342	39.402719496167286
12.357574128753836	0.007	0.005	0.14636181822833821	0.00017592829053503594	0.5152273439374288	0.3062117343122729	38.96070846173677
12.505463454316816	0.007	0.005	0.14472002234080958	0.00017394324351620603	0.517311740116386	0.3065367076798329	38.5236714550778
12.653347583194615	0.007	0.005	0.1430966998216989	0.00017198087926913964	0.5193490212004142	0.30682688150275167	38.091551957164896
12.801226623296115	0.007	0.005	0.14149164101111267	0.0001700409310628133	0.5213402423599909	0.3070831451517907	37.66429415769127
12.949100662933185	0.007	0.005	0.13990463887078833	0.00016812313566578742	0.5232864347858502	0.3073063673642865	37.241842944213836
13.096969800201464	0.007	0.005	0.13833548863407183	0.00016622723291723226	0.5251886066275869	0.3074973967739946	36.82414380897898
13.244834142979258	0.007	0.005	0.13678398778405118	0.00016435296569829917	0.5270477435022641	0.3076570623627813	36.411142843102155
13.392693789342424	0.007	0.005	0.1352499362338654	0.00016250008015009022	0.5288648087541807	0.3077861738873371	36.00278678456497
13.540548827565797	0.007	0.005	0.13373313629374992	0.00016066832563065996	0.5306407439688047	0.30788552233080396	35.59902300944279
13.688399355707476	0.007	0.005	0.13223339244107601	0.00015885745443082773	0.5323764697017059	0.3079558803508632	35.199799470690685
13.836245491399005	0.007	0.005	0.13075051120187225	0.00015706722162579768	0.5340728860535726	0.3079980026931025	34.805064666604935
13.984087303307074	0.007	0.005	0.12928430181148476	0.0001552973858789512	0.5357308723517943	0.3080126265839972	34.41476781668726
14.131924899254852	0.007	0.005	0.12783457530211478	0.00015354770832244264	0.5373512886238713	0.30800047216252896	34.02885861875221
14.279758504540695	0.007	0.005	0.12640114374390596	0.00015181795162461843	0.5389349768227741	0.3079622428103841	33.647287046908936
14.427588295494413	0.007	0.005	0.12498382186986971	0.00015010788197192886	0.5404827593993384	0.30789862552209835	33.27000378410729
14.575414233054934	0.007	0.005	0.12358242859201739	0.00014841727091904913	0.5419954381086208	0.3078102914389556	32.896960625723835
14.723236258585036	0.007	0.005	0.122196785036762	0.00014674589298248756	0.5434737966127482	0.30769789622685934	32.52810995659668
14.871054401556295	0.007	0.005	0.12082671351950165	0.00014509352438131796	0.5449186019426848	0.3075620803359096	32.16340447806518
15.018868740383484	0.007	0.005	0.11947203792483412	0.00014345994349671768	0.5463306044212594	0.30740346932110774	31.80279730918091
15.166679382841966	0.007	0.005	0.11813258388500861	0.00014184493108486718	0.547710537815091	0.30722267417009275	31.446242034210762
15.31448644648774	0.007	0.005	0.11680817894590818	0.00014024827047470238	0.5490591195060096	0.30702029164297123	31.093692746820256
15.462290019503115	0.007	0.005	0.11549865289352093	0.00013866974796231257	0.5503770505074905	0.3067969046536068	30.74510413697863
15.610090160699642	0.007	0.005	0.11420383771621394	0.00013710915275980579	0.5516650158576952	0.30655308260872405	30.40043148091619
15.757886938672767	0.007	0.005	0.11292356723053577	0.0001355662765321105	0.5529236853318866	0.30628938166555925	30.05963054151508
15.905680422013292	0.007	0.005	0.1116576771473071	0.00013404091347261362	0.5541537136972701	0.30600634504728724	29.722657585902216
16.0	0.007	0.005	0.11085723320644413	0.0001330798787577675	0.5549240362116427	0.3058158426002614	29.509583825290203
