0.0	0.007	0.005	0.0	0.0	0.0	0.0	100.0
0.0063407707060271525	0.007	0.005	0.019029644719622176	6.928267731490893e-5	1.5351758076034064e-5	5.643577361553773e-5	99.90816286491585
0.011463603844775946	0.007	0.005	0.03368708463741605	0.00011701306978427834	4.9451892502654665e-5	0.00017617719341602936	99.8340274403122
0.018653347785663875	0.007	0.005	0.05323111591261982	0.00017352669197899436	0.00012830309758282807	0.000438103752129962	99.73007334939291
0.02597602033625806	0.007	0.005	0.07196747900675941	0.000220575940064436	0.0002437666252090516	0.0007986637217645598	99.62430855229216
0.03455393916604179	0.007	0.005	0.09250664615686759	0.00026477194948039667	0.0004212244058369662	0.0013179138281267453	99.50055628868995
0.04370770840740475	0.007	0.005	0.11285847515000635	0.00030160218090303554	0.0006572938612229144	0.001963024748954905	99.36866586830153
0.053810495236308716	0.007	0.005	0.13358009332764043	0.0003326509855437813	0.0009694525577090007	0.0027587009472007694	99.22330464204686
0.06464048915331866	0.007	0.005	0.15392491663211288	0.00035743981932348176	0.0013591644526581201	0.003684664549002213	99.06771633561249
0.07632800417135914	0.007	0.005	0.17389603938990036	0.00037687515174179885	0.0018378402256734984	0.004745579784426188	98.90008221795233
0.0888102970244812	0.007	0.005	0.19315694159836064	0.0003915436576813768	0.0024091423026204374	0.005928449143129967	98.72136182992996
0.10213699641235717	0.007	0.005	0.2115916954891555	0.00040227971427041486	0.003080364524897425	0.007229875915233236	98.53090776059555
0.1162883543408111	0.007	0.005	0.22900829035146497	0.0004098179978194073	0.0038545880934009735	0.008640007000819025	98.32907057696289
0.13127172229480025	0.007	0.005	0.245289877291079	0.00041486020112716654	0.004735032576918151	0.010152098478657931	98.11581726399405
0.1470646650668857	0.007	0.005	0.2603241725828702	0.00041800601581564584	0.00572197490562782	0.011757199310152072	97.89154217833193
0.16365002163949327	0.007	0.005	0.27404723796573194	0.0004197570196573674	0.006814670546813839	0.013447791138508811	97.65656590940662
0.1810041040671731	0.007	0.005	0.2864278996400589	0.0004205098212995167	0.00801076448857238	0.015216631939142343	97.41130239546723
0.19911120997780435	0.007	0.005	0.29747409130596003	0.000420565563419412	0.009307431774452347	0.01705816240166605	97.15605310124056
0.21796117987651142	0.007	0.005	0.30722218437302035	0.0004201431892802565	0.010701477185785213	0.018968118258944427	96.89104245640993
0.2375532029017713	0.007	0.005	0.3157311509127357	0.0004193959865418684	0.012189846558149739	0.020943747092171144	96.61636541094897
0.2578942157190784	0.007	0.005	0.32307435913805305	0.0004184276014774915	0.013769716610113756	0.022983476199212045	96.33201152357846
0.2789992948846999	0.007	0.005	0.32933398296841987	0.00041730581821646483	0.015438681571424195	0.025086802168084236	96.03786109494784
0.3008907507542537	0.007	0.005	0.33459619891020254	0.0004160734947417107	0.017194798052568006	0.02725407520992011	95.73369957875389
0.3235980366459036	0.007	0.005	0.3389478664702511	0.00041475667450863656	0.01903665575194566	0.029486390102148412	95.41922064795425
0.3471574698703341	0.007	0.005	0.34247405446427664	0.0004133703538802164	0.02096340417815359	0.0317854783432833	95.09403199021041
0.3716123314773043	0.007	0.005	0.34525635778944985	0.00041192240597574174	0.022974786508970738	0.03415365223158396	94.75765599250018
0.39701305763294603	0.007	0.005	0.3473717459948356	0.00041041616834185416	0.02507116258052948	0.03659376685590546	94.4095293791427
0.4234176616936493	0.007	0.005	0.3488918285342251	0.00040885208889326836	0.027253535733427578	0.039109208822893295	94.04899996021337
0.45089232395767603	0.007	0.005	0.3498824164275251	0.00040722873860452404	0.029523580666718403	0.04170390141625898	93.67532145836368
0.4795122033638696	0.007	0.005	0.350403302428013	0.00040554340641732397	0.03188367802400611	0.04438232781788947	93.28764578477205
0.5093624717718385	0.007	0.005	0.35050819578056197	0.00040379242672910863	0.034336956128682004	0.047149569111338045	92.88501289749753
0.5405396187382719	0.007	0.005	0.3502447657215097	0.0004019713365650831	0.036887343348962494	0.05001135829165786	92.46633776371728
0.5731539399140938	0.007	0.005	0.34965473863196983	0.0004000748739374265	0.0395397038513766	0.0529742293331906	92.03038245889812
0.6073298026599788	0.007	0.005	0.3487740807846078	0.00039809705642357987	0.042299776886852	0.056045446859154344	91.57575926901973
0.6432091513108039	0.007	0.005	0.3476331845789447	0.00039603104639147224	0.04517436325452169	0.05923321227656683	91.10089182686747
0.6809542091531224	0.007	0.005	0.34625706776298215	0.0003938690552266828	0.048171423245178	0.06254676803357063	90.60398909190974
0.720751459579983	0.007	0.005	0.34466554940328764	0.00039160217588421774	0.05130024927725724	0.0659965814969811	90.08300490904041
0.7628162520782851	0.007	0.005	0.3428734092371411	0.00038922018962301013	0.054571651664456856	0.06959453836916044	89.53559268824594
0.807398801082587	0.007	0.005	0.3408904997037405	0.0003867113099809082	0.05799820699172199	0.0733541986073394	88.9590461845224
0.8547916966343172	0.007	0.005	0.3387218020140325	0.0003840618652058623	0.061594561932532536	0.0772911044255627	88.35022638763611
0.9053395693184665	0.007	0.005	0.33636740013649685	0.0003812558926352089	0.06537781998878844	0.08142316736741202	87.705468298141
0.9594516150407516	0.007	0.005	0.33382234586934956	0.0003782746188717133	0.0693680333932468	0.08577115427765618	87.02046151946021
1.0176179822981213	0.007	0.005	0.33107637966570774	0.0003750957888237344	0.07358883084211697	0.09035929929766592	86.29009615314638
1.0804315412729733	0.007	0.005	0.3281134551006874	0.00037169278711521347	0.07806822889259646	0.09521608475323676	85.50826100552354
1.1486171814765618	0.007	0.005	0.3249109970040168	0.0003680334750612622	0.08283968804788505	0.1003752434893115	84.66757645345577
1.223074596514676	0.007	0.005	0.3214386644497791	0.00036407848557485007	0.08794368666836039	0.10587725640519698	83.75900277499133
1.3049323009929805	0.007	0.005	0.3176568070785407	0.00035977919412751155	0.09342943305109976	0.11177090161789587	82.77137404344266
1.3956301618737827	0.007	0.005	0.31351393917363	0.0003550745979534899	0.09935756387529229	0.11811571872018554	81.69068116983324
1.4970396805679116	0.007	0.005	0.3089430384693418	0.0003498868895629974	0.10580384147554583	0.12498530765272317	80.49905493748183
1.6116333922536925	0.007	0.005	0.3038565260272078	0.00034411556218019035	0.1128636644980984	0.13247111775917444	79.17341181316228
1.742669773301248	0.007	0.005	0.29814194730925614	0.00033763233444729097	0.12065409113666178	0.14068302492120643	77.68428916399434
1.8934025508010408	0.007	0.005	0.2917008365742865	0.0003303250318276865	0.129256843384724	0.14968754842803958	76.00593938897575
2.0534287126596267	0.007	0.005	0.28501469516849537	0.0003227392386363318	0.13798753934480776	0.15875195507205145	74.26377642848145
2.1987497452789473	0.007	0.005	0.27907579541044875	0.00031600064895868945	0.1455723053537713	0.16656083313489367	72.7163259676759
2.3290562276404594	0.007	0.005	0.27385580167038903	0.00031007874000241046	0.15210672124621163	0.17323519536728607	71.35619709027043
2.451279243649235	0.007	0.005	0.26904839889217724	0.00030462604788495794	0.15801522981770189	0.17922471311705107	70.1035741033586
2.571758030653627	0.007	0.005	0.2643922017453701	0.00029934503723005933	0.16363786585651033	0.18488145860183924	68.89034965694387
2.694185814867966	0.007	0.005	0.25974321963776337	0.00029407208929897353	0.16915357031122996	0.19038708986801225	67.67900524855725
2.8197409700729605	0.007	0.005	0.2550603732208606	0.0002887607002594155	0.17461022211275726	0.19578839543390242	66.45883714497646
2.947872446772062	0.007	0.005	0.25036846880749336	0.00028343912296682685	0.17997753576435402	0.2010541013066058	65.23630889030723
3.077253645461867	0.007	0.005	0.24571837259889315	0.00027816514079446515	0.18519835224390813	0.20612794710166013	64.02467423585679
3.206657198292696	0.007	0.005	0.24115386153111168	0.0002729884776174272	0.19022753206206017	0.2109673713901338	62.835339749961015
3.3354259375054767	0.007	0.005	0.23669591340713256	0.0002679329738037208	0.1950479166455005	0.21555824318464648	61.67377143318647
3.4634794054590583	0.007	0.005	0.23234445449490218	0.00026299855738960037	0.19966604659943993	0.21990955596857625	60.539950073481734
3.591069102289637	0.007	0.005	0.2280883209416519	0.00025817254930438175	0.20409974921998955	0.22404073317240744	59.43096680384631
3.7185135362976443	0.007	0.005	0.2239148652402513	0.00025344057918019595	0.20836735801377773	0.22797113430013416	58.34352617459403
3.8460359676631417	0.007	0.005	0.21981528915255774	0.0002487926483386275	0.2124823163670211	0.23171510069660584	57.27533570621506
3.973719856060918	0.007	0.005	0.21578572223845044	0.0002442243560189326	0.21645252178768834	0.23528160256816819	56.22538691217874
4.101541647626719	0.007	0.005	0.21182579089767967	0.0002397352733179026	0.2202821691785178	0.2386761579212608	55.193582446753645
4.229430819562449	0.007	0.005	0.20793649891465812	0.00023532653535977745	0.22397406559465136	0.2419030536422906	54.1801838572111
4.357320613181965	0.007	0.005	0.2041185990745448	0.0002309989915613261	0.22753125413179004	0.24496681828432543	53.185387290155965
4.485173289334079	0.007	0.005	0.2003718769652036	0.0002267523920137144	0.23095763816959128	0.24787273172120727	52.20913687810443
4.612981589974061	0.007	0.005	0.196695193008583	0.000222585435172263	0.2342578606640127	0.25062666464964245	51.251135691230935
4.7407570689870555	0.007	0.005	0.19308689194039094	0.0002184962331003059	0.23743687147132236	0.25323466854948706	50.31095243188378
4.868516331337708	0.007	0.005	0.18954522922931025	0.0002144827960796082	0.24049952403061128	0.25570262167928604	49.38813254288803
4.996271823506008	0.007	0.005	0.1860686305010132	0.00021054332752856427	0.24345035519623964	0.2580360524388787	48.4822658033784
5.124028706663373	0.007	0.005	0.18265576199968545	0.00020667630420141033	0.24629354548205257	0.26024012184354783	47.59300468833812
5.251786236244718	0.007	0.005	0.17930547549460513	0.00020288041368626922	0.24903298661472892	0.26231969203536715	46.7200500133915
5.379540934822519	0.007	0.005	0.17601671241635478	0.0001991544455365022	0.25167237544329213	0.2642794093161618	45.86312595641989
5.5072893083750225	0.007	0.005	0.17278842913008083	0.0001954972063910558	0.2542152820555539	0.2661237604745634	45.02196058667268
5.635029326942981	0.007	0.005	0.16961956041906912	0.0001919074784982162	0.25666518173316133	0.2678570974010796	44.19627635000369
5.762760601970106	0.007	0.005	0.1665090184168907	0.00018838401851995666	0.2590254570427033	0.2694836382097555	43.38578979062975
5.890483793793988	0.007	0.005	0.1634557100584521	0.00018492557738638844	0.261299386209307	0.27100745918355934	42.59021609819755
6.018199909400647	0.007	0.005	0.16045855533902884	0.00018153092107200098	0.26349013237184576	0.27243248880124793	41.809273865379105
6.145909769551987	0.007	0.005	0.1575164997914166	0.00017819884480147754	0.26560073838417897	0.2737625067934109	41.04268833893348
6.2736138396944625	0.007	0.005	0.15462851744237502	0.00017492817642987362	0.26763412914252577	0.2750011487718373	40.290192190041076
6.401312246941796	0.007	0.005	0.15179360929075417	0.00017171777472746935	0.26959311706416317	0.27615191286867213	39.55152511776262
6.529004957719585	0.007	0.005	0.14901079840687276	0.00016856652381706284	0.2714804095698725	0.2772181672596378	38.82643257212722
6.656691955369945	0.007	0.005	0.1462791254999989	0.00016547332813814832	0.27329861575034536	0.2782031567084069	38.11466459918975
6.78437325705973	0.007	0.005	0.1435976482677943	0.00016243711170975576	0.27505025013965334	0.27911000714633727	37.41597567152155
6.9120489814165555	0.007	0.005	0.14096543975257103	0.00015945681626038409	0.27673773697085363	0.27994173035051995	36.7301242599142
7.039719280872258	0.007	0.005	0.1383815895648319	0.0001565314026190488	0.2783634124310896	0.28070122748121107	36.056873152187045
7.167384333203164	0.007	0.005	0.1358452037879157	0.00015365985060450795	0.27992952771939483	0.2813912930185328	35.39598942834146
7.295044307709697	0.007	0.005	0.1333554053571236	0.00015084115945373966	0.28143825172234055	0.28201461846827575	34.74724455934632
7.4226993398565835	0.007	0.005	0.13091133421009335	0.00014807434798955847	0.28289167376168495	0.2825737960652209	34.110414446319545
7.5503495650929775	0.007	0.005	0.12851214628913507	0.00014535845348005713	0.28429180692853756	0.28307132262284374	33.48527916057605
7.677995068132978	0.007	0.005	0.12615701416741223	0.0001426925323467714	0.28564059034650535	0.2835096028754929	32.87162310678556
7.805635959040397	0.007	0.005	0.12384512530334563	0.00014007565817047727	0.2869398927149709	0.2838909531757388	32.26923456813862
7.933272339414499	0.007	0.005	0.1215756823914949	0.00013750692208434355	0.2881915145183288	0.28421760460417794	31.677905797772137
8.060904285486554	0.007	0.005	0.11934790335859334	0.00013498543276298285	0.28939719037422074	0.2844917060811109	31.097433017736595
8.188531890384255	0.007	0.005	0.11716102032906191	0.00013251031523648485	0.2905585918518177	0.28471532749271156	30.52761614944907
8.316155230322108	0.007	0.005	0.11501427994468867	0.0001300807112476989	0.29167732945997915	0.28489046251585876	29.968258896989134
8.443774398410248	0.007	0.005	0.11290694251972143	0.00012769577828162506	0.29275495517851813	0.28501903146898955	29.419168526948948
8.571389453944393	0.007	0.005	0.1108382826206398	0.00012535469021958035	0.2937929641686951	0.2851028839459026	28.88015601949935
8.699000473116714	0.007	0.005	0.10880758796083757	0.00012305663607129857	0.2947927972773447	0.28514380147059615	28.351035780386834
8.82660751521057	0.007	0.005	0.10681415969886729	0.00012080082030811388	0.29575584274804606	0.28514349996736427	27.831625718644677
8.954210639503813	0.007	0.005	0.10485731191202652	0.00011858646225536074	0.29668343827939636	0.28510363218087137	27.321747109429808
9.0818103193354	0.007	0.005	0.10293636518012285	0.00011641278875592664	0.29757687571321556	0.2850257896757483	26.821222922201095
9.209406402696029	0.007	0.005	0.10105066213508625	0.00011427905192224378	0.2984373954071618	0.28491150555954126	26.32988187234473
9.336998720689726	0.007	0.005	0.09919955762412207	0.00011218451790182694	0.29926619262472315	0.2847622567219146	25.847555858073818
9.46458717203241	0.007	0.005	0.09738241727900951	0.00011012846523574877	0.30006441970209885	0.28457946576663634	25.374079587643003
9.592171756841257	0.007	0.005	0.09559861692396827	0.00010811018417377011	0.3008331877395035	0.2843645028333502	24.909290425061407
9.719752534377037	0.007	0.005	0.09384754306805361	0.00010612897722947094	0.3015735677669582	0.2841186874658816	24.453028518391786
9.847329606139484	0.007	0.005	0.09212859299266986	0.00010418415927355386	0.30228659205959724	0.2838432904262893	24.005136822553023
9.974903022927888	0.007	0.005	0.09044117581058735	0.00010227505874024077	0.30297325502519484	0.2835395356612431	23.56546137525902
10.102472835537197	0.007	0.005	0.08878471154432115	0.00010040101656837016	0.30363451488397514	0.2832086019377733	23.13385105687989
10.230039060965513	0.007	0.005	0.08715863135051218	9.856138645406148e-5	0.3042712948217073	0.28285162459321456	22.7101576489068
10.357601716209512	0.007	0.005	0.08556237686321719	9.675553409477171e-5	0.30488448445026217	0.2824696970547212	22.294235662839164
10.485160784473779	0.007	0.005	0.08399540041169891	9.49828374351579e-5	0.3054749408760478	0.2820638724803687	21.88594239693194
10.612716274306605	0.007	0.005	0.08245716408629859	9.324268559285399e-5	0.3060434901645152	0.28163516505954267	21.4851376927985
10.74026819425557	0.007	0.005	0.08094713987843978	9.153447901508484e-5	0.30659092834531604	0.281184551501463	21.091683971890152
10.86781656976146	0.007	0.005	0.07946480930348537	8.985762904261417e-5	0.30711802257359033	0.28071297233967557	20.70544613722718
10.99536140092277	0.007	0.005	0.0780096637167286	8.82115582694464e-5	0.3076255120053498	0.2802213334033928	20.326291655734014
11.122902713177465	0.007	0.005	0.0765812035481803	8.659569966172587e-5	0.3081141090219845	0.27971050690079474	19.954090358854355
11.250440498176374	0.007	0.005	0.07517893880007277	8.500949712673359e-5	0.3085844999758206	0.2791813328738539	19.58871457218144
11.377974756017045	0.007	0.005	0.07380238839140055	8.345240475798833e-5	0.30903734630303836	0.2786346202173738	19.23003894467081
11.505505486797022	0.007	0.005	0.07245108008915079	8.192388675411788e-5	0.3094732853968306	0.2780711478464322	18.877940430721548
11.633032707504972	0.007	0.005	0.07112455017125303	8.042341702929381e-5	0.30989293153632796	0.27749166571271455	18.532298202354077
11.760556409792175	0.007	0.005	0.06982234370979669	7.895047953774836e-5	0.31029687658775157	0.27689689604819884	18.192993723005735
11.888076602200798	0.007	0.005	0.06854401397054892	7.750456758143497e-5	0.3106856909581388	0.2762875341918495	17.859910591068374
12.015593301717173	0.007	0.005	0.06728912235685211	7.608518374401759e-5	0.3110599243435558	0.2756642496005439	17.53293452527019
12.143106508436976	0.007	0.005	0.06605723850811192	7.469184000370926e-5	0.31142010640858653	0.2750276869159041	17.211953390337918
12.270616222455875	0.007	0.005	0.06484793997725762	7.332405736108655e-5	0.3117667475673071	0.2743784667950466	16.896857112955484
12.39812244386954	0.007	0.005	0.06366081208501687	7.198136567061446e-5	0.31210033968330275	0.27371718678597207	16.587537643793794
12.525625164329696	0.007	0.005	0.06249544785334545	7.066330356376962e-5	0.3124213567233655	0.2730444222159502	16.28388894016485
12.653124392376178	0.007	0.005	0.06135144763282655	6.936941801860825e-5	0.31273025547164224	0.2723607268708799	15.98580686893673
12.780620136548123	0.007	0.005	0.06022841912625097	6.809926438696309e-5	0.31302747610951	0.2716666338638928	15.693189212677526
12.90811243071373	0.007	0.005	0.05912597703607776	6.685240598680265e-5	0.3133134428751673	0.2709626562494116	15.405935577797257
13.035601274966355	0.007	0.005	0.058043743448375915	6.562841454718524e-5	0.31358856450985884	0.270249288074177	15.123947494588245
13.163086660956555	0.007	0.005	0.056981347466373934	6.442686978542509e-5	0.31385323488451317	0.2695270049461304	14.847128321742337
13.290568605663275	0.007	0.005	0.05593842480244261	6.324735893502517e-5	0.3141078336091909	0.2687962645174024	14.575383140037399
13.418047109179405	0.007	0.005	0.05491461800748388	6.208947701253769e-5	0.31435272646424733	0.26805750737246936	14.308618812107207
13.545522196924175	0.007	0.005	0.05390957600519489	6.095282627835732e-5	0.314588265984822	0.26731115741187084	14.046743861088695
13.672993894314784	0.007	0.005	0.05292295418345317	5.9837016343773655e-5	0.314814791891129	0.2665576225994078	13.78966849443342
13.80046220988307	0.007	0.005	0.051954414402031406	5.874166418173974e-5	0.3150326315264382	0.2657972956457887	13.53730460591767
13.927927143718755	0.007	0.005	0.051003624801391104	5.766639390665192e-5	0.31524210032540884	0.265030554523029	13.289565725821593
14.055388729676448	0.007	0.005	0.05007025937617294	5.661083627949466e-5	0.3154435023146315	0.2642577627498469	13.046366909797287
14.182846967844082	0.007	0.005	0.04915399836635604	5.557462916519555e-5	0.3156371304185481	0.2634792703185887	12.807624840789737
14.310301892072722	0.007	0.005	0.0482545276520671	5.455741682948012e-5	0.3158232669680588	0.2626954137877656	12.573257671347513
14.437753519329672	0.007	0.005	0.04737153901469582	5.355885024525156e-5	0.3160021840082672	0.2619065170731079	12.343185091659432
14.565201875021272	0.007	0.005	0.046504729848715	5.257858675867988e-5	0.31617414370993285	0.26111289175879343	12.117328254465917
14.692646984551919	0.007	0.005	0.04565380311816087	5.1616290040613714e-5	0.3163393987160708	0.2603148375979214	11.895609763719564
14.820088873324078	0.007	0.005	0.04481846725381297	5.067162996887683e-5	0.3164981924885309	0.25951264294523396	11.677953647794174
14.947527566738296	0.007	0.005	0.04399843605227901	4.9744282512790014e-5	0.316650759641957	0.2587065851740518	11.464285333190125
15.07496309019322	0.007	0.005	0.043193428576948495	4.8833929619877216e-5	0.31679732626558677	0.257896931078001	11.254531618726856
15.202395477524917	0.007	0.005	0.042403169008928154	4.794025904379315e-5	0.31693811024247115	0.2570839372041413	11.048620636702324
15.329824762566963	0.007	0.005	0.041627386607283615	4.706296430042261e-5	0.31707332153768203	0.2562678502790772	10.846481842533528
15.45725097071158	0.007	0.005	0.04086581566519297	4.620174461951172e-5	0.31720316247793323	0.25544890762278744	10.648046003331883
15.584674144226563	0.007	0.005	0.04011819526612596	4.535630466100055e-5	0.31732782805508497	0.25462733733237974	10.453245134372953
15.712094308499687	0.007	0.005	0.039384269395256466	4.452635464924048e-5	0.31744750615916745	0.25380335883274113	10.262012528126215
15.83951148891694	0.007	0.005	0.03866378674723286	4.3711610150115384e-5	0.31756237785423846	0.252977183090083	10.07428270416745
15.966925736176886	0.007	0.005	0.037956500500063405	4.291179180734511e-5	0.3176726176480454	0.25214901275693297	9.889991350262125
16.0	0.007	0.005	0.03777502756807548	4.2709974543969585e-5	0.3177004977726235	0.2519337278065857	9.842706545182049
