0.0	0.007	0.005	0.0	0.0	0.0	0.0	100.0
0.00657098457178134	0.007	0.005	0.018160469417296123	6.14750820555322e-5	1.443169178188255e-5	4.340287187877198e-5	99.93586360627599
0.012097356969418788	0.007	0.005	0.032748462847626496	0.0001055162360463682	4.8223900283108495e-5	0.00014033058150870198	99.88195504381852
0.01976469596122207	0.007	0.005	0.05200067434799518	0.00015686981784316295	0.0001262301572709372	0.0003515087089210018	99.80720997487875
0.027680042274949197	0.007	0.005	0.07073349843871632	0.0001999983952913789	0.0002426756132356023	0.000647048583361588	99.73010588302219
0.03694634143589462	0.007	0.005	0.09127784726100018	0.00024022024048396805	0.00042244331037581055	0.0010732045805725654	99.63991771837232
0.04689150108880738	0.007	0.005	0.11177307864101196	0.00027366746598100325	0.0006639501506850615	0.0016060543588684818	99.543212996405
0.057886855990255864	0.007	0.005	0.13269542057195338	0.00030165076522973774	0.0009850345609357459	0.002264455994568589	99.43640563029885
0.06971145755846951	0.007	0.005	0.15331948130139186	0.00032382734178142256	0.0013884779682946976	0.003032811310320438	99.32167096466883
0.08249627180712406	0.007	0.005	0.17361645868584227	0.00034104344117902237	0.001886402584388702	0.003914237780832334	99.19776825420416
0.09617671427388959	0.007	0.005	0.19324137617389897	0.0003538997131455766	0.002483387846270716	0.004898158983767023	99.06535683879173
0.11079956663496025	0.007	0.005	0.21205757453003699	0.0003632008415031745	0.0031872699111751197	0.005981221143465715	98.92401936979826
0.12633821244448282	0.007	0.005	0.22985879083407929	0.0003696583000925685	0.0040014768967382595	0.007154957765485902	98.77405126048467
0.14279081848288652	0.007	0.005	0.24651397946172668	0.00037393692571029293	0.004929197588002851	0.008413215973226168	98.61551004329702
0.16012519814823706	0.007	0.005	0.26190385360024887	0.0003765961304380675	0.005970515643200901	0.009748279365344479	98.44874713421359
0.17831667745901592	0.007	0.005	0.2759629102183107	0.00037809274696433187	0.007124453494421871	0.011153836454301541	98.27404187586835
0.19733724891656915	0.007	0.005	0.2886631312329429	0.00037877870889467953	0.008388542207976833	0.012624148622297054	98.09170581310953
0.21716974037613765	0.007	0.005	0.3000172446946888	0.0003789136971200422	0.009759969377944688	0.014155049322618704	97.90194674106236
0.23780444926661615	0.007	0.005	0.3100665377071594	0.000378681118272947	0.011235664674766917	0.015743542542265464	97.70490163344674
0.25924218940971416	0.007	0.005	0.3188741061994744	0.0003782057486219508	0.012812770415654474	0.01738788386894381	97.50060824262056
0.281492258747334	0.007	0.005	0.32651655923267914	0.00037756960070503776	0.014488714205228428	0.01908728202923644	97.28902540377695
0.30457261023767046	0.007	0.005	0.33307851881892725	0.00037682482783347603	0.016261383176912694	0.020841793634032612	97.07003230920004
0.32850888894052444	0.007	0.005	0.338648020887584	0.0003760034847210503	0.018129170143030667	0.02265215581528927	96.84343861678794
0.35333432688742833	0.007	0.005	0.3433133631328676	0.00037512448789865703	0.020091046794351485	0.024519706003744708	96.60898643131888
0.37908948980262325	0.007	0.005	0.3471607715828555	0.0003741983834736322	0.022146596821783222	0.026446306813145415	96.36635375488416
0.40582243385708217	0.007	0.005	0.3502728217250993	0.00037323048244163433	0.02429605840358946	0.028434313195915505	96.11515414744152
0.4335889338722028	0.007	0.005	0.3527273592163173	0.000372222860857267	0.02654035464929137	0.030486551717196112	95.85493584239236
0.46245299780450494	0.007	0.005	0.35459682219626504	0.0003711755895372525	0.028881132595112248	0.032606324315984696	95.58517833740012
0.49248751917458516	0.007	0.005	0.35594784089746995	0.0003700874663808345	0.031320801306360245	0.034797422444081155	95.30528791080087
0.523775198399128	0.007	0.005	0.35684104933369626	0.00036895643023165497	0.03386258107433345	0.0370641587428848	95.01459089981235
0.5564096884751784	0.007	0.005	0.3573310441566313	0.00036777977907743927	0.036510560718347254	0.039411410660243236	94.71232523834605
0.5904970353390728	0.007	0.005	0.3574664493961331	0.0003665542673691831	0.03926976852361039	0.04184467891170075	94.39762969591457
0.6261574719983399	0.007	0.005	0.35729005282736354	0.0003652761282517724	0.04214626068111991	0.044370162589610816	94.069530394537
0.6635282751329605	0.007	0.005	0.3568389779740479	0.00036394102438249283	0.045147282295269535	0.04699489772000765	93.72691827158273
0.7027654024918134	0.007	0.005	0.3561448967605923	0.00036254402618481605	0.04828131456969205	0.04972679495814759	93.36853864207015
0.7440471072726965	0.007	0.005	0.35523425461827546	0.00036107951305915	0.0515582628751001	0.052574799146584764	92.99296367339443
0.7875783161809902	0.007	0.005	0.3541284775223429	0.0003595410477867062	0.05498968128722059	0.05554907699035945	92.59855940047935
0.8335957292472208	0.007	0.005	0.3528441630023382	0.0003579212299130751	0.05858902320910536	0.05866122280493423	92.18344810390691
0.8823744372016652	0.007	0.005	0.35139323323906674	0.00035621150359253523	0.062371971256703906	0.061924526953990866	91.74545944603894
0.9342362015358286	0.007	0.005	0.34978304058494786	0.0003544019188041443	0.06635684358728944	0.06535430223684227	91.28206995761258
0.9895601535938235	0.007	0.005	0.34801640210564944	0.00035248082430382074	0.07056511611511075	0.06896829930983271	90.79032530370955
1.0487965806216115	0.007	0.005	0.3460915431472594	0.0003504344757130383	0.07502208443123891	0.07278722744868336	90.26674111257357
1.112485058962596	0.007	0.005	0.34400191441672645	0.0003482465244620197	0.07975772214875179	0.07683542344671865	89.70717366991099
1.181278349919677	0.007	0.005	0.34173584598241397	0.0003458973525441492	0.08480778520027991	0.08114170245502354	89.10665163403517
1.2559744016566061	0.007	0.005	0.339275978095216	0.00034336319306412313	0.0902152529194942	0.08574045572671873	88.45915359433533
1.337562214337889	0.007	0.005	0.3365983072542836	0.0003406148725714847	0.0960323964811715	0.0906732227602275	87.75728982195149
1.4272739158023993	0.007	0.005	0.33367114317673585	0.0003376164796443359	0.10232274405072372	0.09599008924973605	86.99196631352478
1.5266437355524907	0.007	0.005	0.33045400681691517	0.0003343239878039463	0.10916280227875748	0.10175076272423819	86.15203851506445
1.637459647337634	0.007	0.005	0.32690017940128857	0.0003306876306578917	0.11663566630897984	0.10801870064724974	85.22492325860794
1.7609059297884888	0.007	0.005	0.32298481519255423	0.00032668046931008535	0.12477179280607276	0.11481121698641243	84.20388172835172
1.893880411817624	0.007	0.005	0.31881899144678644	0.0003224151261923437	0.13331890257028708	0.12190957638580897	83.11771223418467
2.029320592238044	0.007	0.005	0.3146308690768387	0.0003181248556733179	0.14179893819910758	0.12891263367317918	82.0258040442579
2.1641758687709998	0.007	0.005	0.31051539126010086	0.0003139070840329152	0.15002203975393608	0.13566393171293675	80.95286306567175
2.297746746656394	0.007	0.005	0.30649214050987805	0.0003097822140193725	0.1579557311364636	0.1421388152957934	79.90397641619128
2.430111464573513	0.007	0.005	0.30255663275518524	0.0003057459712199336	0.16561586624487737	0.1483524710123057	78.87796849841644
2.561713452835395	0.007	0.005	0.2986938969000305	0.000301783261361278	0.1730376807199521	0.15433546408100188	77.87093391522244
2.693064598982336	0.007	0.005	0.29488769682915317	0.00029787763973782857	0.18025718148191577	0.16011836823471579	76.87863898040575
2.8245460850879858	0.007	0.005	0.2911262928775186	0.00029401725117021173	0.18730034511064164	0.1657231471292878	75.89802279446519
2.9563483537419355	0.007	0.005	0.28740386511895305	0.00029019630712735165	0.1941810954688949	0.17116179505676068	74.92756795872053
3.08850623878875	0.007	0.005	0.2837191820863928	0.00028641372306969994	0.2009044494039463	0.17643910215001396	73.9669533803761
3.220967702340205	0.007	0.005	0.28007343715747435	0.00028267089545141116	0.20747094026439208	0.18155632669077404	73.01649016241107
3.353655079427222	0.007	0.005	0.27646844117826563	0.0002789698430463353	0.21388009423905957	0.1865140005036517	72.07665039497837
3.48650234839498	0.007	0.005	0.272905586843914	0.00027531214137521643	0.22013230356110908	0.19131339320265164	71.1477971581056
3.619468316799092	0.007	0.005	0.26938552504021085	0.00027169858962245965	0.22622933140414456	0.19595687202379813	70.23010013999286
3.752534091400932	0.007	0.005	0.265908275388778	0.00026812932467286306	0.2321740374996783	0.20044765476234677	69.32356445577479
3.8856939576219363	0.007	0.005	0.2624734990474137	0.00026460410242750467	0.23796984939116816	0.20478938064602747	68.42810176754462
4.0189463040679305	0.007	0.005	0.2590807508451293	0.00026112255797821585	0.2436203061305772	0.20898575312244036	67.5435960170442
4.152288048992099	0.007	0.005	0.25572962534385063	0.0002576843566021144	0.2491288092154369	0.21304035146657743	66.66994150460417
4.285712682548128	0.007	0.005	0.2524198027280484	0.00025428924160989934	0.2544985540357765	0.2169565832795172	65.8070548527743
4.41921093180235	0.007	0.005	0.24915102723017948	0.00025093701273509115	0.25973257425705787	0.22073772126659855	64.95486938172549
4.5527724471075235	0.007	0.005	0.2459230624914889	0.00024762748079060264	0.2648338193839962	0.2243869621223595	64.11332347159436
4.686387396023529	0.007	0.005	0.24273565242207276	0.0002443604280003942	0.2698052180588958	0.22790747227175212	63.282350358512744
4.820047307514867	0.007	0.005	0.23958850259488285	0.00024113558946580943	0.27464970512649656	0.23130240564771146	62.46187328393502
4.953745261332229	0.007	0.005	0.23648127825848794	0.00023795265171987567	0.2793702214578093	0.23457490142135506	61.651804976555376
5.087475607318128	0.007	0.005	0.2334136133174606	0.0002348112625379807	0.28396969734363436	0.237728070439751	60.852049993537605
5.2212335243027495	0.007	0.005	0.23038512232810832	0.00023171104381539416	0.2884510326513924	0.24076498016908965	60.06250784785991
5.355014666825771	0.007	0.005	0.22739540969471403	0.00022865160153112265	0.2928170825374581	0.24368864423385522	59.28307540581906
5.488814935452764	0.007	0.005	0.22444407549603973	0.00022563253221466337	0.29707064909493147	0.24650201654858933	58.5136484060275
5.622630521603177	0.007	0.005	0.22153071495259177	0.00022265342285196987	0.3012144826701031	0.2492079921641274	57.75412132052723
5.75645786368275	0.007	0.005	0.2186549198466088	0.00021971385277108786	0.30525128040239996	0.2518094063077681	57.0043877249874
5.890293762683071	0.007	0.005	0.21581627649047166	0.0002168133919603448	0.3091836896772218	0.25430903663925397	56.264339769058836
6.024135373631872	0.007	0.005	0.21301436645132285	0.00021395160219242503	0.313014307617204	0.2567096028969453	55.53386836528607
6.157980232421625	0.007	0.005	0.21024876651422938	0.0002111280373432182	0.3167456816799719	0.2590137672843473	54.8128631795035
6.291826167333271	0.007	0.005	0.20751905100413315	0.00020834224610557793	0.32038030713745336	0.2612241329778849	54.10121323617907
6.425671290283076	0.007	0.005	0.20482479235260065	0.0002055937728787696	0.32392062709337616	0.26334324432456907	53.39880706616883
6.559513943708919	0.007	0.005	0.20216556251046347	0.0002028821595022681	0.32736903146628105	0.26537358648100784	52.70553307499871
6.693352665158282	0.007	0.005	0.19954093391870675	0.0002002069465145531	0.33072785667234295	0.2673175855641834	52.02127979598015
6.82718617844833	0.007	0.005	0.19695047990252829	0.0001975676738004465	0.3339993861191764	0.26917760933330664	51.34593599294299
6.96101337594671	0.007	0.005	0.19439377521066303	0.00019496388136812688	0.33718585054559747	0.27095596781379483	50.67939080084017
7.094833283117829	0.007	0.005	0.19187039685145027	0.00019239511041149528	0.3402894280371168	0.27265491378360096	50.02153394371425
7.228645085098744	0.007	0.005	0.18937992372205317	0.00018986090312033042	0.34331224556116025	0.27427664412775576	49.37225563803333
7.362448100092085	0.007	0.005	0.1869219372403288	0.0001873608035008858	0.34625637925551805	0.27582330050698883	48.731446757422304
7.496241761620644	0.007	0.005	0.18449602177196586	0.00018489435797163474	0.3491238549994336	0.27729697021407085	48.09899894402014
7.6300255742044545	0.007	0.005	0.18210176549945198	0.0001824611163962788	0.3519166484934951	0.27869968681279333	47.474804835023626
7.763799166497971	0.007	0.005	0.17973875951451834	0.00018006063128748426	0.35463668743058296	0.2800334318525298	46.85875782608318
7.897562246964595	0.007	0.005	0.17740659866870168	0.00017769245879600343	0.35728585157872594	0.28130013550941957	46.25075229304858
8.031314568423975	0.007	0.005	0.1751048822074988	0.00017535615946639844	0.3598659731616205	0.2825016774262403	45.650683757296264
8.16505599003538	0.007	0.005	0.17283321271028976	0.00017305129725169995	0.3623788391353093	0.28363988844168847	45.058448609361896
8.298786388704576	0.007	0.005	0.17059119761847658	0.00017077744116188965	0.3648261905433062	0.284716550949011	44.47394450733367
8.43250569449887	0.007	0.005	0.16837844860629922	0.000168534164699755	0.3672097242918121	0.2857334003927339	43.897070212821006
8.566213890629594	0.007	0.005	0.16619458157199568	0.00016632104592226302	0.3695310941931572	0.2866921263990257	43.3277255886498
8.69991102228814	0.007	0.005	0.16403921648575326	0.00016413766734818267	0.3717919121364196	0.28759437394200404	42.76581155922271
8.833597134654843	0.007	0.005	0.1619119783670212	0.0001619836170106222	0.37399374806337865	0.28844174403196265	42.21123036530927
8.967272326012425	0.007	0.005	0.159812496387907	0.0001598584875910674	0.376138131905274	0.28923579519064013	41.66388533029703
9.100936703471266	0.007	0.005	0.15774040454187085	0.00015776187714424978	0.3782265538578813	0.2899780442519503	41.12368103452315
9.234590391817624	0.007	0.005	0.15569534145062933	0.0001556933889383048	0.3802604655414768	0.2906699675051781	40.59052326493362
9.36823354235849	0.007	0.005	0.15367695018216332	0.0001536526313013663	0.3822412811138248	0.29131300179096237	40.06431896763687
9.501866332913751	0.007	0.005	0.15168487821040166	0.0001516392176080221	0.3841703782126508	0.29190854551470835	39.54497623739303
9.635488932413503	0.007	0.005	0.14971877789221588	0.0001496527667885819	0.38604909838469187	0.29245795949623316	39.03240444196894
9.769101536293975	0.007	0.005	0.14777830588258214	0.0001476929027523239	0.38787874852640886	0.2929625681215554	38.526514069667954
9.90270435764297	0.007	0.005	0.1458631232209169	0.0001457592544912736	0.3896606016411435	0.2934236602525545	38.02721675183801
10.036297600655029	0.007	0.005	0.14397289565622656	0.0001438514564238753	0.391395897366941	0.2938424900777702	37.53442534763973
10.169881460634906	0.007	0.005	0.14210729357517277	0.00014196914833110912	0.3930858428675025	0.2942202780590554	37.04805392529284
10.303456141692273	0.007	0.005	0.1402659916890913	0.00014011197504454077	0.39473161391376993	0.29455821189401693	36.56801768048039
10.43702186558535	0.007	0.005	0.13844866886070467	0.00013827958627433547	0.39633435580325843	0.29485744740393244	36.0942328911718
10.570578871717306	0.007	0.005	0.13665500805874473	0.0001364716365653545	0.39789518414003855	0.29511910936810015	35.62661690579278
10.704127372912914	0.007	0.005	0.13488469689519858	0.00013468778584439298	0.39941518509871904	0.29534429226841274	35.16508828328819
10.837667590800171	0.007	0.005	0.13313742708277018	0.00013292769886624523	0.4008954166181097	0.2955340611854034	34.70956665167933
10.971199729280363	0.007	0.005	0.13141289472420628	0.00013119104550514236	0.4023369088512343	0.2956894525509785	34.25997278349277
11.104724001060582	0.007	0.005	0.12971079990370624	0.00012947750033428225	0.4037406651913209	0.2958114749618434	33.816228489238874
11.238240601126826	0.007	0.005	0.12803084696911876	0.00012778674290730345	0.40510766269733967	0.29590110990269336	33.378256690981864
11.371749750956218	0.007	0.005	0.12637274391607392	0.0001261184571244957	0.4064388532398143	0.29595931250963436	32.94598126178015
11.505251663148213	0.007	0.005	0.12473620278506765	0.00012447233162907637	0.40773516379577424	0.2959870122446517	32.51932712920807
11.638746514905879	0.007	0.005	0.12312093991864399	0.00012284806006020591	0.4089974968644349	0.29598511359878565	32.09822034240456
11.772234545285192	0.007	0.005	0.12152667472629909	0.00012124533978629027	0.4102267320282502	0.29595449676799596	31.68258775007764
11.905716240817757	0.007	0.005	0.11995312750585599	0.00011966386967688608	0.41142372813698275	0.29589601813974836	31.272356432526482
12.039191628322119	0.007	0.005	0.11840002775368448	0.00011810335855088893	0.4125893175294801	0.29581051120573465	30.867455868155602
12.17266074345195	0.007	0.005	0.11686710841752149	0.00011656351931589504	0.4137243110859551	0.29569878720350345	30.46781643515739
12.306123630694417	0.007	0.005	0.11535410585605317	0.00011504406891555762	0.4148294987765533	0.2955616356977915	30.073369400975206
12.439580458263723	0.007	0.005	0.11386075852157954	0.00011354472697640381	0.4159056511103799	0.2953998249972046	29.6840465788675
12.573031429702265	0.007	0.005	0.11238680797299934	0.00011206521682654086	0.41695351885199994	0.29521410273531007	29.29978059199805
12.706476739688622	0.007	0.005	0.11093199933180145	0.0001106052659473874	0.41797383317554937	0.29500519646453616	28.920504992314847
12.839916574039888	0.007	0.005	0.10949608122809762	0.00010916460590614875	0.4189673061850571	0.29477381420164933	28.5461542464808
12.973351092040561	0.007	0.005	0.10807880593407644	0.00010774297247911263	0.4199346312941376	0.2945206449928857	28.17666377066572
13.106780444119968	0.007	0.005	0.10667992911569066	0.00010634010538611078	0.4208764838580391	0.2942463594053764	27.81196986581006
13.24020475418212	0.007	0.005	0.10529920996340927	0.00010495574841105015	0.4217935215318333	0.2939516100675935	27.45200975171257
13.373624146117107	0.007	0.005	0.10393641086136712	0.00010358964905222631	0.42268638492629373	0.29363703210399383	27.09672148077601
13.507038752636838	0.007	0.005	0.10259129725575848	0.00010224155837548936	0.4235556981086162	0.2933032435778145	26.746043903696716
13.640448697603995	0.007	0.005	0.10126363779276988	0.00010091123114215493	0.42440206891659643	0.2929508459858811	26.399916705424474
13.7738541137032	0.007	0.005	0.09995320409840316	9.959842557206322e-5	0.4252260894949682	0.2925804246554541	26.058280347761123
13.907255107102179	0.007	0.005	0.09865977108312368	9.830290364178811e-5	0.4260283364885284	0.2921925492724952	25.72107614878397
14.04065180162665	0.007	0.005	0.0973831164644018	9.702443058562045e-5	0.42680937171766037	0.29178777417922097	25.388246158369984
14.17404428575465	0.007	0.005	0.0961230212351244	9.576277536121041e-5	0.4275697422547397	0.29136663893944287	25.059733280312948
14.307432683290672	0.007	0.005	0.09487926894777476	9.451770990753e-5	0.42830998121596403	0.29092966851892776	24.735481085705793
14.440817082694203	0.007	0.005	0.09365164634326242	9.328900977464955e-5	0.4290306077263371	0.2904773738923736	24.415433976879353
14.574197572416839	0.007	0.005	0.09243994297250054	9.20764537262616e-5	0.429732127487043	0.29001025231149324	24.099537088746033
14.707574249735403	0.007	0.005	0.09124395108020494	9.087982360970222e-5	0.4304150331684375	0.28952878763577633	23.787736258505472
14.840947203085758	0.007	0.005	0.0900634657283311	8.969890447086795e-5	0.43107980465654266	0.2890334507478802	23.479978057825186
14.974316520896421	0.007	0.005	0.08889828467774445	8.853348442256353e-5	0.4317269094318534	0.2885246998681427	23.17620976199154
15.107682282756514	0.007	0.005	0.08774820842788644	8.738335467444284e-5	0.43235680285001127	0.28800298092432897	22.876379360250752
15.241044559416839	0.007	0.005	0.0866130401763555	8.624830948143738e-5	0.4329699284607281	0.28746872788155736	22.580435545271598
15.374403430454478	0.007	0.005	0.08549258563171985	8.512814594228114e-5	0.43356671839610406	0.28692236298997464	22.288327664344717
15.507758975440469	0.007	0.005	0.08438665305674807	8.402266403374626e-5	0.4341475936242601	0.2863642971264492	22.000005730652973
15.641111247445876	0.007	0.005	0.08329505344990261	8.293166678681012e-5	0.4347129641278609	0.2857949302090107	21.715420470587848
15.774460317200173	0.007	0.005	0.08221760014341103	8.18549598661025e-5	0.43526322938048534	0.2852146513058435	21.434523218964596
15.907806255427783	0.007	0.005	0.08115410891969539	8.079235167978333e-5	0.4357987785407462	0.2846238389910834	21.157265949375898
16.0	0.007	0.005	0.08042687825939494	8.006934064738122e-5	0.4361606523595454	0.2842093793558813	20.96767342360815
