0.0	0.007	0.005	0.0	0.0	0.0	0.0	100.0
0.00641465368275066	0.007	0.005	0.017891623996540842	6.929159150460731e-5	1.4381421963788413e-5	5.545908142835811e-5	99.90841565896538
0.01176249088746287	0.007	0.005	0.032084309379515175	0.00011899002705812977	4.7616454626407476e-5	0.00017839037451614434	99.83212676022866
0.0191865734804683	0.007	0.005	0.05075306550068107	0.00017763749211499702	0.00012403247323361527	0.0004470367989847069	99.72631600261272
0.026822624992205144	0.007	0.005	0.06876939668686863	0.00022739094758642098	0.00023722317500443922	0.0008230286586034597	99.61760118088111
0.03574152440646752	0.007	0.005	0.088388011702359	0.0002744162384315627	0.00041082672400004404	0.001366149641784901	99.49077243564001
0.04528360471245676	0.007	0.005	0.10779620846417819	0.00031410912660588503	0.000642299341187931	0.0020460500918899685	99.35526070394599
0.055797031762255436	0.007	0.005	0.12743307552608404	0.00034788549353057663	0.000947595021441388	0.0028869046632728655	99.20616810790814
0.0670610449792361	0.007	0.005	0.14660794645232603	0.00037517456065431956	0.0013279761477270119	0.00386865525243105	99.04667957778422
0.07918898727963991	0.007	0.005	0.16529063579144262	0.0003968212993201177	0.0017932448052109776	0.004994641420415444	98.87524521286126
0.0921111920185822	0.007	0.005	0.18317106452853227	0.00041338476935293746	0.002346005254028055	0.006250705763812493	98.69291006111673
0.10586342208961982	0.007	0.005	0.2001377540774186	0.0004256990770483773	0.002991758070798947	0.007631622114414163	98.49923238794884
0.12041879988003885	0.007	0.005	0.2160284917300162	0.0004345167441174777	0.0037321918619763273	0.009126071095967548	98.29465769875705
0.13577900232409182	0.007	0.005	0.23075499468881863	0.00044056918286165537	0.0045691355975442695	0.01072604141215235	98.07923201918226
0.15192295962479405	0.007	0.005	0.2442421215169596	0.00044449023432859805	0.005502097532303019	0.012421985615030277	97.85332310224076
0.16883808000873907	0.007	0.005	0.2564589338163453	0.000446816669559118	0.006529955882324627	0.014206199004927275	97.6171811883928
0.18650795811495086	0.007	0.005	0.2674024260208142	0.00044797908116699504	0.007650433337991351	0.01607157665907612	97.37111110162485
0.20492407036788374	0.007	0.005	0.2771002489094066	0.00044831051602871075	0.0088609827148669	0.018012771956297628	97.11530909365388
0.22408293632925524	0.007	0.005	0.28560138282695946	0.0004480587153962445	0.010158825215676752	0.02002575799076485	96.84990333728183
0.24398946568051552	0.007	0.005	0.29297128419814866	0.00044740188555570824	0.011541356601398708	0.0221080089929834	96.57490858718062
0.2646556866644567	0.007	0.005	0.29928540787068697	0.00044646423614596784	0.013006221022983138	0.02425819298045065	96.2902452834718
0.2861013138534319	0.007	0.005	0.3046247993670049	0.00044532976461378364	0.014551470000487197	0.026476073504600357	95.99573328499021
0.30835312522638586	0.007	0.005	0.309072311881443	0.00044405355864083804	0.0161756050526611	0.02876230969787654	95.69110217318612
0.3314450209807442	0.007	0.005	0.3127099844222112	0.00044267050079166095	0.017877638913332366	0.031118350675072255	95.37599226623246
0.3554179174754764	0.007	0.005	0.31561710833971696	0.00044120169986911736	0.01965712139717185	0.03354633259789063	95.04995804933168
0.38031996761823406	0.007	0.005	0.3178689278173975	0.000439659051259547	0.02151417007257904	0.03604902411307697	94.71246733244347
0.4062068822309819	0.007	0.005	0.3195357756525954	0.0004380483733236256	0.023449493106356037	0.038629791607766605	94.36289929911679
0.4331424819469657	0.007	0.005	0.320682547092215	0.00043637149307490064	0.025464416423409096	0.04129259246822703	94.00053976853077
0.461199431745175	0.007	0.005	0.3213684137520318	0.00043462759028018306	0.027560913254154086	0.044041986925883424	93.62457443063218
0.4904602312992062	0.007	0.005	0.3216467126864165	0.00043281402782429295	0.029741642249111053	0.04688317159747738	93.234079198325
0.5210184263087042	0.007	0.005	0.32156495698167165	0.00043092683932326203	0.032009991468906165	0.04982202731586023	92.82800830461198
0.5529804519181817	0.007	0.005	0.3211649261861147	0.00042896096712551307	0.03437015776812743	0.05286521650365347	92.40517489566932
0.5864677494810836	0.007	0.005	0.3204827998635753	0.000426910353977437	0.03682723259507141	0.056020289863450895	91.9642292190005
0.6216176741312568	0.007	0.005	0.3195493700321175	0.0004247680321829187	0.03938718406702656	0.059295660434442274	91.50365407122642
0.6585878828137377	0.007	0.005	0.3183902124641507	0.00042252595835317344	0.042057076112832076	0.06270088075504306	91.02171615628329
0.697559164508352	0.007	0.005	0.3170258901700154	0.00042017492630461417	0.04484514854353043	0.06624673772217014	90.516440409736
0.7387404105907858	0.007	0.005	0.31547210819368077	0.00041770434775501735	0.047761021839593513	0.06994550233457683	89.9855593726406
0.7823740976398105	0.007	0.005	0.31373985250425934	0.00041510201220069356	0.05081589796028285	0.07381116751933504	89.42646000038339
0.8287436341122477	0.007	0.005	0.3118354669538434	0.00041235375477319643	0.05402284081164848	0.07785977821114193	88.83611172598481
0.878182571597497	0.007	0.005	0.3097606655005343	0.0004094430435885377	0.0573971168798651	0.08210982545614341	88.21097778497719
0.931086624768976	0.007	0.005	0.307512445809769	0.00040635044424596064	0.060956635425889166	0.08658274985095273	87.54690047094887
0.9879293374866062	0.007	0.005	0.3050828773344939	0.00040305293096003453	0.06472250771505127	0.09130357236542208	86.83895366564272
1.0492828961881429	0.007	0.005	0.30245871558797477	0.00039952298322316784	0.06871977222834705	0.09630170226192902	86.08124949207874
1.1158460007070046	0.007	0.005	0.29962078640101475	0.00039572739658461477	0.07297833274459554	0.10161196710639125	85.26668376746062
1.188483981606278	0.007	0.005	0.29654296048514056	0.00039162557125249284	0.07753432199011226	0.10727610885284013	84.3865695765756
1.268280699150235	0.007	0.005	0.29319080598377384	0.00038716739918718537	0.08243167465664931	0.11334444339681547	83.43018490584728
1.356611650484631	0.007	0.005	0.2895196230958782	0.00038229035652641167	0.08772423266549846	0.11987803695558744	82.38414998459945
1.4552442854685546	0.007	0.005	0.2854717764141647	0.00037691569340119076	0.09347831865495439	0.12695124107067948	81.23161118977124
1.5664132736138117	0.007	0.005	0.2809756709005415	0.00037094683750865415	0.09977225744418633	0.13465017047766453	79.9518996037494
1.6924646095169622	0.007	0.005	0.27596246384753603	0.0003642913776865146	0.106670945010267	0.14304056431946527	78.52524343902807
1.8326224030315343	0.007	0.005	0.2704928166260055	0.0003570292193095865	0.11405534723180777	0.15196182515409323	76.96879955906753
1.9782483384019751	0.007	0.005	0.26492445164407025	0.0003496351687595363	0.12142073699805311	0.1607937064026734	75.38430287407992
2.1232436708375975	0.007	0.005	0.2594940491230796	0.0003424237590193384	0.12845575831613412	0.16916252598711065	73.83907572228192
2.265794657250891	0.007	0.005	0.2542637066176354	0.00033547783836803806	0.13509356545666543	0.17699402480811188	72.35077935618128
2.4057712161243456	0.007	0.005	0.24923041524628692	0.00032879374568953504	0.1413533995696254	0.18431733990102378	70.91855501012179
2.5439581521567622	0.007	0.005	0.24435921667081859	0.0003223252580830469	0.14729218263066715	0.19120483920943732	69.53245452280116
2.6814143194261475	0.007	0.005	0.23960823470016224	0.0003160168735644802	0.1529711990364751	0.19773198992870172	68.18056179092886
2.818977921088584	0.007	0.005	0.23494601866428536	0.00030982691717160377	0.15843542130766883	0.20395355368502707	66.8539274520742
2.9570752676615513	0.007	0.005	0.2303569554225452	0.00030373475513232966	0.1637087497048627	0.20989897523734313	65.5481087628133
3.0957656078541573	0.007	0.005	0.22583839773946562	0.00029773697322428084	0.16879911229950828	0.2155791210661206	64.26235244491305
3.2348902378173228	0.007	0.005	0.2213947393159201	0.00029183949513838766	0.1737064271333481	0.22099591073628716	62.997908724427575
3.374228832586738	0.007	0.005	0.2170318823916925	0.00028605022807077097	0.17842930313690997	0.226150078307209	61.75645708391979
3.51360650425632	0.007	0.005	0.21275381342131144	0.00028037451380091773	0.18296878069297148	0.23104528606023672	60.539131869438826
3.652934840970351	0.007	0.005	0.20856154221407158	0.0002748137221343765	0.1873292008387743	0.23568890307962778	59.34622042230932
3.792201247252352	0.007	0.005	0.2044536874763472	0.00026936603235833487	0.19151729445754329	0.2400908350567049	58.17732969518488
3.931434240185546	0.007	0.005	0.2004276981547071	0.00026402805895683174	0.19554073111408682	0.2442618538010009	57.03173378539358
4.070669219358393	0.007	0.005	0.1964809306515922	0.0002587962848204358	0.19940696558693538	0.24821234171217102	55.908680456822
4.209927876984844	0.007	0.005	0.19261123036411995	0.00025366783498610316	0.20312268627479046	0.25195173694198214	54.80755661687222
4.349213086397477	0.007	0.005	0.18881702787357188	0.00024864060515580053	0.20669378173239414	0.2554885413065073	53.72791568719498
4.488514084400223	0.007	0.005	0.1850971490324513	0.00024371301017321462	0.21012557619608285	0.25883059615778053	52.66942356393088
4.627815224476438	0.007	0.005	0.1814505517352091	0.00023888363530290667	0.21342310677128934	0.26198537875601313	51.63178371577819
4.767103066269452	0.007	0.005	0.1778761338970076	0.00023415098220276717	0.21659130789653555	0.2649601863123851	50.61468254431873
4.906369661355791	0.007	0.005	0.17437265817285047	0.00022951336990304462	0.21963507460050022	0.26776219047125044	49.617767962834684
5.045612375978042	0.007	0.005	0.17093877052794798	0.00022496896027559364	0.22255923919398513	0.270398407119887	48.6406546805085
5.184831795000136	0.007	0.005	0.16757306338239236	0.000220515842518212	0.22536851361628255	0.27287563828819444	47.68294217025078
5.324029498453379	0.007	0.005	0.1642741350394497	0.0002161521125627335	0.22806744150205885	0.27520042892766233	46.744231579030156
5.463206586416681	0.007	0.005	0.16104062528871235	0.00021187592075692834	0.23066037505979983	0.2773790504827404	45.8241358587561
5.602363218591689	0.007	0.005	0.15787122399811074	0.00020768548363455145	0.23315147620793672	0.2794175077251636	44.92228221113722
5.74149885440408	0.007	0.005	0.15476466307581477	0.00020357907357530835	0.23554473090205846	0.2813215567057855	44.03830980043912
5.880612741657641	0.007	0.005	0.15171970381135938	0.0001995550022981918	0.23784396586819445	0.2830967234924234	43.171866151399485
6.019704377189	0.007	0.005	0.14873512616353138	0.00019561160690190232	0.24005286251113975	0.28474831927367267	42.32260410109456
6.158773672470169	0.007	0.005	0.14580972538393758	0.00019174724559645653	0.24217496441244063	0.2862814495747639	41.49018083817511
6.297820971757944	0.007	0.005	0.14294231203514474	0.00018796029789994314	0.2442136819949034	0.28770102103653816	40.67425790802799
6.436846858500792	0.007	0.005	0.1401317162489309	0.0001842491704225622	0.2461722941263322	0.2890117460797548	39.874502424462186
6.57585205394968	0.007	0.005	0.13737678967629682	0.00018061229956139308	0.24805395150028253	0.2902181490739906	39.09058762458509
6.7148372698349075	0.007	0.005	0.1346764080694678	0.0001770481550075479	0.24986167960715	0.29132457237562537	38.32219360351139
6.853803153169865	0.007	0.005	0.13202947178795754	0.0001735552404806154	0.2515983831058995	0.2923351833498857	37.56900745836359
6.992750341500849	0.007	0.005	0.12943490415262401	0.00017013209159336907	0.2532668514472211	0.29325398199602154	36.83072281991842
7.13167947212046	0.007	0.005	0.12689165077300477	0.0001667772749909254	0.25486976360910674	0.2940848077907674	36.10703966120012
7.270591163679163	0.007	0.005	0.12439867939668597	0.0001634893881682296	0.2564096923185395	0.29483134607905953	35.397664254618
7.409486062190364	0.007	0.005	0.12195497860904428	0.00016026705775256918	0.2578891088132388	0.295497134553266	34.7023088019781
7.548364831829698	0.007	0.005	0.11955955758250286	0.0001571089391668424	0.2593103867603215	0.29608556910260103	34.020691363133935
7.6872281089584575	0.007	0.005	0.11721144643026975	0.00015401371708541824	0.2606758056843283	0.29659990933092184	33.352535956642654
7.826076538922863	0.007	0.005	0.11490969511882484	0.00015098010397307762	0.2619875551120796	0.297043284228545	32.6975722503131
7.964910739284424	0.007	0.005	0.11265337364781362	0.00014800684029754065	0.2632477378249029	0.29741869732370674	32.055535612394706
8.103731299839366	0.007	0.005	0.11044157158844657	0.0001450926938871219	0.26445837335897	0.2977290317970903	31.426166980228718
8.242538801020864	0.007	0.005	0.1082733973494573	0.00014223645892330405	0.26562140151149016	0.2979770554110303	30.809212651376743
8.381333767953738	0.007	0.005	0.10614797846371662	0.0001394369562829601	0.2667386851647862	0.2981654251134871	30.204424365176656
8.520116725622746	0.007	0.005	0.10406446029931994	0.00013669303178983437	0.26781201383278197	0.2982966916373222	29.611558935982426
8.658888162119709	0.007	0.005	0.10202200622010948	0.00013400355638528276	0.2688431063071685	0.298373303743852	29.030378298840603
8.797648556227758	0.007	0.005	0.10001979677210865	0.00013136742500640937	0.2698336136998893	0.2983976123746445	28.460649277990196
8.936398340675849	0.007	0.005	0.09805702982845407	0.00012878355673410745	0.27078512188945536	0.29837187459383474	27.902143628103065
9.075138251289493	0.007	0.005	0.09613291538324738	0.00012625088784302512	0.2716991564084496	0.2982982571752277	27.35463655287358
9.21386882162365	0.007	0.005	0.09424668242467893	0.00012376838087059376	0.2725771813885267	0.29817884022337515	26.817908660767216
9.352590144172446	0.007	0.005	0.09239758147212024	0.00012133502794184022	0.2734206007807289	0.29801562129570386	26.291746686950386
9.49130232978353	0.007	0.005	0.09058487773161622	0.00011894984164851011	0.27423076378302885	0.2978105186299197	25.77594154568487
9.630005590321735	0.007	0.005	0.08880784977105273	0.00011661185324659431	0.27500896742306297	0.29756537409149286	25.270287953346397
9.76870022945946	0.007	0.005	0.08706578946600402	0.00011432011253979021	0.2757564584661176	0.2972819560664403	24.774584413015603
9.907386615103205	0.007	0.005	0.08535800215456084	0.00011207368804140939	0.27647443517302167	0.29696196231170247	24.28863325853436
10.046065087543454	0.007	0.005	0.08368380752035742	0.00010987166810512285	0.27716404871040756	0.2966070229187752	23.812240905771237
10.1847359410968	0.007	0.005	0.08204253948672045	0.00010771316074503965	0.2778264049423975	0.29621870309146503	23.345217822501546
10.323399424117829	0.007	0.005	0.08043354588244951	0.00010559729315388028	0.27846256624866955	0.2957985057783912	22.887378433305198
10.462055729827773	0.007	0.005	0.07885618822007333	0.000103523211371884	0.27907355322751837	0.29534787422597003	22.438541056469425
10.600705060600088	0.007	0.005	0.0773098406595264	0.00010149007887394766	0.2796603466408944	0.2948681941756078	21.998527609102837
10.739347582052092	0.007	0.005	0.07579389025742783	9.949707686642039e-5	0.28022388878731397	0.2943607962972696	21.567163678067676
10.877983459776932	0.007	0.005	0.07430773628543787	9.754340334769504e-5	0.28076508517370125	0.2938269582596064	21.144278326018096
11.016612877705445	0.007	0.005	0.07285078979312685	9.562827249448509e-5	0.2812848060237792	0.29326790674518155	20.729703967014554
11.155235973841885	0.007	0.005	0.07142247404128874	9.375091520790752e-5	0.28178388742226507	0.29268481971857235	20.323276489823048
11.293852895351616	0.007	0.005	0.0700222236681978	9.191057797493152e-5	0.28226313286458504	0.2920788281480363	19.924835020673523
11.432463780201081	0.007	0.005	0.06864948464844234	9.01065227855555e-5	0.2827233144670566	0.29145101793277217	19.534221911545874
11.571068729622649	0.007	0.005	0.06730371432292992	8.833802714666581e-5	0.28316517411331577	0.29080243181772925	19.151282748707917
11.709667872371796	0.007	0.005	0.06598438053771197	8.660438290942095e-5	0.2835894248477682	0.290134070811181	18.775866107667866
11.848261309653042	0.007	0.005	0.06469096196322634	8.490489667068032e-5	0.2839967518304376	0.28944689607944957	18.407823644014922
11.986849142658503	0.007	0.005	0.06342294760811683	8.323888910228532e-5	0.2843878135158584	0.288741830395969	18.047009955076387
12.125431445035375	0.007	0.005	0.062179836857273046	8.16056949805839e-5	0.2847632426230883	0.2880197597960066	17.693282590741923
12.264008299599315	0.007	0.005	0.06096113892584388	8.000466243765283e-5	0.28512364724611955	0.28728153484478447	17.346501898103213
12.402579789156277	0.007	0.005	0.05976637274810836	7.843515279356696e-5	0.2854696117886191	0.28652797207424696	17.00653098983178
12.541145996502669	0.007	0.005	0.05859506678380544	7.689654027959883e-5	0.2858016978885568	0.2857598553201104	16.67323568907051
12.67970700442549	0.007	0.005	0.057446758828354635	7.538821176758326e-5	0.2861204453066694	0.284977937006261	16.346484475431506
12.818262849823224	0.007	0.005	0.05632099619597476	7.390956699944623e-5	0.2864263726809439	0.28418293964390967	16.026148537102912
12.956813606292316	0.007	0.005	0.05521733484990832	7.246001740885242e-5	0.28671997853836984	0.28337555655206065	15.712101523353818
13.095359329070776	0.007	0.005	0.05413533967935636	7.103898647762133e-5	0.2870017419565999	0.28255645330658535	15.40421962333633
13.233900064215769	0.007	0.005	0.053074584241252776	6.964590937729272e-5	0.28727212334607866	0.2817262687855431	15.102381492607334
13.372435885303124	0.007	0.005	0.05203465030997774	6.828023235337794e-5	0.28753156524794543	0.2808856159982625	14.806468124999355
13.510966838378229	0.007	0.005	0.05101512813151455	6.694141305485343e-5	0.28778049292529	0.2800350834237611	14.516362924940942
13.649492960307743	0.007	0.005	0.05001561610821009	6.562892010140794e-5	0.28801931507588496	0.2791752358749067	14.231951617755252
13.788014315475255	0.007	0.005	0.04903572037491234	6.434223250458956e-5	0.28824842453967203	0.27830661520053135	13.95312212904985
13.926530949911186	0.007	0.005	0.04807505497587288	6.308083989642281e-5	0.2884681988378884	0.27742974146279276	13.679764635054356
14.0650429004683	0.007	0.005	0.04713324163604216	6.184424221434451e-5	0.2886790007885904	0.2765451137429142	13.4117714975425
14.203550222340986	0.007	0.005	0.04620990942236167	6.063194923812473e-5	0.28888117912108846	0.27565321079086313	13.149037167452775
14.342052970718129	0.007	0.005	0.04530469472658401	5.944348055972919e-5	0.2890750689951767	0.2747544919330222	12.891458179999812
14.480551191611104	0.007	0.005	0.04441724117816633	5.827836546007567e-5	0.28926099251781207	0.2738493978944198	12.63893312988826
14.6190449310268	0.007	0.005	0.04354719943911218	5.713614262722202e-5	0.28943925926525965	0.27293835147232337	12.391362612934984
14.757534234967663	0.007	0.005	0.042694227064634716	5.601635996356637e-5	0.2896101667711735	0.2720217582394796	12.148649186420732
14.896019140260544	0.007	0.005	0.04185798842142775	5.491857447136854e-5	0.28977400098501754	0.2711000072810061	11.910697345834185
15.034499702070635	0.007	0.005	0.0410381543871688	5.384235184293293e-5	0.2899310367555632	0.2701734716606078	11.677413439365486
15.17297596638733	0.007	0.005	0.04023440238820368	5.2787266508139296e-5	0.2900815382303771	0.2692425092266863	11.448705678629373
15.31144797002541	0.007	0.005	0.03944641626559756	5.1752901450750256e-5	0.29022575927430794	0.2683074632132315	11.224484100550045
15.4499157864766	0.007	0.005	0.038673885890773585	5.0738847685237076e-5	0.2903639439162739	0.26736866250546504	11.004660457991003
15.58837948005619	0.007	0.005	0.03791650731038829	4.974470445080625e-5	0.29049632668312253	0.26642642250115117	10.789148260979433
15.726839078395571	0.007	0.005	0.037173982765894585	4.8770079237257166e-5	0.29062313294668624	0.2654810458319843	10.577862782272804
15.865294636631532	0.007	0.005	0.03644602022129442	4.781458714303114e-5	0.2907445793411523	0.2645328224382343	10.370720922980848
16.0	0.007	0.005	0.035751459071122114	4.690382675412486e-5	0.2908577934022262	0.2636077876849435	10.17308343585205
