0.0	0.007	0.005	0.0	0.0	0.0	0.0	100.0
0.006350631711345244	0.007	0.005	0.020798896117712663	8.233536006685318e-5	2.1857898944667542e-5	5.08913032336102e-5	99.95599046238432
0.01149081752104382	0.007	0.005	0.0369147348288639	0.00013891883933557522	7.062477602293534e-5	0.00015897109080219085	99.92038343315068
0.018708236777322904	0.007	0.005	0.05850760540758597	0.00020563395402175465	0.0001838028296343296	0.0003952471349831332	99.87040842674065
0.026066071314945614	0.007	0.005	0.07933524426549558	0.0002609221484256428	0.00035025765616948857	0.000720376027459544	99.81948688285809
0.03469601695050783	0.007	0.005	0.10232489255356916	0.00031260827519860124	0.0006073625005223401	0.0011885758595337752	99.75979449298758
0.04391703001769534	0.007	0.005	0.1252774150944337	0.0003554441983117274	0.0009512128272217682	0.0017702612949645532	99.69605320105906
0.05411259809189382	0.007	0.005	0.14884884424804434	0.00039135980144350865	0.0014087037399444094	0.0024881957740307548	99.62562259819083
0.06506373926963496	0.007	0.005	0.17220805765439579	0.00041987058032849303	0.001983649376072102	0.0033245385189973435	99.55002794714756
0.07691202111526328	0.007	0.005	0.19537686684566594	0.00044210713891779915	0.0026951174673319296	0.004284504484220154	99.46830502227074
0.0896027802357787	0.007	0.005	0.21797367460853023	0.0004588158633162783	0.003551127215037325	0.005357442471000584	99.38084556489504
0.103198738505112	0.007	0.005	0.2398670549650506	0.0004710167903169903	0.004565757501958573	0.00654181469621152	99.28723317171801
0.11768937723092798	0.007	0.005	0.26082043405588146	0.0004795971780294965	0.005746959464682321	0.00783009077761306	99.18755769743673
0.1330887928233111	0.007	0.005	0.28067312289738683	0.00048539194078211074	0.00710286902438994	0.009217346342648659	99.08174077321048
0.14937359121505744	0.007	0.005	0.29925579449554485	0.0004891062701471694	0.008636531229832729	0.010696019824760176	98.96996275951687
0.16652021624048727	0.007	0.005	0.31645107728894956	0.0004913230696528523	0.010348682854617743	0.012259344209701793	98.85240549776955
0.18449497618455335	0.007	0.005	0.3321811627338991	0.0004924965846445105	0.01223687889273302	0.013900477706314704	98.72932045438712
0.20327230919904585	0.007	0.005	0.3464208419323955	0.000492965268027732	0.014297560462421255	0.015614102707680348	98.60090333580558
0.22283342457379773	0.007	0.005	0.3591853786684035	0.0004929692861090639	0.016526384546634666	0.017396175436510265	98.46730360638001
0.24317052377605655	0.007	0.005	0.3705230765872748	0.0004926721004953113	0.01891913961884435	0.01924415572756999	98.3285959462158
0.26428474809740754	0.007	0.005	0.38050424404611205	0.0004921808226810354	0.02147191732850029	0.021156669136444557	98.18479469390948
0.286186249554781	0.007	0.005	0.3892136485395594	0.0004915632477323862	0.024181433186944136	0.023133384878076306	98.03585379262238
0.3088929444411854	0.007	0.005	0.3967440298781481	0.0004908608591444967	0.027045113301761944	0.025174801143288142	97.88167572583599
0.33243021220930075	0.007	0.005	0.40319160856910485	0.0004900981177720801	0.03006122761526945	0.027282140790494548	97.7221140158449
0.3568304707152119	0.007	0.005	0.40865270250052627	0.0004892887877716093	0.03322895655845895	0.029457255111021423	97.55697658137302
0.382133051822201	0.007	0.005	0.4132213560830193	0.0004884400668323905	0.03654845478739378	0.03170256833095115	97.3860270820931
0.4083842516231697	0.007	0.005	0.41698769191716756	0.0004875551896218947	0.04002090626395437	0.034021046458094374	97.20898512272426
0.4356378046068332	0.007	0.005	0.42003682923631874	0.0004866350065555472	0.04364861111585438	0.036416208316070044	97.02552365817127
0.46395512373808856	0.007	0.005	0.4224481379175277	0.0004856789244959003	0.04743502229966172	0.038892117457525695	96.83526806055349
0.4934060537541954	0.007	0.005	0.4242948404577381	0.00048468543094471383	0.051384834210861506	0.041453418601651214	96.63779183007453
0.5240696738902463	0.007	0.005	0.4256438089793876	0.0004836523775351118	0.05550406438011323	0.04410537550660851	96.43261210984898
0.5560354042840651	0.007	0.005	0.4265555263705388	0.0004825771145714188	0.0598001632242906	0.046853930736122006	96.21918333041205
0.5894043258067685	0.007	0.005	0.42708415642656894	0.0004814565404627742	0.06428214004197488	0.049705777515744815	95.99688963656203
0.6242908562098242	0.007	0.005	0.42727769379689123	0.00048028709701099606	0.06896072373520744	0.05266845391155759	95.7650351984655
0.660824781633113	0.007	0.005	0.42717816455795454	0.0004790647310884722	0.07384855646601259	0.055750456661147994	95.5228324889604
0.6991541327643448	0.007	0.005	0.42682185355198593	0.00047778481786999154	0.07896048276754322	0.05896141257312193	95.26938538464606
0.7394480696277078	0.007	0.005	0.4262395451799272	0.0004764420800512809	0.08431381791359521	0.06231223271400526	95.00367276379829
0.7818999334088803	0.007	0.005	0.4254567853294202	0.00047503050122040143	0.0899286128700402	0.06581525975903665	94.72453164771676
0.8267329350721297	0.007	0.005	0.42449410401881393	0.00047354315359689685	0.09582823554904725	0.06948460593988794	94.4306238454499
0.8742056242191429	0.007	0.005	0.4233672281146811	0.00047197203735565923	0.10203987715452709	0.07333643378780166	94.12040525930627
0.9246197467085255	0.007	0.005	0.4220872398861208	0.00047030784667597504	0.10859531436528565	0.07738938308741293	93.79208107454355
0.9783297058813678	0.007	0.005	0.4206606885545349	0.0004685396911614046	0.11553180181417319	0.08166506079114681	93.44355257963741
1.0357550998826626	0.007	0.005	0.4190896183037505	0.00046665472726556883	0.12289325759330445	0.08618868820927451	93.07234679587725
1.0973967412613785	0.007	0.005	0.41737150048102617	0.00046463769117416044	0.1307317511606041	0.090989901654982	92.67552743672265
1.1638576813498203	0.007	0.005	0.41549903182609094	0.00046247028995645786	0.13910942871135537	0.0961037762714213	92.24957897448736
1.2358701451451706	0.007	0.005	0.4134597801008111	0.00046013043122659675	0.14810090478928445	0.10157207153765671	91.79026032530278
1.3143288710823404	0.007	0.005	0.41123567553857543	0.0004575912888557494	0.15779606551094622	0.10744463923863776	91.29242818919866
1.4003200088916579	0.007	0.005	0.4088026719907201	0.0004548205718238631	0.16830181241894762	0.11378007387566076	90.74990255620874
1.495064524149309	0.007	0.005	0.40613286844322294	0.00045178260046716977	0.1797329531969281	0.12063972695624833	90.15588341449585
1.599433641649198	0.007	0.005	0.4032085615944642	0.0004484539947296541	0.19215267196737879	0.1280517581394562	89.5060207589473
1.7120871615923394	0.007	0.005	0.4000738757507527	0.0004448823922951571	0.20535791120859753	0.13588473413867694	88.80983044629615
1.828868934797707	0.007	0.005	0.3968491410439246	0.00044120331272546557	0.21883084677443984	0.14382426393191788	88.09384365223661
1.9472600690428101	0.007	0.005	0.3936061052676732	0.00043749802197931526	0.2322683266520232	0.1516888182072983	87.37388184889664
2.066354113564921	0.007	0.005	0.3903703886344622	0.0004337957573595671	0.2455645926864784	0.15941598586909583	86.65558191637554
2.185697146023059	0.007	0.005	0.3871545226222792	0.0004301110759651921	0.25866993746676653	0.16697732982682517	85.94170388128032
2.3050903917431476	0.007	0.005	0.3839637848203563	0.00042645034720558436	0.2715652940736684	0.1743627655053399	85.23341019353225
2.42451128234789	0.007	0.005	0.38079860254187314	0.0004228144127528632	0.28425154554291937	0.18157387500401684	84.53079197269614
2.544022524894361	0.007	0.005	0.37765714248154647	0.00041920151703584736	0.29673851886521674	0.18861729749165929	83.83344073021104
2.66370336642015	0.007	0.005	0.3745371935549851	0.00041560945893750003	0.30903724661223886	0.19550021723431593	83.1408650209438
2.783615100559341	0.007	0.005	0.37143707415709104	0.00041203663565577743	0.32115638775141675	0.202228352342826	82.45269130350913
2.903792406786018	0.007	0.005	0.3683558339796134	0.0004084822779376731	0.3331015430825692	0.2088056275071304	81.76870852211965
3.0242477540045005	0.007	0.005	0.3652931138511337	0.0004049462905809451	0.3448759146232634	0.21523459854352442	81.08883690457586
3.1449793732019415	0.007	0.005	0.3622489218400675	0.0004014289948480549	0.356481252756863	0.2215170163140291	80.41307822468993
3.2659781955935077	0.007	0.005	0.35922344548418716	0.0003979309114223995	0.36791862250134744	0.22765426922588108	79.74147410562885
3.387232329924156	0.007	0.005	0.35621693369349394	0.0003944526232629668	0.37918887282847663	0.23364764770829616	79.074079798314
3.5087294376396234	0.007	0.005	0.35322963581233335	0.0003909947043590425	0.3902928715418887	0.23949847258900336	78.41095065177866
3.630457622207939	0.007	0.005	0.3502617797381481	0.0003875576937197147	0.40123158517537716	0.2452081361593284	77.75213725489813
3.752405557853493	0.007	0.005	0.3473135694488363	0.00038414209196352335	0.4120060841686321	0.25077810235760456	77.09768488709592
3.8745623027720946	0.007	0.005	0.34438519020978314	0.00038074836694509793	0.4226175199309843	0.25620989237259756	76.44763467404955
3.9969171589908186	0.007	0.005	0.34147681243966826	0.0003773769579392022	0.43306710772769375	0.2615050737874308	75.80202444576692
4.119459522665904	0.007	0.005	0.3385885956249172	0.00037402827998119225	0.4433561101528923	0.26666525047130074	75.16088960550039
4.242178863308526	0.007	0.005	0.33572068905075664	0.00037070272459095434	0.453485832551004	0.2716920588300533	74.52426329201732
4.365064776093545	0.007	0.005	0.332873230819803	0.0003674006585772172	0.4634576245727347	0.2765871671511872	73.89217616173978
4.48810702621828	0.007	0.005	0.3300463471127326	0.00036412242318826333	0.4732728807487789	0.28135227438053867	73.26465622462361
4.611295642372944	0.007	0.005	0.3272401503842025	0.0003608683320830915	0.4829330446156672	0.28598911053056475	72.64172844368295
4.734620920579356	0.007	0.005	0.32445473967919075	0.00035763867182405436	0.49243960535471526	0.2904994333740893	72.02341480521268
4.858073501463227	0.007	0.005	0.321690199310553	0.0003544337005117172	0.5017941000506482	0.29488502782137394	71.40973402522772
4.981644390295031	0.007	0.005	0.3189465988839838	0.0003512536480314785	0.5109981112625895	0.29914770301588084	70.80070155500411
5.105324985030467	0.007	0.005	0.31622399316249544	0.00034809871615203847	0.5200532651780384	0.3032892897305331	70.19632955099617
5.229107030336558	0.007	0.005	0.3135224235624765	0.00034496908055439604	0.5289612244346419	0.30731163538999345	69.59662720693518
5.352982677903487	0.007	0.005	0.31084191729936217	0.00034186489015466866	0.5377236888940311	0.3112166028230917	69.00160056418328
5.476944431695169	0.007	0.005	0.30818248904971857	0.00033878626937607114	0.5463423881956162	0.3150060653592374	68.41125288068768
5.600985207857442	0.007	0.005	0.3055441401153795	0.00033573331753511306	0.5548190826252544	0.31868190573628646	67.82558444543326
5.725098279427812	0.007	0.005	0.3029268600632267	0.00033270611111956016	0.5631555560355113	0.322246011569492	67.24459294244583
5.849277302958884	0.007	0.005	0.30033062659028237	0.0003297047040141234	0.5713536146588826	0.32570027351420217	66.66827342084493
5.9735162956154175	0.007	0.005	0.297755406430913	0.0003267291289437521	0.5794150826894876	0.3290465821138602	66.09661849622778
6.0978096285025565	0.007	0.005	0.29520115589843804	0.0003237793984956346	0.5873417991799815	0.33228682532218395	65.52961847089666
6.222152011573159	0.007	0.005	0.2926678215818953	0.0003208555063218953	0.595135614585832	0.33542288598037817	64.96726148852973
6.3465384865948735	0.007	0.005	0.2901553408564797	0.00031795742812432116	0.6027983880201183	0.3384566396867393	64.40953364748893
6.470964428209905	0.007	0.005	0.28766364221722257	0.0003150851224307624	0.6103319851523504	0.34138995300469227	63.856419074891775
6.595425511887981	0.007	0.005	0.28519264626031676	0.0003122385321159499	0.6177382742563178	0.34422468103603077	63.30790014444801
6.7199176899714725	0.007	0.005	0.28274226646530826	0.00030941758568299194	0.6250191230275532	0.34696266542564597	62.76395765009365
6.8444372005904155	0.007	0.005	0.2803124093073018	0.00030662219776077807	0.6321763975109234	0.349605733256963	62.224570830898
6.96898056824901	0.007	0.005	0.27790297453196594	0.00030385226978108394	0.6392119605941068	0.352155695827376	61.68971743211049
7.093544546574107	0.007	0.005	0.2755138565289789	0.00030110769191359413	0.6461276673984262	0.3546143463864302	61.15937401004218
7.218126135220171	0.007	0.005	0.2731449442384416	0.00029838834329340154	0.6529253650875899	0.35698345958587546	60.63351591129086
7.342722555462565	0.007	0.005	0.27079612184387236	0.00029569409314536	0.6596068904505166	0.3592647901836436	60.11211742657435
7.467331242231713	0.007	0.005	0.26846726912997876	0.00029302480150860294	0.666174068543519	0.3614600721999871	59.59515187014931
7.591949836098152	0.007	0.005	0.26615826182861413	0.0002903803199348826	0.6726287114312294	0.363571018164658	59.08259165660801
7.7165761669602455	0.007	0.005	0.26386897210402604	0.00028776049233434297	0.6789726166056196	0.36559931831891523	58.574408408595204
7.841208245947243	0.007	0.005	0.26159926886913415	0.00028516515561353165	0.6852075659479344	0.3675466400577236	58.07057302701629
7.965844249036221	0.007	0.005	0.2593490182389767	0.0002825941404581332	0.6913353243731255	0.3694146273268524	57.57105579169478
8.090482500641528	0.007	0.005	0.25711808396546365	0.000280047272080799	0.6973576385968397	0.37120490012240726	57.07582645787991
8.215121465436713	0.007	0.005	0.25490632770797894	0.0002775243707674257	0.7032762364073712	0.37291905419759347	56.584854316316026
8.339759764921745	0.007	0.005	0.25271360885985633	0.0002750252519020185	0.7090928271534381	0.3745586611488065	56.09810815472293
8.464396136192788	0.007	0.005	0.25053978539054733	0.00027254972714488377	0.7148090995531089	0.37612526776322075	55.61555644474284
8.58902941546451	0.007	0.005	0.24838471422140557	0.00027009760506241376	0.7204267208330011	0.37762039582706125	55.13716742535809
8.713658587613542	0.007	0.005	0.24624825045751972	0.0002676686904363651	0.7259473388635902	0.37904554274693864	54.66290893237134
8.838282703650664	0.007	0.005	0.24413024889601437	0.00026526278616854156	0.7313725783865374	0.38040218062497777	54.19274873322237
8.962900921995024	0.007	0.005	0.24203056338237808	0.0002628796927108772	0.7367040428865228	0.3816917568705593	53.72665438410407
9.087512491965729	0.007	0.005	0.2399490471622088	0.00026051920862521825	0.7419433138821612	0.38291569414005344	53.264593308043786
9.212116753775556	0.007	0.005	0.23788555294458566	0.0002581811308035314	0.7470919509799003	0.38407539049207434	52.80653280897086
9.336713130268548	0.007	0.005	0.23583993309864298	0.0002558652548309246	0.752151491607617	0.38517221948409963	52.35244011535268
9.461301085653925	0.007	0.005	0.23381204037633088	0.00025357137593862665	0.7571234494883605	0.38620753003818353	51.90228254063522
9.5858801585015	0.007	0.005	0.2318017274059555	0.0002512992885467984	0.7620093161795418	0.3871826469975752	51.4560273708177
9.71044996172539	0.007	0.005	0.2298088467381551	0.0002490487864303037	0.7668105612195896	0.3880988713577437	51.0136418746582
9.835010141322046	0.007	0.005	0.22783325154188144	0.0002468196636156361	0.771528630732946	0.3889574802291371	50.57509345816998
9.959560401106923	0.007	0.005	0.22587479523215945	0.0002446117140546874	0.7761649486374521	0.38975972732710323	50.14034958199034
10.084100494450794	0.007	0.005	0.22393333162949106	0.0002424247318969278	0.7807209165597689	0.39050684320559015	49.7093777967655
10.208630232511569	0.007	0.005	0.22200871485782578	0.00024025851145813689	0.7851979143729091	0.3912000356031341	49.28214572050184
10.33314944298646	0.007	0.005	0.22010080000312165	0.00023811284804558115	0.7895972989719859	0.391840489525185	48.85862118475536
10.457657986597432	0.007	0.005	0.21820944286530125	0.0002359875377479345	0.793920405189378	0.39242936769103764	48.438772179569824
10.582155781813688	0.007	0.005	0.2163344995993294	0.00023388237709549695	0.7981685469257472	0.3929678109712505	48.02256677380246
10.706642755369485	0.007	0.005	0.21447582747806665	0.00023179716398561846	0.8023430157262321	0.3934569384880688	47.609973284464125
10.831118866990415	0.007	0.005	0.21263328452258068	0.00022973169732004993	0.8064450819533909	0.3938978480794357	47.20096019465505
10.95558410113965	0.007	0.005	0.21080672963309782	0.00022768577720486217	0.8104759948122456	0.3942916166038914	46.795496182633514
11.080038467009292	0.007	0.005	0.2089960225938373	0.00022565920500321372	0.8144369826611362	0.39463930028282235	46.393550122889316
11.204481998511756	0.007	0.005	0.20720102407753163	0.00022365178338376257	0.8183292533195706	0.3949419350392753	45.99509108714693
11.328914737790916	0.007	0.005	0.2054215958842936	0.00022166331662949658	0.8221539938708798	0.3952005368018664	45.60008839738998
11.453336735219285	0.007	0.005	0.20365760093536636	0.00021969361066592137	0.8259123710074995	0.3954161018646588	45.20851162447399
11.577748065872703	0.007	0.005	0.20190890303624062	0.000217742472826266	0.8296055318558014	0.39558960726170966	44.8203305355422
11.702148829522004	0.007	0.005	0.20017536688032556	0.00021580971188521662	0.8332346042687385	0.39572201108891975	44.435515094840824
11.82653912591284	0.007	0.005	0.19845685839227373	0.00021389513847170052	0.8368006964131609	0.3958142528078061	44.05403553993088
11.950919079475925	0.007	0.005	0.1967532443793876	0.00021199856469989475	0.8403048978074005	0.39586725360520014	43.675862304306726
12.075288806375202	0.007	0.005	0.19506439298013747	0.00021011980469446212	0.8437482786985067	0.3958819167032862	43.300966116959216
12.199648430981547	0.007	0.005	0.19339017342693152	0.00020825867434181214	0.8471318908633122	0.3958591277083941	42.92931794971474
12.323998316442287	0.007	0.005	0.19173045297521915	0.00020641498786002713	0.8504567740311328	0.3957997547907566	42.560888335548626
12.448338669372417	0.007	0.005	0.19008510223674047	0.00020458856380325017	0.8537239453651236	0.39570464903292496	42.19564855247539
12.572669449335336	0.007	0.005	0.188453996259837	0.00020277922627826578	0.8569343978356815	0.3955746450931198	41.83357086335936
12.696990648835234	0.007	0.005	0.18683701075300885	0.00020098680071443988	0.8600891081298561	0.39541056145505526	41.47462767760885
12.821302367396811	0.007	0.005	0.18523402114265702	0.00019921111281850188	0.8631890387059772	0.39521320055749315	41.11879134201098
12.94560475391179	0.007	0.005	0.18364490335626135	0.00019745198946192802	0.8662351364567582	0.3949833490670822	40.76603431458368
13.069898031317738	0.007	0.005	0.18206953352729696	0.0001957092583579114	0.8692283334898836	0.39472177805927683	40.41632909907255
13.194182406042833	0.007	0.005	0.18050778915737759	0.000193982749367288	0.8721695451442115	0.39442924344694125	40.06964850292645
13.318458068011575	0.007	0.005	0.17895954909579223	0.00019227229447783383	0.875059670316816	0.39410648629449085	39.72596563275522
13.442725198879575	0.007	0.005	0.17742469341819583	0.00019057772766984207	0.8778995919693465	0.3937542331006221	39.385253867400955
13.566983955579047	0.007	0.005	0.1759031036118835	0.000188898885123369	0.8806901770584485	0.3933731961412873	39.047486899065795
13.691234478554263	0.007	0.005	0.1743946624525134	0.00018723560507959703	0.8834322770384462	0.39296407374459147	38.71263870594649
13.815476941132678	0.007	0.005	0.17289925339340836	0.000185587727157823	0.8861267292222211	0.39252755039861503	38.38068341666977
13.939711500153912	0.007	0.005	0.17141676115884857	0.00018395509301601717	0.8887743559393536	0.39206429716835667	38.05159544199331
14.063938328881326	0.007	0.005	0.1699470713375776	0.00018233754589444347	0.8913759655092804	0.39157497183911094	37.725349384570755
14.18815757586759	0.007	0.005	0.16849007086134446	0.00018073493114589205	0.8939323516266262	0.39106021932787366	37.40192014518009
14.312369422541346	0.007	0.005	0.16704564731555946	0.00017914709546309373	0.8964442948097698	0.39052067170132776	37.08128276970101
14.43657401739806	0.007	0.005	0.16561368970118742	0.00017757388772321724	0.8989125612917749	0.38995694869250563	36.763412618242064
14.560771525357026	0.007	0.005	0.16419408784674902	0.00017601515832742093	0.9013379042740796	0.38936965773392684	36.44828523461512
14.68496209486086	0.007	0.005	0.16278673277788777	0.00017447075960679416	0.903721063508803	0.388759394341233	36.135876428372875
14.809145890775351	0.007	0.005	0.1613915163316393	0.00017294054538686762	0.906062766173323	0.38812674218760257	35.826162189183236
14.933323069716087	0.007	0.005	0.16000833142847143	0.00017142437128398402	0.9083637266177594	0.3874722734466799	35.5191187472176
15.057493763604635	0.007	0.005	0.1586370722396532	0.00016992209488437805	0.9106246463054711	0.3867965491118317	35.21472261030382
15.181658137232713	0.007	0.005	0.1572776335387144	0.0001684335750159189	0.9128462150923604	0.3861001189056811	34.91295041996136
15.305816338922597	0.007	0.005	0.15592991124100564	0.0001669586723407245	0.9150291105307737	0.3853835217539039	34.61377907117451
15.429968500530906	0.007	0.005	0.15459380238679016	0.00016549724932847333	0.9171739981067966	0.3846472860068768	34.31718570863887
15.554114762116674	0.007	0.005	0.15326920486259782	0.00016404916993893582	0.9192815318874972	0.3838919295043212	34.023147664906794
15.678255271940273	0.007	0.005	0.1519560173961719	0.00016261429960848263	0.9213523547120029	0.3831179597686742	33.73164245926572
15.802390153579395	0.007	0.005	0.15065413989478685	0.00016119250561747058	0.9233870978452899	0.38232587440726634	33.442647872838904
15.926519538815475	0.007	0.005	0.14936347308498044	0.00015978365668190404	0.9253863817348096	0.3815161611052859	33.15614186861183
16.0	0.007	0.005	0.14860465754515587	0.00015895881765630375	0.9265534716805043	0.3810287027646512	32.987697769322466
