0.0	0.007	0.005	0.0	0.0	0.0	0.0	100.0
0.006598589335226852	0.007	0.005	0.018576172073162096	9.728242522546683e-5	1.5608261799305386e-5	5.694709648756926e-5	99.95335322107653
0.011523643502230022	0.007	0.005	0.031871921219306085	0.0001577016443057757	4.7031191687252596e-5	0.00016520992389767037	99.91855118660148
0.018630909004441504	0.007	0.005	0.050238701247823855	0.00022979944686259233	0.00012082530601593217	0.0004026894228549426	99.86835029655039
0.025689978335862236	0.007	0.005	0.06756479092667486	0.0002869648646955665	0.00022584696331851586	0.0007161271418355179	99.81851479736414
0.03402041103171765	0.007	0.005	0.08689851993470574	0.0003398128506436606	0.0003882478327037989	0.001164230174504658	99.75973573768012
0.04284914999613071	0.007	0.005	0.10614782483237836	0.00038243332885254296	0.0006031602959163922	0.0017104758257355328	99.69747843702208
0.05263347239692062	0.007	0.005	0.12608209324427103	0.0004175424598070213	0.0008894438865834284	0.0023800318353364917	99.62852807060129
0.06313366740671425	0.007	0.005	0.14594945687788125	0.00044477691566025587	0.0012490002109462458	0.0031533569646420806	99.55458597781804
0.07453314557168128	0.007	0.005	0.16586113843952138	0.00046556862168580003	0.0016960149200958	0.004038314517493404	99.47437328522959
0.08678878372350374	0.007	0.005	0.18549499693420135	0.0004808023911677314	0.002237013576509227	0.005025807376062298	99.38820829339696
0.10000319391790385	0.007	0.005	0.2047801495544961	0.0004916162011079784	0.0028842706537607235	0.006118057897817081	99.29538614074713
0.11419963732628176	0.007	0.005	0.22351697098632112	0.0004989574911749837	0.003646524122623727	0.007311326696456566	99.19576247008636
0.12943542683389414	0.007	0.005	0.2415638829658303	0.0005036905894690399	0.004533794815949148	0.008605224510451523	99.0889563735177
0.14571376496645166	0.007	0.005	0.25873175888381517	0.0005065246104433253	0.005552282700746267	0.009995446852344636	98.97496886149509
0.16301703703637044	0.007	0.005	0.2748503687101579	0.0005080327461110415	0.006705400494733491	0.011476590985973876	98.8539481139587
0.18129370038526585	0.007	0.005	0.28977029495313983	0.0005086522940399842	0.007992442595112266	0.0130410579605097	98.72628006838185
0.20049419586263661	0.007	0.005	0.30340114063667295	0.0005086997028116844	0.009410844394861896	0.014682087732275008	98.59233636381155
0.2205781953093931	0.007	0.005	0.31570750430880284	0.0005083897153046312	0.010957046505865316	0.01639427494276523	98.45242374240748
0.24152226818905081	0.007	0.005	0.3267009316403895	0.0005078598919075468	0.0126275253095092	0.018174077100197566	98.30673101122778
0.2633161586316289	0.007	0.005	0.33642478517328067	0.0005071940107093082	0.014418940725129177	0.020019351065580848	98.15535561070611
0.2859617800131343	0.007	0.005	0.34494386013762196	0.0005064408211982593	0.016328385216691405	0.021929147784853567	97.99831121033093
0.30947085543652375	0.007	0.005	0.35233585123859723	0.0005056274444452046	0.01835343545706561	0.02390342252315404	97.83554468223292
0.3338641652854482	0.007	0.005	0.35868558466761175	0.0005047681716023129	0.02049226477465594	0.02594290680292553	97.66694188112116
0.35917070893177006	0.007	0.005	0.3640806899764775	0.0005038699345142598	0.022743696510588128	0.02804899107984752	97.49233402051527
0.385427495595214	0.007	0.005	0.3686085845326207	0.0005029355322360231	0.025107271844856525	0.030223671633136474	97.31149971369167
0.4126794268893093	0.007	0.005	0.37235430552124493	0.0005019654630601133	0.027583295603385113	0.03246951132038042	97.12416642440368
0.44097947798632314	0.007	0.005	0.3753990280953948	0.0005009589184588214	0.03017288517041886	0.03478962776566743	96.93000992013572
0.4703890580277175	0.007	0.005	0.377819073837658	0.0004999142994618093	0.032878017179163777	0.03718769633196497	96.72865257800727
0.5009785705833856	0.007	0.005	0.37968528845191263	0.0004988294681115466	0.035701577503197204	0.03966796762263034	96.51966042788769
0.5328282360438366	0.007	0.005	0.381062693936049	0.0004977018539026883	0.03864742281317211	0.04223530285184701	96.30253854417784
0.5660290996461304	0.007	0.005	0.3820103348643182	0.0004965284850230868	0.04172044820417991	0.04489521929157207	96.07672534941827
0.6006843946132704	0.007	0.005	0.38258127059925845	0.0004953059739473306	0.04492667720529774	0.047653957792090515	95.84158472419432
0.6369111519298907	0.007	0.005	0.38282266445751195	0.0004940304794582343	0.048273364003132806	0.05051856163959527	95.59639672702387
0.6748422833920946	0.007	0.005	0.38277594258748027	0.0004926976462194937	0.05176912788910922	0.053496982444914624	95.34034546484357
0.7146292723225716	0.007	0.005	0.3824769925139001	0.0004913025217843715	0.055424130375324315	0.056598220236619215	95.07250332086339
0.7564457533731228	0.007	0.005	0.3819563764716884	0.0004898394436875507	0.059250317525811176	0.05983251506835257	94.79180980221685
0.8004896939176347	0.007	0.005	0.38123958328981233	0.0004883019780859026	0.06326151462578856	0.0632114089919472	94.49706050960548
0.8469898370177272	0.007	0.005	0.3803472380048056	0.00048668271313409263	0.06747388613931003	0.06674811020213754	94.18686844419592
0.896210843521985	0.007	0.005	0.3792953156117828	0.0004849731034522946	0.07190624289984196	0.07045771799777084	93.85963537129163
0.9484614352384211	0.007	0.005	0.37809529956536847	0.00048316321718526526	0.07658057862028915	0.07435762807227857	93.51350482352409
1.0041038218300287	0.007	0.005	0.3767543044984521	0.000481241448334572	0.08152266362262238	0.07846796839038261	93.14630886502846
1.0635663021525137	0.007	0.005	0.37527512249214384	0.00047919413237447326	0.08676284484024441	0.08281218428299277	92.755496888178
1.1273591541571706	0.007	0.005	0.373656187724554	0.00047700506661944327	0.09233703127886231	0.08741774629956256	92.33804692381133
1.1960949411732622	0.007	0.005	0.3718914351995415	0.00047465490384976145	0.09828792298515598	0.0923170169288746	91.89035370930944
1.2705126856316176	0.007	0.005	0.36997007416553795	0.0004721204479670236	0.10466638057321351	0.09754817514955667	91.40809933472777
1.3514994336895505	0.007	0.005	0.36787645390096524	0.0004693740832705109	0.11153232191418717	0.10315567884720457	90.88615087540614
1.4400743394564905	0.007	0.005	0.36559092841426155	0.00046638451948212385	0.11895220499586635	0.10918786925593138	90.31870950303899
1.5371127805979634	0.007	0.005	0.36309739315130396	0.00046312626693916506	0.12697506198877043	0.11567724439047246	89.70111373165922
1.6420952347173368	0.007	0.005	0.3604153817711766	0.00045962129958018207	0.1355314608290188	0.12255951078974618	89.03771367162906
1.7512729685479032	0.007	0.005	0.3576453694708542	0.00045599846200523463	0.14429582630195964	0.1295666081841491	88.35300679158175
1.860994075479856	0.007	0.005	0.35488215024923564	0.00045238060745433407	0.15296825387083862	0.13645676307109927	87.67019690845274
1.9701649960509773	0.007	0.005	0.3521535822282278	0.00044880396918347523	0.1614643724774471	0.14316377134346536	86.9960482485312
2.078692745270098	0.007	0.005	0.3494617061957034	0.00044527133814846936	0.16978111920234953	0.149686739681158	86.33100956859924
2.1867590887129285	0.007	0.005	0.3468016401965355	0.00044177653115631577	0.17793633935081168	0.1560411184750487	85.67384984882868
2.2946149732783754	0.007	0.005	0.3441669070306959	0.0004383112834140069	0.18595204693827377	0.16224524825938766	85.02295772793651
2.4024742108783537	0.007	0.005	0.3415520926704473	0.00043486872121102876	0.1938463558315297	0.16831406099609023	84.37699064153823
2.5104695443202476	0.007	0.005	0.338953874819298	0.00043144471848348593	0.20163058844161716	0.17425697257816247	83.7351255307494
2.6186583803327235	0.007	0.005	0.3363708159111363	0.00042803762989514633	0.20931015569067812	0.1800787198826091	83.09700619429107
2.7270494075542726	0.007	0.005	0.33380266772300676	0.0004246473768877559	0.2168868281198704	0.18578121839438155	82.46257082018982
2.835628854468857	0.007	0.005	0.331249713027364	0.00042127457904808673	0.2243607960221984	0.1913651932483007	81.83188903795549
2.944377828705838	0.007	0.005	0.3287123429153356	0.0004179199945764949	0.231731954347851	0.19683117196085367	81.20505735823568
3.0532803852110604	0.007	0.005	0.32619086656290325	0.00041458426728990447	0.23900046148313595	0.2021799026733196	80.58215211174407
3.1623254156244163	0.007	0.005	0.3236854709354526	0.00041126787211885407	0.24616684480960313	0.20741242376208885	79.9632194642921
3.2715056272348417	0.007	0.005	0.32119624847339656	0.0004079711510341904	0.25323190869586837	0.21252998693522213	79.34828224221175
3.380815715160956	0.007	0.005	0.31872324177585754	0.0004046943718953307	0.2601965986057555	0.21753395179302565	78.73735096454094
3.4902509722227704	0.007	0.005	0.3162664765116579	0.0004014377719355593	0.26706190396892227	0.22242571246759596	78.13043197037733
3.5998064570324417	0.007	0.005	0.31382598046312477	0.0003982015829799785	0.27382880370798274	0.22720665764247208	77.52753212209245
3.7094768264902944	0.007	0.005	0.3114017870714078	0.00039498603613015383	0.28049825672021367	0.23187816387311563	76.9286596805401
3.8192564441390426	0.007	0.005	0.30899393278604065	0.0003917913582383929	0.28707120965157523	0.23644160122225813	76.33382365000645
3.929139576620027	0.007	0.005	0.30660245262054486	0.0003886177660147691	0.29354860915965647	0.2408983416973924	75.74303268013529
4.039120569240504	0.007	0.005	0.3042273763599059	0.0003854654610226386	0.29993141186289274	0.24524976566377793	75.1562941289638
4.149193949323647	0.007	0.005	0.3018687264864919	0.0003823346269866044	0.3062205892525178	0.24949726448774914	74.5736135505145
4.259354471486256	0.007	0.005	0.2995265174368831	0.00037922542889872314	0.3124171288499175	0.25364224047772616	73.99499451118967
4.369597119140291	0.007	0.005	0.29720075581981353	0.0003761380134297168	0.3185220327747439	0.2576861050558471	73.42043864360613
4.479917076641091	0.007	0.005	0.29489144124333777	0.00037307251017402803	0.32453631477670825	0.26163027596554955	72.84994585093621
4.5903097085566245	0.007	0.005	0.2925985669632429	0.00037002903267523976	0.3304609978452466	0.26547617495456705	72.28351446708922
4.700770538785058	0.007	0.005	0.2903221205106818	0.00036700767943930834	0.33629711196586604	0.26922522563481155	71.72114141176264
4.8112952661566375	0.007	0.005	0.2880620835531569	0.00036400853393861286	0.34204569390804557	0.2728788527071273	71.1628221560981
4.921879758025196	0.007	0.005	0.2858184322120248	0.0003610316652354729	0.34770778586130563	0.2764384804653889	70.60855080111831
5.032520065767973	0.007	0.005	0.28359113693121624	0.0003580771280163255	0.35328443524074177	0.2799055320715449	70.05832004529562
5.143212418252542	0.007	0.005	0.28138016279555716	0.00035514496323243625	0.35877669337654083	0.28328142814883284	69.51212126318971
5.253953229898689	0.007	0.005	0.2791854695513236	0.0003522351983492641	0.36418561498374913	0.28656758589437914	68.96994451052534
5.364739071994814	0.007	0.005	0.27700701235052755	0.0003493478485639723	0.36951225588315173	0.2897654171642712	68.43177870806103
5.475566673274261	0.007	0.005	0.27484474189669134	0.000346482917227547	0.374757672265283	0.2928763275615237	67.89761167760099
5.586432949823862	0.007	0.005	0.2726986040225009	0.00034364039551199526	0.3799229213426253	0.29590171636032053	67.3674300376584
5.697334961520177	0.007	0.005	0.27056854069706826	0.00034082026398149783	0.38500905856302936	0.2988429744215208	66.84121945228983
5.808269927147375	0.007	0.005	0.2684544898766889	0.0003380224926223645	0.39001713767545715	0.3017014838468008	66.3189645942261
5.9192352247947975	0.007	0.005	0.2663563856435147	0.0003352470412549627	0.3949482101128952	0.3044786172459784	65.80064917912988
6.030228370158226	0.007	0.005	0.26427415875446725	0.000332493860488619	0.39980332344597047	0.307175736517996	65.28625610119958
6.141246994781528	0.007	0.005	0.2622077371692453	0.00032976289264446924	0.4045835199528954	0.3097941917656694	64.77576756360791
6.252288890447246	0.007	0.005	0.2601570453399674	0.00032705407102858115	0.4092898380843669	0.31233532182948465	64.26916490301535
6.363351965300112	0.007	0.005	0.2581220051479252	0.0003243673213902942	0.4139233101214326	0.3148004527425081	63.7664288209857
6.4744342587688966	0.007	0.005	0.25610253573506253	0.0003217025619065927	0.41848496242764	0.3171908976465374	63.26753934235451
6.585533919682755	0.007	0.005	0.25409855400724773	0.000319059704053527	0.4229758141884337	0.31950795592352427	62.7724759395577
6.696649191711253	0.007	0.005	0.25210997498613935	0.000316438653270267	0.42739687654420416	0.32175291258871747	62.28121761955611
6.807778450303634	0.007	0.005	0.2501367112359951	0.00031383930839090114	0.43174915379650364	0.3239270387567221	61.79374278223459
6.918920166017737	0.007	0.005	0.2481786736111583	0.00031126156282225605	0.43603364167923114	0.32603159062124276	61.31002940506085
7.030072911986903	0.007	0.005	0.24623577120251006	0.0003087053046530468	0.440251327443513	0.3280678093925323	60.83005502985717
7.141235341926703	0.007	0.005	0.24430791179723838	0.0003061704174368228	0.44440318883870655	0.3300369207157298	60.35379687638175
7.252406197574267	0.007	0.005	0.2423950018145019	0.00030365678027437703	0.4484901942584132	0.331940134683319	59.88123182643488
7.363584301393359	0.007	0.005	0.24049694649621217	0.00030116426822790617	0.4525133023432033	0.3337786455990846	59.41233647098987
7.474768563995968	0.007	0.005	0.23861364984216457	0.00029869275239100267	0.4564734621398665	0.33555363201483857	58.94708709416784
7.585957976828994	0.007	0.005	0.23674501479632318	0.00029624210028484895	0.4603716127338539	0.337266256534745	58.48545971925742
7.6971515753943205	0.007	0.005	0.23489094391527246	0.0002938121768842144	0.464208681907863	0.3389176652296912	58.02743027384913
7.808348476102683	0.007	0.005	0.23305133879322423	0.00029140284399526643	0.46798558741002244	0.34050898821788617	57.572974447788965
7.919547868939162	0.007	0.005	0.2312261002372573	0.0002890139606191486	0.47170323664396857	0.34204133953952576	57.12206773646969
8.030748988028297	0.007	0.005	0.22941512879411055	0.0002866453837724938	0.4753625256693206	0.3435158167794968	56.674685570969764
8.14195113374645	0.007	0.005	0.22761832442372393	0.0002842969681770827	0.47896433995690507	0.34493350143465346	56.23080323740493
8.253153665372402	0.007	0.005	0.2258355866592379	0.000281968566585779	0.4825095541489893	0.3462954588679127	55.79039591645439
8.364355964275818	0.007	0.005	0.22406681522721733	0.0002796600307078918	0.48599903093052726	0.34760273795359276	55.353438836580885
8.475557470749912	0.007	0.005	0.2223119094819124	0.0002773712105683186	0.48943362227028925	0.3488563716484775	54.919907134270574
8.586757691382374	0.007	0.005	0.22057076832585557	0.0002751019545031449	0.49281416966763864	0.35005737715001345	54.489775834417436
8.697956154872996	0.007	0.005	0.21884329093271065	0.0002728521102040319	0.4961415028527075	0.35120675551985336	54.06302002889552
8.80915242676636	0.007	0.005	0.21712937653249356	0.000270621524524848	0.499416440337166	0.3523054920031796	53.639614823500224
8.920346102090006	0.007	0.005	0.21542892454364743	0.00026841004373966273	0.5026397892892351	0.3533545561065186	53.219535370575905
9.0315368348107	0.007	0.005	0.2137418341428636	0.00026621751305920614	0.5058123464727114	0.35435490202088277	52.80275676274471
9.142724301014072	0.007	0.005	0.21206800484921684	0.000264043777473465	0.5089348972616211	0.3553074684176593	52.389254177211015
9.253908206267974	0.007	0.005	0.21040733642418183	0.0002618886816924161	0.5120082159672916	0.35621317869253455	51.97900285106172
9.365088270895152	0.007	0.005	0.20875972910257737	0.0002597520705162962	0.5150330655500157	0.3570729410253483	51.57197813831853
9.47626424469853	0.007	0.005	0.2071250833815486	0.00025763378862346894	0.5180101981513288	0.35788764868641365	51.168155457808304
9.587435914320833	0.007	0.005	0.20550329992652108	0.0002555336805085485	0.5209403553958045	0.35865818025765844	50.7675102699298
9.69860308851602	0.007	0.005	0.203894279800238	0.0002534515908394528	0.5238242681066826	0.35938539969726	50.37001813323512
9.809765598146669	0.007	0.005	0.20229792447070272	0.0002513873645217204	0.5266626564314649	0.36007015652707897	49.97565470639176
9.920923288819651	0.007	0.005	0.20071413592332527	0.0002493408468956319	0.5294562297836013	0.36071328597849506	49.58439577588736
10.032076020884197	0.007	0.005	0.19914281666422284	0.0002473118837880189	0.5322056869817872	0.3613156091923857	49.19621725684486
10.143223676790464	0.007	0.005	0.1975838696205192	0.0002453003214270555	0.5349117165659167	0.36187793345367775	48.81109516839274
10.254366161085855	0.007	0.005	0.19603719814736412	0.00024330600649372477	0.5375749969200704	0.3624010523756853	48.42900563539897
10.365503385691179	0.007	0.005	0.19450270623714297	0.0002413287864338115	0.5401961960505794	0.36288574602203627	48.04992494015404
10.476635277259085	0.007	0.005	0.19298029841760664	0.00023936850936195924	0.5427759719046755	0.3633327811425559	47.67382949720511
10.587761769812111	0.007	0.005	0.1914698798539535	0.00023742502422894013	0.5453149723376072	0.3637429113403541	47.30069587857433
10.698882826818057	0.007	0.005	0.18997135605066442	0.00023549818046622305	0.5478138357510687	0.36411687734583864	46.93050074010002
10.809998419108652	0.007	0.005	0.1884846331557044	0.0002335878284118457	0.5502731907136296	0.36445540711891883	46.56322089658701
10.921108510161796	0.007	0.005	0.18700961815321468	0.00023169381958832594	0.5526936557861742	0.3647592160108583	46.19883336940877
11.03221308553425	0.007	0.005	0.18554621846777716	0.00022981600621454286	0.5550758403147178	0.36502900705096974	45.837315288745216
11.143312130784954	0.007	0.005	0.18409434225744328	0.0002279542416103766	0.5574203440826105	0.36526547107502594	45.47864396597258
11.254405646189163	0.007	0.005	0.18265389821788786	0.00022610837996491596	0.5597277577639431	0.36546928695325515	45.12279684528139
11.36549363937882	0.007	0.005	0.18122479567838498	0.00022427827648174845	0.5619986628982326	0.3656411217590376	44.76975152738655
11.476576132697437	0.007	0.005	0.17980694450614929	0.00022246378727420912	0.5642336321717426	0.36578163096468147	44.41948574589573
11.587653155841208	0.007	0.005	0.1784002552006319	0.00022066476950528783	0.5664332293940876	0.365891458610119	44.07197739060415
11.698724723790745	0.007	0.005	0.17700463916743253	0.00021888108175810943	0.5685980092029167	0.36597123747297206	43.72720457516196
11.809790858879738	0.007	0.005	0.1756200084311271	0.00021711258367872245	0.5707285176472037	0.36602158928512846	43.385145566131065
11.92085160550334	0.007	0.005	0.17424627545185978	0.00021535913575270618	0.572825292589601	0.366043124910583	43.04577873767608
12.031907022759402	0.007	0.005	0.17288335322015908	0.00021362059944056224	0.5748888636742397	0.3660364445027715	42.709082594987784
12.14295720650839	0.007	0.005	0.17153115499051916	0.00021189683684522828	0.5769197528404856	0.366002137658857	42.375035708466875
12.254002340843986	0.007	0.005	0.1701895936734956	0.00021018770993865525	0.5789184753227712	0.3659407835205111	42.043616563547594
12.365042367167337	0.007	0.005	0.1688585858222212	0.0002084930857159095	0.5808855338433272	0.3658529511489088	41.71480454552603
12.476077256300561	0.007	0.005	0.16753804828877292	0.00020681283188417985	0.5828214237904151	0.3657391996750443	41.38857911354933
12.587107001128459	0.007	0.005	0.16622789831936322	0.00020514681699368423	0.5847266331747352	0.3656000784415484	41.06491982413189
12.69813163865202	0.007	0.005	0.1649280533021936	0.00020349491011989796	0.5866016430904823	0.3654361271070946	40.74380626886504
12.809151257332585	0.007	0.005	0.16363843069737075	0.00020185698078013177	0.5884469278983059	0.36524787574757517	40.42521805710358
12.920165952971475	0.007	0.005	0.1623589485611978	0.000200232899614642	0.5902629545624356	0.3650358450520533	40.10913494548648
13.031175806654224	0.007	0.005	0.1610895257948756	0.00019862253871082963	0.5920501824093902	0.3648005465254078	39.79553689937632
13.142180892104573	0.007	0.005	0.15983008204902485	0.0001970257714833504	0.5938090633809031	0.3645424826442631	39.48440406927221
13.25318128303683	0.007	0.005	0.1585805376323308	0.00019544247255917808	0.5955400422730465	0.3642621470004904	39.17571676824139
13.36417703845471	0.007	0.005	0.15734081366953426	0.00019387251798283557	0.5972435566264686	0.36396002449517645	38.869455510949386
13.475168210004233	0.007	0.005	0.15611083200835954	0.00019231578509806718	0.5989200369665175	0.363636591480419	38.565600990667505
13.586154856675117	0.007	0.005	0.1548905150499666	0.00019077215233101705	0.6005699071386256	0.36329231586598504	38.26413403738773
13.69713706684897	0.007	0.005	0.15367978550724185	0.00018924149888067677	0.6021935847275462	0.3629276571821968	37.96503555811095
13.808114899498957	0.007	0.005	0.15247856704596818	0.0001877237055427387	0.6037914802900357	0.3625430669046096	37.66828669524137
13.919088435638907	0.007	0.005	0.1512867837166464	0.0001862186539796266	0.6053639982170734	0.3621389884283927	37.37386868622397
14.03005774157546	0.007	0.005	0.15010436034856017	0.0001847262272258384	0.6069115363038695	0.3617158573298613	37.08176296089408
14.141022898305037	0.007	0.005	0.1489312222288258	0.00018324630927506782	0.6084344862683039	0.3612741013947856	36.79195106218998
14.251983957421482	0.007	0.005	0.1477672955639952	0.0001817787856709457	0.6099332332441735	0.3608141409254527	36.50441476018727
14.362940985209205	0.007	0.005	0.14661250700576253	0.00018032354289698204	0.6114081564926842	0.36033638870160895	36.21913593492927
14.473894069989056	0.007	0.005	0.14546678357640275	0.00017888046827937876	0.6128596295786432	0.359841250063345	35.936096558007726
14.584843285377305	0.007	0.005	0.14433005304757981	0.00017744945047042657	0.6142880199736943	0.3593291231927128	35.65527878614327
14.695788675593093	0.007	0.005	0.1432022440781547	0.0001760303796222761	0.6156936889809056	0.3588003993202722	35.37666499522955
14.80673031423951	0.007	0.005	0.14208328560704842	0.00017462314660650498	0.6170769925835377	0.3582554625753191	35.10023763034626
14.917668274912241	0.007	0.005	0.14097310715301173	0.0001732276433953826	0.618438281148358	0.3576946902345806	34.825979279814106
15.028602623853049	0.007	0.005	0.13987163888240153	0.00017184376314549992	0.619777899427062	0.3571184528786444	34.553872691938395
15.139533427297277	0.007	0.005	0.13877881152940447	0.0001704714000923409	0.6210961867378728	0.3565271144729846	34.28390075530099
15.250460751473966	0.007	0.005	0.13769455639128447	0.00016911044954077674	0.6223934770518953	0.3559210324814642	34.01604649758631
15.361384647914022	0.007	0.005	0.13661880546559727	0.00016776080803695566	0.623670098910345	0.3553005580609973	33.750293119478776
15.472305182835115	0.007	0.005	0.13555149115833304	0.00016642237299127925	0.6249263758516421	0.3546660360104598	33.48662392256249
15.583222422448936	0.007	0.005	0.1344925464246005	0.0001650950428545782	0.6261626263176693	0.35401780495575474	33.22502234407555
15.694136447651985	0.007	0.005	0.1334419046254216	0.00016377871693114816	0.6273791638945614	0.35335619736719887	32.965471921532924
15.805047302608157	0.007	0.005	0.13239950000995432	0.00016247329599101254	0.6285762968290871	0.35268153997075513	32.707956411854575
15.915955046167422	0.007	0.005	0.13136526721985767	0.00016117868163224223	0.629754328680521	0.35199415354999186	32.452459668923936
16.0	0.007	0.005	0.13058691840824363	0.00016020805868068337	0.6306345138943252	0.35146495452814985	32.2601764729785
