0.0	0.007	0.005	0.0	0.0	0.0	0.0	100.0
0.006762458527916041	0.007	0.005	0.01691638822600876	6.379980102228523e-5	1.4041355318927338e-5	5.514267286859348e-5	99.92757386683007
0.011982507657789486	0.007	0.005	0.029420409748349044	0.00010513097674510008	4.35224986852162e-5	0.00016487292410640662	99.8717028599326
0.01943044047682829	0.007	0.005	0.046463037084183006	0.00015420306758772107	0.00011237719557806522	0.00040517758155973293	99.79204054104989
0.026908888564973456	0.007	0.005	0.06267535554862441	0.00019382773713723543	0.00021165800074771438	0.0007278150350783406	99.71211576735666
0.035712608073780364	0.007	0.005	0.08066803724955116	0.00023061795083591786	0.00036501333095346805	0.0011903382765098647	99.61810938725496
0.045075981114291105	0.007	0.005	0.09858434299328499	0.0002606093000813377	0.0005687179715058398	0.00175846797388834	99.51822426534147
0.05544513034537784	0.007	0.005	0.11705348821718492	0.0002854732577048511	0.0008397658365690329	0.0024566466645421087	99.40772674545205
0.06658056581687322	0.007	0.005	0.1353954839949161	0.00030491622531100517	0.0011800760730442453	0.0032656978616738357	99.28920001317383
0.0786582370887441	0.007	0.005	0.15367634351131115	0.0003198548864483787	0.0016021391373266152	0.004192534697804224	99.16080378581908
0.09163148361740511	0.007	0.005	0.17159651838418166	0.0003308702470837803	0.0021115107758761065	0.005227376693751286	99.02307176317927
0.10559490328595289	0.007	0.005	0.18907363577899894	0.00033872728962002304	0.0027184606710768063	0.006371123274660881	98.87504120721822
0.1205640125142221	0.007	0.005	0.20592163915165798	0.00034407425021872024	0.003429847842924902	0.007618696059437749	98.71659478807649
0.13658518389902363	0.007	0.005	0.22200828063039305	0.0003475095200275399	0.00425324073344531	0.008968026746270952	98.54729369712658
0.15365344014980556	0.007	0.005	0.2371715785646066	0.00034953114715886364	0.005192717412539153	0.01041339583116614	98.36724713725273
0.17174902480988494	0.007	0.005	0.2512769948078611	0.00035054718548836587	0.006250099583379054	0.011948544740675297	98.17672290729476
0.19082586450248143	0.007	0.005	0.2642162702130098	0.00035087356158167095	0.007424052800045115	0.013565744946051603	97.97626683421127
0.21084188799466486	0.007	0.005	0.27593205448173447	0.00035074280213369814	0.008711858925768702	0.015258336899010395	97.76638197813217
0.23176329475849614	0.007	0.005	0.2864115562218188	0.00035031626632040533	0.010109998711559013	0.017020982479424605	97.54748398240191
0.25357168329375884	0.007	0.005	0.29567942512991696	0.0003497001423818199	0.011614984899959777	0.018850111927772164	97.31982731263794
0.2762611786116009	0.007	0.005	0.30378558597065713	0.0003489611062744341	0.01322351614577862	0.02074352265154974	97.0835367342866
0.2998379188566588	0.007	0.005	0.3107966754533754	0.0003481392401297289	0.014932704916346054	0.022700200902803246	96.83861408165845
0.3243180051827668	0.007	0.005	0.3167889370285632	0.00034725760975883756	0.016740127194305544	0.024720044716380434	96.5849610195502
0.3497268816591294	0.007	0.005	0.3218433707161189	0.00034632878603173316	0.01864391428104472	0.026803732883276223	96.32238686768032
0.3760985780459397	0.007	0.005	0.3260421198369317	0.000345359064554926	0.02064279053333583	0.02895260200184342	96.05061786919669
0.40347558339018164	0.007	0.005	0.3294659796373997	0.0003443510542401479	0.022736123618165606	0.031168588254829606	95.76929998828149
0.4319088139201232	0.007	0.005	0.3321926354505692	0.0003433052105101535	0.02492395579330632	0.033454183872261595	95.47800085521864
0.46145790520493396	0.007	0.005	0.33429548438059253	0.00034222070277169177	0.027207039157987525	0.0358124227241489	95.17620854290546
0.49219169216097247	0.007	0.005	0.335842869651637	0.0003410958856370799	0.029586868651942183	0.03824688052571903	94.8633286491742
0.5241889454714165	0.007	0.005	0.3368976244383519	0.00033992853779847776	0.032065720741269094	0.04076169248950448	94.53867905842482
0.5575393412044055	0.007	0.005	0.33751683788071624	0.00033871596956194973	0.03464669758449607	0.0433615841829702	94.20148271244504
0.5923447278020291	0.007	0.005	0.3377517820636199	0.00033745505472211173	0.037333782236964284	0.046051918335540065	93.85085784921017
0.6287207219776928	0.007	0.005	0.33764795087305993	0.00033614221819413685	0.04013190701182309	0.048838757468482465	93.48580553154186
0.6667990942754466	0.007	0.005	0.3372451689316765	0.00033477338069055044	0.0430470689919109	0.051728974261503004	93.1051900383412
0.7067301370032171	0.007	0.005	0.3365777446073903	0.00033334389939845176	0.04608642797949931	0.05473034362561562	92.70772047099935
0.7486845282841457	0.007	0.005	0.3356746836377512	0.0003318485269178423	0.04925834834462509	0.05785157842704386	92.29193852438318
0.7928584170146764	0.007	0.005	0.334559869081096	0.00033028125879326604	0.052572663331385515	0.061102581897208366	91.85617577186957
0.8394773968898382	0.007	0.005	0.3332522598702698	0.00032863522779339615	0.05604082459584718	0.06449458172860327	91.39852416431702
0.8888028173147657	0.007	0.005	0.3317660429512203	0.00032690252449954824	0.05967618983498137	0.06804039372106224	90.9167861334095
0.9411389867478963	0.007	0.005	0.33011076119477095	0.0003250739992925402	0.06349432650756281	0.07175469248145475	90.4084195666967
0.9968428021539462	0.007	0.005	0.32829137369480826	0.00032313899618200505	0.0675134286600565	0.07565438113204496	89.87046385769325
1.0563358882466223	0.007	0.005	0.3263082435477661	0.0003210850222350519	0.07175482790128099	0.07975903710704454	89.2994480714976
1.1201204884899612	0.007	0.005	0.3241570173169182	0.00031889731847702124	0.07624365440713204	0.08409148245536438	88.69127174013514
1.188800433462765	0.007	0.005	0.32182836001494697	0.0003165582998391155	0.0810096927416282	0.08867851336695041	88.04104927939693
1.2631089839030178	0.007	0.005	0.31930750037042044	0.0003140468219996309	0.08608848691282253	0.09355182893253773	87.3429063181856
1.343946637650633	0.007	0.005	0.31657350730647266	0.00031133719913968236	0.09152280192753935	0.09874924364354544	86.58970683328647
1.4324388703110393	0.007	0.005	0.3135980037137777	0.00030839768495881116	0.09736494265749972	0.10431663213512357	85.77263115526628
1.5300008482434706	0.007	0.005	0.3103438243443186	0.00030518892017133243	0.10367881283578273	0.1103094939308274	84.88074477168286
1.6384545768391823	0.007	0.005	0.30676220178308533	0.0003016609485121085	0.11054431825414736	0.1167965480529853	83.90016948525981
1.76017479793624	0.007	0.005	0.30278947525346467	0.00029774978554101113	0.11806184960476206	0.12386307317491874	82.81313121284568
1.8982227368297953	0.007	0.005	0.29834488361790934	0.00029337505601903464	0.12635361010935006	0.13161082035133703	81.5973108456927
2.0544037822786776	0.007	0.005	0.2933945102584829	0.0002885025463465592	0.13544317452694293	0.14004477055538514	80.2432951596869
2.2069079246753533	0.007	0.005	0.2886397480143946	0.000283821231847457	0.1440296283168992	0.14795152322244953	78.94284046766246
2.337960986381939	0.007	0.005	0.28461533636902386	0.0002798588864596292	0.15118714211870013	0.15449493202388942	77.84215673866626
2.454818499112524	0.007	0.005	0.28107417583321315	0.0002763743881255761	0.15740179174995284	0.1601394084098143	76.87364775712369
2.566693583697661	0.007	0.005	0.2777252811067507	0.0002730795286254364	0.16320720681534162	0.16537965220822423	75.95772531696298
2.6796793284049985	0.007	0.005	0.27438363224326057	0.0002697912412372638	0.16893047815303436	0.17051356032279857	75.04378539391014
2.796356885449604	0.007	0.005	0.27097498761485017	0.0002664365739238826	0.17469687816743174	0.1756523391294109	74.11152251394341
2.916761195497366	0.007	0.005	0.26750185798920284	0.00026301818330767677	0.18049796986202027	0.18078615784466043	73.16162318374646
3.0394556572932467	0.007	0.005	0.2640084574272731	0.000259579698067887	0.18625715933024628	0.1858455631235884	72.20617983761564
3.1627161026602604	0.007	0.005	0.2605448786411379	0.00025617050915298915	0.19189216680838322	0.1907580848871989	71.25889276488786
3.2853972251194645	0.007	0.005	0.25714269904956555	0.00025282177439514195	0.1973545524352564	0.19548265397034165	70.32839835469825
3.407150167214147	0.007	0.005	0.2538101836468213	0.0002495416732390198	0.20263520066810983	0.20001322366414187	69.41695707070316
3.528180537013024	0.007	0.005	0.2505402519459207	0.00024632323712133397	0.207749444000645	0.20436482037988266	68.52263239992874
3.6488892704201286	0.007	0.005	0.24732097048975715	0.00024315469748540356	0.2127194031755585	0.20855783417862506	67.64216054650124
3.7696121664562834	0.007	0.005	0.244142684277519	0.0002400265306917714	0.21756273628888995	0.2126083824626769	66.7729008720022
3.890516492314156	0.007	0.005	0.24100055709419238	0.00023693396877851234	0.22228909903660068	0.21652552869084613	65.91353067382792
4.011615829922467	0.007	0.005	0.23789389876645103	0.0002338763355928702	0.226901626380369	0.22031277788537257	65.06386118982113
4.1328386696417185	0.007	0.005	0.23482418014986542	0.00023085508762923451	0.23140023003944185	0.2239709907365067	64.22429469819444
4.254098188783012	0.007	0.005	0.23179316145052	0.00022787196695971107	0.23578449393498452	0.22750083174735594	63.395312614405185
4.375334803874737	0.007	0.005	0.22880182741590824	0.00022492795016471263	0.24005520803945002	0.23090400189361016	62.57718426638768
4.4965272055348	0.007	0.005	0.22585016695247537	0.00022202303043847245	0.24421460129136985	0.234183373557941	61.76990662005716
4.617682428146041	0.007	0.005	0.22293747244868914	0.00021915651279879518	0.2482658351642248	0.2373425366285693	60.9732861440154
4.738819186009091	0.007	0.005	0.22006277708846056	0.00021632744578083268	0.25221234483755056	0.24038525073331982	60.1870584145497
4.859954495013244	0.007	0.005	0.21722518356991455	0.00021353494608801187	0.2560573754325177	0.24331507838084082	59.41097802005003
4.9810974932450245	0.007	0.005	0.21442400267793435	0.00021077833554156614	0.2598038062015862	0.24613525842854028	58.64485646052993
5.102249465046493	0.007	0.005	0.21165874032190987	0.00020805712837444258	0.2634541875089402	0.2488487471480343	57.888558602456925
5.223407048798392	0.007	0.005	0.20892901381886783	0.00020537094861189405	0.267010867348142	0.2514583233692662	57.141979782231
5.3445657671474045	0.007	0.005	0.20623446706095117	0.00020271944631208855	0.2704761101793601	0.25396668146094536	56.40502260453312
5.465722354352903	0.007	0.005	0.2035747182161108	0.00020010224591392008	0.27385216591949263	0.25637648226656423	55.67758263849068
5.586875438432064	0.007	0.005	0.2009493468366768	0.00019751893350303707	0.277141284648345	0.25869036198904716	54.959544891878174
5.708025179950145	0.007	0.005	0.1983579042084021	0.00019496906703996063	0.2803457015870987	0.2609109196252199	54.250786641575665
5.829172373280347	0.007	0.005	0.1957999342777888	0.00019245219704888276	0.28346761035358803	0.2630406973227601	53.551183157181775
5.950317860889153	0.007	0.005	0.19327498655705885	0.00018996787938566472	0.286509147873455	0.26508217020552655	52.8606112305167
6.071462068016975	0.007	0.005	0.19078262559772619	0.0001875156846194928	0.2894723845593238	0.2670377406971539	52.1789517666393
6.192605050837631	0.007	0.005	0.18832242936716828	0.0001850951964462781	0.2923593282707661	0.2689097424673706	51.5060893398404
6.313746624838904	0.007	0.005	0.18589398612564523	0.00018270600861744945	0.29517192979522966	0.270700445180583	50.8419113395091
6.434886533311231	0.007	0.005	0.1834968907325224	0.00018034772130156196	0.2979120886459502	0.27241205915797534	50.18630695988635
6.556024575713879	0.007	0.005	0.18113074200032403	0.00017801993847924426	0.3005816573172566	0.2740467387741903	49.539166476400176
6.6771606718515635	0.007	0.005	0.17879514147541636	0.00017572226674691493	0.3031824437008281	0.2756065845223741	48.900380912182925
6.7982947816442225	0.007	0.005	0.17648969504233272	0.00017345431691258572	0.30571621029243806	0.27709364309953555	48.26984247685344
6.919426937212964	0.007	0.005	0.17421401230929048	0.00017121570339645394	0.3081846759092092	0.2785099090445679	47.64744439845631
7.040557186721375	0.007	0.005	0.17196770766481034	0.00016900604528417498	0.3105895155561978	0.2798573252856945	47.03308121244665
7.161685546243224	0.007	0.005	0.1697504011057753	0.00016682496715407272	0.31293236060125534	0.2811377839362536	46.42664898816388
7.282812007786238	0.007	0.005	0.16756171798976915	0.000164672098839539	0.31521480011030345	0.2823531277614642	45.828045261096236
7.403936571380156	0.007	0.005	0.1654012883744469	0.0001625470747818769	0.3174383825609418	0.28350515180247593	45.2371688521993
7.525059221011697	0.007	0.005	0.16326874738506997	0.00016044953440021484	0.3196046164428762	0.2845956043747556	44.653919968416176
7.646179964732486	0.007	0.005	0.16116373444185653	0.00015837912133208543	0.32171497200233945	0.28562618863750766	44.078199991358744
7.767298786530002	0.007	0.005	0.15908589404635257	0.00015633548421713849	0.32377088137260335	0.2865985633274687	43.509911692379234
7.888415710498131	0.007	0.005	0.15703487461469437	0.0001543182755462852	0.3257737406409192	0.2875143444240248	42.94895891346849
8.009530752708622	0.007	0.005	0.15501032926122724	0.00015232715244186548	0.3277249099389214	0.2883751058349068	42.39524678157512
8.130643913190713	0.007	0.005	0.15301191586185733	0.0001503617767244342	0.3296257142552066	0.2891823804454087	41.84868172593217
8.251755216035919	0.007	0.005	0.15103929632957414	0.00014842181419845622	0.33147744496844955	0.28993766144862004	41.30917127991299
8.372864661272732	0.007	0.005	0.14909213735094612	0.00014650693538530347	0.33328135996424796	0.2906424030513096	40.77662428246244
8.49397226497068	0.007	0.005	0.14717010967175637	0.0001446168148182162	0.33503868510638984	0.29129802173318914	40.25095068271831
8.615078043198555	0.007	0.005	0.1452728883071327	0.00014275113125309868	0.33675061481041285	0.2919058971118309	39.73206159748225
8.736182012024429	0.007	0.005	0.14340015248599994	0.00014090956761580233	0.33841831285094714	0.2924673728929218	39.219869296027134
8.857284187515658	0.007	0.005	0.14155158559625577	0.00013909181094988403	0.34004291314831814	0.292983757796056	38.71428718510288
8.978384577718842	0.007	0.005	0.13972687525072583	0.0001372975524839727	0.3416255204314971	0.293456326426816	38.21522982697504
9.099483206720079	0.007	0.005	0.13792571287048092	0.0001355264872200727	0.3431672113004901	0.29388632025069616	37.72261282546225
9.220580074544982	0.007	0.005	0.13614779423253914	0.00013377831447853876	0.34466903443630137	0.29427494829943057	37.23635297573267
9.341675189238861	0.007	0.005	0.13439281893311988	0.00013205273736689214	0.3461320117310385	0.29462338813228744	36.7563681175039
9.462768582905428	0.007	0.005	0.13266049011617984	0.00013034946251131406	0.3475571391511695	0.2949327866728597	36.28257706079798
9.58386025556914	0.007	0.005	0.13095051523258128	0.00012866820081142505	0.34894538673847625	0.2952042608456397	35.81489979357351
9.704950231312534	0.007	0.005	0.12926260518324698	0.00012700866659042133	0.3502976999326489	0.29543889849726324	35.35325724737883
9.826038526197884	0.007	0.005	0.12759647473018448	0.00012537057800397078	0.3516149998301256	0.29563775906346207	34.89757140976703
9.947125156286802	0.007	0.005	0.12595184233230394	0.00012375365687785343	0.3528981839021004	0.29580187432290556	34.447765279392236
10.068210129621207	0.007	0.005	0.1243284302041612	0.00012215762876698093	0.35414812651922367	0.29593224910286536	34.00376288207567
10.189293446223767	0.007	0.005	0.12272596426162083	0.00012058222290201646	0.3553656795530099	0.29602986198473685	33.56548925594477
10.310375122154776	0.007	0.005	0.12114417375617229	0.00011902717182618533	0.35655167319380965	0.29609566600071036	33.132870351418525
10.431455165455171	0.007	0.005	0.11958279155069414	0.0001174922116697682	0.35770691626400497	0.2961305892679719	32.705833106629164
10.552533600202764	0.007	0.005	0.11804155376297894	0.00011597708179575209	0.35883219699494484	0.29613553563909933	32.28430534992621
10.673610426418927	0.007	0.005	0.11652020023447043	0.00011448152526646687	0.35992828318161807	0.2961113853211917	31.868215928075838
10.794685900713997	0.007	0.005	0.11501847100791757	0.00011300528533647291	0.36099592517216056	0.296058995360538	31.457493742901168
10.915759974993092	0.007	0.005	0.11353611331527794	0.00011154811240910038	0.3620358513246565	0.2959792003815579	31.052069662470277
11.036832520980798	0.007	0.005	0.11207287859470488	0.0001101097610696957	0.3630487707026658	0.29587281328983933	30.651875705243587
11.1579034424791	0.007	0.005	0.11062852105659432	0.00010868998865788561	0.36403537453987456	0.2957406257814393	30.256844647888464
11.278972699419828	0.007	0.005	0.10920279738743473	0.00010728855497175764	0.36499633685434235	0.2955834088166212	29.866909944282405
11.400040323897397	0.007	0.005	0.10779546656756522	0.00010590522208508496	0.3659323149631627	0.29540191306716485	29.482005675669843
11.52110633998715	0.007	0.005	0.1064062907989684	0.00010453975527163928	0.3668439492560432	0.29519686950891144	29.102066804413138
11.642170787798827	0.007	0.005	0.10503503518781965	0.00010319192268852808	0.36773186381058065	0.2949689898908957	28.727029087169775
11.76323370744063	0.007	0.005	0.10368146789405636	0.0001018614955252109	0.3685966666859874	0.2947189672510249	28.35682911579974
11.88429509091437	0.007	0.005	0.10234536061889365	0.00010054824849036506	0.36943895000460036	0.2944474765117868	27.991404450700667
12.005354938239536	0.007	0.005	0.1010264879239207	9.92519591325458e-5	0.3702592907714076	0.2941551748519183	27.630693434581033
12.126413241418351	0.007	0.005	0.0997246273699782	9.797240797879675e-5	0.37105825115128527	0.2938427021990042	27.274635230443057
12.247470008487682	0.007	0.005	0.09843955922027821	9.670937823796597e-5	0.3718363790074342	0.2935106816131542	26.923169740386193
12.368525247484088	0.007	0.005	0.09717106658117591	9.546265594115365e-5	0.372594208158053	0.29315971975567934	26.576237644108115
12.489578950409891	0.007	0.005	0.09591893553008063	9.423203006966882e-5	0.3733322586400943	0.29279040736214684	26.233780433888295
12.610631101250851	0.007	0.005	0.0946829549871211	9.30172924268816e-5	0.3740510371198213	0.2924033196398225	25.89574037948847
12.731681724077156	0.007	0.005	0.09346291619260617	9.181823711514748e-5	0.3747510375147642	0.2919990165100235	25.562060385238606
12.852730818908094	0.007	0.005	0.09225861333178827	9.063466116082075e-5	0.37543274093968376	0.29157804319836633	25.232684160909134
12.973778393779519	0.007	0.005	0.09106984317139971	8.946636415052149e-5	0.37609661622290325	0.2911409305144623	24.907556122303955
13.094824448710511	0.007	0.005	0.08989640518471216	8.831314835636652e-5	0.3767431201321778	0.29068819527873363	24.58662142546413
13.21586898372016	0.007	0.005	0.08873810143625627	8.717481862054166e-5	0.3773726977296081	0.2902203406575893	24.26982593513875
13.336911990811288	0.007	0.005	0.08759473662353637	8.605118239720482e-5	0.37798578263161897	0.28973785654793954	23.957116236193805
13.457953470003181	0.007	0.005	0.08646611789057462	8.494204956552844e-5	0.37858279738459627	0.2892412198581486	23.64843958261684
13.578993429331184	0.007	0.005	0.08535205480017072	8.384723240174028e-5	0.3791641537443589	0.28873089483748715	23.34374388992966
13.700031868814383	0.007	0.005	0.08425235945110907	8.276654569680744e-5	0.3797302528747472	0.2882073334676471	23.042977767244686
13.821068780456002	0.007	0.005	0.08316684644155628	8.169980671991692e-5	0.3802814856231855	0.2876709757844475	22.74609050725411
13.94210416427533	0.007	0.005	0.08209533269204665	8.064683504073282e-5	0.3808182328590763	0.2871222501174718	22.45303203781653
14.06313802029165	0.007	0.005	0.08103763748874486	7.960745257288829e-5	0.3813408656915459	0.28656157342455796	22.163752933789215
14.184170348524246	0.007	0.005	0.07999358245284939	7.858148354333403e-5	0.3818497457196224	0.2859893515851994	21.87820440866002
14.305201157007858	0.007	0.005	0.07896299144258158	7.756875439378504e-5	0.38234522530837833	0.28540597964740777	21.59633828774141
14.426230437746215	0.007	0.005	0.07794569072855695	7.656909395746674e-5	0.3828276477276059	0.28481184222179423	21.318107056134508
14.547258190758603	0.007	0.005	0.07694150875739979	7.55823332213279e-5	0.383297347483857	0.28420731363881063	21.043463794077613
14.668284408049157	0.007	0.005	0.07595027625751458	7.460830543279039e-5	0.3837546504819026	0.2835927582916514	20.772362205874863
14.78930909765241	0.007	0.005	0.07497182601307519	7.364684587203261e-5	0.3841998743356723	0.28296853077201606	20.504756558082214
14.910332259587646	0.007	0.005	0.07400599303478773	7.269779202434845e-5	0.3846333284894703	0.28233497624153203	20.24060172621115
15.031353885859305	0.007	0.005	0.07305261452775709	7.176098354813962e-5	0.3850553144305187	0.28169243067939537	19.97985318594
15.152373984501615	0.007	0.005	0.07211152967411011	7.08362620555966e-5	0.38546612597638524	0.28104122099317813	19.72246695366169
15.273392547519217	0.007	0.005	0.0711825798583653	6.992347134065483e-5	0.3858660493611886	0.28038166542106296	19.468399648122134
15.39440955890252	0.007	0.005	0.07026560857225504	6.902245728334783e-5	0.3862553634611173	0.2797140737189168	19.217608464389155
15.515425026685854	0.007	0.005	0.06936046114619919	6.813306757833803e-5	0.3866343400846905	0.2790387472030192	18.97005110041067
15.636438966917575	0.007	0.005	0.0684669848524317	6.725515183924684e-5	0.38700324409752596	0.2783559790479763	18.725685785219817
15.757451379616967	0.007	0.005	0.06758502905695174	6.638856175296458e-5	0.3873623335274241	0.27766605463147287	18.48447132049339
15.878462240760916	0.007	0.005	0.06671444524363243	6.553315110490281e-5	0.38771185972203964	0.2769692517892151	18.2463670871457
15.999471550369316	0.007	0.005	0.06585508663871449	6.468877539865341e-5	0.38805206766084543	0.2762658407390961	18.011332942627703
16.0	0.007	0.005	0.06585135818605818	6.468517987495438e-5	0.38805353328056896	0.2762627547033462	18.01031321270886
